0.000000000000000000e+00 -5.248897208518996020e-08 -4.423251075072938650e-09
1.000000000000000000e+00 5.908018092135437233e-08 1.379141081197086796e-08
2.000000000000000000e+00 8.234704868845638032e-08 1.965056355536591806e-08
3.000000000000000000e+00 1.213934648063115433e-07 2.905089022407747858e-08
4.000000000000000000e+00 1.781283531318512417e-07 4.274088258830783281e-08
5.000000000000000000e+00 2.599599533229318353e-07 6.257003377107444488e-08
6.000000000000000000e+00 3.773203747068523031e-07 9.114428340259812775e-08
7.000000000000000000e+00 5.446898119402478031e-07 1.321091270304675562e-07
8.000000000000000000e+00 7.820395280846345943e-07 1.905357359634922462e-07
9.000000000000000000e+00 1.116744731695476507e-06 2.734393888062620177e-07
1.000000000000000000e+01 1.586098132217133874e-06 3.904708470449558275e-07
1.100000000000000000e+01 2.240588909142689146e-06 5.548319573669453179e-07
1.200000000000000000e+01 3.148148946811772525e-06 7.844795192286209651e-07
1.300000000000000000e+01 4.399611191073332539e-06 1.103697691989007427e-06
1.400000000000000000e+01 6.115673041344355834e-06 1.545138770273612039e-06
1.500000000000000000e+01 8.455710910481130990e-06 2.152455194666014835e-06
1.600000000000000000e+01 1.162885021570226918e-05 2.983670794114105135e-06
1.700000000000000000e+01 1.590775726179707012e-05 4.115467714915868997e-06
1.800000000000000000e+01 2.164568324337343185e-05 5.648595816321401225e-06
1.900000000000000000e+01 2.929735239273969117e-05 7.714647084097722953e-06
2.000000000000000000e+01 3.944434055930139181e-05 1.048447653988163834e-05
2.100000000000000000e+01 5.282563367906483809e-05 1.417859205319695035e-05
2.200000000000000000e+01 7.037408140551806943e-05 1.907987670221018915e-05
2.300000000000000000e+01 9.325946639508842580e-05 2.554904342298278507e-05
2.400000000000000000e+01 1.229388867739097631e-04 3.404325348321793538e-05
2.500000000000000000e+01 1.612150807513524980e-04 4.513835039378962660e-05
2.600000000000000000e+01 2.103031949764439348e-04 5.955516401319937893e-05
2.700000000000000000e+01 2.729062950596786272e-04 7.819032134014466040e-05
2.800000000000000000e+01 3.522996421928211472e-04 1.021519719077546668e-04
2.900000000000000000e+01 4.524234279229350170e-04 1.328008035839483008e-04
3.000000000000000000e+01 5.779832624810415801e-04 1.717966791533189440e-04
3.100000000000000000e+01 7.345572099396834162e-04 2.211511074503547092e-04
3.200000000000000000e+01 9.287074968692321433e-04 2.832855012378828873e-04
3.300000000000000000e+01 1.168094197741777760e-03 3.610947755219490228e-04
3.400000000000000000e+01 1.461587341379122973e-03 4.580154521704435421e-04
3.500000000000000000e+01 1.819373149205643497e-03 5.780972586969690841e-04
3.600000000000000000e+01 2.253049494299097771e-03 7.260772450171134717e-04
3.700000000000000000e+01 2.775704893408520706e-03 9.074552950130931016e-04
3.800000000000000000e+01 3.401974154987609002e-03 1.128569031475403286e-03
3.900000000000000000e+01 4.148062450324624048e-03 1.396664462500900143e-03
4.000000000000000000e+01 5.031728892705017615e-03 1.719957264672421389e-03
4.100000000000000000e+01 6.072221353435706959e-03 2.107679762317659841e-03
4.200000000000000000e+01 7.290155611542784714e-03 2.570110700192026771e-03
4.300000000000000000e+01 8.707332283637354842e-03 3.118586718551084099e-03
4.400000000000000000e+01 1.034648343685120805e-02 3.765492844370278182e-03
4.500000000000000000e+01 1.223093939968480232e-02 4.524223708891730866e-03
4.600000000000000000e+01 1.438420895415831041e-02 5.409102176481640767e-03
4.700000000000000000e+01 1.682947389946962830e-02 6.435244605371329141e-03
4.800000000000000000e+01 1.958900678379729698e-02 7.618373578595294404e-03
4.900000000000000000e+01 2.268352091170006829e-02 8.974590395386315006e-03
5.000000000000000000e+01 2.613145442608419064e-02 1.052011688479959420e-02
5.100000000000000000e+01 2.994818693305413906e-02 1.227099627853460787e-02
5.200000000000000000e+01 3.414520045125814252e-02 1.424272416482733235e-02
5.300000000000000000e+01 3.872922204768646653e-02 1.644978969132087146e-02
5.400000000000000000e+01 4.370139915991826107e-02 1.890514898342002259e-02
5.500000000000000000e+01 4.905654082079184686e-02 2.161969270441648286e-02
5.600000000000000000e+01 5.478242379167892057e-02 2.460175942979872521e-02
5.700000000000000000e+01 6.085915587787675551e-02 2.785667940322775205e-02
5.800000000000000000e+01 6.725863310004424889e-02 3.138627182161696921e-02
5.900000000000000000e+01 7.394418439314436042e-02 3.518824522690289225e-02
6.000000000000000000e+01 8.087049396542031476e-02 3.925557039484923322e-02
6.100000000000000000e+01 8.798380629750637838e-02 4.357599851594505524e-02
6.200000000000000000e+01 9.522233108954698821e-02 4.813185175398621007e-02
6.300000000000000000e+01 1.025167833976652065e-01 5.290002052747628386e-02
6.400000000000000000e+01 1.097911198660847382e-01 5.785194624195161284e-02
6.500000000000000000e+01 1.169636245725416968e-01 6.295345126926206458e-02
6.600000000000000000e+01 1.239484161071996160e-01 6.816457436925739410e-02
6.700000000000000000e+01 1.306572345416424363e-01 7.343978338476092604e-02
6.800000000000000000e+01 1.370012464217318648e-01 7.872877939771652511e-02
6.900000000000000000e+01 1.428927408006891997e-01 8.397765320927014221e-02
7.000000000000000000e+01 1.482468593401956025e-01 8.912986115266237352e-02
7.100000000000000000e+01 1.529835928058330408e-01 9.412674096599144002e-02
7.200000000000000000e+01 1.570300292009797483e-01 9.890792194108627422e-02
7.300000000000000000e+01 1.603224875665397453e-01 1.034123314757492279e-01
7.400000000000000000e+01 1.628081226484159594e-01 1.075800761966371200e-01
7.500000000000000000e+01 1.644459509769677918e-01 1.113545985928489912e-01
7.600000000000000000e+01 1.652076602065771782e-01 1.146841068162923194e-01
7.700000000000000000e+01 1.650785451600912668e-01 1.175219119413502961e-01
7.800000000000000000e+01 1.640584400408363619e-01 1.198264443391412470e-01
7.900000000000000000e+01 1.621621003813281947e-01 1.215621338291351522e-01
8.000000000000000000e+01 1.594186380508639811e-01 1.227014247276975167e-01
8.100000000000000000e+01 1.558702288559606075e-01 1.232267891222914580e-01
8.200000000000000000e+01 1.515707430311991066e-01 1.231312364116312619e-01
8.300000000000000000e+01 1.465846987834580895e-01 1.224170677609041635e-01
8.400000000000000000e+01 1.409862568515989623e-01 1.210943026574395898e-01
8.500000000000000000e+01 1.348576201609855141e-01 1.191804852776126855e-01
8.600000000000000000e+01 1.282866074398035794e-01 1.167019943037128915e-01
8.700000000000000000e+01 1.213639207935803543e-01 1.136951056900108448e-01
8.800000000000000000e+01 1.141808980314089339e-01 1.102049482052234880e-01
8.900000000000000000e+01 1.068280131151870538e-01 1.062824251857699964e-01
9.000000000000000000e+01 9.939363069791401495e-02 1.019811985652765290e-01
9.100000000000000000e+01 9.196236745543370783e-02 9.735675552329584037e-02
9.200000000000000000e+01 8.461302874794543460e-02 9.246737356869619284e-02
9.300000000000000000e+01 7.741678011953143090e-02 8.737473995472103128e-02
9.400000000000000000e+01 7.043620583969335824e-02 8.214227064503912268e-02
9.500000000000000000e+01 6.372521364524599830e-02 7.683156329121945682e-02
9.600000000000000000e+01 5.732913481536035250e-02 7.149941784521521293e-02
9.700000000000000000e+01 5.128449105865373614e-02 6.619736724700309161e-02
9.800000000000000000e+01 4.561857143763130285e-02 6.097319695093630920e-02
9.900000000000000000e+01 4.034941258070445791e-02 5.587206774061109771e-02
1.000000000000000000e+02 3.548652780696522069e-02 5.093548759815980098e-02
1.010000000000000000e+02 3.103210460338137397e-02 4.619876853306410791e-02
1.020000000000000000e+02 2.698208620531915292e-02 4.168924320102512793e-02
1.030000000000000000e+02 2.332685874694031408e-02 3.742678508387753400e-02
1.040000000000000000e+02 2.005178613926344652e-02 3.342595216863397667e-02
1.050000000000000000e+02 1.713799668660440784e-02 2.969767725515908008e-02
1.060000000000000000e+02 1.456351154421733039e-02 2.624917036770185383e-02
1.070000000000000000e+02 1.230441723162672280e-02 2.308265174436685552e-02
1.080000000000000000e+02 1.033574101239049560e-02 2.019466432411796269e-02
1.090000000000000000e+02 8.631980536055062353e-03 1.757701382712399674e-02
1.100000000000000000e+02 7.167512746067543697e-03 1.521874740540727494e-02
1.110000000000000000e+02 5.917091687821431079e-03 1.310770121144535366e-02
1.120000000000000000e+02 4.856418550222967381e-03 1.123076187914094810e-02
1.130000000000000000e+02 3.962606081843097865e-03 9.573297957569011640e-03
1.140000000000000000e+02 3.214413657275529308e-03 8.118883329934115101e-03
1.150000000000000000e+02 2.592298194843622398e-03 6.849938989707452137e-03
1.160000000000000000e+02 2.078417685005393492e-03 5.748925838528171593e-03
1.170000000000000000e+02 1.656669078435607772e-03 4.799242204968060324e-03
1.180000000000000000e+02 1.312732695074961611e-03 3.985362182243004647e-03
1.190000000000000000e+02 1.034051817700713371e-03 3.292477031928320915e-03
1.200000000000000000e+02 8.097220576890708840e-04 2.706241803130199786e-03
1.210000000000000000e+02 6.303306803019227775e-04 2.212958708256236758e-03
1.220000000000000000e+02 4.878026444379715901e-04 1.800027081078976483e-03
1.230000000000000000e+02 3.752757455907477797e-04 1.456259782662962764e-03
1.240000000000000000e+02 2.869886183892120810e-04 1.171848754357641964e-03
1.250000000000000000e+02 2.181585846886589602e-04 9.380954821936648893e-04
1.260000000000000000e+02 1.648464264851145990e-04 7.471741238942203756e-04
1.270000000000000000e+02 1.238239861001142535e-04 5.920794736032875764e-04
1.280000000000000000e+02 9.246051490740026554e-05 4.667005100336661400e-04
1.290000000000000000e+02 6.863056796475843423e-05 3.658621626427382544e-04
1.300000000000000000e+02 5.063573475316031087e-05 2.852454325903421256e-04
1.310000000000000000e+02 3.713262337506673160e-05 2.212228998381247523e-04
1.320000000000000000e+02 2.706602335040349423e-05 1.707065167712376878e-04
1.330000000000000000e+02 1.961073867149160216e-05 1.310663689101909917e-04
1.340000000000000000e+02 1.412472422064496374e-05 1.001050042631034654e-04
1.350000000000000000e+02 1.011254428368565789e-05 7.603527212451098062e-05
1.360000000000000000e+02 7.195959524996993709e-06 5.742863361109691860e-05
1.370000000000000000e+02 5.089036542990729225e-06 4.314110712451010122e-05
1.380000000000000000e+02 3.577005232622635856e-06 3.224470774214113615e-05
1.390000000000000000e+02 2.499145738064584601e-06 2.398288215495477196e-05
1.400000000000000000e+02 1.735729041020039060e-06 1.774710688899124061e-05
1.410000000000000000e+02 1.198285743870164657e-06 1.306012889416167286e-05
1.420000000000000000e+02 8.221557928560526637e-07 9.555241224128744823e-06
1.430000000000000000e+02 5.605502774273187242e-07 6.951543607075284034e-06
1.440000000000000000e+02 3.798135009367469729e-07 5.031326515664496658e-06
1.450000000000000000e+02 2.558038919220467480e-07 3.624252348510107499e-06
1.460000000000000000e+02 1.712703685895368198e-07 2.598053447779613741e-06
1.470000000000000000e+02 1.139868139207169622e-07 1.852369055544295454e-06
1.480000000000000000e+02 7.538889525675343817e-08 1.312843781403741060e-06
1.490000000000000000e+02 4.953995577790277789e-08 9.248850757396255636e-07
1.500000000000000000e+02 3.234741364270749837e-08 6.480429507967439977e-07
1.510000000000000000e+02 2.099429301130345617e-08 4.519384462685259977e-07
1.520000000000000000e+02 1.354716672849959051e-08 3.137678624506579073e-07
1.530000000000000000e+02 8.690216427773424408e-09 2.167428935558276584e-07
1.540000000000000000e+02 5.539373562553281360e-09 1.488289825861975715e-07
1.550000000000000000e+02 3.507402845085394676e-09 1.015383603181359942e-07
1.560000000000000000e+02 2.206229208569491775e-09 6.886084724524655577e-08
1.570000000000000000e+02 1.379379147559962761e-09 4.647142473409326910e-08
1.580000000000000000e+02 8.576026733606697225e-10 3.123313538889698556e-08
1.590000000000000000e+02 5.301687873745296946e-10 2.089996798328813749e-08
