0.000000000000000000e+00 -3.675755918776842314e-08 -1.095636749502696293e-05
1.000000000000000000e+00 7.704020132296150806e-08 9.667473219542304931e-06
2.000000000000000000e+00 1.038628507737507207e-07 1.051944639106312668e-05
3.000000000000000000e+00 1.452636844961006209e-07 1.345911859054629423e-05
4.000000000000000000e+00 2.023050193831046906e-07 1.724746094602227700e-05
5.000000000000000000e+00 2.805485822574502104e-07 2.203224537435313163e-05
6.000000000000000000e+00 3.874087854474565225e-07 2.805062438637627209e-05
7.000000000000000000e+00 5.326993319939012678e-07 3.559378343985047889e-05
8.000000000000000000e+00 7.293379640330172559e-07 4.501466654529008549e-05
9.000000000000000000e+00 9.942500640713301993e-07 5.673912342077423818e-05
1.000000000000000000e+01 1.349522819750660330e-06 7.127882276885233427e-05
1.100000000000000000e+01 1.823861672368653625e-06 8.924598540803487770e-05
1.200000000000000000e+01 2.454395143218343513e-06 1.113700231606016639e-04
1.300000000000000000e+01 3.288878277751218536e-06 1.385161223456250453e-04
1.400000000000000000e+01 4.388361522896172887e-06 1.717058207815490062e-04
1.500000000000000000e+01 5.830428574231150003e-06 2.121397219385106508e-04
1.600000000000000000e+01 7.713147816634504463e-06 2.612225930222338856e-04
1.700000000000000000e+01 1.015990618222058570e-05 3.205910518253295171e-04
1.800000000000000000e+01 1.332527754000454219e-05 3.921437344442388405e-04
1.900000000000000000e+01 1.740201574319196100e-05 4.780733313918679689e-04
2.000000000000000000e+01 2.262919228514926242e-05 5.808995122452826048e-04
2.100000000000000000e+01 2.930148192991718648e-05 7.035019495732428843e-04
2.200000000000000000e+01 3.777970298721584864e-05 8.491535061607934608e-04
2.300000000000000000e+01 4.850292079732311192e-05 1.021554644920592229e-03
2.400000000000000000e+01 6.200258750703398257e-05 1.224870208283093112e-03
2.500000000000000000e+01 7.891910502508385245e-05 1.463768075673226206e-03
2.600000000000000000e+01 1.000207466393324677e-04 1.743456233695127051e-03
2.700000000000000000e+01 1.262242400063709816e-04 2.069712434317467868e-03
2.800000000000000000e+01 1.586160025360771838e-04 2.448901409107601818e-03
2.900000000000000000e+01 1.984735264745995475e-04 2.887979538796236947e-03
3.000000000000000000e+01 2.472876665273642319e-04 3.394493538054956655e-03
3.100000000000000000e+01 3.067876400071425404e-04 3.976582683745893444e-03
3.200000000000000000e+01 3.789700380029365845e-04 4.642988481656926819e-03
3.300000000000000000e+01 4.661305201041161719e-04 5.403062004121958126e-03
3.400000000000000000e+01 5.708935228063422148e-04 6.266745790226565388e-03
3.500000000000000000e+01 6.962342585471360682e-04 7.244506486804662936e-03
3.600000000000000000e+01 8.454907965217779622e-04 8.347213217991426154e-03
3.700000000000000000e+01 1.022370748767871367e-03 9.585987622873477429e-03
3.800000000000000000e+01 1.230961494893891527e-03 1.097207284712923940e-02
3.900000000000000000e+01 1.475748949867877096e-03 1.251675738964746695e-02
4.000000000000000000e+01 1.761637358874894137e-03 1.423134138380850733e-02
4.100000000000000000e+01 2.093950222429891584e-03 1.612707436589142646e-02
4.200000000000000000e+01 2.478393102758893584e-03 1.821497178722893476e-02
4.300000000000000000e+01 2.920978133418368657e-03 2.050546655918073641e-02
4.400000000000000000e+01 3.427936269008148573e-03 2.300795823814628938e-02
4.500000000000000000e+01 4.005653017693133061e-03 2.573041795109505883e-02
4.600000000000000000e+01 4.660639861257549060e-03 2.867920707433105690e-02
4.700000000000000000e+01 5.399507279608908514e-03 3.185913773288805151e-02
4.800000000000000000e+01 6.228874300073770215e-03 3.527360755547791216e-02
4.900000000000000000e+01 7.155171222835123718e-03 3.892452168095304754e-02
5.000000000000000000e+01 8.184365007022959340e-03 4.281179677573675180e-02
5.100000000000000000e+01 9.321707229482834034e-03 4.693252222083409142e-02
5.200000000000000000e+01 1.057160273029519523e-02 5.128016412590637174e-02
5.300000000000000000e+01 1.193760144182283087e-02 5.584429270414299762e-02
5.400000000000000000e+01 1.342239057823167020e-02 6.061105153591300060e-02
5.500000000000000000e+01 1.502762261780040548e-02 6.556408058104712389e-02
5.600000000000000000e+01 1.675352192496201015e-02 7.068519771998513224e-02
5.700000000000000000e+01 1.859840896078052142e-02 7.595419070932195316e-02
5.800000000000000000e+01 2.055840299813347510e-02 8.134765016487283118e-02
5.900000000000000000e+01 2.262747760156036403e-02 8.683755236818019307e-02
6.000000000000000000e+01 2.479777866080067755e-02 9.239070465111162700e-02
6.100000000000000000e+01 2.705987896999782760e-02 9.796978689288052267e-02
6.200000000000000000e+01 2.940266192892911773e-02 1.035356861596023748e-01
6.300000000000000000e+01 3.181283532744471482e-02 1.090498061835654398e-01
6.400000000000000000e+01 3.427444704295840028e-02 1.144748406151878256e-01
6.500000000000000000e+01 3.676887966573284816e-02 1.197734378504716479e-01
6.600000000000000000e+01 3.927549848581186887e-02 1.249057341658916798e-01
6.700000000000000000e+01 4.177262343276949563e-02 1.298277962427051013e-01
6.800000000000000000e+01 4.423821036989938199e-02 1.344926844049975645e-01
6.900000000000000000e+01 4.664984219816908917e-02 1.388541490268779544e-01
7.000000000000000000e+01 4.898421605031032244e-02 1.428710004454940563e-01
7.100000000000000000e+01 5.121679623416536958e-02 1.465094199090338778e-01
7.200000000000000000e+01 5.332225206888810409e-02 1.497416602617845371e-01
7.300000000000000000e+01 5.527571166238937073e-02 1.525420766246638749e-01
7.400000000000000000e+01 5.705419888552194785e-02 1.548835034447505199e-01
7.500000000000000000e+01 5.863743822873502404e-02 1.567370366683633054e-01
7.600000000000000000e+01 6.000768741591507027e-02 1.580760328095434653e-01
7.700000000000000000e+01 6.114901941205878183e-02 1.588820582633294620e-01
7.800000000000000000e+01 6.204690346661256850e-02 1.591488433895060783e-01
7.900000000000000000e+01 6.268867682314244183e-02 1.588813901299151454e-01
8.000000000000000000e+01 6.306476392630580574e-02 1.580906540527035886e-01
8.100000000000000000e+01 6.316988049521297943e-02 1.567874070430460010e-01
8.200000000000000000e+01 6.300344052568848663e-02 1.549796288188024507e-01
8.300000000000000000e+01 6.256895870647458113e-02 1.526753832873241068e-01
8.400000000000000000e+01 6.187294246258207009e-02 1.498892062306637907e-01
8.500000000000000000e+01 6.092406405701300542e-02 1.466473774539735486e-01
8.600000000000000000e+01 5.973310660160331687e-02 1.429880581462308065e-01
8.700000000000000000e+01 5.831355270175415939e-02 1.389557981060755287e-01
8.800000000000000000e+01 5.668220350839885124e-02 1.345938752672297678e-01
8.900000000000000000e+01 5.485919906382440148e-02 1.299394734551140851e-01
9.000000000000000000e+01 5.286722521500743233e-02 1.250246940242428217e-01
9.100000000000000000e+01 5.073022408502415870e-02 1.198822592462093217e-01
9.200000000000000000e+01 4.847222042814791632e-02 1.145514700791589457e-01
9.300000000000000000e+01 4.611676500612494484e-02 1.090798736702501270e-01
9.400000000000000000e+01 4.368707150444276627e-02 1.035192004409193622e-01
9.500000000000000000e+01 4.120646505215597860e-02 9.791817556256716959e-02
9.600000000000000000e+01 3.869856291135824466e-02 9.231691354757401435e-02
9.700000000000000000e+01 3.618680424135108792e-02 8.674635044560602415e-02
9.800000000000000000e+01 3.369341530800993439e-02 8.123256707783017838e-02
9.900000000000000000e+01 3.123832417040346351e-02 7.580253849725723803e-02
1.000000000000000000e+02 2.883861647020770358e-02 7.048711162904665317e-02
1.010000000000000000e+02 2.650877591692749058e-02 6.531922027816902676e-02
1.020000000000000000e+02 2.426141710278682806e-02 6.032877117309588116e-02
1.030000000000000000e+02 2.210788998174125636e-02 5.553782585409165057e-02
1.040000000000000000e+02 2.005826994118729834e-02 5.095924658752781777e-02
1.050000000000000000e+02 1.812074899921293364e-02 4.659939799202104938e-02
1.060000000000000000e+02 1.630092628906756880e-02 4.246274842858280968e-02
1.070000000000000000e+02 1.460158493649071562e-02 3.855518871539882764e-02
1.080000000000000000e+02 1.302317530037480631e-02 3.488410603324588327e-02
1.090000000000000000e+02 1.156470011830940288e-02 3.145565149728071774e-02
1.100000000000000000e+02 1.022442913919681742e-02 2.827146869689307895e-02
1.110000000000000000e+02 9.000053278986501482e-03 2.532724489654742533e-02
1.120000000000000000e+02 7.888350393483130329e-03 2.261395439988144601e-02
1.130000000000000000e+02 6.884798094204435184e-03 2.012078467495677370e-02
1.140000000000000000e+02 5.983562762702974991e-03 1.783777600487317788e-02
1.150000000000000000e+02 5.177959838088829446e-03 1.575667581846592474e-02
1.160000000000000000e+02 4.461110611669811925e-03 1.386989029506413562e-02
1.170000000000000000e+02 3.826402196318533493e-03 1.216865995721732110e-02
1.180000000000000000e+02 3.267548412573300504e-03 1.064189739560225320e-02
1.190000000000000000e+02 2.778362946352305480e-03 9.276450200631558562e-03
1.200000000000000000e+02 2.352537937632425726e-03 8.058494931934350250e-03
1.210000000000000000e+02 1.983655566479784055e-03 6.975083292293234732e-03
1.220000000000000000e+02 1.665437662298959896e-03 6.014929424891212947e-03
1.230000000000000000e+02 1.392052501560935539e-03 5.168166615953530448e-03
1.240000000000000000e+02 1.158280437248062874e-03 4.425493115337446152e-03
1.250000000000000000e+02 9.594718724017219785e-04 3.777416706662459038e-03
1.260000000000000000e+02 7.913855667587734030e-04 3.214090318562115665e-03
1.270000000000000000e+02 6.500543601662164654e-04 2.725747599729560003e-03
1.280000000000000000e+02 5.317664184048228639e-04 2.303360680498982207e-03
1.290000000000000000e+02 4.331422134824037596e-04 1.939077418275781620e-03
1.300000000000000000e+02 3.512200557221022948e-04 1.626223262474017555e-03
1.310000000000000000e+02 2.834751045551680637e-04 1.358964353083973349e-03
1.320000000000000000e+02 2.277601793784635544e-04 1.131909038043918880e-03
1.330000000000000000e+02 1.822129585928818670e-04 9.398924509581767315e-04
1.340000000000000000e+02 1.451848881864996332e-04 7.780139854785855964e-04
1.350000000000000000e+02 1.152166702122656795e-04 6.418233186601267392e-04
1.360000000000000000e+02 9.104621436053917500e-05 5.274847957911415813e-04
1.370000000000000000e+02 7.161717481611865521e-05 4.318057886589658821e-04
1.380000000000000000e+02 5.606598576824384716e-05 3.521262321354487446e-04
1.390000000000000000e+02 4.368768223240113711e-05 2.861507217563895073e-04
1.400000000000000000e+02 3.389633868147238881e-05 2.318172266925730722e-04
1.410000000000000000e+02 2.619591258508802579e-05 1.872493231005475467e-04
1.420000000000000000e+02 2.016647476509573654e-05 1.507768898882546455e-04
1.430000000000000000e+02 1.546005493400197931e-05 1.209749970598015406e-04
1.440000000000000000e+02 1.179695840059739599e-05 9.667582978965536867e-05
1.450000000000000000e+02 8.957272857281178401e-06 7.693907724068668242e-05
1.460000000000000000e+02 6.768314014804457972e-06 6.099634605959910495e-05
1.470000000000000000e+02 5.092119748489142871e-06 4.819696352600856982e-05
1.480000000000000000e+02 3.816447019996048904e-06 3.797457790905132849e-05
1.490000000000000000e+02 2.849911640804701947e-06 2.983703894107733121e-05
1.500000000000000000e+02 2.119600562448106397e-06 2.336892965345177168e-05
1.510000000000000000e+02 1.569044360056271906e-06 1.823333200373666681e-05
1.520000000000000000e+02 1.155473913772912392e-06 1.416525160270952659e-05
1.530000000000000000e+02 8.465652677542978476e-07 1.095734341716496681e-05
1.540000000000000000e+02 6.174693391051834601e-07 8.443584593021176088e-06
1.550000000000000000e+02 4.487112064396169617e-07 6.486513875450305692e-06
1.560000000000000000e+02 3.249880051722500424e-07 4.970335562653816809e-06
1.570000000000000000e+02 2.345008591741065979e-07 3.798623825392308672e-06
1.580000000000000000e+02 1.684218561818395819e-07 2.893699965751570332e-06
1.590000000000000000e+02 1.203033628150037247e-07 2.195283689281778628e-06
