0.000000000000000000e+00 -3.406766770528003418e-05 -6.217014314568951165e-06
1.000000000000000000e+00 2.543938213098843418e-05 4.203183160432170347e-06
2.000000000000000000e+00 2.739833238105132972e-05 4.980032870086726626e-06
3.000000000000000000e+00 3.342432165628274901e-05 6.354853447380509363e-06
4.000000000000000000e+00 4.065610978185387364e-05 8.091598946532525322e-06
5.000000000000000000e+00 4.943238287339256717e-05 1.026664871925011136e-05
6.000000000000000000e+00 6.020883603125646146e-05 1.296771795763053829e-05
7.000000000000000000e+00 7.346213531812440423e-05 1.630179088581134512e-05
8.000000000000000000e+00 8.960040291102811839e-05 2.040768810922459527e-05
9.000000000000000000e+00 1.089120652198061624e-04 2.546753768124711286e-05
1.000000000000000000e+01 1.316041649268432691e-04 3.171093095776544618e-05
1.100000000000000000e+01 1.579453235755335478e-04 3.940859760878605815e-05
1.200000000000000000e+01 1.884691006405757893e-04 4.885929765244822895e-05
1.300000000000000000e+01 2.241400183966394961e-04 6.038076390433513450e-05
1.400000000000000000e+01 2.663723889674416605e-04 7.431760908152868915e-05
1.500000000000000000e+01 3.168433967496025474e-04 9.107238900539169903e-05
1.600000000000000000e+01 3.771479740297543535e-04 1.111518820151940427e-04
1.700000000000000000e+01 4.484576895494537564e-04 1.352066971677908565e-04
1.800000000000000000e+01 5.313994199578253499e-04 1.640390610306597394e-04
1.900000000000000000e+01 6.263060786826481555e-04 1.985676491371998829e-04
2.000000000000000000e+01 7.338126085220031056e-04 2.397657915393660807e-04
2.100000000000000000e+01 8.555520504978840696e-04 2.886149241795979469e-04
2.200000000000000000e+01 9.945712220551681734e-04 3.461191663068399196e-04
2.300000000000000000e+01 1.155139291143590695e-03 4.133987709051079669e-04
2.400000000000000000e+01 1.341888991997194089e-03 4.918294549888424429e-04
2.500000000000000000e+01 1.558612747921479325e-03 5.831506982690282635e-04
2.600000000000000000e+01 1.807335338046405079e-03 6.894631097582958447e-04
2.700000000000000000e+01 2.088290198462687715e-03 8.130880661745018643e-04
2.800000000000000000e+01 2.401051431068709774e-03 9.563510771573392527e-04
2.900000000000000000e+01 2.746449306853433053e-03 1.121420798415580971e-03
3.000000000000000000e+01 3.128340368508804488e-03 1.310332515312195682e-03
3.100000000000000000e+01 3.554160684742056243e-03 1.525229636271792973e-03
3.200000000000000000e+01 4.033643243456087706e-03 1.768711852891980633e-03
3.300000000000000000e+01 4.576005418637420913e-03 2.044073606439475877e-03
3.400000000000000000e+01 5.186877258893702811e-03 2.355235532198188091e-03
3.500000000000000000e+01 5.866675695192152123e-03 2.706332004805114735e-03
3.600000000000000000e+01 6.611647276857320933e-03 3.101141454624977822e-03
3.700000000000000000e+01 7.417497147414002338e-03 3.542691457573013923e-03
3.800000000000000000e+01 8.284010455146879892e-03 4.033319298635447588e-03
3.900000000000000000e+01 9.218200001465698401e-03 4.575214529871776854e-03
4.000000000000000000e+01 1.023389625299513279e-02 5.171147050082842457e-03
4.100000000000000000e+01 1.134734142919652418e-02 5.824900577418581742e-03
4.200000000000000000e+01 1.257054832132599789e-02 6.541038243866835467e-03
4.300000000000000000e+01 1.390576163398864890e-02 7.324003558574924966e-03
4.400000000000000000e+01 1.534427446024068387e-02 8.176997253172295713e-03
4.500000000000000000e+01 1.687087715856679104e-02 9.101283354679197413e-03
4.600000000000000000e+01 1.847222243184788032e-02 1.009638901061013852e-02
4.700000000000000000e+01 2.014496315283207523e-02 1.116114146964720596e-02
4.800000000000000000e+01 2.189909957161948958e-02 1.229493516443375643e-02
4.900000000000000000e+01 2.375404485255991696e-02 1.349840253487699301e-02
5.000000000000000000e+01 2.572864948330486068e-02 1.477295629002136658e-02
5.100000000000000000e+01 2.782993597199890506e-02 1.611934082789170594e-02
5.200000000000000000e+01 3.004655496865707084e-02 1.753597698200997854e-02
5.300000000000000000e+01 3.235098910435105918e-02 1.901808492390997044e-02
5.400000000000000000e+01 3.471009982725145604e-02 2.055815931484744619e-02
5.500000000000000000e+01 3.709902249532946034e-02 2.214757030494901233e-02
5.600000000000000000e+01 3.951119718713249490e-02 2.377836138930658830e-02
5.700000000000000000e+01 4.195885729598435032e-02 2.544415959325552895e-02
5.800000000000000000e+01 4.446303346537588269e-02 2.713962488196936668e-02
5.900000000000000000e+01 4.703773968729259292e-02 2.885874669898451372e-02
6.000000000000000000e+01 4.967646608228484806e-02 3.059300742996816369e-02
6.100000000000000000e+01 5.234832427384106951e-02 3.233053245207016119e-02
6.200000000000000000e+01 5.500636103448704184e-02 3.405677121743364705e-02
6.300000000000000000e+01 5.760417322565283132e-02 3.575635947466238723e-02
6.400000000000000000e+01 6.011244605850839945e-02 3.741514228879461168e-02
6.500000000000000000e+01 6.252684438253375276e-02 3.902128068425530366e-02
6.600000000000000000e+01 6.486301033087081558e-02 4.056493045710309053e-02
6.700000000000000000e+01 6.714110011980563286e-02 4.203681210912760952e-02
6.800000000000000000e+01 6.936783671519518302e-02 4.342659317820252163e-02
6.900000000000000000e+01 7.152544063623419990e-02 4.472205227136019645e-02
7.000000000000000000e+01 7.357321504220112884e-02 4.590950778331783638e-02
7.100000000000000000e+01 7.546094788627925876e-02 4.697529057411510556e-02
7.200000000000000000e+01 7.714722203688090252e-02 4.790751486162393713e-02
7.300000000000000000e+01 7.861334521522256313e-02 4.869730615609987878e-02
7.400000000000000000e+01 7.986604098295897736e-02 4.933897884059619543e-02
7.500000000000000000e+01 8.092792337730994601e-02 4.982920529930991160e-02
7.600000000000000000e+01 8.182102010592987029e-02 5.016569379724625244e-02
7.700000000000000000e+01 8.255195325346850743e-02 5.034608128681436479e-02
7.800000000000000000e+01 8.310615781041379158e-02 5.036759743733523059e-02
7.900000000000000000e+01 8.345356577639323481e-02 5.022766241854397656e-02
8.000000000000000000e+01 8.356230341086433311e-02 4.992512471032322513e-02
8.100000000000000000e+01 8.341319706767597042e-02 4.946152751164824279e-02
8.200000000000000000e+01 8.300796219846365287e-02 4.884176194149170841e-02
8.300000000000000000e+01 8.236753832470282422e-02 4.807374859484025292e-02
8.400000000000000000e+01 8.152212088840513071e-02 4.716726325465369490e-02
8.500000000000000000e+01 8.049838619879376433e-02 4.613245982436901815e-02
8.600000000000000000e+01 7.931029208527140550e-02 4.497881251150274984e-02
8.700000000000000000e+01 7.795747711037467886e-02 4.371498650804823971e-02
8.800000000000000000e+01 7.643119793964021913e-02 4.234964152380032293e-02
8.900000000000000000e+01 7.472415085604719454e-02 4.089264696046408104e-02
9.000000000000000000e+01 7.283908413115416924e-02 3.935594662534331462e-02
9.100000000000000000e+01 7.079224055723673525e-02 3.775350478722271086e-02
9.200000000000000000e+01 6.861054926350328154e-02 3.610028930947600107e-02
9.300000000000000000e+01 6.632455322926840424e-02 3.441079804586807261e-02
9.400000000000000000e+01 6.396080974929484186e-02 3.269788686064049182e-02
9.500000000000000000e+01 6.153724652446974919e-02 3.097246302366440940e-02
9.600000000000000000e+01 5.906310416963560239e-02 2.924409059483830745e-02
9.700000000000000000e+01 5.654277342812665669e-02 2.752203455235671670e-02
9.800000000000000000e+01 5.398118389055098221e-02 2.581605740962198553e-02
9.900000000000000000e+01 5.138804966442334088e-02 2.413648340722293964e-02
1.000000000000000000e+02 4.877918576141405255e-02 2.249351372943451596e-02
1.010000000000000000e+02 4.617469173966561036e-02 2.089621563097282531e-02
1.020000000000000000e+02 4.359523785115732020e-02 1.935176217551402150e-02
1.030000000000000000e+02 4.105834077004578281e-02 1.786530279221553233e-02
1.040000000000000000e+02 3.857621538353676882e-02 1.644044998306612090e-02
1.050000000000000000e+02 3.615584703489365531e-02 1.508002896112311045e-02
1.060000000000000000e+02 3.380087465136488722e-02 1.378664498662623278e-02
1.070000000000000000e+02 3.151417263285798825e-02 1.256279740829297116e-02
1.080000000000000000e+02 2.929990297170602734e-02 1.141057135660154126e-02
1.090000000000000000e+02 2.716423956974038656e-02 1.033117474438977924e-02
1.100000000000000000e+02 2.511467561786894995e-02 9.324633496618692924e-03
1.110000000000000000e+02 2.315845450843341535e-02 8.389817311655736742e-03
1.120000000000000000e+02 2.130095136132668585e-02 7.524755248162419592e-03
1.130000000000000000e+02 1.954471627148932772e-02 6.727050228666176315e-03
1.140000000000000000e+02 1.788949577253885759e-02 5.994186985569852598e-03
1.150000000000000000e+02 1.633308653475450123e-02 5.323629605783006952e-03
1.160000000000000000e+02 1.487254640451191046e-02 4.712741274995515400e-03
1.170000000000000000e+02 1.350521285961485407e-02 4.158646202396804395e-03
1.180000000000000000e+02 1.222915453250626727e-02 3.658154260048125661e-03
1.190000000000000000e+02 1.104299121460381936e-02 3.207802867609978268e-03
1.200000000000000000e+02 9.945301527108756090e-03 2.803991403988774760e-03
1.210000000000000000e+02 8.933975857699467255e-03 2.443138252553845105e-03
1.220000000000000000e+02 8.005832308494486085e-03 2.121795166955407503e-03
1.230000000000000000e+02 7.156643338317290708e-03 1.836691761179404985e-03
1.240000000000000000e+02 6.381514777252555309e-03 1.584724410306079072e-03
1.250000000000000000e+02 5.675413040285413706e-03 1.362925295916178137e-03
1.260000000000000000e+02 5.033606639623888941e-03 1.168443318212119544e-03
1.270000000000000000e+02 4.451868227826158431e-03 9.985495029358494850e-04
1.280000000000000000e+02 3.926416640102532024e-03 8.506607168876300328e-04
1.290000000000000000e+02 3.453694375533185486e-03 7.223668844138865291e-04
1.300000000000000000e+02 3.030126693658248202e-03 6.114492272886320546e-04
1.310000000000000000e+02 2.651984731993686176e-03 5.158848802365391308e-04
1.320000000000000000e+02 2.315401850075586663e-03 4.338402747029571657e-04
1.330000000000000000e+02 2.016512079230950612e-03 3.636586287298541973e-04
1.340000000000000000e+02 1.751629992214020787e-03 3.038460998281432334e-04
1.350000000000000000e+02 1.517388932752722222e-03 2.530589408987529688e-04
1.360000000000000000e+02 1.310790241020076121e-03 2.100922877278524965e-04
1.370000000000000000e+02 1.129164982500657213e-03 1.738705111529690326e-04
1.380000000000000000e+02 9.700866416758947060e-04 1.434388806776858518e-04
1.390000000000000000e+02 8.312845787838914246e-04 1.179560567135205784e-04
1.400000000000000000e+02 7.105947155990166141e-04 9.668660575222812453e-05
1.410000000000000000e+02 6.059576451842854043e-04 7.899264744046899963e-05
1.420000000000000000e+02 5.154500708977917400e-04 6.432415940600486471e-05
1.430000000000000000e+02 4.373237430686159567e-04 5.220826075166879094e-05
1.440000000000000000e+02 3.700290714834403869e-04 4.223850506624450801e-05
1.450000000000000000e+02 3.122131328384495372e-04 3.406538633781856827e-05
1.460000000000000000e+02 2.626956515070094384e-04 2.738879617985924043e-05
1.470000000000000000e+02 2.204351410539720502e-04 2.195237620846598011e-05
1.480000000000000000e+02 1.844983352046238316e-04 1.753906211078819498e-05
1.490000000000000000e+02 1.540409646493581504e-04 1.396694408174087704e-05
1.500000000000000000e+02 1.283007527580415569e-04 1.108487913634253512e-05
1.510000000000000000e+02 1.065980158629191714e-04 8.767821404987290878e-06
1.520000000000000000e+02 8.833744635849109404e-05 6.912253540248934833e-06
1.530000000000000000e+02 7.300626163659860188e-05 5.432205057915453177e-06
1.540000000000000000e+02 6.016717346208157370e-05 4.256148899359294682e-06
1.550000000000000000e+02 4.944760238876644840e-05 3.324751176483134723e-06
1.560000000000000000e+02 4.052800184401471643e-05 2.589208593992783032e-06
1.570000000000000000e+02 3.313189450891298413e-05 2.009849352795583418e-06
1.580000000000000000e+02 2.701889482442950378e-05 1.554777889389094400e-06
1.590000000000000000e+02 2.198051323570304806e-05 1.198512618869669979e-06
