0.000000000000000000e+00 -2.534904123990370505e-07 -3.337447938745930279e-03
1.000000000000000000e+00 2.675717258372136289e-07 1.793846387941847031e-03
2.000000000000000000e+00 3.426551399459767400e-07 1.555644225031483372e-03
3.000000000000000000e+00 4.802942171141050448e-07 1.741418280886857179e-03
4.000000000000000000e+00 6.716736993504393974e-07 1.955879771863362499e-03
5.000000000000000000e+00 9.350586056233684235e-07 2.190997165621399491e-03
6.000000000000000000e+00 1.295718222218232501e-06 2.447505811596736858e-03
7.000000000000000000e+00 1.787208759523616417e-06 2.727239815234401045e-03
8.000000000000000000e+00 2.453784582089528727e-06 3.033161427123984115e-03
9.000000000000000000e+00 3.353492296352152847e-06 3.369299754214399346e-03
1.000000000000000000e+01 4.562062950229154153e-06 3.740319165359601641e-03
1.100000000000000000e+01 6.177772757162550412e-06 4.150774875843771944e-03
1.200000000000000000e+01 8.327470189394858450e-06 4.604254245564706055e-03
1.300000000000000000e+01 1.117399583941538318e-05 5.102688551523259543e-03
1.400000000000000000e+01 1.492525266422186110e-05 5.646119935509463089e-03
1.500000000000000000e+01 1.984521907315568064e-05 6.233111055223736555e-03
1.600000000000000000e+01 2.626723003806825281e-05 6.861803968530717085e-03
1.700000000000000000e+01 3.460987741109573074e-05 7.531405133626723099e-03
1.800000000000000000e+01 4.539589389540401497e-05 8.243657141043969627e-03
1.900000000000000000e+01 5.927439148483075422e-05 9.003742929107130116e-03
2.000000000000000000e+01 7.704682833988365804e-05 9.820140579034792108e-03
2.100000000000000000e+01 9.969708022325317516e-05 1.070323523407821185e-02
2.200000000000000000e+01 1.284259771443856059e-04 1.166292806715667207e-02
2.300000000000000000e+01 1.646906095545443692e-04 1.270590387133395220e-02
2.400000000000000000e+01 2.102485955868417370e-04 1.383346039068532318e-02
2.500000000000000000e+01 2.672073514320199780e-04 1.504076150483859772e-02
2.600000000000000000e+01 3.380782613362891004e-04 1.631804262488301821e-02
2.700000000000000000e+01 4.258355219308711942e-04 1.765373263220533506e-02
2.800000000000000000e+01 5.339792849881113074e-04 1.903878280810452836e-02
2.900000000000000000e+01 6.666024395004970567e-04 2.047089904687948714e-02
3.000000000000000000e+01 8.284599001800380721e-04 2.195710893193219757e-02
3.100000000000000000e+01 1.025038716068346579e-03 2.351337864080172910e-02
3.200000000000000000e+01 1.262626923381759709e-03 2.516085830614853483e-02
3.300000000000000000e+01 1.548378991103446919e-03 2.691952754259887767e-02
3.400000000000000000e+01 1.890375732237339467e-03 2.880108309807553196e-02
3.500000000000000000e+01 2.297676146929448007e-03 3.080343125439308216e-02
3.600000000000000000e+01 2.780357499433120522e-03 3.290891190737052496e-02
3.700000000000000000e+01 3.349538497593090858e-03 3.508743150460159888e-02
3.800000000000000000e+01 4.017379973372613156e-03 3.730422766755182862e-02
3.900000000000000000e+01 4.797058813640993000e-03 3.953036107690087453e-02
4.000000000000000000e+01 5.702713173596781794e-03 4.175270927172432256e-02
4.100000000000000000e+01 6.749357677993911980e-03 4.397980472680294850e-02
4.200000000000000000e+01 7.952764519337266955e-03 4.624075176169900603e-02
4.300000000000000000e+01 9.329301836837751785e-03 4.857660609282190428e-02
4.400000000000000000e+01 1.089571979008199278e-02 5.102629612916820268e-02
4.500000000000000000e+01 1.266888141952430408e-02 5.361135010257926659e-02
4.600000000000000000e+01 1.466544666834469941e-02 5.632451793619895619e-02
4.700000000000000000e+01 1.690152355382033844e-02 5.912655871195546253e-02
4.800000000000000000e+01 1.939229204525991235e-02 6.195324235359277176e-02
4.900000000000000000e+01 2.215158884955437113e-02 6.473151950023584011e-02
5.000000000000000000e+01 2.519143409981636217e-02 6.740058764106991729e-02
5.100000000000000000e+01 2.852149999145477122e-02 6.993122520800530706e-02
5.200000000000000000e+01 3.214855834727706890e-02 7.233638426536528887e-02
5.300000000000000000e+01 3.607596488840104920e-02 7.466827300514476684e-02
5.400000000000000000e+01 4.030321292766359670e-02 7.700156762745102856e-02
5.500000000000000000e+01 4.482553085964160328e-02 7.940736310995313851e-02
5.600000000000000000e+01 4.963346355796167259e-02 8.192602985224960166e-02
5.700000000000000000e+01 5.471241885994301141e-02 8.454798628294721285e-02
5.800000000000000000e+01 6.004225815554831841e-02 8.720935405801191753e-02
5.900000000000000000e+01 6.559707195808417435e-02 8.980519932186825649e-02
6.000000000000000000e+01 7.134522264895705457e-02 9.221763708869055998e-02
6.100000000000000000e+01 7.724958283626734423e-02 9.435084255624882899e-02
6.200000000000000000e+01 8.326779150098637117e-02 9.616169522316839191e-02
6.300000000000000000e+01 8.935242342218449596e-02 9.767506066772985163e-02
6.400000000000000000e+01 9.545118705744892740e-02 9.897720666855058802e-02
6.500000000000000000e+01 1.015074234332205283e-01 1.001882530129828974e-01
6.600000000000000000e+01 1.074610773790788537e-01 1.014219917023572032e-01
6.700000000000000000e+01 1.132499932735220732e-01 1.027459691828380151e-01
6.800000000000000000e+01 1.188111422439505627e-01 1.041549200068256631e-01
6.900000000000000000e+01 1.240814950871549360e-01 1.055667438702087013e-01
7.000000000000000000e+01 1.289986701257494484e-01 1.068435153135197796e-01
7.100000000000000000e+01 1.335018200890460416e-01 1.078321881880591193e-01
7.200000000000000000e+01 1.375331000464110331e-01 1.084127518545209001e-01
7.300000000000000000e+01 1.410395235656412560e-01 1.085380331159996603e-01
7.400000000000000000e+01 1.439745588719972547e-01 1.082511043393253325e-01
7.500000000000000000e+01 1.462989293557249715e-01 1.076734586354355511e-01
7.600000000000000000e+01 1.479807297420739631e-01 1.069672306434558129e-01
7.700000000000000000e+01 1.489955561497506020e-01 1.062837137851431052e-01
7.800000000000000000e+01 1.493272676884791483e-01 1.057148908941571985e-01
7.900000000000000000e+01 1.489692589144261670e-01 1.052635393459906421e-01
8.000000000000000000e+01 1.479254116412593301e-01 1.048416355055279414e-01
8.100000000000000000e+01 1.462099363239009742e-01 1.042981510962432135e-01
8.200000000000000000e+01 1.438461365740997810e-01 1.034680820258164768e-01
8.300000000000000000e+01 1.408649816747453154e-01 1.022272184417161306e-01
8.400000000000000000e+01 1.373044160881903564e-01 1.005344838416028924e-01
8.500000000000000000e+01 1.332094868263554999e-01 9.844736151938143776e-02
8.600000000000000000e+01 1.286324209777320038e-01 9.610515927096241473e-02
8.700000000000000000e+01 1.236316623276018378e-01 9.368605725283890573e-02
8.800000000000000000e+01 1.182697307141694631e-01 9.135253575041793472e-02
8.900000000000000000e+01 1.126108050045274422e-01 8.920293409328486356e-02
9.000000000000000000e+01 1.067191579637494780e-01 8.724421909219060023e-02
9.100000000000000000e+01 1.006587611871535975e-01 8.539408141828207233e-02
9.200000000000000000e+01 9.449329716951174185e-02 8.351139284586339695e-02
9.300000000000000000e+01 8.828548931303081826e-02 8.144515343581319733e-02
9.400000000000000000e+01 8.209538894520720942e-02 7.908589811941353631e-02
9.500000000000000000e+01 7.597833395749420404e-02 7.640252850478057578e-02
9.600000000000000000e+01 6.998369226315596936e-02 7.345262039523722808e-02
9.700000000000000000e+01 6.415486653851971977e-02 7.036371995281322234e-02
9.800000000000000000e+01 5.852999339319853167e-02 6.729311572852499090e-02
9.900000000000000000e+01 5.314230557477969685e-02 6.438016574751855015e-02
1.000000000000000000e+02 4.801963738534368448e-02 6.170656466489865544e-02
1.010000000000000000e+02 4.318350530547539201e-02 5.927639645276486929e-02
1.020000000000000000e+02 3.864867487034829435e-02 5.702116654262091855e-02
1.030000000000000000e+02 3.442372143511569782e-02 5.482722699892290941e-02
1.040000000000000000e+02 3.051224697877312486e-02 5.257609198922627569e-02
1.050000000000000000e+02 2.691393979931792912e-02 5.018415093544437849e-02
1.060000000000000000e+02 2.362495607765061761e-02 4.762883253040187115e-02
1.070000000000000000e+02 2.063781487999718361e-02 4.495342570920522751e-02
1.080000000000000000e+02 1.794143704757971206e-02 4.225050829876164649e-02
1.090000000000000000e+02 1.552176078902527123e-02 3.963106078018539119e-02
1.100000000000000000e+02 1.336279470623035967e-02 3.719024422045544287e-02
1.110000000000000000e+02 1.144758960076920455e-02 3.498069265225073332e-02
1.120000000000000000e+02 9.758737350250901166e-03 3.300081994799970025e-02
1.130000000000000000e+02 8.278449480393006848e-03 3.120053865479210931e-02
1.140000000000000000e+02 6.988585654682855086e-03 2.950139683236094323e-02
1.150000000000000000e+02 5.870935754969765392e-03 2.782384214057247868e-02
1.160000000000000000e+02 4.907737576084971083e-03 2.611241678146693571e-02
1.170000000000000000e+02 4.082166943032287595e-03 2.435093566480020857e-02
1.180000000000000000e+02 3.378569370309103363e-03 2.256368755932300352e-02
1.190000000000000000e+02 2.782429283053299441e-03 2.080376127475161777e-02
1.200000000000000000e+02 2.280257700028036350e-03 1.913367048042748444e-02
1.210000000000000000e+02 1.859572418710242784e-03 1.760519438732708469e-02
1.220000000000000000e+02 1.508995661979844159e-03 1.624464870959587207e-02
1.230000000000000000e+02 1.218363676492118268e-03 1.504739457631448785e-02
1.240000000000000000e+02 9.787376065243647266e-04 1.398225229178954795e-02
1.250000000000000000e+02 7.822983234726006577e-04 1.300347777269538797e-02
1.260000000000000000e+02 6.221955768290786176e-04 1.206584137734682122e-02
1.270000000000000000e+02 4.924313142142544304e-04 1.113774434473861763e-02
1.280000000000000000e+02 3.878010027728072211e-04 1.020843551909378540e-02
1.290000000000000000e+02 3.038595424025564281e-04 9.287789648878164162e-03
1.300000000000000000e+02 2.368672421381057703e-04 8.399756375898766517e-03
1.310000000000000000e+02 1.837017077367359785e-04 7.572448354244221483e-03
1.320000000000000000e+02 1.417556912332344158e-04 6.828391545460494108e-03
1.330000000000000000e+02 1.088494839176888803e-04 6.177828739963907648e-03
1.340000000000000000e+02 8.316996388101722745e-05 5.616622888036564357e-03
1.350000000000000000e+02 6.322789971981333736e-05 5.128755979384742175e-03
1.360000000000000000e+02 4.781818557674121146e-05 4.692069461134983598e-03
1.370000000000000000e+02 3.597525951592312859e-05 4.285067669886683493e-03
1.380000000000000000e+02 2.692697879595006531e-05 3.892528746186820800e-03
1.390000000000000000e+02 2.005463289576005603e-05 3.508342786121419494e-03
1.400000000000000000e+02 1.486329082001112219e-05 3.135131641862434933e-03
1.410000000000000000e+02 1.096079287304078721e-05 2.781318076642897395e-03
1.420000000000000000e+02 8.040881918016009992e-06 2.456993379516244150e-03
1.430000000000000000e+02 5.867311465657916862e-06 2.170037216662573827e-03
1.440000000000000000e+02 4.258692481679484457e-06 1.923585938676433682e-03
1.450000000000000000e+02 3.075498875178130896e-06 1.715354025127779295e-03
1.460000000000000000e+02 2.210267421091839250e-06 1.538698105512019496e-03
1.470000000000000000e+02 1.580717614343957114e-06 1.384825568881862742e-03
1.480000000000000000e+02 1.124683316088227847e-06 1.245296105528079667e-03
1.490000000000000000e+02 7.958715606181161919e-07 1.114000824240067881e-03
1.500000000000000000e+02 5.600939650713243742e-07 9.880999747956848052e-04
1.510000000000000000e+02 3.920941545011586831e-07 8.678263522502434411e-04
1.520000000000000000e+02 2.731464391947308435e-07 7.554406078789888080e-04
1.530000000000000000e+02 1.893888939236902611e-07 6.538273799705390278e-04
1.540000000000000000e+02 1.306695130325138610e-07 5.652202748155722755e-04
1.550000000000000000e+02 8.967053842346520268e-08 4.903970267658289747e-04
1.560000000000000000e+02 6.118316511337209328e-08 4.284793359827686809e-04
1.570000000000000000e+02 4.151140646833140926e-08 3.772749778902619641e-04
1.580000000000000000e+02 2.802087976280272809e-08 3.339571562315130386e-04
1.590000000000000000e+02 1.882779071505245644e-08 2.958136864874595651e-04
