0.000000000000000000e+00 -1.268743480249936197e-08 -6.698369765093141351e-09
1.000000000000000000e+00 1.532948443437427126e-08 7.999845661412831041e-09
2.000000000000000000e+00 2.192957549318457489e-08 1.180896416056948661e-08
3.000000000000000000e+00 3.287755296273541889e-08 1.814988808201323167e-08
4.000000000000000000e+00 4.904860759847685476e-08 2.774113931852137773e-08
5.000000000000000000e+00 7.277478461620098312e-08 4.214974916334774918e-08
6.000000000000000000e+00 1.073895424085958728e-07 6.366287354767839612e-08
7.000000000000000000e+00 1.576066390936745156e-07 9.558770135096629780e-08
8.000000000000000000e+00 2.300503800772872308e-07 1.426749087482242867e-07
9.000000000000000000e+00 3.339732187845791357e-07 2.117037426271472885e-07
1.000000000000000000e+01 4.822195924794570062e-07 3.122839672229332799e-07
1.100000000000000000e+01 6.925115831090312690e-07 4.579470205170120605e-07
1.200000000000000000e+01 9.891512926711409588e-07 6.676196239320349279e-07
1.300000000000000000e+01 1.405259110344527289e-06 9.675994156279829786e-07
1.400000000000000000e+01 1.985694494822339010e-06 1.394182385667582959e-06
1.500000000000000000e+01 2.790840339604520142e-06 1.997128671164925190e-06
1.600000000000000000e+01 3.901469570740368825e-06 2.844196524240055392e-06
1.700000000000000000e+01 5.424956559004466628e-06 4.027026541399979309e-06
1.800000000000000000e+01 7.503143497943139765e-06 5.668717475139273822e-06
1.900000000000000000e+01 1.032222344649851083e-05 7.933499813975839976e-06
2.000000000000000000e+01 1.412505736900023243e-05 1.103898062660226787e-05
2.100000000000000000e+01 1.922639975574641085e-05 1.527150271312729065e-05
2.200000000000000000e+01 2.603156223944445667e-05 2.100523402726060996e-05
2.300000000000000000e+01 3.505909352166917975e-05 2.872567733010423569e-05
2.400000000000000000e+01 4.696809074270886727e-05 3.905835603193885273e-05
2.500000000000000000e+01 6.259078060869943368e-05 5.280347567463324337e-05
2.600000000000000000e+01 8.297101205064939399e-05 7.097737218582166703e-05
2.700000000000000000e+01 1.094092786477618559e-04 9.486153215898025142e-05
2.800000000000000000e+01 1.435148228367050173e-04 1.260599071677397521e-04
2.900000000000000000e+01 1.872652489231728628e-04 1.665651331426219023e-04
3.000000000000000000e+01 2.430738868028377688e-04 2.188340827256875730e-04
3.100000000000000000e+01 3.138649082725894794e-04 2.858728977447938177e-04
3.200000000000000000e+01 4.031559078520783831e-04 3.713312544551076728e-04
3.300000000000000000e+01 5.151472924745208182e-04 4.796051083667658916e-04
3.400000000000000000e+01 6.548173275050296355e-04 6.159465535317759990e-04
3.500000000000000000e+01 8.280210378249893083e-04 7.865787181207702225e-04
3.600000000000000000e+01 1.041590435523291050e-03 9.988128127879963760e-04
3.700000000000000000e+01 1.303432879821321035e-03 1.261163572171582724e-03
3.800000000000000000e+01 1.622623819759805080e-03 1.583458380451884884e-03
3.900000000000000000e+01 2.009489548976471640e-03 1.976934319543580468e-03
4.000000000000000000e+01 2.475674629084389806e-03 2.454316216851546925e-03
4.100000000000000000e+01 3.034187347551451416e-03 3.029867667984704332e-03
4.200000000000000000e+01 3.699415592351804061e-03 3.719406309559380921e-03
4.300000000000000000e+01 4.487105630151110892e-03 4.540274531302929129e-03
4.400000000000000000e+01 5.414297374584381081e-03 5.511257031720683680e-03
4.500000000000000000e+01 6.499210413220751076e-03 6.652436463943391803e-03
4.600000000000000000e+01 7.761073906255687091e-03 7.984977798747280864e-03
4.700000000000000000e+01 9.219891326947645196e-03 9.530832262632280005e-03
4.800000000000000000e+01 1.089613141455442191e-02 1.131235460980706264e-02
4.900000000000000000e+01 1.281034238880517442e-02 1.335183291912028607e-02
5.000000000000000000e+01 1.498269476245762608e-02 1.567093479109220658e-02
5.100000000000000000e+01 1.743246144026897732e-02 1.829007432654867690e-02
5.200000000000000000e+01 2.017743797304746498e-02 2.122770229565149741e-02
5.300000000000000000e+01 2.323329812077071579e-02 2.449952485672882846e-02
5.400000000000000000e+01 2.661288502374660817e-02 2.811766908474926802e-02
5.500000000000000000e+01 3.032546109518243979e-02 3.208982969749990533e-02
5.600000000000000000e+01 3.437596252307298372e-02 3.641843547252381769e-02
5.700000000000000000e+01 3.876430009675540383e-02 4.109986013842054087e-02
5.800000000000000000e+01 4.348471425763382470e-02 4.612368785971193708e-02
5.900000000000000000e+01 4.852516570881978963e-02 5.147205317970467153e-02
6.000000000000000000e+01 5.386676661949135747e-02 5.711910962685827486e-02
6.100000000000000000e+01 5.948332303918553443e-02 6.303070305823992026e-02
6.200000000000000000e+01 6.534109572566948465e-02 6.916429809598387268e-02
6.300000000000000000e+01 7.139883190984153138e-02 7.546914460054918172e-02
6.400000000000000000e+01 7.760800926383862319e-02 8.188664293543587713e-02
6.500000000000000000e+01 8.391318745794278111e-02 8.835091420123171446e-02
6.600000000000000000e+01 9.025245936905425259e-02 9.478965457978591469e-02
6.700000000000000000e+01 9.655814666806294966e-02 1.011253479263010124e-01
6.800000000000000000e+01 1.027579027660371208e-01 1.072767972450221485e-01
6.900000000000000000e+01 1.087761938864615086e-01 1.131608202957465475e-01
7.000000000000000000e+01 1.145359000375967828e-01 1.186939754675104819e-01
7.100000000000000000e+01 1.199597827048420884e-01 1.237943338083145467e-01
7.200000000000000000e+01 1.249718502334081771e-01 1.283834134401620752e-01
7.300000000000000000e+01 1.294989173728280929e-01 1.323882921531409629e-01
7.400000000000000000e+01 1.334725568213158686e-01 1.357436939703997869e-01
7.500000000000000000e+01 1.368312125020547110e-01 1.383937605733522314e-01
7.600000000000000000e+01 1.395219432007747118e-01 1.402933992270740116e-01
7.700000000000000000e+01 1.415014859877953834e-01 1.414093630853676953e-01
7.800000000000000000e+01 1.427369007083805486e-01 1.417212564203961800e-01
7.900000000000000000e+01 1.432063502600574023e-01 1.412224016513219382e-01
8.000000000000000000e+01 1.429001943549422782e-01 1.399202508630150998e-01
8.100000000000000000e+01 1.418218903359761141e-01 1.378360984025464586e-01
8.200000000000000000e+01 1.399879911343258065e-01 1.350042110993065481e-01
8.300000000000000000e+01 1.374271232792310116e-01 1.314707458995287293e-01
8.400000000000000000e+01 1.341786209487390580e-01 1.272926784508947584e-01
8.500000000000000000e+01 1.302915875389331624e-01 1.225365877289627953e-01
8.600000000000000000e+01 1.258243928116676291e-01 1.172769817661651753e-01
8.700000000000000000e+01 1.208438237729295706e-01 1.115941153795136365e-01
8.800000000000000000e+01 1.154232140523122757e-01 1.055716518531402415e-01
8.900000000000000000e+01 1.096398164331748443e-01 9.929459874303543654e-02
9.000000000000000000e+01 1.035724235252811487e-01 9.284761261149573897e-02
9.100000000000000000e+01 9.729993407484183177e-02 8.631340278581264847e-02
9.200000000000000000e+01 9.090053008878663798e-02 7.977098146932047606e-02
9.300000000000000000e+01 8.445052488051302264e-02 7.329387016681322697e-02
9.400000000000000000e+01 7.802243937042827038e-02 6.694864869854477707e-02
9.500000000000000000e+01 7.168289172331417103e-02 6.079410337084235200e-02
9.600000000000000000e+01 6.549128228071936231e-02 5.488084808703402179e-02
9.700000000000000000e+01 5.949959123668996375e-02 4.925108566412508826e-02
9.800000000000000000e+01 5.375264349682114251e-02 4.393835110242948205e-02
9.900000000000000000e+01 4.828799217303191005e-02 3.896739921468959922e-02
1.000000000000000000e+02 4.313529374181415688e-02 3.435448929089569836e-02
1.010000000000000000e+02 3.831583709772072577e-02 3.010809486446739888e-02
1.020000000000000000e+02 3.384288192791478495e-02 2.622980112755192439e-02
1.030000000000000000e+02 2.972273389718538966e-02 2.271513653878974581e-02
1.040000000000000000e+02 2.595588080480272161e-02 1.955430238862143968e-02
1.050000000000000000e+02 2.253765800850011936e-02 1.673294795614247571e-02
1.060000000000000000e+02 1.945855782691570043e-02 1.423309892771687513e-02
1.070000000000000000e+02 1.670470209082282331e-02 1.203416517686442186e-02
1.080000000000000000e+02 1.425877459951041190e-02 1.011385294407726385e-02
1.090000000000000000e+02 1.210119077276446305e-02 8.448883525642682940e-03
1.100000000000000000e+02 1.021105280473903233e-02 7.015565761218684956e-03
1.110000000000000000e+02 8.566688519352536058e-03 5.790322435028220568e-03
1.120000000000000000e+02 7.145963227292966534e-03 4.750201246878834119e-03
1.130000000000000000e+02 5.926667651507901494e-03 3.873313545149236273e-03
1.140000000000000000e+02 4.887067300265546949e-03 3.139136849328452890e-03
1.150000000000000000e+02 4.006440997420587097e-03 2.528681012066965987e-03
1.160000000000000000e+02 3.265406675071999380e-03 2.024572014557878431e-03
1.170000000000000000e+02 2.646010559134976455e-03 1.611101698081422512e-03
1.180000000000000000e+02 2.131719537184258682e-03 1.274249837825498733e-03
1.190000000000000000e+02 1.707451407865649261e-03 1.001659475188976939e-03
1.200000000000000000e+02 1.359652902793889815e-03 7.825573427750134739e-04
1.210000000000000000e+02 1.076342934542790907e-03 6.076359258821434480e-04
1.220000000000000000e+02 8.470580071334327674e-04 4.689230491199738722e-04
1.230000000000000000e+02 6.627179708737990574e-04 3.596541197800641725e-04
1.240000000000000000e+02 5.154783258777513111e-04 2.741473895214735913e-04
1.250000000000000000e+02 3.986141145286928333e-04 2.076779614399107280e-04
1.260000000000000000e+02 3.064298463574378450e-04 1.563512468722621563e-04
1.270000000000000000e+02 2.341648904400734851e-04 1.169819992654039264e-04
1.280000000000000000e+02 1.778783689847155780e-04 8.698499749288113325e-05
1.290000000000000000e+02 1.343248141872229687e-04 6.427939557393031389e-05
1.300000000000000000e+02 1.008420280727202495e-04 4.720524391737426057e-05
1.310000000000000000e+02 7.526153979423996982e-05 3.445002960862626431e-05
1.320000000000000000e+02 5.583637084890122836e-05 2.498429183625864685e-05
1.330000000000000000e+02 4.117566044382100880e-05 1.800640788797567735e-05
1.340000000000000000e+02 3.018158486067355778e-05 1.289656738856207431e-05
1.350000000000000000e+02 2.199148995227342079e-05 9.179180629102334354e-06
1.360000000000000000e+02 1.592986403568073393e-05 6.492354015768792128e-06
1.370000000000000000e+02 1.147120760259145495e-05 4.563033545121895882e-06
1.380000000000000000e+02 8.211031340512607826e-06 3.186794560514450001e-06
1.390000000000000000e+02 5.841540987982239333e-06 2.211634615611614563e-06
1.400000000000000000e+02 4.130430941732969572e-06 1.525261575970741140e-06
1.410000000000000000e+02 2.903042078114897850e-06 1.045309867482516847e-06
1.420000000000000000e+02 2.028422104420383785e-06 7.118581199327060176e-07
1.430000000000000000e+02 1.408994746942373894e-06 4.816845523900137309e-07
1.440000000000000000e+02 9.728264625575946825e-07 3.238517567867240910e-07
1.450000000000000000e+02 6.675065754180359485e-07 2.163546439501164428e-07
1.460000000000000000e+02 4.551558901951448246e-07 1.436322250435362172e-07
1.470000000000000000e+02 3.084819634172430239e-07 9.475550215791053753e-08
1.480000000000000000e+02 2.078557777019980801e-07 6.211332693011944113e-08
1.490000000000000000e+02 1.392413491218901501e-07 4.045238598320803618e-08
1.500000000000000000e+02 9.271345360460403777e-08 2.617417471088289876e-08
1.510000000000000000e+02 6.134117661456033080e-08 1.682742240459489372e-08
1.520000000000000000e+02 4.032434484799319288e-08 1.075071354602644797e-08
1.530000000000000000e+02 2.634569338204515940e-08 6.825541783606912019e-09
1.540000000000000000e+02 1.711378434350897162e-08 4.305723167827863161e-09
1.550000000000000000e+02 1.105398814888240913e-08 2.698210819237361255e-09
1.560000000000000000e+02 7.097045061927147947e-09 1.679623764046311788e-09
1.570000000000000000e+02 4.526885367416869755e-09 1.038826310257756843e-09
1.580000000000000000e+02 2.868186317608078987e-09 6.385296602810629457e-10
1.590000000000000000e+02 1.805803600807805994e-09 3.900679984795960860e-10
