0.000000000000000000e+00 -5.475460832695200819e-08 -1.054360812654137453e-08
1.000000000000000000e+00 5.079917634580163116e-08 1.389062449595797650e-08
2.000000000000000000e+00 7.125285566294803083e-08 1.980807562906685743e-08
3.000000000000000000e+00 1.023869856706440410e-07 2.962731521055929711e-08
4.000000000000000000e+00 1.464026370967958258e-07 4.410123554707273730e-08
5.000000000000000000e+00 2.083057800491526687e-07 6.529592030493054296e-08
6.000000000000000000e+00 2.949169342949344289e-07 9.616068395456592211e-08
7.000000000000000000e+00 4.154749230853941212e-07 1.408606421509925480e-07
8.000000000000000000e+00 5.824245197957972259e-07 2.052422395715315628e-07
9.000000000000000000e+00 8.124313401142955753e-07 2.974629053595729185e-07
1.000000000000000000e+01 1.127680017787564305e-06 4.288364008847717966e-07
1.100000000000000000e+01 1.557526911009154536e-06 6.149603202791728397e-07
1.200000000000000000e+01 2.140595162074457072e-06 8.772092493925669818e-07
1.300000000000000000e+01 2.927412133875805798e-06 1.244698337521181620e-06
1.400000000000000000e+01 3.983695017418112933e-06 1.756846657875817465e-06
1.500000000000000000e+01 5.394397507503223048e-06 2.466699896000795019e-06
1.600000000000000000e+01 7.268652367628041126e-06 3.445206124422218230e-06
1.700000000000000000e+01 9.745783402900561691e-06 4.786677877416577957e-06
1.800000000000000000e+01 1.300259574872170178e-05 6.615717796034198746e-06
1.900000000000000000e+01 1.726214876769441016e-05 9.095931665322809769e-06
2.000000000000000000e+01 2.280416127051429769e-05 1.244080428339040928e-05
2.100000000000000000e+01 2.997714048891314049e-05 1.692716633754967322e-05
2.200000000000000000e+01 3.921234689192745846e-05 2.291173450006728549e-05
2.300000000000000000e+01 5.103982964148571653e-05 3.085125637977630228e-05
2.400000000000000000e+01 6.610687736200489967e-05 4.132683249879260979e-05
2.500000000000000000e+01 8.519912162413408551e-05 5.507301656082959102e-05
2.600000000000000000e+01 1.092641283201162543e-04 7.301230748853041776e-05
2.700000000000000000e+01 1.394368572442742076e-04 9.629563840546110308e-05
2.800000000000000000e+01 1.770663237642442845e-04 1.263494249330787071e-04
2.900000000000000000e+01 2.237433693591370687e-04 1.649296430427052039e-04
3.000000000000000000e+01 2.813301441312532564e-04 2.141832598492240665e-04
3.100000000000000000e+01 3.519917079603577213e-04 2.767171438417341512e-04
3.200000000000000000e+01 4.382285205783960705e-04 3.556743416471858533e-04
3.300000000000000000e+01 5.429064542538468950e-04 4.548173073402539878e-04
3.400000000000000000e+01 6.692804598039499763e-04 5.786172556160259790e-04
3.500000000000000000e+01 8.210104863194318293e-04 7.323482430613136593e-04
3.600000000000000000e+01 1.002172084685298880e-03 9.221839121845501475e-04
3.700000000000000000e+01 1.217265116294571556e-03 1.155294197710703998e-03
3.800000000000000000e+01 1.471219171177154438e-03 1.439938795123947568e-03
3.900000000000000000e+01 1.769386274396722971e-03 1.785553695178970866e-03
4.000000000000000000e+01 2.117508129343521287e-03 2.202826273934466866e-03
4.100000000000000000e+01 2.521652780277705390e-03 2.703753157982039922e-03
4.200000000000000000e+01 2.988130484044814079e-03 3.301673836240179294e-03
4.300000000000000000e+01 3.523406856427541492e-03 4.011272680885185661e-03
4.400000000000000000e+01 4.134020768249677819e-03 4.848543025629878725e-03
4.500000000000000000e+01 4.826489607257466313e-03 5.830708120222643023e-03
4.600000000000000000e+01 5.607168556136380919e-03 6.976093218816597705e-03
4.700000000000000000e+01 6.482045862745122386e-03 8.303940442656646687e-03
4.800000000000000000e+01 7.456498264739210360e-03 9.834156365905243752e-03
4.900000000000000000e+01 8.535063512594540450e-03 1.158698571147133427e-02
5.000000000000000000e+01 9.721271810889603807e-03 1.358261320317896009e-02
5.100000000000000000e+01 1.101751664347355199e-02 1.584070269389056124e-02
5.200000000000000000e+01 1.242489092104723768e-02 1.837988006684023942e-02
5.300000000000000000e+01 1.394292852564523767e-02 2.121715559971327700e-02
5.400000000000000000e+01 1.556927968044927342e-02 2.436727707374262974e-02
5.500000000000000000e+01 1.729943863070331975e-02 2.784202110036860384e-02
5.600000000000000000e+01 1.912664044988853299e-02 3.164946023141695930e-02
5.700000000000000000e+01 2.104193005946557865e-02 3.579325792282403440e-02
5.800000000000000000e+01 2.303427187243132016e-02 4.027201932854510696e-02
5.900000000000000000e+01 2.509054470597239447e-02 4.507868163788657234e-02
6.000000000000000000e+01 2.719539890742798255e-02 5.019991727184155983e-02
6.100000000000000000e+01 2.933113738771207790e-02 5.561557846233606411e-02
6.200000000000000000e+01 3.147784567440128911e-02 6.129828857996337532e-02
6.300000000000000000e+01 3.361385558218375758e-02 6.721329119077794345e-02
6.400000000000000000e+01 3.571638510127515820e-02 7.331856496635483222e-02
6.500000000000000000e+01 3.776206633170080956e-02 7.956509125985809783e-02
6.600000000000000000e+01 3.972718764226349647e-02 8.589716751196427302e-02
6.700000000000000000e+01 4.158775743536672481e-02 9.225282370793497222e-02
6.800000000000000000e+01 4.331970621192528931e-02 9.856455513125529644e-02
6.900000000000000000e+01 4.489948368787764071e-02 1.047605217674013739e-01
7.000000000000000000e+01 4.630500185934534330e-02 1.107660856393346549e-01
7.100000000000000000e+01 4.751656508279671065e-02 1.165053403772793317e-01
7.200000000000000000e+01 4.851738408436677419e-02 1.219024110399037214e-01
7.300000000000000000e+01 4.929356100267391627e-02 1.268826923598515843e-01
7.400000000000000000e+01 4.983384561359732734e-02 1.313744248318750585e-01
7.500000000000000000e+01 5.012965518574211826e-02 1.353107508745524101e-01
7.600000000000000000e+01 5.017562429484707931e-02 1.386318479931006042e-01
7.700000000000000000e+01 4.997044800084116806e-02 1.412865021419225653e-01
7.800000000000000000e+01 4.951741232511417540e-02 1.432329058794125642e-01
7.900000000000000000e+01 4.882412652000386183e-02 1.444391587455688408e-01
8.000000000000000000e+01 4.790155002695056785e-02 1.448841346721296275e-01
8.100000000000000000e+01 4.676298235074852899e-02 1.445587669858939273e-01
8.200000000000000000e+01 4.542372414501316680e-02 1.434670032691534036e-01
8.300000000000000000e+01 4.390151293914838077e-02 1.416256250267989847e-01
8.400000000000000000e+01 4.221707350084286103e-02 1.390629819618345586e-01
8.500000000000000000e+01 4.039390424098211058e-02 1.358175786426597809e-01
8.600000000000000000e+01 3.845701630371022722e-02 1.319373616329573284e-01
8.700000000000000000e+01 3.643126854841260281e-02 1.274795167481491132e-01
8.800000000000000000e+01 3.434034970373378570e-02 1.225097255497027554e-01
8.900000000000000000e+01 3.220692219883211638e-02 1.171001488312081729e-01
9.000000000000000000e+01 3.005340871887008866e-02 1.113266143055513524e-01
9.100000000000000000e+01 2.790232333141392379e-02 1.052662674137465892e-01
9.200000000000000000e+01 2.577548645173183273e-02 9.899641016829965889e-02
9.300000000000000000e+01 2.369252972854801048e-02 9.259396942752695647e-02
9.400000000000000000e+01 2.166979866028666962e-02 8.613441568491585210e-02
9.500000000000000000e+01 1.972043846971859721e-02 7.968967645730846983e-02
9.600000000000000000e+01 1.785541096593758897e-02 7.332584053414516190e-02
9.700000000000000000e+01 1.608441343688515879e-02 6.710184372484771786e-02
9.800000000000000000e+01 1.441586247674200849e-02 6.106945227499949169e-02
9.900000000000000000e+01 1.285604474378143625e-02 5.527370506067923878e-02
1.000000000000000000e+02 1.140831931053910495e-02 4.975278671462408236e-02
1.010000000000000000e+02 1.007317773804246655e-02 4.453721352580372606e-02
1.020000000000000000e+02 8.849165412658954732e-03 3.964916625064567046e-02
1.030000000000000000e+02 7.733929909912697770e-03 3.510278046725406886e-02
1.040000000000000000e+02 6.724647066857376669e-03 3.090531552262697212e-02
1.050000000000000000e+02 5.817718896319263970e-03 2.705838353847556804e-02
1.060000000000000000e+02 5.008288426736772284e-03 2.355858059020442957e-02
1.070000000000000000e+02 4.290196866288225643e-03 2.039764497213461883e-02
1.080000000000000000e+02 3.656526294404449824e-03 1.756278427429140351e-02
1.090000000000000000e+02 3.100333707814060657e-03 1.503757427139552731e-02
1.100000000000000000e+02 2.615069558226998294e-03 1.280319878853601774e-02
1.110000000000000000e+02 2.194514964548220648e-03 1.083947929072976574e-02
1.120000000000000000e+02 1.832492775516362301e-03 9.125408523400995939e-03
1.130000000000000000e+02 1.522731438023775495e-03 7.639386828963198178e-03
1.140000000000000000e+02 1.259038420111461111e-03 6.359543848880041400e-03
1.150000000000000000e+02 1.035631401462661040e-03 5.264293800139117040e-03
1.160000000000000000e+02 8.473615265518531520e-04 4.332940281336210807e-03
1.170000000000000000e+02 6.896983667269510889e-04 3.546065398778086662e-03
1.180000000000000000e+02 5.585609099301950403e-04 2.885632868992749241e-03
1.190000000000000000e+02 4.501743849628340880e-04 2.334955257044300445e-03
1.200000000000000000e+02 3.610580088770134750e-04 1.878705535434141731e-03
1.210000000000000000e+02 2.881082182279896885e-04 1.503012736196837618e-03
1.220000000000000000e+02 2.286686838909959851e-04 1.195548181755833744e-03
1.230000000000000000e+02 1.805148779836264483e-04 9.455063887825671583e-04
1.240000000000000000e+02 1.417672814330522097e-04 7.434794713770372446e-04
1.250000000000000000e+02 1.107989237137141662e-04 5.812998244221986594e-04
1.260000000000000000e+02 8.618765447104524973e-05 4.519175722557468343e-04
1.270000000000000000e+02 6.671320033546503743e-05 3.493184791245190768e-04
1.280000000000000000e+02 5.136459350468404309e-05 2.684453532583492988e-04
1.290000000000000000e+02 3.932757476350564078e-05 2.050937736757808263e-04
1.300000000000000000e+02 2.994861302514185091e-05 1.557874342198656075e-04
1.310000000000000000e+02 2.269322536203585759e-05 1.176592144127728754e-04
1.320000000000000000e+02 1.711655097345988010e-05 8.835646229166988939e-05
1.330000000000000000e+02 1.285031383586696609e-05 6.596863449944503921e-05
1.340000000000000000e+02 9.598008846071478945e-06 4.896423846620096953e-05
1.350000000000000000e+02 7.128403601298854452e-06 3.612827420239195643e-05
1.360000000000000000e+02 5.263837873733753260e-06 2.650161075055690205e-05
1.370000000000000000e+02 3.866414882825106161e-06 1.932866238147095702e-05
1.380000000000000000e+02 2.826823574515153525e-06 1.401685039249464187e-05
1.390000000000000000e+02 2.057807312932777105e-06 1.010593235621986703e-05
1.400000000000000000e+02 1.490954267711551735e-06 7.242913262432422785e-06
1.410000000000000000e+02 1.074318817996244151e-06 5.159793580308642850e-06
1.420000000000000000e+02 7.694306988840531237e-07 3.654052334310508279e-06
1.430000000000000000e+02 5.478455231478052751e-07 2.572863053005151742e-06
1.440000000000000000e+02 3.881251115515769186e-07 1.801325380970682996e-06
1.450000000000000000e+02 2.738257455343492337e-07 1.253857694737108855e-06
1.460000000000000000e+02 1.923965601904124417e-07 8.675269894499749471e-07
1.470000000000000000e+02 1.345162001012749873e-07 5.965411843724478252e-07
1.480000000000000000e+02 9.348017005388735785e-08 4.077301683534558237e-07
1.490000000000000000e+02 6.454080383269640716e-08 2.770774894420633061e-07
1.500000000000000000e+02 4.430088208257524642e-08 1.872399291241492303e-07
1.510000000000000000e+02 3.027183242966372994e-08 1.258065443922094176e-07
1.520000000000000000e+02 2.061178243977619703e-08 8.401538053436184243e-08
1.530000000000000000e+02 1.397948567360543754e-08 5.575141981924744619e-08
1.540000000000000000e+02 9.430424706889243669e-09 3.676629515673884565e-08
1.550000000000000000e+02 6.318463702217432639e-09 2.410615151713692698e-08
1.560000000000000000e+02 4.203851760168780101e-09 1.571942205289410284e-08
1.570000000000000000e+02 2.781143522550934990e-09 1.019348651913124356e-08
1.580000000000000000e+02 1.833047928304656602e-09 6.569810759548020402e-09
1.590000000000000000e+02 1.204760060684477836e-09 4.206477769289864956e-09
