0.000000000000000000e+00 5.163248882406799135e-05 -2.626288116081513834e-07
1.000000000000000000e+00 5.294079677089029650e-06 2.739370628423236688e-07
2.000000000000000000e+00 5.599606692665550907e-06 3.467918629574339792e-07
3.000000000000000000e+00 6.047290348075709320e-06 4.867341970296663721e-07
4.000000000000000000e+00 6.798691415076867927e-06 6.815501545450045972e-07
5.000000000000000000e+00 8.068284652646590352e-06 9.499652823861834574e-07
6.000000000000000000e+00 1.000238658961641859e-05 1.317359084778437147e-06
7.000000000000000000e+00 1.260779351104238773e-05 1.817377016445281422e-06
8.000000000000000000e+00 1.571213053624261364e-05 2.494934878580253277e-06
9.000000000000000000e+00 1.898076232566011485e-05 3.409834016418154852e-06
1.000000000000000000e+01 2.200200181679977298e-05 4.640547521343237854e-06
1.100000000000000000e+01 2.443114311388352034e-05 6.288124804259118143e-06
1.200000000000000000e+01 2.615799996695196189e-05 8.481008683958814231e-06
1.300000000000000000e+01 2.743981295727576994e-05 1.138224160535906668e-05
1.400000000000000000e+01 2.893378195214521832e-05 1.520021315326930685e-05
1.500000000000000000e+01 3.158261507235998419e-05 2.020256351444398409e-05
1.600000000000000000e+01 3.635392459605071191e-05 2.673114509353426577e-05
1.700000000000000000e+01 4.389577985020252080e-05 3.521588658193648106e-05
1.800000000000000000e+01 5.422085474570602316e-05 4.618801005107322675e-05
1.900000000000000000e+01 6.654727947434392046e-05 6.029692750399184321e-05
2.000000000000000000e+01 7.939604803081112307e-05 7.833674045789847714e-05
2.100000000000000000e+01 9.097735616700741983e-05 1.012846632739245953e-04
2.200000000000000000e+01 9.980402615028374292e-05 1.303461055395778250e-04
2.300000000000000000e+01 1.053680348322261993e-04 1.669956935150335913e-04
2.400000000000000000e+01 1.086379675121795546e-04 2.130069824731637914e-04
2.500000000000000000e+01 1.121266009507316315e-04 2.704764770376074040e-04
2.600000000000000000e+01 1.193768390039302315e-04 3.418604696208156881e-04
2.700000000000000000e+01 1.339149991553131250e-04 4.300424159083884043e-04
2.800000000000000000e+01 1.579545530829767148e-04 5.384286343622263519e-04
2.900000000000000000e+01 1.912965839057428549e-04 6.710432639903075522e-04
3.000000000000000000e+01 2.308843027371876343e-04 8.325843521509528576e-04
3.100000000000000000e+01 2.713129590732298035e-04 1.028428195496725647e-03
3.200000000000000000e+01 3.063175240056538245e-04 1.264616177970128092e-03
3.300000000000000000e+01 3.309258247246367620e-04 1.547887171370860388e-03
3.400000000000000000e+01 3.436504616211075820e-04 1.885792035265227221e-03
3.500000000000000000e+01 3.479034535259496979e-04 2.286850602225829095e-03
3.600000000000000000e+01 3.518859278833381130e-04 2.760644750979733726e-03
3.700000000000000000e+01 3.666183973282308964e-04 3.317754907515060511e-03
3.800000000000000000e+01 4.024641828861936035e-04 3.969555718389516756e-03
3.900000000000000000e+01 4.651960883747688976e-04 4.728012068843811047e-03
4.000000000000000000e+01 5.530299956902999785e-04 5.605637932547671148e-03
4.100000000000000000e+01 6.558960464028477065e-04 6.615642681965600881e-03
4.200000000000000000e+01 7.575801671729669780e-04 7.772081445214023762e-03
4.300000000000000000e+01 8.404635081009383373e-04 9.089735855184917501e-03
4.400000000000000000e+01 8.916616629834359185e-04 1.058360452593145457e-02
4.500000000000000000e+01 9.086431679339705431e-04 1.226819538575586385e-02
4.600000000000000000e+01 9.021479726870952100e-04 1.415701766471146733e-02
4.700000000000000000e+01 8.947197053353800377e-04 1.626253907047087166e-02
4.800000000000000000e+01 9.145152561636038600e-04 1.859645103318865317e-02
4.900000000000000000e+01 9.859139025486084867e-04 2.116972083667987767e-02
5.000000000000000000e+01 1.120024547408137111e-03 2.399197702668053739e-02
5.100000000000000000e+01 1.308669076593742351e-03 2.707030251611246274e-02
5.200000000000000000e+01 1.524497137144382748e-03 3.040807894588527099e-02
5.300000000000000000e+01 1.727934446348527563e-03 3.400459210897653628e-02
5.400000000000000000e+01 1.879405036862149408e-03 3.785551634268487231e-02
5.500000000000000000e+01 1.953336989903626045e-03 4.195360491566217653e-02
5.600000000000000000e+01 1.949323542283413905e-03 4.628865322167718954e-02
5.700000000000000000e+01 1.895933512216119166e-03 5.084640081971278369e-02
5.800000000000000000e+01 1.844477567834030413e-03 5.560704401973711603e-02
5.900000000000000000e+01 1.853438985968789907e-03 6.054453933047938136e-02
6.000000000000000000e+01 1.968164399562106169e-03 6.562735032170852190e-02
6.100000000000000000e+01 2.202960715869796936e-03 7.082011274897605235e-02
6.200000000000000000e+01 2.532523830237584476e-03 7.608490581119976837e-02
6.300000000000000000e+01 2.896601232894535638e-03 8.138118436976982117e-02
6.400000000000000000e+01 3.217300932083258860e-03 8.666468608452047862e-02
6.500000000000000000e+01 3.424198471742240582e-03 9.188666730023499485e-02
6.600000000000000000e+01 3.479511208725479844e-03 9.699467369199922528e-02
6.700000000000000000e+01 3.394715187955844003e-03 1.019348024919250750e-01
6.800000000000000000e+01 3.231618846981101044e-03 1.066541647185392516e-01
6.900000000000000000e+01 3.085412250169063467e-03 1.111021333133502820e-01
7.000000000000000000e+01 3.053765997801920033e-03 1.152300789026685646e-01
7.100000000000000000e+01 3.202160863941732726e-03 1.189906429315377573e-01
7.200000000000000000e+01 3.538149610378600075e-03 1.223379762675933513e-01
7.300000000000000000e+01 4.004556913633745309e-03 1.252294716721616685e-01
7.400000000000000000e+01 4.494881288547539211e-03 1.276281785072536645e-01
7.500000000000000000e+01 4.886450381182347487e-03 1.295044977690097132e-01
7.600000000000000000e+01 5.081021081659593819e-03 1.308363818674953549e-01
7.700000000000000000e+01 5.039822063004368441e-03 1.316084839575888399e-01
7.800000000000000000e+01 4.800836916629316019e-03 1.318114293726827535e-01
7.900000000000000000e+01 4.470684199952774766e-03 1.314420487879464361e-01
8.000000000000000000e+01 4.191550530656203491e-03 1.305044110872859986e-01
8.100000000000000000e+01 4.093184325625381405e-03 1.290107383079840686e-01
8.200000000000000000e+01 4.246821029383172560e-03 1.269813732418614560e-01
8.300000000000000000e+01 4.638176079473969871e-03 1.244437200727216142e-01
8.400000000000000000e+01 5.169673049545559125e-03 1.214307895586324848e-01
8.500000000000000000e+01 5.691249023691815657e-03 1.179800910185867524e-01
8.600000000000000000e+01 6.049311146427471635e-03 1.141331376405330389e-01
8.700000000000000000e+01 6.137927488738993340e-03 1.099352482372275563e-01
8.800000000000000000e+01 5.935727396145029991e-03 1.054351116831808710e-01
8.900000000000000000e+01 5.515766468848183439e-03 1.006838254660834125e-01
9.000000000000000000e+01 5.023436839748506022e-03 9.573354876257443580e-02
9.100000000000000000e+01 4.628289785080130087e-03 9.063616555688321086e-02
9.200000000000000000e+01 4.465974914481732685e-03 8.544228472501169680e-02
9.300000000000000000e+01 4.591346153754466246e-03 8.020063160986116990e-02
9.400000000000000000e+01 4.959893772452853358e-03 7.495764629206871921e-02
9.500000000000000000e+01 5.443577076479612364e-03 6.975705430292314380e-02
9.600000000000000000e+01 5.874404638879521939e-03 6.463930507582560381e-02
9.700000000000000000e+01 6.100269064592132168e-03 5.964095320975051906e-02
9.800000000000000000e+01 6.034802910606908155e-03 5.479415443288760540e-02
9.900000000000000000e+01 5.685559639287626928e-03 5.012641173510736653e-02
1.000000000000000000e+02 5.151250039220291524e-03 4.566058459020130855e-02
1.010000000000000000e+02 4.588210631115586559e-03 4.141506089753169140e-02
1.020000000000000000e+02 4.156981242757035525e-03 3.740396106772578971e-02
1.030000000000000000e+02 3.967882045686169958e-03 3.363730329005550773e-02
1.040000000000000000e+02 4.045348629730654601e-03 3.012115216417110553e-02
1.050000000000000000e+02 4.323220555332871716e-03 2.685782728701759797e-02
1.060000000000000000e+02 4.670843771816706944e-03 2.384622975255309973e-02
1.070000000000000000e+02 4.938911792703750553e-03 2.108227723407708060e-02
1.080000000000000000e+02 5.008716837977831085e-03 1.855937996914248933e-02
1.090000000000000000e+02 4.829217299560244897e-03 1.626888326966502082e-02
1.100000000000000000e+02 4.431038670245461553e-03 1.420044413925850013e-02
1.110000000000000000e+02 3.913527547784430641e-03 1.234236060300986267e-02
1.120000000000000000e+02 3.409327020550708028e-03 1.068189296411278626e-02
1.130000000000000000e+02 3.038804878227088693e-03 9.205597779366097091e-03
1.140000000000000000e+02 2.870703191722486468e-03 7.899661115749023743e-03
1.150000000000000000e+02 2.902843985110103737e-03 6.750198247556710163e-03
1.160000000000000000e+02 3.068309592188442347e-03 5.743494883584821659e-03
1.170000000000000000e+02 3.262525509686190883e-03 4.866188774286324750e-03
1.180000000000000000e+02 3.379956010738031490e-03 4.105409060001482049e-03
1.190000000000000000e+02 3.347734110517882385e-03 3.448892010763229127e-03
1.200000000000000000e+02 3.146308861031633149e-03 2.885080039025607335e-03
1.210000000000000000e+02 2.811912829433421863e-03 2.403198957170465770e-03
1.220000000000000000e+02 2.421066931280240787e-03 1.993305763037470785e-03
1.230000000000000000e+02 2.062820896494768109e-03 1.646305347196266346e-03
1.240000000000000000e+02 1.808619026128584781e-03 1.353942343583816252e-03
1.250000000000000000e+02 1.690484716457238282e-03 1.108777541877341202e-03
1.260000000000000000e+02 1.694599885607602201e-03 9.041558659800635021e-04
1.270000000000000000e+02 1.770874248494293691e-03 7.341683797493203092e-04
1.280000000000000000e+02 1.853130547458951144e-03 5.936080061148794624e-04
1.290000000000000000e+02 1.881775530034978609e-03 4.779188861935301531e-04
1.300000000000000000e+02 1.821588392732258676e-03 3.831411194342301211e-04
1.310000000000000000e+02 1.670017675733708558e-03 3.058539000473878299e-04
1.320000000000000000e+02 1.454596903932614798e-03 2.431198389375894837e-04
1.330000000000000000e+02 1.221163874709507019e-03 1.924320373763046914e-04
1.340000000000000000e+02 1.017245438739803774e-03 1.516643211143733493e-04
1.350000000000000000e+02 8.765019589082697531e-04 1.190245807059593430e-04
1.360000000000000000e+02 8.095357245268160456e-04 9.301129436688180293e-05
1.370000000000000000e+02 8.035721528878694755e-04 7.237356265590131504e-05
1.380000000000000000e+02 8.298610741844676935e-04 5.607501206936109584e-05
1.390000000000000000e+02 8.550156906058868070e-04 4.326170723139449882e-05
1.400000000000000000e+02 8.519423946848989765e-04 3.323393426977570440e-05
1.410000000000000000e+02 8.071370676721650525e-04 2.542154844245597965e-05
1.420000000000000000e+02 7.228568111882435494e-04 1.936254980937077624e-05
1.430000000000000000e+02 6.142688970686810109e-04 1.468459263720493227e-05
1.440000000000000000e+02 5.029759297079162451e-04 1.108916987888409218e-05
1.450000000000000000e+02 4.092788368793450187e-04 8.338215765511738733e-06
1.460000000000000000e+02 3.458542150838690493e-04 6.242854427724350329e-06
1.470000000000000000e+02 3.148520879067588716e-04 4.654016990171886537e-06
1.480000000000000000e+02 3.089300625107132517e-04 3.454664043001133589e-06
1.490000000000000000e+02 3.151780207851849307e-04 2.553377910747668466e-06
1.500000000000000000e+02 3.200449488413660603e-04 1.879118289749451464e-06
1.510000000000000000e+02 3.134965244676665838e-04 1.376959661273266174e-06
1.520000000000000000e+02 2.913419829890970497e-04 1.004649902956951832e-06
1.530000000000000000e+02 2.554473464369846859e-04 7.298492916525963850e-07
1.540000000000000000e+02 2.121382987864957694e-04 5.279286757282863406e-07
1.550000000000000000e+02 1.695012836116400481e-04 3.802241945373437980e-07
1.560000000000000000e+02 1.345385183522777590e-04 2.726624126635879206e-07
1.570000000000000000e+02 1.111192990565562297e-04 1.946838165819499819e-07
1.580000000000000000e+02 9.930880493203890166e-05 1.384047350579275170e-07
1.590000000000000000e+02 9.606703708464118499e-05 9.796839262866488890e-08
