0.000000000000000000e+00 1.038187957008853819e-09 -1.209091442779408225e-08
1.000000000000000000e+00 4.003582323463332989e-10 2.209657755772229956e-08
2.000000000000000000e+00 5.432680979513143745e-10 3.056428725216925601e-08
3.000000000000000000e+00 7.599131115820988445e-10 4.486332980329790825e-08
4.000000000000000000e+00 1.073886908050792921e-09 6.558122906527963177e-08
5.000000000000000000e+00 1.492809129931945979e-09 9.538662356856946429e-08
6.000000000000000000e+00 2.006624889473833216e-09 1.380410628200370262e-07
7.000000000000000000e+00 2.607248463221694191e-09 1.987677234753170096e-07
8.000000000000000000e+00 3.328805546888120101e-09 2.847763814276896866e-07
9.000000000000000000e+00 4.287233123865140516e-09 4.059627855441795541e-07
1.000000000000000000e+01 5.682855906662195263e-09 5.758328847906471499e-07
1.100000000000000000e+01 7.738387501736064152e-09 8.127159223212046523e-07
1.200000000000000000e+01 1.058764333297859322e-08 1.141346058070835228e-06
1.300000000000000000e+01 1.418973289311668194e-08 1.594910316131113832e-06
1.400000000000000000e+01 1.837362532300151481e-08 2.217682508533490184e-06
1.500000000000000000e+01 2.306844103193504475e-08 3.068388251635009983e-06
1.600000000000000000e+01 2.863778534484387055e-08 4.224474954868995188e-06
1.700000000000000000e+01 3.608293299286600535e-08 5.787491783730366455e-06
1.800000000000000000e+01 4.684663242097836358e-08 7.889818829413021575e-06
1.900000000000000000e+01 6.215118170739812984e-08 1.070302090035865054e-05
2.000000000000000000e+01 8.220147067659397712e-08 1.444814062628926724e-05
2.100000000000000000e+01 1.059233486291487366e-07 1.940828636353299881e-05
2.200000000000000000e+01 1.318272485849389366e-07 2.594390796392433412e-05
2.300000000000000000e+01 1.599084682284969663e-07 3.451118561544520310e-05
2.400000000000000000e+01 1.934862094114125648e-07 4.568397799777101399e-05
2.500000000000000000e+01 2.392919008222236475e-07 6.017978835050870817e-05
2.600000000000000000e+01 3.047471415850311820e-07 7.889020963722309318e-05
2.700000000000000000e+01 3.933501383460156418e-07 1.029162954600391949e-04
2.800000000000000000e+01 5.013326452201380555e-07 1.336092580784839859e-04
2.900000000000000000e+01 6.193170573318935363e-07 1.726168041406376792e-04
3.000000000000000000e+01 7.401719550929397779e-07 2.219352797069981047e-04
3.100000000000000000e+01 8.693151565917113916e-07 2.839676288801130108e-04
3.200000000000000000e+01 1.029590642489429609e-06 3.615869870721425045e-04
3.300000000000000000e+01 1.253728851454409147e-06 4.582055112850439739e-04
3.400000000000000000e+01 1.565041798982310939e-06 5.778477308905085284e-04
3.500000000000000000e+01 1.957800984056165793e-06 7.252272350752313624e-04
3.600000000000000000e+01 2.394400546510917537e-06 9.058249523609589269e-04
3.700000000000000000e+01 2.829428324078261404e-06 1.125966785887688422e-03
3.800000000000000000e+01 3.251687489989519525e-06 1.392898067311204406e-03
3.900000000000000000e+01 3.715592525764213813e-06 1.714852054408098035e-03
4.000000000000000000e+01 4.330311198950027105e-06 2.101109149985377726e-03
4.100000000000000000e+01 5.198447727198941866e-06 2.562042436640941771e-03
4.200000000000000000e+01 6.336489430027099344e-06 3.109143908968447362e-03
4.300000000000000000e+01 7.637854535916330511e-06 3.755025409161246060e-03
4.400000000000000000e+01 8.926237852074901284e-06 4.513389314216759846e-03
4.500000000000000000e+01 1.008760647127839607e-05 5.398965594647331737e-03
4.600000000000000000e+01 1.119793998705335320e-05 6.427411902281067631e-03
4.700000000000000000e+01 1.253761701808197472e-05 7.615170799906389489e-03
4.800000000000000000e+01 1.444100892490414845e-05 8.979275330599336205e-03
4.900000000000000000e+01 1.705158617976550378e-05 1.053709537408201342e-02
5.000000000000000000e+01 2.015582120910130637e-05 1.230602467967081316e-02
5.100000000000000000e+01 2.325839756853407335e-05 1.430311726300667260e-02
5.200000000000000000e+01 2.590989054102014688e-05 1.654468287194668652e-02
5.300000000000000000e+01 2.809178447287611637e-05 1.904584104900110958e-02
5.400000000000000000e+01 3.035943682346240003e-05 2.182002210429245456e-02
5.500000000000000000e+01 3.355816335055903776e-05 2.487840842397961993e-02
5.600000000000000000e+01 3.822814527072031265e-05 2.822933592142064241e-02
5.700000000000000000e+01 4.410056115265642064e-05 3.187770255829312088e-02
5.800000000000000000e+01 5.011560655821754975e-05 3.582442715785010001e-02
5.900000000000000000e+01 5.507319033978225827e-05 4.006596074402204305e-02
6.000000000000000000e+01 5.854058908066833787e-05 4.459381287422050505e-02
6.100000000000000000e+01 6.134909141461087820e-05 4.939407017703975611e-02
6.200000000000000000e+01 6.519503443676626586e-05 5.444695902770032431e-02
6.300000000000000000e+01 7.147583650704402846e-05 5.972656974147078773e-02
6.400000000000000000e+01 8.013129204541374038e-05 6.520083019817118908e-02
6.500000000000000000e+01 8.940643926387933016e-05 7.083169236967500060e-02
6.600000000000000000e+01 9.688808799884179976e-05 7.657539273143566805e-02
6.700000000000000000e+01 1.012212587760037707e-04 8.238269604695426518e-02
6.800000000000000000e+01 1.032790851391739888e-04 8.819921679687826865e-02
6.900000000000000000e+01 1.057931528357455327e-04 9.396604698494639973e-02
7.000000000000000000e+01 1.115027569594458123e-04 9.962082030839200519e-02
7.100000000000000000e+01 1.210461274901035499e-04 1.050990553807241989e-01
7.200000000000000000e+01 1.321850418378770441e-04 1.103354271945240217e-01
7.300000000000000000e+01 1.411205258434992818e-04 1.152647610181047333e-01
7.400000000000000000e+01 1.451310872590020565e-04 1.198229322656866602e-01
7.500000000000000000e+01 1.446677157083733878e-04 1.239480868501250665e-01
7.600000000000000000e+01 1.432673683716686813e-04 1.275823623815937613e-01
7.700000000000000000e+01 1.451522719554273165e-04 1.306737610489342449e-01
7.800000000000000000e+01 1.521303110872953505e-04 1.331775459032352726e-01
7.900000000000000000e+01 1.620736213193786689e-04 1.350568658147230927e-01
8.000000000000000000e+01 1.702200527342066295e-04 1.362829896126622198e-01
8.100000000000000000e+01 1.724906585429412855e-04 1.368358458647274956e-01
8.200000000000000000e+01 1.684638581346682945e-04 1.367051202081743799e-01
8.300000000000000000e+01 1.617964313178297804e-04 1.358913533683004660e-01
8.400000000000000000e+01 1.576886435078685318e-04 1.344061653751411622e-01
8.500000000000000000e+01 1.591667786388243971e-04 1.322713193051783531e-01
8.600000000000000000e+01 1.648812116339785395e-04 1.295172925704023148e-01
8.700000000000000000e+01 1.700501454325627345e-04 1.261823507002653721e-01
8.800000000000000000e+01 1.698790001569792246e-04 1.223124197769971389e-01
8.900000000000000000e+01 1.629738895563806098e-04 1.179610138459165625e-01
9.000000000000000000e+01 1.522906843995381753e-04 1.131881924083666668e-01
9.100000000000000000e+01 1.429765490924599309e-04 1.080583477918589524e-01
9.200000000000000000e+01 1.387155465168891195e-04 1.026377311683137478e-01
9.300000000000000000e+01 1.392320046024839327e-04 9.699285974672618160e-02
9.400000000000000000e+01 1.406896556520745648e-04 9.119003869119902961e-02
9.500000000000000000e+01 1.385739341742835726e-04 8.529511224464818298e-02
9.600000000000000000e+01 1.308900454706026948e-04 7.937239199423729019e-02
9.700000000000000000e+01 1.194097333519202411e-04 7.348266233023378891e-02
9.800000000000000000e+01 1.082206186632639735e-04 6.768123105126044869e-02
9.900000000000000000e+01 1.007803517837312215e-04 6.201706936961840638e-02
1.000000000000000000e+02 9.764271875694150859e-05 5.653311636097651388e-02
1.010000000000000000e+02 9.638121241284410673e-05 5.126683193000793753e-02
1.020000000000000000e+02 9.356138357896293882e-05 4.625006996305570245e-02
1.030000000000000000e+02 8.719641936314790980e-05 4.150825789948262012e-02
1.040000000000000000e+02 7.794903431324532838e-05 3.705972098162097633e-02
1.050000000000000000e+02 6.839953912548913187e-05 3.291592535053684820e-02
1.060000000000000000e+02 6.110500295248153988e-05 2.908257364028168576e-02
1.070000000000000000e+02 5.691672621079614411e-05 2.556077582623136543e-02
1.080000000000000000e+02 5.466491278303183422e-05 2.234762376600948203e-02
1.090000000000000000e+02 5.223760393879575773e-05 1.943622205897832869e-02
1.100000000000000000e+02 4.812531267548807157e-05 1.681578548362893527e-02
1.110000000000000000e+02 4.232553539048256372e-05 1.447228437282665862e-02
1.120000000000000000e+02 3.610508844452914670e-05 1.238952784606988863e-02
1.130000000000000000e+02 3.096330658637204782e-05 1.055016324244739331e-02
1.140000000000000000e+02 2.761659472207800932e-05 8.936207461437138330e-03
1.150000000000000000e+02 2.567338948596113886e-05 7.529191570035804332e-03
1.160000000000000000e+02 2.409115035189473260e-05 6.310296290388148384e-03
1.170000000000000000e+02 2.196858821028998876e-05 5.260737043189915758e-03
1.180000000000000000e+02 1.908936571424879779e-05 4.362318131193616312e-03
1.190000000000000000e+02 1.591330184777650156e-05 3.597880548830817947e-03
1.200000000000000000e+02 1.313412372267192544e-05 2.951470041192606059e-03
1.210000000000000000e+02 1.118026198516115647e-05 2.408293344151212888e-03
1.220000000000000000e+02 9.993486135313918361e-06 1.954658388029278590e-03
1.230000000000000000e+02 9.167506995660032601e-06 1.578019065661472303e-03
1.240000000000000000e+02 8.275862928409292275e-06 1.267085289947629534e-03
1.250000000000000000e+02 7.134886297367740016e-06 1.011880847669425479e-03
1.260000000000000000e+02 5.850197821920582458e-06 8.036843973621059321e-04
1.270000000000000000e+02 4.670572620110821563e-06 6.348903902160722788e-04
1.280000000000000000e+02 3.789343835112025359e-06 4.988725605253318011e-04
1.290000000000000000e+02 3.231743117993012230e-06 3.898972993153626944e-04
1.300000000000000000e+02 2.877033037053577408e-06 3.030716294586789455e-04
1.310000000000000000e+02 2.565874073667507852e-06 2.342830380023499170e-04
1.320000000000000000e+02 2.202484239900712586e-06 1.801089201146703861e-04
1.330000000000000000e+02 1.789481752077577269e-06 1.377087051192363862e-04
1.340000000000000000e+02 1.393022434708838573e-06 1.047261492186135666e-04
1.350000000000000000e+02 1.079720874062662998e-06 7.921662863466245440e-05
1.360000000000000000e+02 8.722660329980717535e-07 5.959384188263116438e-05
1.370000000000000000e+02 7.454684088829489041e-07 4.458181094768501313e-05
1.380000000000000000e+02 6.529945688674357736e-07 3.316438835229998069e-05
1.390000000000000000e+02 5.589307423079282213e-07 2.453496908444598298e-05
1.400000000000000000e+02 4.533976171583871754e-07 1.805333552405963802e-05
1.410000000000000000e+02 3.478732734821802999e-07 1.321312429188649948e-05
1.420000000000000000e+02 2.595978761082952201e-07 9.617887289159149667e-06
1.430000000000000000e+02 1.979384065255318768e-07 6.961445738380941700e-06
1.440000000000000000e+02 1.602027029034065099e-07 5.009868821277762821e-06
1.450000000000000000e+02 1.362262981503874844e-07 3.585131782023121963e-06
1.460000000000000000e+02 1.159654347809506189e-07 2.551693534266331838e-06
1.470000000000000000e+02 9.449491830573985809e-08 1.806549489738494185e-06
1.480000000000000000e+02 7.235627358579508283e-08 1.272102043041487424e-06
1.490000000000000000e+02 5.271047163181278894e-08 8.906891694667348409e-07
1.500000000000000000e+02 3.810069046822797327e-08 6.199776965307948676e-07
1.510000000000000000e+02 2.884077941270722712e-08 4.290463514817468574e-07
1.520000000000000000e+02 2.336191569970487414e-08 2.952876897582669387e-07
1.530000000000000000e+02 1.957398533008751429e-08 2.021701369176758989e-07
1.540000000000000000e+02 1.605094641174370357e-08 1.376890249101458394e-07
1.550000000000000000e+02 1.241241799430796653e-08 9.324626077651369914e-08
1.560000000000000000e+02 8.992124064668427937e-09 6.276893756408996316e-08
1.570000000000000000e+02 6.259828578539782785e-09 4.199747944925479325e-08
1.580000000000000000e+02 4.418452828647854351e-09 2.794081530438385959e-08
1.590000000000000000e+02 3.331593345448580441e-09 1.849321373656601117e-08
