0.000000000000000000e+00 -4.251240743004926807e-10 -8.305800130536830003e-07
1.000000000000000000e+00 1.119751078583788456e-09 7.647341377259694046e-07
2.000000000000000000e+00 1.737559264214194009e-09 9.684532275334536999e-07
3.000000000000000000e+00 2.774195350497290604e-09 1.327854204368645810e-06
4.000000000000000000e+00 4.402062860471537118e-09 1.814117764907469367e-06
5.000000000000000000e+00 6.941760681465029875e-09 2.467719489722268353e-06
6.000000000000000000e+00 1.087937917489039264e-08 3.342248036607232126e-06
7.000000000000000000e+00 1.694564358673473667e-08 4.507083799931706390e-06
8.000000000000000000e+00 2.623073408152627234e-08 6.051566114312957825e-06
9.000000000000000000e+00 4.035030313838727807e-08 8.090136021805646030e-06
1.000000000000000000e+01 6.168426182894501409e-08 1.076862660604640879e-05
1.100000000000000000e+01 9.371601750953539483e-08 1.427190509595611221e-05
1.200000000000000000e+01 1.415075918850960909e-07 1.883308750969890007e-05
1.300000000000000000e+01 2.123588559007433389e-07 2.474456411388549243e-05
1.400000000000000000e+01 3.167197140326313765e-07 3.237109667347710408e-05
1.500000000000000000e+01 4.694497104304730677e-07 4.216527123925586885e-05
1.600000000000000000e+01 6.915438481442823146e-07 5.468559774215702297e-05
1.700000000000000000e+01 1.012464839074411082e-06 7.061752354523681812e-05
1.800000000000000000e+01 1.473252522164190008e-06 9.079758048236142947e-05
1.900000000000000000e+01 2.130638719074429140e-06 1.162408472465517909e-04
2.000000000000000000e+01 3.062479399903468874e-06 1.481719135261590171e-04
2.100000000000000000e+01 4.374895373164179844e-06 1.880595523113515980e-04
2.200000000000000000e+01 6.211554813946629881e-06 2.376552424915946216e-04
2.300000000000000000e+01 8.765554041973427229e-06 2.990354294447033351e-04
2.400000000000000000e+01 1.229443344271393395e-05 3.746470024003107778e-04
2.500000000000000000e+01 1.713904990218527544e-05 4.673551394148226499e-04
2.600000000000000000e+01 2.374723203646302632e-05 5.804927115294163846e-04
2.700000000000000000e+01 3.270319613754773343e-05 7.179108368594328687e-04
2.800000000000000000e+01 4.476354694205529719e-05 8.840304086219043841e-04
2.900000000000000000e+01 6.090055092320067153e-05 1.083893743610710603e-03
3.000000000000000000e+01 8.235355085867593719e-05 1.323213742076693880e-03
3.100000000000000000e+01 1.106898149023023996e-04 1.608416171542227137e-03
3.200000000000000000e+01 1.478762013682064706e-04 1.946670699486966350e-03
3.300000000000000000e+01 1.963622786148968885e-04 2.345908935338816663e-03
3.400000000000000000e+01 2.591743611457504939e-04 2.814831192980787444e-03
3.500000000000000000e+01 3.400194502479122484e-04 3.362904007399489768e-03
3.600000000000000000e+01 4.433987983602956373e-04 4.000345069807452122e-03
3.700000000000000000e+01 5.747314734684712267e-04 4.738083969568067898e-03
3.800000000000000000e+01 7.404868501767181404e-04 5.587683977734255944e-03
3.900000000000000000e+01 9.483213282309422253e-04 6.561218788030289198e-03
4.000000000000000000e+01 1.207211735569098821e-03 7.671115340005108321e-03
4.100000000000000000e+01 1.527578798857114929e-03 8.929984645455867759e-03
4.200000000000000000e+01 1.921397377956979985e-03 1.035045169363323081e-02
4.300000000000000000e+01 2.402290304988947359e-03 1.194496521307021261e-02
4.400000000000000000e+01 2.985596418071577007e-03 1.372554425644379773e-02
4.500000000000000000e+01 3.688395571561824040e-03 1.570343256140128291e-02
4.600000000000000000e+01 4.529473176464258143e-03 1.788868655125566004e-02
4.700000000000000000e+01 5.529216222384064280e-03 2.028977689483473304e-02
4.800000000000000000e+01 6.709441494171694900e-03 2.291327737568909367e-02
4.900000000000000000e+01 8.093152831993966068e-03 2.576363121391869737e-02
5.000000000000000000e+01 9.704210440242498278e-03 2.884288636012299900e-02
5.100000000000000000e+01 1.156688939963497649e-02 3.215028212809834668e-02
5.200000000000000000e+01 1.370531948951193152e-02 3.568169582501796999e-02
5.300000000000000000e+01 1.614282316296750119e-02 3.942913321439789343e-02
5.400000000000000000e+01 1.890117763993227895e-02 4.338049807313781869e-02
5.500000000000000000e+01 2.199981175421598587e-02 4.751970488480439930e-02
5.600000000000000000e+01 2.545493064622386670e-02 5.182691485139682974e-02
5.700000000000000000e+01 2.927857036712433469e-02 5.627854782014860002e-02
5.800000000000000000e+01 3.347761836645555406e-02 6.084693661101842760e-02
5.900000000000000000e+01 3.805286137215722203e-02 6.549991885183166496e-02
6.000000000000000000e+01 4.299811411787492210e-02 7.020090888636884574e-02
6.100000000000000000e+01 4.829945533104648692e-02 7.490974235136449444e-02
6.200000000000000000e+01 5.393458710189530381e-02 7.958396535368644775e-02
6.300000000000000000e+01 5.987235128722681599e-02 8.417980343804436216e-02
6.400000000000000000e+01 6.607245633770045257e-02 8.865229357735689153e-02
6.500000000000000000e+01 7.248546443482986601e-02 9.295489566276987636e-02
6.600000000000000000e+01 7.905306933033152961e-02 9.703958101766747835e-02
6.700000000000000000e+01 8.570868191829690563e-02 1.008581813287347806e-01
6.800000000000000000e+01 9.237833242123183464e-02 1.043647036138811851e-01
6.900000000000000000e+01 9.898187585270518118e-02 1.075173114493981480e-01
7.000000000000000000e+01 1.054344563456836026e-01 1.102787828373013868e-01
7.100000000000000000e+01 1.116481828551469518e-01 1.126155661447640205e-01
7.200000000000000000e+01 1.175340048492454353e-01 1.144969364924133537e-01
7.300000000000000000e+01 1.230037967054547071e-01 1.158958186336177532e-01
7.400000000000000000e+01 1.279726015913763837e-01 1.167913273077710035e-01
7.500000000000000000e+01 1.323608827705493318e-01 1.171712842831069412e-01
7.600000000000000000e+01 1.360966030878060784e-01 1.170326631122136363e-01
7.700000000000000000e+01 1.391170621032622179e-01 1.163795797723160830e-01
7.800000000000000000e+01 1.413705561038625935e-01 1.152206627336672951e-01
7.900000000000000000e+01 1.428179155122599742e-01 1.135682729165475163e-01
8.000000000000000000e+01 1.434338034978299981e-01 1.114403296948791033e-01
8.100000000000000000e+01 1.432075306079863275e-01 1.088629131753775792e-01
8.200000000000000000e+01 1.421432425743013317e-01 1.058708142081606074e-01
8.300000000000000000e+01 1.402595965533068867e-01 1.025048741309361883e-01
8.400000000000000000e+01 1.375891714401674404e-01 9.880784424903450713e-02
8.500000000000000000e+01 1.341777050120289416e-01 9.482188904436855692e-02
8.600000000000000000e+01 1.300829967481729743e-01 9.058936205635534367e-02
8.700000000000000000e+01 1.253732806185184900e-01 8.615542623302271941e-02
8.800000000000000000e+01 1.201251270665079085e-01 8.156933134967306320e-02
8.900000000000000000e+01 1.144211978868340529e-01 7.688238143930321844e-02
9.000000000000000000e+01 1.083481487094865026e-01 7.214370104527975669e-02
9.100000000000000000e+01 1.019946889893137143e-01 6.739696436418432524e-02
9.200000000000000000e+01 9.544960337417782159e-02 6.268038310840827465e-02
9.300000000000000000e+01 8.879964412576274446e-02 5.802930750265859750e-02
9.400000000000000000e+01 8.212748314143598904e-02 5.347853785138836913e-02
9.500000000000000000e+01 7.551002959310768037e-02 4.906191318363517517e-02
9.600000000000000000e+01 6.901724139958884119e-02 4.480939194636175682e-02
9.700000000000000000e+01 6.271129337682035398e-02 4.074415263301765788e-02
9.800000000000000000e+01 5.664590003189914902e-02 3.688215100564005283e-02
9.900000000000000000e+01 5.086576411672130010e-02 3.323431495373788125e-02
1.000000000000000000e+02 4.540630410002057665e-02 2.980931157089958955e-02
1.010000000000000000e+02 4.029379366699213649e-02 2.661457767778093592e-02
1.020000000000000000e+02 3.554586233852877197e-02 2.365509616527959602e-02
1.030000000000000000e+02 3.117217099944945280e-02 2.093144822639664282e-02
1.040000000000000000e+02 2.717512050988969002e-02 1.843915701887092681e-02
1.050000000000000000e+02 2.355059589819828020e-02 1.617001833900877372e-02
1.060000000000000000e+02 2.028882243068177993e-02 1.411435247360755783e-02
1.070000000000000000e+02 1.737534946770383226e-02 1.226248467784605070e-02
1.080000000000000000e+02 1.479207445876548795e-02 1.060465177460544715e-02
1.090000000000000000e+02 1.251819240205360138e-02 9.129960019722011683e-03
1.100000000000000000e+02 1.053102222663859604e-02 7.825692133603680614e-03
1.110000000000000000e+02 8.806738202951658670e-03 6.677734005936040995e-03
1.120000000000000000e+02 7.321046809883702960e-03 5.671809678965710790e-03
1.130000000000000000e+02 6.049805725218805261e-03 4.794579660405485708e-03
1.140000000000000000e+02 4.969544879759351524e-03 4.033918967614361084e-03
1.150000000000000000e+02 4.057859683229946175e-03 3.378462160666020463e-03
1.160000000000000000e+02 3.293685243438071106e-03 2.817048426433987462e-03
1.170000000000000000e+02 2.657484695460538004e-03 2.338620081550742309e-03
1.180000000000000000e+02 2.131377017649050461e-03 1.932620338770790411e-03
1.190000000000000000e+02 1.699208457590148510e-03 1.589506438747153704e-03
1.200000000000000000e+02 1.346562843397862115e-03 1.300972287897658036e-03
1.210000000000000000e+02 1.060714955141007446e-03 1.059783715890618393e-03
1.220000000000000000e+02 8.305434602460196741e-04 8.594430292480817035e-04
1.230000000000000000e+02 6.464220423462449039e-04 6.939668816973444372e-04
1.240000000000000000e+02 5.000997096325640254e-04 5.578912857690562343e-04
1.250000000000000000e+02 3.845734956420813382e-04 4.464053714448208438e-04
1.260000000000000000e+02 2.939552733896762271e-04 3.554388138082340931e-04
1.270000000000000000e+02 2.233372548157507953e-04 2.816095245436091711e-04
1.280000000000000000e+02 1.686625053311946465e-04 2.220702722703165829e-04
1.290000000000000000e+02 1.266051273924563504e-04 1.743584639944620470e-04
1.300000000000000000e+02 9.446160364460901883e-05 1.363210095350971159e-04
1.310000000000000000e+02 7.005291115551908940e-05 1.061096977009865947e-04
1.320000000000000000e+02 5.163702655040274594e-05 8.219348430280008365e-05
1.330000000000000000e+02 3.783202416653747062e-05 6.334113420801717900e-05
1.340000000000000000e+02 2.754991562274539872e-05 4.856755152397486402e-05
1.350000000000000000e+02 1.994069977994143697e-05 3.706907535926963325e-05
1.360000000000000000e+02 1.434549296347801045e-05 2.817555981537897661e-05
1.370000000000000000e+02 1.025750289577513474e-05 2.132806113986895135e-05
1.380000000000000000e+02 7.289823836170531161e-06 1.607182677038226123e-05
1.390000000000000000e+02 5.149211603418959887e-06 1.204920187021074940e-05
1.400000000000000000e+02 3.615019491646008935e-06 8.984819612897483425e-06
1.410000000000000000e+02 2.522450799433661306e-06 6.665722510955533739e-06
1.420000000000000000e+02 1.749334025401842169e-06 4.923431657775208905e-06
1.430000000000000000e+02 1.205753536527806528e-06 3.622449904161801515e-06
1.440000000000000000e+02 8.259988953353072300e-07 2.654689674808407178e-06
1.450000000000000000e+02 5.623849881450900461e-07 1.936417203165268453e-06
1.460000000000000000e+02 3.805543049045786172e-07 1.404795980736973624e-06
1.470000000000000000e+02 2.559308509056329653e-07 1.013330729777088017e-06
1.480000000000000000e+02 1.710602588833449658e-07 7.272066198543640992e-07
1.490000000000000000e+02 1.136311756424014535e-07 5.197123918519817679e-07
1.500000000000000000e+02 7.501861014613489495e-08 3.701219269719553053e-07
1.510000000000000000e+02 4.922201023265229516e-08 2.625916904286193312e-07
1.520000000000000000e+02 3.209657613661870175e-08 1.853992035323738656e-07
1.530000000000000000e+02 2.079979594375953897e-08 1.301261133031489589e-07
1.540000000000000000e+02 1.339558219433448329e-08 9.077497287035954134e-08
1.550000000000000000e+02 8.573830507876920140e-09 6.299581160590056709e-08
1.560000000000000000e+02 5.453855804917506777e-09 4.355240634151941827e-08
1.570000000000000000e+02 3.447771337684142180e-09 3.002038344186874588e-08
1.580000000000000000e+02 2.166005530753784661e-09 2.062040725757765631e-08
1.590000000000000000e+02 1.352240702305461443e-09 1.409216035227578270e-08
