0.000000000000000000e+00 -9.248770834698328419e-12 2.863015417102537866e-09
1.000000000000000000e+00 1.702457512515213677e-11 3.931493691951498702e-09
2.000000000000000000e+00 2.941993473976454762e-11 5.732138357027341751e-09
3.000000000000000000e+00 5.097247261768048667e-11 8.610072095893776666e-09
4.000000000000000000e+00 8.767806265334628730e-11 1.286735434226438390e-08
5.000000000000000000e+00 1.497367086139357554e-10 1.913197676548035154e-08
6.000000000000000000e+00 2.538855032886193265e-10 2.830082595664072148e-08
7.000000000000000000e+00 4.273987711494860513e-10 4.164565139546871705e-08
8.000000000000000000e+00 7.143689582251407948e-10 6.096068115313693276e-08
9.000000000000000000e+00 1.185502829505855623e-09 8.876599562422614234e-08
1.000000000000000000e+01 1.953343751241619352e-09 1.285840655741575571e-07
1.100000000000000000e+01 3.195620250928702816e-09 1.853078467231772267e-07
1.200000000000000000e+01 5.190812241506736615e-09 2.656863159127742634e-07
1.300000000000000000e+01 8.371898609482303452e-09 3.789650261386670961e-07
1.400000000000000000e+01 1.340676576730136212e-08 5.377347572773504922e-07
1.500000000000000000e+01 2.131769266395070031e-08 7.590532422214808700e-07
1.600000000000000000e+01 3.365703948370847856e-08 1.065909565391640828e-06
1.700000000000000000e+01 5.276363228159730472e-08 1.489104048326853848e-06
1.800000000000000000e+01 8.213344648665775213e-08 2.069631272898824346e-06
1.900000000000000000e+01 1.269507877641280140e-07 2.861688497753604947e-06
2.000000000000000000e+01 1.948427880368177611e-07 3.936474783196030559e-06
2.100000000000000000e+01 2.969409793448091813e-07 5.386973884518622997e-06
2.200000000000000000e+01 4.493615624458740108e-07 7.333914235477999606e-06
2.300000000000000000e+01 6.752501962557921820e-07 9.933091792896805137e-06
2.400000000000000000e+01 1.007579987299409239e-06 1.338426250969901920e-05
2.500000000000000000e+01 1.492943220406704994e-06 1.794186743026026688e-05
2.600000000000000000e+01 2.196639352225103545e-06 2.392789998789124903e-05
2.700000000000000000e+01 3.209434819295661850e-06 3.174720883249399444e-05
2.800000000000000000e+01 4.656452399353190746e-06 4.190546983838664064e-05
2.900000000000000000e+01 6.708740059065687803e-06 5.503004960662393689e-05
3.000000000000000000e+01 9.598165504706053711e-06 7.189406074141447504e-05
3.100000000000000000e+01 1.363638065109479803e-05 9.344394201464810987e-05
3.200000000000000000e+01 1.923869353622279632e-05 1.208306605360832888e-04
3.300000000000000000e+01 2.695376409712907920e-05 1.554441406099167471e-04
3.400000000000000000e+01 3.750009216194026009e-05 1.989502061257552017e-04
3.500000000000000000e+01 5.181027311201412427e-05 2.533296697547430935e-04
3.600000000000000000e+01 7.108393915849291439e-05 3.209200052301931609e-04
3.700000000000000000e+01 9.685016945652133436e-05 4.044601441982825871e-04
3.800000000000000000e+01 1.310399198524284158e-04 5.071372726003929490e-04
3.900000000000000000e+01 1.760686687953485921e-04 6.326317502161782780e-04
4.000000000000000000e+01 2.349289585788260411e-04 7.851551512539921328e-04
4.100000000000000000e+01 3.112918072896057680e-04 9.694791749994093651e-04
4.200000000000000000e+01 4.096150933061450919e-04 1.190958137213160312e-03
4.300000000000000000e+01 5.352560217426070768e-04 1.455549191130218849e-03
4.400000000000000000e+01 6.945836721572536034e-04 1.769827941236521525e-03
4.500000000000000000e+01 8.950863181052459358e-04 2.140986361809693421e-03
4.600000000000000000e+01 1.145466674016289545e-03 2.576796295211039763e-03
4.700000000000000000e+01 1.455716683043317347e-03 3.085533578143490659e-03
4.800000000000000000e+01 1.837162319146051423e-03 3.675877892843544895e-03
4.900000000000000000e+01 2.302468251917561687e-03 4.356810780937959288e-03
5.000000000000000000e+01 2.865591657365862497e-03 5.137514269377830949e-03
5.100000000000000000e+01 3.541673575667386546e-03 6.027238407624817447e-03
5.200000000000000000e+01 4.346855822498698653e-03 7.035094383455613165e-03
5.300000000000000000e+01 5.298013232775292819e-03 8.169765294553120449e-03
5.400000000000000000e+01 6.412395201499888377e-03 9.439186246769266930e-03
5.500000000000000000e+01 7.707174513131929972e-03 1.085026844476371169e-02
5.600000000000000000e+01 9.198902888587226490e-03 1.240868928256602319e-02
5.700000000000000000e+01 1.090287406603018643e-02 1.411867977000285518e-02
5.800000000000000000e+01 1.283240268540487491e-02 1.598270758112408860e-02
5.900000000000000000e+01 1.499804114329345538e-02 1.800103733294758715e-02
6.000000000000000000e+01 1.740676666210036472e-02 2.017128981477619293e-02
6.100000000000000000e+01 2.006116796816413347e-02 2.248817490707586547e-02
6.200000000000000000e+01 2.295865408951018594e-02 2.494345451287421217e-02
6.300000000000000000e+01 2.609071720953216877e-02 2.752599190717853334e-02
6.400000000000000000e+01 2.944230756493942947e-02 3.022166881669822308e-02
6.500000000000000000e+01 3.299138901245703831e-02 3.301311575847190594e-02
6.600000000000000000e+01 3.670871461770064403e-02 3.587947395628682257e-02
6.700000000000000000e+01 4.055782228067641992e-02 3.879650533196325746e-02
6.800000000000000000e+01 4.449525777244274505e-02 4.173714303849034718e-02
6.900000000000000000e+01 4.847108255450004871e-02 4.467221134799718996e-02
7.000000000000000000e+01 5.242973225378431967e-02 4.757091242917630552e-02
7.100000000000000000e+01 5.631120767602906807e-02 5.040095901574136172e-02
7.200000000000000000e+01 6.005248770047487417e-02 5.312868142038815189e-02
7.300000000000000000e+01 6.358907952980130673e-02 5.571958764661763541e-02
7.400000000000000000e+01 6.685673794704159734e-02 5.813949875110151211e-02
7.500000000000000000e+01 6.979340433803690735e-02 6.035583419188622623e-02
7.600000000000000000e+01 7.234125702127573720e-02 6.233844582519665334e-02
7.700000000000000000e+01 7.444861979009956277e-02 6.405982031232193563e-02
7.800000000000000000e+01 7.607157297661498729e-02 6.549509664563353539e-02
7.900000000000000000e+01 7.717535065661976224e-02 6.662253177563672024e-02
8.000000000000000000e+01 7.773564401455686224e-02 6.742456343126981833e-02
8.100000000000000000e+01 7.773967517347302181e-02 6.788893060488432329e-02
8.200000000000000000e+01 7.718672030770556969e-02 6.800913010797979275e-02
8.300000000000000000e+01 7.608797036981762574e-02 6.778402849250453333e-02
8.400000000000000000e+01 7.446599003031377506e-02 6.721718154681827206e-02
8.500000000000000000e+01 7.235405408984224573e-02 6.631659042999818454e-02
8.600000000000000000e+01 6.979526336428296118e-02 6.509505695531264680e-02
8.700000000000000000e+01 6.684112285520268926e-02 6.357057017256292908e-02
8.800000000000000000e+01 6.354957218859380585e-02 6.176601305794551799e-02
8.900000000000000000e+01 5.998289880126342344e-02 5.970806569873457481e-02
9.000000000000000000e+01 5.620591434796838592e-02 5.742589354766998444e-02
9.100000000000000000e+01 5.228429270773645582e-02 5.495032622792259125e-02
9.200000000000000000e+01 4.828273778782078696e-02 5.231366070465486018e-02
9.300000000000000000e+01 4.426299853377128890e-02 4.954956842999230088e-02
9.400000000000000000e+01 4.028216992173422328e-02 4.669250746240958400e-02
9.500000000000000000e+01 3.639160255495581253e-02 4.377657873435022995e-02
9.600000000000000000e+01 3.263624875012195031e-02 4.083434165191567045e-02
9.700000000000000000e+01 2.905407852946812267e-02 3.789614438030546040e-02
9.800000000000000000e+01 2.567553060195422454e-02 3.499003382177081484e-02
9.900000000000000000e+01 2.252331141432618866e-02 3.214181812299597013e-02
1.000000000000000000e+02 1.961273263809656248e-02 2.937483783104995888e-02
1.010000000000000000e+02 1.695238081132116256e-02 2.670941987431166287e-02
1.020000000000000000e+02 1.454478538359615415e-02 2.416238088560110353e-02
1.030000000000000000e+02 1.238701644389469600e-02 2.174693480635480486e-02
1.040000000000000000e+02 1.047139812663624471e-02 1.947300742323592598e-02
1.050000000000000000e+02 8.786443988386807846e-03 1.734765102851832524e-02
1.060000000000000000e+02 7.317867845582569711e-03 1.537527223782538324e-02
1.070000000000000000e+02 6.049452072862412585e-03 1.355766280687377076e-02
1.080000000000000000e+02 4.963725757367447831e-03 1.189405220371336259e-02
1.090000000000000000e+02 4.042566018689831842e-03 1.038137437100748219e-02
1.100000000000000000e+02 3.267802127017004760e-03 9.014730215470454291e-03
1.110000000000000000e+02 2.621767478458222368e-03 7.787863425985090855e-03
1.120000000000000000e+02 2.087701393652859842e-03 6.693493989781756567e-03
1.130000000000000000e+02 1.649985545272678218e-03 5.723509275413159181e-03
1.140000000000000000e+02 1.294284181346435410e-03 4.869128479612209667e-03
1.150000000000000000e+02 1.007649003850795985e-03 4.121136531965001633e-03
1.160000000000000000e+02 7.785865072762214109e-04 3.470177537877382028e-03
1.170000000000000000e+02 5.970566052532335971e-04 2.907022371844380799e-03
1.180000000000000000e+02 4.543996303998564727e-04 2.422741991711104253e-03
1.190000000000000000e+02 3.432251546116915132e-04 2.008791017730922855e-03
1.200000000000000000e+02 2.572966967897381699e-04 1.657057292736259469e-03
1.210000000000000000e+02 1.914203272970843800e-04 1.359923644106180145e-03
1.220000000000000000e+02 1.413278712729762487e-04 1.110342706986652654e-03
1.230000000000000000e+02 1.035512300810576794e-04 9.018940628517390940e-04
1.240000000000000000e+02 7.529772886095248939e-05 7.287989899424461701e-04
1.250000000000000000e+02 5.433880370398486820e-05 5.858961524706360812e-04
1.260000000000000000e+02 3.891551119275735702e-05 4.686012746109548743e-04
1.270000000000000000e+02 2.765648054321238723e-05 3.728708400297520023e-04
1.280000000000000000e+02 1.950420692093424608e-05 2.951733124007923292e-04
1.290000000000000000e+02 1.365010346202541187e-05 2.324590871123118757e-04
1.300000000000000000e+02 9.480613145658224277e-06 1.821210129280278567e-04
1.310000000000000000e+02 6.534549880243532521e-06 1.419459763076164136e-04
1.320000000000000000e+02 4.469265678509089607e-06 1.100647521449373516e-04
1.330000000000000000e+02 3.033036244187418097e-06 8.490700569709670341e-05
1.340000000000000000e+02 2.042506039726364549e-06 6.516335701042455910e-05
1.350000000000000000e+02 1.365003181911244032e-06 4.975216244134144565e-05
1.360000000000000000e+02 9.052945712361425551e-07 3.778809707384610440e-05
1.370000000000000000e+02 5.957707555440073137e-07 2.855174533555081067e-05
1.380000000000000000e+02 3.889994663748967537e-07 2.146147122906257284e-05
1.390000000000000000e+02 2.520076569544160904e-07 1.604915297163296843e-05
1.400000000000000000e+02 1.620113148681414664e-07 1.194024969205726863e-05
1.410000000000000000e+02 1.033676297515347805e-07 8.837457841808851608e-06
1.420000000000000000e+02 6.544472169642679185e-08 6.506841670801962186e-06
1.430000000000000000e+02 4.110661460776926247e-08 4.765736325648886861e-06
1.440000000000000000e+02 2.561351137503169551e-08 3.472302751323247371e-06
1.450000000000000000e+02 1.583598745662649802e-08 2.516860171706353518e-06
1.460000000000000000e+02 9.717506961390947608e-09 1.814987119545183816e-06
1.470000000000000000e+02 5.918024865070718836e-09 1.302128742933391414e-06
1.480000000000000000e+02 3.575595239846799772e-09 9.293274686432152715e-07
1.490000000000000000e+02 2.142625124953088695e-09 6.597597368614200880e-07
1.500000000000000000e+02 1.273654870567224239e-09 4.659073525125776443e-07
1.510000000000000000e+02 7.514209405084163543e-10 3.272949098598629364e-07
1.520000000000000000e+02 4.400844388928975112e-10 2.287425682030307205e-07
1.530000000000000000e+02 2.557583850651117245e-10 1.590527973980213838e-07
1.540000000000000000e+02 1.473950144496839255e-10 1.100261678226780689e-07
1.550000000000000000e+02 8.422633571390582768e-11 7.571036739611132035e-08
1.560000000000000000e+02 4.775470345775187388e-11 5.181769101499869558e-08
1.570000000000000000e+02 2.688498586997229786e-11 3.527564606943595335e-08
1.580000000000000000e+02 1.502716612693782594e-11 2.388949623765835598e-08
1.590000000000000000e+02 8.330708446762000347e-12 1.609675053778914081e-08
