0.000000000000000000e+00 8.926798724431314299e-13 -5.515021619694370820e-06
1.000000000000000000e+00 7.463460263310497491e-14 4.695327559715247628e-06
2.000000000000000000e+00 1.468339939262250887e-13 5.642332803107901672e-06
3.000000000000000000e+00 2.825990114998296508e-13 6.972676735468038385e-06
4.000000000000000000e+00 5.430272616609704638e-13 8.609813165207976586e-06
5.000000000000000000e+00 1.035003387356561580e-12 1.060883257258409779e-05
6.000000000000000000e+00 1.956830369616634729e-12 1.302363867150227138e-05
7.000000000000000000e+00 3.668467135007736704e-12 1.591061311549697287e-05
8.000000000000000000e+00 6.820732037938518132e-12 1.933930952593311203e-05
9.000000000000000000e+00 1.257189922660042822e-11 2.340791667609349284e-05
1.000000000000000000e+01 2.297910206970088762e-11 2.825715860281017666e-05
1.100000000000000000e+01 4.165261777090837959e-11 3.407416842765685768e-05
1.200000000000000000e+01 7.486906075851187398e-11 4.108014363964520823e-05
1.300000000000000000e+01 1.334446108505709720e-10 4.950300470395696767e-05
1.400000000000000000e+01 2.358651288890698144e-10 5.954654990371100213e-05
1.500000000000000000e+01 4.134379671426207156e-10 7.137544419265672371e-05
1.600000000000000000e+01 7.186777542150938709e-10 8.513454570770112920e-05
1.700000000000000000e+01 1.238922798134881180e-09 1.010079998928856560e-04
1.800000000000000000e+01 2.118115441750995852e-09 1.193009323648267693e-04
1.900000000000000000e+01 3.591345397215972887e-09 1.405046119146170216e-04
2.000000000000000000e+01 6.039154719857067027e-09 1.652990497875802991e-04
2.100000000000000000e+01 1.007192420616784886e-08 1.944662996794465867e-04
2.200000000000000000e+01 1.665993630207329793e-08 2.287322865250386854e-04
2.300000000000000000e+01 2.733172450424666522e-08 2.686071282008983276e-04
2.400000000000000000e+01 4.447342818043074448e-08 3.143235819936963243e-04
2.500000000000000000e+01 7.177633282168716077e-08 3.659523641153236218e-04
2.600000000000000000e+01 1.148989776410106832e-07 4.236943589667993863e-04
2.700000000000000000e+01 1.824367856171380099e-07 4.882397525149853959e-04
2.800000000000000000e+01 2.873273472537794659e-07 5.610000281334062786e-04
2.900000000000000000e+01 4.488658962142760528e-07 6.440236652633262761e-04
3.000000000000000000e+01 6.955655366031531901e-07 7.395309368830639291e-04
3.100000000000000000e+01 1.069172712028279441e-06 8.492134202867883657e-04
3.200000000000000000e+01 1.630243237818595624e-06 9.736390897735569625e-04
3.300000000000000000e+01 2.465800306440855042e-06 1.112157164531306017e-03
3.400000000000000000e+01 3.699733071299439407e-06 1.263525833309298452e-03
3.500000000000000000e+01 5.506754672613954309e-06 1.427119850156224196e-03
3.600000000000000000e+01 8.130917643562106408e-06 1.604174837602883631e-03
3.700000000000000000e+01 1.190987819101717388e-05 1.798327487273901522e-03
3.800000000000000000e+01 1.730629940365762480e-05 2.014903511060340061e-03
3.900000000000000000e+01 2.494797032008173334e-05 2.258992144014845219e-03
4.000000000000000000e+01 3.567837522207883055e-05 2.533086955062715476e-03
4.100000000000000000e+01 5.061954436041045142e-05 2.835560032188193073e-03
4.200000000000000000e+01 7.124902251126240748e-05 3.161099368006190305e-03
4.300000000000000000e+01 9.949265893685222827e-05 3.503382262549870931e-03
4.400000000000000000e+01 1.378346040211633902e-04 3.858998546990149991e-03
4.500000000000000000e+01 1.894453446466756188e-04 4.230629632234028659e-03
4.600000000000000000e+01 2.583277742067929491e-04 4.627412162075467648e-03
4.700000000000000000e+01 3.494801292896014804e-04 5.061558730926118965e-03
4.800000000000000000e+01 4.690730889136029069e-04 5.542290857831044977e-03
4.900000000000000000e+01 6.246364098121104901e-04 6.069974508003710828e-03
5.000000000000000000e+01 8.252481966282413555e-04 6.633902896026243334e-03
5.100000000000000000e+01 1.081717360699215556e-03 7.215817212618897553e-03
5.200000000000000000e+01 1.406747084608655878e-03 7.798364171238266959e-03
5.300000000000000000e+01 1.815064275712153976e-03 8.374636410388658359e-03
5.400000000000000000e+01 2.323497275786728412e-03 8.953508782351911333e-03
5.500000000000000000e+01 2.950981906422325309e-03 9.556863218104821173e-03
5.600000000000000000e+01 3.718474670418985342e-03 1.020873774058899015e-02
5.700000000000000000e+01 4.648751715400147554e-03 1.092111000728693097e-02
5.800000000000000000e+01 5.766073018488887536e-03 1.168382288558057758e-02
5.900000000000000000e+01 7.095693717019019818e-03 1.246510419139860645e-02
6.000000000000000000e+01 8.663209611526837689e-03 1.322416142263605800e-02
6.100000000000000000e+01 1.049373178025245733e-02 1.393066724789130545e-02
6.200000000000000000e+01 1.261089453246331572e-02 1.458119364371148266e-02
6.300000000000000000e+01 1.503571045468766326e-02 1.520288219040311778e-02
6.400000000000000000e+01 1.778529767188058441e-02 1.584048651245160630e-02
6.500000000000000000e+01 2.087151984775159619e-02 1.653181472624030285e-02
6.600000000000000000e+01 2.429959609309553098e-02 1.728382439555962991e-02
6.700000000000000000e+01 2.806674880929240987e-02 1.806281520344957259e-02
6.800000000000000000e+01 3.216096136874956740e-02 1.880587942359458753e-02
6.900000000000000000e+01 3.655992319072112751e-02 1.944967571750089164e-02
7.000000000000000000e+01 4.123025145615284021e-02 1.996244976192809717e-02
7.100000000000000000e+01 4.612708222630365618e-02 2.036193636332487775e-02
7.200000000000000000e+01 5.119410310421197707e-02 2.070794868062240945e-02
7.300000000000000000e+01 5.636406750672466603e-02 2.107151055576077583e-02
7.400000000000000000e+01 6.155981741175325928e-02 2.149554955564752373e-02
7.500000000000000000e+01 6.669584323624858091e-02 2.196803623096477837e-02
7.600000000000000000e+01 7.168038088564718247e-02 2.242316139751082335e-02
7.700000000000000000e+01 7.641797351578923092e-02 2.277180655979025442e-02
7.800000000000000000e+01 8.081237134609803308e-02 2.294654847499227532e-02
7.900000000000000000e+01 8.476965867893695994e-02 2.293759394101176421e-02
8.000000000000000000e+01 8.820152482971180263e-02 2.279975301540431917e-02
8.100000000000000000e+01 9.102854286532144346e-02 2.262543026666928581e-02
8.200000000000000000e+01 9.318322851125265815e-02 2.249688668803613567e-02
8.300000000000000000e+01 9.461266395945518159e-02 2.244272491095331695e-02
8.400000000000000000e+01 9.528059679079231570e-02 2.242201739406141092e-02
8.500000000000000000e+01 9.516898587604537274e-02 2.234517636992823519e-02
8.600000000000000000e+01 9.427887820896803384e-02 2.212105809247897487e-02
8.700000000000000000e+01 9.263044339419068685e-02 2.170552454693061573e-02
8.800000000000000000e+01 9.026213874081528976e-02 2.112567005326820846e-02
8.900000000000000000e+01 8.722917771522779862e-02 2.046685776650655417e-02
9.000000000000000000e+01 8.360146220568459574e-02 1.982958420496802251e-02
9.100000000000000000e+01 7.946097822574360592e-02 1.927917648503194026e-02
9.200000000000000000e+01 7.489866382625280650e-02 1.881482801075218259e-02
9.300000000000000000e+01 7.001098257280971571e-02 1.837378315339031898e-02
9.400000000000000000e+01 6.489654367342344299e-02 1.786757067400094809e-02
9.500000000000000000e+01 5.965292836071354327e-02 1.723037299189819974e-02
9.600000000000000000e+01 5.437369686330857654e-02 1.645388015002427137e-02
9.700000000000000000e+01 4.914564189103712982e-02 1.559105584168123462e-02
9.800000000000000000e+01 4.404653644285101005e-02 1.472829015891434154e-02
9.900000000000000000e+01 3.914355600377967398e-02 1.394193425249066857e-02
1.000000000000000000e+02 3.449230592061944267e-02 1.326246769991307542e-02
1.010000000000000000e+02 3.013630553296024056e-02 1.266422481426830900e-02
1.020000000000000000e+02 2.610693011343492853e-02 1.208424407237700116e-02
1.030000000000000000e+02 2.242389023111542035e-02 1.145851305936047837e-02
1.040000000000000000e+02 1.909618725961719637e-02 1.075576142819621370e-02
1.050000000000000000e+02 1.612334095760092553e-02 9.991771757472853524e-03
1.060000000000000000e+02 1.349673921981858760e-02 9.218611454834975058e-03
1.070000000000000000e+02 1.120109026919552733e-02 8.496527797651729635e-03
1.080000000000000000e+02 9.215960383965795394e-03 7.864369176689631202e-03
1.090000000000000000e+02 7.517289278263566618e-03 7.323586514352198838e-03
1.100000000000000000e+02 6.078759907392481884e-03 6.842432520086602979e-03
1.110000000000000000e+02 4.872982905278353677e-03 6.376036491025484018e-03
1.120000000000000000e+02 3.872514991885339132e-03 5.890484923109676890e-03
1.130000000000000000e+02 3.050710579019896146e-03 5.378400542842887155e-03
1.140000000000000000e+02 2.382377616607323553e-03 4.859320189100487311e-03
1.150000000000000000e+02 1.844230074894723541e-03 4.366659613700953936e-03
1.160000000000000000e+02 1.415167371594441142e-03 3.929533978421461717e-03
1.170000000000000000e+02 1.076418204057989032e-03 3.559143308831342299e-03
1.180000000000000000e+02 8.115711334680109209e-04 3.245795420376754344e-03
1.190000000000000000e+02 6.065085819466967381e-04 2.966476284316740299e-03
1.200000000000000000e+02 4.492679762771234269e-04 2.697660201206920211e-03
1.210000000000000000e+02 3.298569472064288594e-04 2.426272118072159405e-03
1.220000000000000000e+02 2.400438225961807389e-04 2.153749563587436210e-03
1.230000000000000000e+02 1.731381265701189501e-04 1.892377585838714120e-03
1.240000000000000000e+02 1.237725905573699265e-04 1.657005442519505437e-03
1.250000000000000000e+02 8.769577718230957644e-05 1.456978179773555249e-03
1.260000000000000000e+02 6.158140486025199135e-05 1.292155440762343416e-03
1.270000000000000000e+02 4.285803022474211758e-05 1.154197493573161327e-03
1.280000000000000000e+02 2.956103973047224573e-05 1.031518592627656081e-03
1.290000000000000000e+02 2.020703744757532916e-05 9.148292310362556978e-04
1.300000000000000000e+02 1.368903028842938165e-05 8.004982736043550658e-04
1.310000000000000000e+02 9.190233620272102660e-06 6.905680958719085218e-04
1.320000000000000000e+02 6.114528927402975156e-06 5.901060193324904335e-04
1.330000000000000000e+02 4.031575024933338513e-06 5.037135394778494710e-04
1.340000000000000000e+02 2.634193108149531918e-06 4.330320997695446465e-04
1.350000000000000000e+02 1.705578397068396758e-06 3.762106314043496265e-04
1.360000000000000000e+02 1.094333499349004169e-06 3.291523890635986486e-04
1.370000000000000000e+02 6.958037306709980617e-07 2.875522152738986428e-04
1.380000000000000000e+02 4.384017573252094351e-07 2.485841983469827088e-04
1.390000000000000000e+02 2.737047847024584641e-07 2.115291181378958015e-04
1.400000000000000000e+02 1.693190654001136480e-07 1.773002635350859248e-04
1.410000000000000000e+02 1.037905327189926171e-07 1.473558837829011656e-04
1.420000000000000000e+02 6.304538960613415786e-08 1.226553070446560550e-04
1.430000000000000000e+02 3.794665822108026363e-08 1.031314233257223486e-04
1.440000000000000000e+02 2.262957788272956823e-08 8.779107799138663741e-05
1.450000000000000000e+02 1.337058106475578945e-08 7.523330279077203189e-05
1.460000000000000000e+02 7.827677460932690248e-09 6.423531417669590059e-05
1.470000000000000000e+02 4.541052600151540471e-09 5.411700543208576103e-05
1.480000000000000000e+02 2.610269895629562171e-09 4.477496560095584413e-05
1.490000000000000000e+02 1.486433781220103077e-09 3.645985785426427968e-05
1.500000000000000000e+02 8.385400854969121553e-10 2.946920004574530080e-05
1.510000000000000000e+02 4.687029416833398549e-10 2.391826884189137271e-05
1.520000000000000000e+02 2.596151366641569761e-10 1.966967956570493491e-05
1.530000000000000000e+02 1.424816107714620310e-10 1.640641715859778412e-05
1.540000000000000000e+02 7.745563126481349930e-11 1.377213345293813604e-05
1.550000000000000000e+02 4.170515470235760222e-11 1.149441905703041823e-05
1.560000000000000000e+02 2.224899873483181412e-11 9.439732331274122820e-06
1.570000000000000000e+02 1.176358466225640915e-11 7.595323887090429111e-06
1.580000000000000000e+02 6.162888604786428720e-12 6.008127125227668216e-06
1.590000000000000000e+02 3.197517672689027168e-12 4.720806563259542712e-06
