8.953161561201111729e-02
1.170060905603570082e-04
-1.606836794881895403e-02
-1.517736378985415531e-02
-9.368433686913242228e-03
-1.938701916673796558e-02
-1.538557176506090765e-02
-8.902606871033922481e-03
-1.885062574427368021e-02
-1.400593523828403374e-02
-6.425264220879949723e-03
-1.774077506007264854e-02
-1.318764917183069818e-02
-5.584581168523211799e-03
-1.684203324929481327e-02
-1.146393003244505250e-02
-4.733359117764865918e-03
-1.716736423954844451e-02
-1.111064718832988941e-02
-3.155264424821187848e-03
-1.720775969561229302e-02
-1.054585855541523461e-02
-2.183785650399585037e-03
-1.699925517235428146e-02
-9.949547877086734396e-03
-1.497966841844359945e-03
-1.753754081476052717e-02
-9.724338761637849049e-03
-9.745408920642510036e-04
-1.742684752924379341e-02
-9.915863309837767009e-03
-1.275238148684372476e-03
-1.706979892409708419e-02
-9.088046935314213898e-03
-8.200358368146630191e-04
-1.851770519343598487e-02
-9.631917557084436129e-03
8.248858508329584506e-05
-1.933261235880521373e-02
-1.120348751232999075e-02
-7.878742849667275550e-04
-1.962924765146258424e-02
-1.111913124752535002e-02
3.906514504403734204e-04
-2.125931311077914124e-02
-1.156642990858293418e-02
-1.745972047897614843e-03
-2.082711947736209587e-02
-1.239716536906803647e-02
-1.523835523648043189e-03
-2.284846916385169929e-02
-1.367311805201155278e-02
-3.812554978096723089e-03
-2.430991060742737978e-02
-1.546337756378630100e-02
-4.895877553313280478e-03
-2.536640364845926462e-02
-1.855505108277635470e-02
-9.271034304179661539e-03
-2.974745566973495750e-02
-2.205211086740212906e-02
-1.251622652502304076e-02
-3.471258280746796626e-02
-2.758242074809322264e-02
-1.961427049332485628e-02
-4.078412680427238174e-02
-3.459734794489202625e-02
-2.777861892497337712e-02
-5.054000953479493435e-02
-4.518347118230504889e-02
-3.804406911370555172e-02
-6.199595495226177533e-02
-5.874033633250820563e-02
-5.224193166305613617e-02
-7.755906641427842696e-02
-7.491124153356798487e-02
-6.977175244520142372e-02
-9.459634137115169317e-02
-9.125511515381463934e-02
-8.673186554231220036e-02
-1.117472792596846121e-01
-1.113152915855531722e-01
-1.040534255523929974e-01
-1.309218823598014003e-01
-1.286374237012411770e-01
-1.214776153817022641e-01
-1.473720694051895430e-01
-1.428417779287823042e-01
-1.354597606199345883e-01
-1.593573166149652720e-01
-1.531705167875732909e-01
-1.437564784809845508e-01
-1.657858267111647910e-01
-1.584953761252257953e-01
-1.467423239005886948e-01
-1.648902055843808612e-01
-1.560067769474651200e-01
-1.410146513477787411e-01
-1.583885245965145905e-01
-1.446820171068154415e-01
-1.304661094856627568e-01
-1.436458618886923000e-01
-1.294501722237114683e-01
-1.138993390313637749e-01
-1.266008497101531183e-01
-1.108009557847038778e-01
-9.364275166609764556e-02
-1.074015645133651886e-01
-9.059638734021115136e-02
-7.449490998604288428e-02
-8.799063683431690430e-02
-7.100173729112871368e-02
-5.622002860762111837e-02
-7.040474335882790369e-02
-5.481180944946973527e-02
-3.954581535573116480e-02
-5.594354604750820248e-02
-4.052023575433929409e-02
-2.714039963649063705e-02
-4.369566268533539577e-02
-2.883936955719457185e-02
-1.683141310346284586e-02
-3.435809215032552960e-02
-1.951615169183487999e-02
-9.001087929104900284e-03
-2.643598223666473318e-02
-1.240884292451265199e-02
-2.321551806283787388e-03
-2.095645300136937325e-02
-6.982245639532337449e-03
1.151325487378462376e-03
-1.762422047627296845e-02
-3.587883062466690719e-03
5.595590391664419759e-03
-1.519010403063220278e-02
-3.643149340776047286e-04
7.400732692960961326e-03
-1.352196097660084140e-02
1.202623794542933069e-03
9.829288352078758770e-03
-1.234561974699542250e-02
1.678839685973916888e-03
9.662286228172299596e-03
-1.145216528676011938e-02
2.511202216523225270e-03
1.009700576992436302e-02
-1.172668877357356358e-02
2.282971565586982155e-03
1.002955455310950567e-02
-1.414256960740528472e-02
4.948377007138397409e-04
6.680483239156214011e-03
-1.586719708381741090e-02
-6.750731041187910553e-04
4.070454915068306978e-03
-1.815225043391384754e-02
-3.528302201603240700e-03
2.441012891965558054e-03
-2.147592728916317487e-02
-7.280141782613570693e-03
