0.000000000000000000e+00 -2.849880587090387427e-07 1.369525461485746510e-07
1.000000000000000000e+00 4.796035031952255647e-07 3.197724887021923081e-07
2.000000000000000000e+00 5.743856822518730855e-07 3.878228666933341156e-07
3.000000000000000000e+00 7.781939683345356126e-07 5.226715074544663908e-07
4.000000000000000000e+00 1.058162055170734297e-06 7.064235200642908652e-07
5.000000000000000000e+00 1.433476905228400626e-06 9.513130332080753943e-07
6.000000000000000000e+00 1.932875497524534157e-06 1.275451569271548046e-06
7.000000000000000000e+00 2.593711244333928302e-06 1.702290719125001409e-06
8.000000000000000000e+00 3.463636426105526716e-06 2.261670962890358468e-06
9.000000000000000000e+00 4.602990515836460515e-06 2.991293428210412236e-06
1.000000000000000000e+01 6.087731080404274690e-06 3.938523201193471911e-06
1.100000000000000000e+01 8.012917086265923782e-06 5.162550081530114721e-06
1.200000000000000000e+01 1.049679515361129406e-05 6.736955839214426010e-06
1.300000000000000000e+01 1.368558088720990208e-05 8.752745276732794023e-06
1.400000000000000000e+01 1.775905576990088804e-05 1.132189906518201411e-05
1.500000000000000000e+01 2.293707858246844794e-05 1.458150599079671325e-05
1.600000000000000000e+01 2.948704603117665351e-05 1.869853242877636339e-05
1.700000000000000000e+01 3.773228802589960283e-05 2.387529206521199905e-05
1.800000000000000000e+01 4.806141366337534954e-05 3.035568249018083853e-05
1.900000000000000000e+01 6.093871269324077254e-05 3.843225337323152862e-05
2.000000000000000000e+01 7.691575346178075112e-05 4.845415721735774468e-05
2.100000000000000000e+01 9.664420650879585427e-05 6.083601521247355883e-05
2.200000000000000000e+01 1.208897148869342644e-04 7.606771618435127346e-05
2.300000000000000000e+01 1.505465165901211761e-04 9.472516295205481586e-05
2.400000000000000000e+01 1.866526384164603094e-04 1.174819772354091668e-04
2.500000000000000000e+01 2.304057067623985927e-04 1.451221560696168899e-04
2.600000000000000000e+01 2.831794594345595634e-04 1.785536304157822358e-04
2.700000000000000000e+01 3.465407149997555818e-04 2.188226231759101261e-04
2.800000000000000000e+01 4.222660867164474167e-04 2.671286639076149135e-04
2.900000000000000000e+01 5.123575785413599613e-04 3.248401017951883405e-04
3.000000000000000000e+01 6.190565778642383296e-04 3.935099512976512242e-04
3.100000000000000000e+01 7.448562807039949994e-04 4.748918677996521423e-04
3.200000000000000000e+01 8.925125917875844674e-04 5.709559710466169738e-04
3.300000000000000000e+01 1.065052833430222331e-03 6.839041374044966788e-04
3.400000000000000000e+01 1.265780789654829793e-03 8.161843174881196336e-04
3.500000000000000000e+01 1.498276597557900288e-03 9.705034219105043106e-04
3.600000000000000000e+01 1.766390929976641763e-03 1.149838320739908406e-03
3.700000000000000000e+01 2.074233876379441652e-03 1.357444458809271793e-03
3.800000000000000000e+01 2.426158807839472707e-03 1.596861484405501371e-03
3.900000000000000000e+01 2.826740272735758352e-03 1.871915174300816005e-03
4.000000000000000000e+01 3.280743890603974276e-03 2.186714888768647846e-03
4.100000000000000000e+01 3.793086610325700336e-03 2.545645817003491795e-03
4.200000000000000000e+01 4.368787417591029308e-03 2.953355307089064203e-03
4.300000000000000000e+01 5.012909960240645099e-03 3.414732546388250366e-03
4.400000000000000000e+01 5.730498159204993475e-03 3.934880791407965178e-03
4.500000000000000000e+01 6.526504107061436785e-03 4.519081353875439681e-03
4.600000000000000000e+01 7.405706430114418655e-03 5.172748681780676636e-03
4.700000000000000000e+01 8.372618294918143800e-03 5.901376030068182163e-03
4.800000000000000000e+01 9.431386665459185956e-03 6.710471230973236167e-03
4.900000000000000000e+01 1.058568599604072999e-02 7.605481979307867312e-03
5.000000000000000000e+01 1.183860883585103815e-02 8.591710156463929285e-03
5.100000000000000000e+01 1.319255377518926270e-02 9.674215319931284487e-03
5.200000000000000000e+01 1.464911014690832222e-02 1.085770836502822009e-02
5.300000000000000000e+01 1.620894022597559395e-02 1.214643676198047702e-02
5.400000000000000000e+01 1.787166228279647023e-02 1.354406214552905663e-02
5.500000000000000000e+01 1.963573945514398081e-02 1.505353003637441983e-02
5.600000000000000000e+01 2.149837876566742384e-02 1.667693181022741195e-02
5.700000000000000000e+01 2.345544257426608603e-02 1.841536169681693563e-02
5.800000000000000000e+01 2.550137324978276471e-02 2.026877497658453181e-02
5.900000000000000000e+01 2.762913217314911379e-02 2.223585401267471826e-02
6.000000000000000000e+01 2.983015616015581919e-02 2.431388445589047903e-02
6.100000000000000000e+01 3.209433664142947312e-02 2.649863842532127617e-02
6.200000000000000000e+01 3.441002764815896675e-02 2.878426189296803134e-02
6.300000000000000000e+01 3.676408654731258552e-02 3.116317299401380470e-02
6.400000000000000000e+01 3.914194709073234857e-02 3.362598909751085552e-02
6.500000000000000000e+01 4.152772073913639506e-02 3.616149956381223274e-02
6.600000000000000000e+01 4.390432320907002722e-02 3.875668333157371997e-02
6.700000000000000000e+01 4.625362920140221185e-02 4.139675052732478405e-02
6.800000000000000000e+01 4.855666375291074061e-02 4.406518944343977562e-02
6.900000000000000000e+01 5.079383577119984949e-02 4.674383096326483605e-02
7.000000000000000000e+01 5.294520676116584029e-02 4.941297412591263982e-02
7.100000000000000000e+01 5.499077560008688859e-02 5.205160826218956094e-02
7.200000000000000000e+01 5.691076232196284890e-02 5.463771223504636232e-02
7.300000000000000000e+01 5.868589202615615008e-02 5.714855926231951488e-02
7.400000000000000000e+01 6.029769695960470605e-02 5.956097094016396531e-02
7.500000000000000000e+01 6.172884864521780562e-02 6.185154974577932591e-02
7.600000000000000000e+01 6.296350171716719180e-02 6.399699214033746641e-02
7.700000000000000000e+01 6.398760514743265237e-02 6.597454952263318018e-02
7.800000000000000000e+01 6.478914687931927596e-02 6.776256970082733533e-02
7.900000000000000000e+01 6.535834240737678491e-02 6.934094994329464967e-02
8.000000000000000000e+01 6.568781311693011604e-02 7.069139462210868863e-02
8.100000000000000000e+01 6.577278280963669288e-02 7.179756409266313533e-02
8.200000000000000000e+01 6.561125955153988831e-02 7.264532844048020299e-02
8.300000000000000000e+01 6.520412768726698005e-02 7.322323393424948201e-02
8.400000000000000000e+01 6.455510599585211062e-02 7.352302519781114820e-02
8.500000000000000000e+01 6.367061234841503436e-02 7.353992065190087524e-02
8.600000000000000000e+01 6.255962712901208533e-02 7.327250652603475856e-02
8.700000000000000000e+01 6.123360399310013441e-02 7.272245897365156586e-02
8.800000000000000000e+01 5.970637390130858341e-02 7.189445863696183880e-02
8.900000000000000000e+01 5.799393623299656242e-02 7.079642276713213334e-02
9.000000000000000000e+01 5.611409583741324564e-02 6.943976669292144244e-02
9.100000000000000000e+01 5.408602916896835394e-02 6.783926823376970616e-02
9.200000000000000000e+01 5.192991496968743514e-02 6.601243515447519083e-02
9.300000000000000000e+01 4.966668168132579858e-02 6.397874964321370594e-02
9.400000000000000000e+01 4.731778659970482109e-02 6.175927079307726858e-02
9.500000000000000000e+01 4.490489772605631147e-02 5.937667074239365989e-02
9.600000000000000000e+01 4.244945125568738709e-02 5.685527867736198115e-02
9.700000000000000000e+01 3.997220079518643693e-02 5.422065635854943222e-02
9.800000000000000000e+01 3.749290490431016198e-02 5.149870309256818907e-02
9.900000000000000000e+01 3.503018176148721408e-02 4.871478640068710453e-02
1.000000000000000000e+02 3.260141729667913324e-02 4.589337800065253214e-02
1.010000000000000000e+02 3.022259612692080460e-02 4.305815773128515711e-02
1.020000000000000000e+02 2.790804769301753752e-02 4.023208649880950782e-02
1.030000000000000000e+02 2.567022874539333366e-02 3.743703254305588701e-02
1.040000000000000000e+02 2.351966178327107027e-02 3.469305790407499479e-02
1.050000000000000000e+02 2.146502405133038360e-02 3.201786393262223696e-02
1.060000000000000000e+02 1.951326875879438871e-02 2.942674994511565445e-02
1.070000000000000000e+02 1.766967357612436035e-02 2.693294026112581785e-02
1.080000000000000000e+02 1.593782638218266962e-02 2.454782393574432564e-02
1.090000000000000000e+02 1.431964785655866559e-02 2.228083251843959028e-02
1.100000000000000000e+02 1.281552636788271630e-02 2.013912071985780525e-02
1.110000000000000000e+02 1.142453958938257318e-02 1.812743547515157511e-02
1.120000000000000000e+02 1.014466985617167027e-02 1.624836014306948670e-02
1.130000000000000000e+02 8.972949188074411109e-03 1.450275528037776526e-02
1.140000000000000000e+02 7.905552976885313679e-03 1.289007571899785168e-02
1.150000000000000000e+02 6.937908847475381113e-03 1.140843519236620432e-02
1.160000000000000000e+02 6.064858820009056545e-03 1.005457204829779752e-02
1.170000000000000000e+02 5.280849802698573195e-03 8.823947528406400620e-03
1.180000000000000000e+02 4.580097568361619909e-03 7.711040317044360118e-03
1.190000000000000000e+02 3.956695677139714616e-03 6.709698119679470378e-03
1.200000000000000000e+02 3.404687357331530675e-03 5.813375145055154486e-03
1.210000000000000000e+02 2.918137033536376702e-03 5.015220872696520005e-03
1.220000000000000000e+02 2.491217819566535728e-03 4.308123084171757745e-03
1.230000000000000000e+02 2.118300335410762143e-03 3.684814131310519113e-03
1.240000000000000000e+02 1.794018513745524509e-03 3.138048629722325553e-03
1.250000000000000000e+02 1.513303740151503152e-03 2.660775761851060309e-03
1.260000000000000000e+02 1.271398982380717762e-03 2.246238050526880650e-03
1.270000000000000000e+02 1.063869737720473958e-03 1.887999297636707395e-03
1.280000000000000000e+02 8.866181179453791993e-04 1.579954357066059613e-03
1.290000000000000000e+02 7.358941992529170750e-04 1.316361245477533966e-03
1.300000000000000000e+02 6.082964379691064346e-04 1.091890733442689269e-03
1.310000000000000000e+02 5.007596709195708028e-04 9.016622183105363298e-04
1.320000000000000000e+02 4.105361941536062520e-04 7.412465166814975921e-04
1.330000000000000000e+02 3.351762951530412940e-04 6.066437696689387432e-04
1.340000000000000000e+02 2.725104768277595191e-04 4.942574859582907600e-04
1.350000000000000000e+02 2.206316370049984411e-04 4.008765497803563199e-04
1.360000000000000000e+02 1.778749848353615751e-04 3.236612959857273456e-04
1.370000000000000000e+02 1.427956297295838041e-04 2.601240280744828207e-04
1.380000000000000000e+02 1.141457073963323738e-04 2.081004131767491788e-04
1.390000000000000000e+02 9.085294826592504186e-05 1.657163287401514713e-04
1.400000000000000000e+02 7.200130781522691133e-05 1.313566634577892844e-04
1.410000000000000000e+02 5.681316806515194394e-05 1.036385895004586196e-04
1.420000000000000000e+02 4.463249267842093039e-05 8.138753828738360524e-05
1.430000000000000000e+02 3.490885670408347267e-05 6.361340094196183022e-05
1.440000000000000000e+02 2.718272710495281028e-05 4.948655237509178657e-05
1.450000000000000000e+02 2.107235800928909878e-05 3.831515678575271052e-05
1.460000000000000000e+02 1.626234643035619790e-05 2.952518604713649737e-05
1.470000000000000000e+02 1.249362776802621911e-05 2.264334768566513323e-05
1.480000000000000000e+02 9.554654860241869753e-06 1.728218776395894048e-05
1.490000000000000000e+02 7.273623113601594564e-06 1.312666863670047696e-05
1.500000000000000000e+02 5.511710276175637048e-06 9.922076491470015831e-06
1.510000000000000000e+02 4.157307773511029505e-06 7.463472067181461763e-06
1.520000000000000000e+02 3.121163339653203824e-06 5.586812776786046782e-06
1.530000000000000000e+02 2.332306295049816719e-06 4.161591961791676013e-06
1.540000000000000000e+02 1.734625488412698599e-06 3.084681848391256898e-06
1.550000000000000000e+02 1.284001261721666491e-06 2.275116403569531753e-06
1.560000000000000000e+02 9.459230006656295317e-07 1.669684106430164225e-06
1.570000000000000000e+02 6.935348231685112914e-07 1.219278759875268203e-06
1.580000000000000000e+02 5.060491513623826110e-07 8.859468060894874657e-07
1.590000000000000000e+02 3.674656293590754451e-07 6.405268467056445395e-07
