0.000000000000000000e+00 -4.161325147759526640e-08 4.962349586734685471e-09
1.000000000000000000e+00 6.738164627605563477e-08 1.692478142767091614e-08
2.000000000000000000e+00 9.113147428254770128e-08 2.367723491607443338e-08
3.000000000000000000e+00 1.319795903807099063e-07 3.498006792740178024e-08
4.000000000000000000e+00 1.905281991271213062e-07 5.147024215025796843e-08
5.000000000000000000e+00 2.736457107274159281e-07 7.532293768992485466e-08
6.000000000000000000e+00 3.909727537409852631e-07 1.096235130929937452e-07
7.000000000000000000e+00 5.556943448018774653e-07 1.586688118067205901e-07
8.000000000000000000e+00 7.857156604657190468e-07 2.284024774003588766e-07
9.000000000000000000e+00 1.105207817270783202e-06 3.269955873940016463e-07
1.000000000000000000e+01 1.546610742532404407e-06 4.656135165660523134e-07
1.100000000000000000e+01 2.153209167314313060e-06 6.594211833065758076e-07
1.200000000000000000e+01 2.982423057111030898e-06 9.288917541141233545e-07
1.300000000000000000e+01 4.109981412717505040e-06 1.301498404173435166e-06
1.400000000000000000e+01 5.635181492314173889e-06 1.813886439307699275e-06
1.500000000000000000e+01 7.687468342796010458e-06 2.514642473805701810e-06
1.600000000000000000e+01 1.043460953402774888e-05 3.467800169174033660e-06
1.700000000000000000e+01 1.409277852526618255e-05 4.757246913108765156e-06
1.800000000000000000e+01 1.893890241767751437e-05 6.492223442267631476e-06
1.900000000000000000e+01 2.532567176678477593e-05 8.814138036771804074e-06
2.000000000000000000e+01 3.369964983753291615e-05 1.190494770943054292e-05
2.100000000000000000e+01 4.462295487963966725e-05 1.599739093864364963e-05
2.200000000000000000e+01 5.879901718630978631e-05 2.138738738742507298e-05
2.300000000000000000e+01 7.710293044990040347e-05 2.844894902624458947e-05
2.400000000000000000e+01 1.006169201961127626e-04 3.765197217701688376e-05
2.500000000000000000e+01 1.306714349812322770e-04 4.958329858186105466e-05
2.600000000000000000e+01 1.688923263586896610e-04 6.497144308405117794e-05
2.700000000000000000e+01 2.172545113240954818e-04 8.471538271663921421e-05
2.800000000000000000e+01 2.781424042301857769e-04 1.099177837873343633e-04
2.900000000000000000e+01 3.544172559498656771e-04 1.419230060726631951e-04
3.000000000000000000e+01 4.494913438641528602e-04 1.823601622120118982e-04
3.100000000000000000e+01 5.674087090259650416e-04 2.331914202521105065e-04
3.200000000000000000e+01 7.129318303997325733e-04 2.967656130080957230e-04
3.300000000000000000e+01 8.916332559297027432e-04 3.758770610704805339e-04
3.400000000000000000e+01 1.109990782298365779e-03 4.738293208471164460e-04
3.500000000000000000e+01 1.375484308066723775e-03 5.945033372976414468e-04
3.600000000000000000e+01 1.696691986242144764e-03 7.424291993489845476e-04
3.700000000000000000e+01 2.083382756790527757e-03 9.228603638899433078e-04
3.800000000000000000e+01 2.546601709251324237e-03 1.141848835374954753e-03
3.900000000000000000e+01 3.098744029609984667e-03 1.406319387041914636e-03
4.000000000000000000e+01 3.753612642132399257e-03 1.724140500888458622e-03
4.100000000000000000e+01 4.526454228280072864e-03 2.104189281118610394e-03
4.200000000000000000e+01 5.433968093947326439e-03 2.556407125138803523e-03
4.300000000000000000e+01 6.494282099988912642e-03 3.091842417583749725e-03
4.400000000000000000e+01 7.726889295969784077e-03 3.722676028509424705e-03
4.500000000000000000e+01 9.152538229812138063e-03 4.462225085701894585e-03
4.600000000000000000e+01 1.079307000800334114e-02 5.324920398478767691e-03
4.700000000000000000e+01 1.267119673522789682e-02 6.326252869325546535e-03
4.800000000000000000e+01 1.481021827704648471e-02 7.482684009230086176e-03
4.900000000000000000e+01 1.723367538401849794e-02 8.811515360452095921e-03
5.000000000000000000e+01 1.996493606668087173e-02 1.033071181815841191e-02
5.100000000000000000e+01 2.302671102150728039e-02 1.205867509808819862e-02
5.200000000000000000e+01 2.644049729288874481e-02 1.401396554678511520e-02
5.300000000000000000e+01 3.022595826584912118e-02 1.621497173199149683e-02
5.400000000000000000e+01 3.440025627061443075e-02 1.867952693225326602e-02
5.500000000000000000e+01 3.897735283142665652e-02 2.142447131266378424e-02
5.600000000000000000e+01 4.396728146145113120e-02 2.446516138548735647e-02
5.700000000000000000e+01 4.937539338299087172e-02 2.781493503142513229e-02
5.800000000000000000e+01 5.520159213933768794e-02 3.148454627044628557e-02
5.900000000000000000e+01 6.143960124090788733e-02 3.548158297664724681e-02
6.000000000000000000e+01 6.807631915778163123e-02 3.980987397291459867e-02
6.100000000000000000e+01 7.509128748631499484e-02 4.446889046264409368e-02
6.200000000000000000e+01 8.245625560063418735e-02 4.945315979713714449e-02
6.300000000000000000e+01 9.013482429361452386e-02 5.475172872742927604e-02
6.400000000000000000e+01 9.808221187169602340e-02 6.034771547443419648e-02
6.500000000000000000e+01 1.062452478076903739e-01 6.621796517954466055e-02
6.600000000000000000e+01 1.145626716479721946e-01 7.233279679259509154e-02
6.700000000000000000e+01 1.229656964343117109e-01 7.865584048049134580e-02
6.800000000000000000e+01 1.313787101604944607e-01 8.514401316399920761e-02
6.900000000000000000e+01 1.397200584973929682e-01 9.174770803998670565e-02
7.000000000000000000e+01 1.479030262529620332e-01 9.841122757357062545e-02
7.100000000000000000e+01 1.558371999182893430e-01 1.050734003676217637e-01
7.200000000000000000e+01 1.634302155310047855e-01 1.116682967093678008e-01
7.300000000000000000e+01 1.705896318192484662e-01 1.181260482706667780e-01
7.400000000000000000e+01 1.772246381002427484e-01 1.243738866214647021e-01
7.500000000000000000e+01 1.832476031365176394e-01 1.303374837869960279e-01
7.600000000000000000e+01 1.885757747812508156e-01 1.359424956192450129e-01
7.700000000000000000e+01 1.931333441540434848e-01 1.411160766524463817e-01
7.800000000000000000e+01 1.968536244247892641e-01 1.457882436651812552e-01
7.900000000000000000e+01 1.996807898218916077e-01 1.498932208041485192e-01
8.000000000000000000e+01 2.015709022079250068e-01 1.533709800394441325e-01
8.100000000000000000e+01 2.024925652180973867e-01 1.561689399838382952e-01
8.200000000000000000e+01 2.024277630446335574e-01 1.582434694094269068e-01
8.300000000000000000e+01 2.013729331118615795e-01 1.595608743778357541e-01
8.400000000000000000e+01 1.993396448025313017e-01 1.600979556759872524e-01
8.500000000000000000e+01 1.963542580882965682e-01 1.598425331437221542e-01
8.600000000000000000e+01 1.924567053639117398e-01 1.587941262897631378e-01
8.700000000000000000e+01 1.876992056627391769e-01 1.569644632447200761e-01
8.800000000000000000e+01 1.821454589390329726e-01 1.543773102706441358e-01
8.900000000000000000e+01 1.758699468729459925e-01 1.510675581456790706e-01
9.000000000000000000e+01 1.689564922499088295e-01 1.470800741282606294e-01
9.100000000000000000e+01 1.614958180493077378e-01 1.424688186500941700e-01
9.200000000000000000e+01 1.535828328757518901e-01 1.372961137964849587e-01
9.300000000000000000e+01 1.453145716426154643e-01 1.316314839985260055e-01
9.400000000000000000e+01 1.367888835903030009e-01 1.255497727460553603e-01
9.500000000000000000e+01 1.281030829181937780e-01 1.191289545997955834e-01
9.600000000000000000e+01 1.193519079722041576e-01 1.124483362482160409e-01
9.700000000000000000e+01 1.106250985004650633e-01 1.055873305545065172e-01
9.800000000000000000e+01 1.020055268531241122e-01 9.862431667488145981e-02
9.900000000000000000e+01 9.356837116564556411e-02 9.163508436185444084e-02
1.000000000000000000e+02 8.538085910894246955e-02 8.469100143094113187e-02
1.010000000000000000e+02 7.750177721828489796e-02 7.785754045402500101e-02
1.020000000000000000e+02 6.998056986756283349e-02 7.119355640049535028e-02
1.030000000000000000e+02 6.285663411839975678e-02 6.475104165818677815e-02
1.040000000000000000e+02 5.615942830708485489e-02 5.857480233802497133e-02
1.050000000000000000e+02 4.990930160251646347e-02 5.270189416979424724e-02
1.060000000000000000e+02 4.411839416130389907e-02 4.716120039010521930e-02
1.070000000000000000e+02 3.879116254373639328e-02 4.197357270376736449e-02
1.080000000000000000e+02 3.392472654145832489e-02 3.715248961811751238e-02
1.090000000000000000e+02 2.950953358759585143e-02 3.270480143295049352e-02
1.100000000000000000e+02 2.553050700883787577e-02 2.863125332459581091e-02
1.110000000000000000e+02 2.196834359634722636e-02 2.492689891022915188e-02
1.120000000000000000e+02 1.880053577664084555e-02 2.158171740312062742e-02
1.130000000000000000e+02 1.600204939186897907e-02 1.858153554809105837e-02
1.140000000000000000e+02 1.354592915247655911e-02 1.590903475775348394e-02
1.150000000000000000e+02 1.140406783332154929e-02 1.354457159928101895e-02
1.160000000000000000e+02 9.548077533916149440e-03 1.146676975350369859e-02
1.170000000000000000e+02 7.950017534755188242e-03 9.653052473043302953e-03
1.180000000000000000e+02 6.582840107106247875e-03 8.080253714689077799e-03
1.190000000000000000e+02 5.420641621521251480e-03 6.725260547356810316e-03
1.200000000000000000e+02 4.438891010392690545e-03 5.565536920075712934e-03
1.210000000000000000e+02 3.614698719369723468e-03 4.579455275393343183e-03
1.220000000000000000e+02 2.927048810121901656e-03 3.746498418780446968e-03
1.230000000000000000e+02 2.356899030831198678e-03 3.047433648855561727e-03
1.240000000000000000e+02 1.887146037324860135e-03 2.464488802711791923e-03
1.250000000000000000e+02 1.502532918414728165e-03 1.981482187321833514e-03
1.260000000000000000e+02 1.189566781150080575e-03 1.583859176348204664e-03
1.270000000000000000e+02 9.364499157307733333e-04 1.258645821533984363e-03
1.280000000000000000e+02 7.329881199009585834e-04 9.943688583562045047e-04
1.290000000000000000e+02 5.704552512191796675e-04 7.809772699562420126e-04
1.300000000000000000e+02 4.414307590212553870e-04 6.097632533960541763e-04
1.310000000000000000e+02 3.396422949966467647e-04 4.732642641133286881e-04
1.320000000000000000e+02 2.598300430291814660e-04 3.651414011764818790e-04
1.330000000000000000e+02 1.976271403851176172e-04 2.800484695968462443e-04
1.340000000000000000e+02 1.494439004586919028e-04 2.135089952197615577e-04
1.350000000000000000e+02 1.123524749257589144e-04 1.618071366830017269e-04
1.360000000000000000e+02 8.397860288726349679e-05 1.218881167222681720e-04
1.370000000000000000e+02 6.240803049870047824e-05 9.126328804111844667e-05
1.380000000000000000e+02 4.610908093266602735e-05 6.792039638732038764e-05
1.390000000000000000e+02 3.386749877870494249e-05 5.024303999345411175e-05
1.400000000000000000e+02 2.472932875825969697e-05 3.694190973389875187e-05
1.410000000000000000e+02 1.795043829633606637e-05 2.699704964330908213e-05
1.420000000000000000e+02 1.295349376958152316e-05 1.960869256788705844e-05
1.430000000000000000e+02 9.293039835672398029e-06 1.415485581427438426e-05
1.440000000000000000e+02 6.627880319004118242e-06 1.015518858022764292e-05
1.450000000000000000e+02 4.699005112115169526e-06 7.241066796830776955e-06
1.460000000000000000e+02 3.311509898581640252e-06 5.131535320663343822e-06
1.470000000000000000e+02 2.319732650097438076e-06 3.614148063982098930e-06
1.480000000000000000e+02 1.615359099427400326e-06 2.529620497945309540e-06
1.490000000000000000e+02 1.118256369667234289e-06 1.759471616958336257e-06
1.500000000000000000e+02 7.695578860073993867e-07 1.216164211407646658e-06
1.510000000000000000e+02 5.264076948000848884e-07 8.354120175624503633e-07
1.520000000000000000e+02 3.578842517753797181e-07 5.703107301439705380e-07
1.530000000000000000e+02 2.418276324464716241e-07 3.869040000306264431e-07
1.540000000000000000e+02 1.624280029042381488e-07 2.608196354601307185e-07
1.550000000000000000e+02 1.084558775829762549e-07 1.747040161520171940e-07
1.560000000000000000e+02 7.198970640365978830e-08 1.162803322995047021e-07
1.570000000000000000e+02 4.749407696438474251e-08 7.691049186869834224e-08
1.580000000000000000e+02 3.113773476250683317e-08 5.055389848954331175e-08
1.590000000000000000e+02 2.028681127775956444e-08 3.302012207184317702e-08
