0.000000000000000000e+00 -1.328178963531822967e-05 -2.241635329129382162e-07
1.000000000000000000e+00 1.349541706356693880e-05 4.541135595012114980e-07
2.000000000000000000e+00 1.417497314092310603e-05 5.443573501835662351e-07
3.000000000000000000e+00 1.782158880748060091e-05 7.377314300870768151e-07
4.000000000000000000e+00 2.269517716395381781e-05 1.003361153066312945e-06
5.000000000000000000e+00 2.886567569572090472e-05 1.359558893771552505e-06
6.000000000000000000e+00 3.660447416435071806e-05 1.833703367434066216e-06
7.000000000000000000e+00 4.626804419310787765e-05 2.461402658786052463e-06
8.000000000000000000e+00 5.829185620574676573e-05 3.288120537787043295e-06
9.000000000000000000e+00 7.320067130920787917e-05 4.371476691685123268e-06
1.000000000000000000e+01 9.162316596048450444e-05 5.784075974299535953e-06
1.100000000000000000e+01 1.143090074237255809e-04 7.616882666210188141e-06
1.200000000000000000e+01 1.421482509841796556e-04 9.983190459714554233e-06
1.300000000000000000e+01 1.761932900851879654e-04 1.302327352925086861e-05
1.400000000000000000e+01 2.176835662360264466e-04 1.690983399557006338e-05
1.500000000000000000e+01 2.680730268916649132e-04 2.185435329512099698e-05
1.600000000000000000e+01 3.290600626066012696e-04 2.811440306151546752e-05
1.700000000000000000e+01 4.026195649582582918e-04 3.600192005928710861e-05
1.800000000000000000e+01 4.910369479776186376e-04 4.589245857524550570e-05
1.900000000000000000e+01 5.969443788790005159e-04 5.823550526685296162e-05
2.000000000000000000e+01 7.233597203793898454e-04 7.356599159312671903e-05
2.100000000000000000e+01 8.737284064372880616e-04 9.251707117821555211e-05
2.200000000000000000e+01 1.051967551748412590e-03 1.158340528116317793e-04
2.300000000000000000e+01 1.262510458681957975e-03 1.443892394830766286e-04
2.400000000000000000e+01 1.510349165904795350e-03 1.791974667402969367e-04
2.500000000000000000e+01 1.801073440670800238e-03 2.214323216668400319e-04
2.600000000000000000e+01 2.140906457159834440e-03 2.724431163464139283e-04
2.700000000000000000e+01 2.536739034596085639e-03 3.337724793906021140e-04
2.800000000000000000e+01 2.996163995477603599e-03 4.071740090673912080e-04
2.900000000000000000e+01 3.527509135020922247e-03 4.946291808631026084e-04
3.000000000000000000e+01 4.139862797145553788e-03 5.983629007259137376e-04
3.100000000000000000e+01 4.843083402932167429e-03 7.208575567050890236e-04
3.200000000000000000e+01 5.647786643685844335e-03 8.648655915417530074e-04
3.300000000000000000e+01 6.565311561437551721e-03 1.033420152805275116e-03
3.400000000000000000e+01 7.607674967496451911e-03 1.229842608451264504e-03
3.500000000000000000e+01 8.787525502249248291e-03 1.457745427843377137e-03
3.600000000000000000e+01 1.011809955610463649e-02 1.721029515536537076e-03
3.700000000000000000e+01 1.161316453612898023e-02 2.023876017728720375e-03
3.800000000000000000e+01 1.328692228167861408e-02 2.370732872290177984e-03
3.900000000000000000e+01 1.515385004849696855e-02 2.766295537363234417e-03
4.000000000000000000e+01 1.722848191730359801e-02 3.215480204631010648e-03
4.100000000000000000e+01 1.952516628901514173e-02 3.723387661613064125e-03
4.200000000000000000e+01 2.205784976864489516e-02 4.295257187395199426e-03
4.300000000000000000e+01 2.483991433505271587e-02 4.936411359941827136e-03
4.400000000000000000e+01 2.788403914773727316e-02 5.652192920565447982e-03
4.500000000000000000e+01 3.120200744956815736e-02 6.447893599656032843e-03
4.600000000000000000e+01 3.480437965622983770e-02 7.328673444728893427e-03
4.700000000000000000e+01 3.870002499937737206e-02 8.299469377209338708e-03
4.800000000000000000e+01 4.289561042808012759e-02 9.364893592602667460e-03
4.900000000000000000e+01 4.739520807282677356e-02 1.052912437284698674e-02
5.000000000000000000e+01 5.220013290539353423e-02 1.179579212674958244e-02
5.100000000000000000e+01 5.730896569203594582e-02 1.316786196570329109e-02
5.200000000000000000e+01 6.271755284804191033e-02 1.464751262459163678e-02
5.300000000000000000e+01 6.841874233802935912e-02 1.623601185236862171e-02
5.400000000000000000e+01 7.440178125467061809e-02 1.793359056772810337e-02
5.500000000000000000e+01 8.065158446000944559e-02 1.973932036587517508e-02
5.600000000000000000e+01 8.714827945780580232e-02 2.165099951106006990e-02
5.700000000000000000e+01 9.386735108163050956e-02 2.366505100912560597e-02
5.800000000000000000e+01 1.007803433855017361e-01 2.577643412319138155e-02
5.900000000000000000e+01 1.078556569087874700e-01 2.797856978667985148e-02
6.000000000000000000e+01 1.150588425845389812e-01 3.026328190486248654e-02
6.100000000000000000e+01 1.223521188627643141e-01 3.262075975593452248e-02
6.200000000000000000e+01 1.296934630632028129e-01 3.503954902157548068e-02
6.300000000000000000e+01 1.370361045183282889e-01 3.750657756735077675e-02
6.400000000000000000e+01 1.443291531499040492e-01 4.000721661197052803e-02
6.500000000000000000e+01 1.515193910758426687e-01 4.252537222972738867e-02
6.600000000000000000e+01 1.585533907909480456e-01 4.504360208391281623e-02
6.700000000000000000e+01 1.653787711677806305e-01 4.754325976857080860e-02
6.800000000000000000e+01 1.719439321841836621e-01 5.000467768740909924e-02
6.900000000000000000e+01 1.781967385109153867e-01 5.240739818289948115e-02
7.000000000000000000e+01 1.840835426065504654e-01 5.473044792572921702e-02
7.100000000000000000e+01 1.895498869692920363e-01 5.695263362217629216e-02
7.200000000000000000e+01 1.945431073468062433e-01 5.905283639123770634e-02
7.300000000000000000e+01 1.990156196207884531e-01 6.101030336080307676e-02
7.400000000000000000e+01 2.029270070977676754e-01 6.280495907518907073e-02
7.500000000000000000e+01 2.062437344653684224e-01 6.441775708944458279e-02
7.600000000000000000e+01 2.089369808983200516e-01 6.583105693721402751e-02
7.700000000000000000e+01 2.109805055652470285e-01 6.702897480830967425e-02
7.800000000000000000e+01 2.123505211998739095e-01 6.799766078009496229e-02
7.900000000000000000e+01 2.130281087745597435e-01 6.872550730054292900e-02
8.000000000000000000e+01 2.130027696014383243e-01 6.920334417089660239e-02
8.100000000000000000e+01 2.122747332470397708e-01 6.942466520680529163e-02
8.200000000000000000e+01 2.108544016574672719e-01 6.938585933613300449e-02
8.300000000000000000e+01 2.087592936268290456e-01 6.908635564564465092e-02
8.400000000000000000e+01 2.060106066504374944e-01 6.852861424065315177e-02
8.500000000000000000e+01 2.026317292674154891e-01 6.771799508051198901e-02
8.600000000000000000e+01 1.986495452551295116e-01 6.666261600392617281e-02
8.700000000000000000e+01 1.940972808301181796e-01 6.537327708540610627e-02
8.800000000000000000e+01 1.890165070494158328e-01 6.386340429904016625e-02
8.900000000000000000e+01 1.834565312809262050e-01 6.214888032574136800e-02
9.000000000000000000e+01 1.774712803753570600e-01 6.024768640615050380e-02
9.100000000000000000e+01 1.711154958017859218e-01 5.817943163334479695e-02
9.200000000000000000e+01 1.644424075801706464e-01 5.596493692157054889e-02
9.300000000000000000e+01 1.575038640976682003e-01 5.362596522470561289e-02
9.400000000000000000e+01 1.503521218884449895e-01 5.118501822577340571e-02
9.500000000000000000e+01 1.430414438590695281e-01 4.866503395255711295e-02
9.600000000000000000e+01 1.356279850183040592e-01 4.608891744977074156e-02
9.700000000000000000e+01 1.281677820281430513e-01 4.347901960196487448e-02
9.800000000000000000e+01 1.207139735589221469e-01 4.085675275490290026e-02
9.900000000000000000e+01 1.133147761904748224e-01 3.824241441682969117e-02
1.000000000000000000e+02 1.060130782023917390e-01 3.565510450557848182e-02
1.010000000000000000e+02 9.884738862099917700e-02 3.311256305112451892e-02
1.020000000000000000e+02 9.185311143766269892e-02 3.063088227968828806e-02
1.030000000000000000e+02 8.506314088802049977e-02 2.822422026836875902e-02
1.040000000000000000e+02 7.850742177044295333e-02 2.590467931781886834e-02
1.050000000000000000e+02 7.221185545858282984e-02 2.368237896073308729e-02
1.060000000000000000e+02 6.619728580938620544e-02 2.156559722175896421e-02
1.070000000000000000e+02 6.047914082339972408e-02 1.956083510299758826e-02
1.080000000000000000e+02 5.506785023429720816e-02 1.767278527344134931e-02
1.090000000000000000e+02 4.996974304806393180e-02 1.590431491446809426e-02
1.100000000000000000e+02 4.518796810472830439e-02 1.425657368607019526e-02
1.110000000000000000e+02 4.072308468871346093e-02 1.272922373403858470e-02
1.120000000000000000e+02 3.657321703345646491e-02 1.132068720504518684e-02
1.130000000000000000e+02 3.273391041244045480e-02 1.002831695428844233e-02
1.140000000000000000e+02 2.919796225229450565e-02 8.848492322378338770e-03
1.150000000000000000e+02 2.595548891443288930e-02 7.776716866662708103e-03
1.160000000000000000e+02 2.299434960265039560e-02 6.807779276631674079e-03
1.170000000000000000e+02 2.030085231735421700e-02 5.935963479051572546e-03
1.180000000000000000e+02 1.786050978185224278e-02 5.155243061067663404e-03
1.190000000000000000e+02 1.565858456764435136e-02 4.459413477445551589e-03
1.200000000000000000e+02 1.368028615444126690e-02 3.842172387970365071e-03
1.210000000000000000e+02 1.191068632569710489e-02 3.297192352755049568e-03
1.220000000000000000e+02 1.033457454491120038e-02 2.818214384401203452e-03
1.230000000000000000e+02 8.936483287966659472e-03 2.399151877452741950e-03
1.240000000000000000e+02 7.700973645444701872e-03 2.034174486298038001e-03
1.250000000000000000e+02 6.613081486391748746e-03 1.717754906281344831e-03
1.260000000000000000e+02 5.658713401917190612e-03 1.444687780460486657e-03
1.270000000000000000e+02 4.824818921039639337e-03 1.210101799058548814e-03
1.280000000000000000e+02 4.099313516862585979e-03 1.009476610640515403e-03
1.290000000000000000e+02 3.470875662391946850e-03 8.386599508344334949e-04
1.300000000000000000e+02 2.928792141251997886e-03 6.938740548588941516e-04
1.310000000000000000e+02 2.462957850950788560e-03 5.717068145812632864e-04
1.320000000000000000e+02 2.064010419786687853e-03 4.690927317880901407e-04
1.330000000000000000e+02 1.723487679049642580e-03 3.832919326065612180e-04
1.340000000000000000e+02 1.433893183924862206e-03 3.118714059995327361e-04
1.350000000000000000e+02 1.188628450047253537e-03 2.526870694796663525e-04
1.360000000000000000e+02 9.818384679478669389e-04 2.038635020700420178e-04
1.370000000000000000e+02 8.082592932058778453e-04 1.637703972904020595e-04
1.380000000000000000e+02 6.631345224415926025e-04 1.309976142045719881e-04
1.390000000000000000e+02 5.422082784111847010e-04 1.043313974558198712e-04
1.400000000000000000e+02 4.417517575330417133e-04 8.273296075257288273e-05
1.410000000000000000e+02 3.585690713251979064e-04 6.531901454648875844e-05
1.420000000000000000e+02 2.899543822779652872e-04 5.134335259363577940e-05
1.430000000000000000e+02 2.336104756689150446e-04 4.017920174533847573e-05
1.440000000000000000e+02 1.875616760617991965e-04 3.130273885319497467e-05
1.450000000000000000e+02 1.500907235884533641e-04 2.427831340302724115e-05
1.460000000000000000e+02 1.197084666912680956e-04 1.874555046112427108e-05
1.470000000000000000e+02 9.514450895535463636e-05 1.440811248543687549e-05
1.480000000000000000e+02 7.533921612193014445e-05 1.102378899459356417e-05
1.490000000000000000e+02 5.942401532927523550e-05 8.395720399858594020e-06
1.500000000000000000e+02 4.668960602785172817e-05 6.364723047856820077e-06
1.510000000000000000e+02 3.655087489648655748e-05 4.802718401026732285e-06
1.520000000000000000e+02 2.851830373052490289e-05 3.607199306943339936e-06
1.530000000000000000e+02 2.218028159007429112e-05 2.696592039397685112e-06
1.540000000000000000e+02 1.719419316768355129e-05 2.006359473740350651e-06
1.550000000000000000e+02 1.328081123679031018e-05 1.485727776247824247e-06
1.560000000000000000e+02 1.021741815357235614e-05 1.094959980992523336e-06
1.570000000000000000e+02 7.828323165834008269e-06 8.031157530464974042e-07
1.580000000000000000e+02 5.974303870675632843e-06 5.862320574562535820e-07
1.590000000000000000e+02 4.543387115348123280e-06 4.258539675351430371e-07
