0.000000000000000000e+00 1.133367998770898219e-06 -2.862293176473640942e-08
1.000000000000000000e+00 1.162202580456116793e-07 1.588464116518895268e-07
2.000000000000000000e+00 2.017914873248098746e-07 2.051354318589147204e-07
3.000000000000000000e+00 2.783306923387680748e-07 2.857348165973995312e-07
4.000000000000000000e+00 3.820662363670697056e-07 3.976101074337472975e-07
5.000000000000000000e+00 5.218569389292506229e-07 5.505794602455613075e-07
6.000000000000000000e+00 7.091293805046727901e-07 7.583798463845361920e-07
7.000000000000000000e+00 9.586488326012821364e-07 1.039068066295460893e-06
8.000000000000000000e+00 1.289340403728240186e-06 1.416121713671467976e-06
9.000000000000000000e+00 1.725310306258226180e-06 1.919863062561340252e-06
1.000000000000000000e+01 2.297086384258532822e-06 2.589214877044078951e-06
1.100000000000000000e+01 3.043109486472527526e-06 3.473840130230430421e-06
1.200000000000000000e+01 4.011513032342864848e-06 4.636728471489646508e-06
1.300000000000000000e+01 5.262232281969669647e-06 6.157299699837414225e-06
1.400000000000000000e+01 6.869487603697488505e-06 8.135099889063064318e-06
1.500000000000000000e+01 8.924688565634006062e-06 1.069416991173453495e-05
1.600000000000000000e+01 1.153980855418476959e-05 1.398816987208733603e-05
1.700000000000000000e+01 1.485127992419121179e-05 1.820634508283370861e-05
1.800000000000000000e+01 1.902446135675496018e-05 2.358041982521155645e-05
1.900000000000000000e+01 2.425872813189354523e-05 3.039250180650271570e-05
2.000000000000000000e+01 3.079323472184195356e-05 3.898407366281439208e-05
2.100000000000000000e+01 3.891339739180468929e-05 4.976613732297278762e-05
2.200000000000000000e+01 4.895813974413575895e-05 6.323056417399964819e-05
2.300000000000000000e+01 6.132793944872119880e-05 7.996268812595804778e-05
2.400000000000000000e+01 7.649370705065809456e-05 1.006551587319790898e-04
2.500000000000000000e+01 9.500651943191346137e-05 1.261230438742257977e-04
2.600000000000000000e+01 1.175082203442464436e-04 1.573201365258270119e-04
2.700000000000000000e+01 1.447428880001970877e-04 1.953563805240407893e-04
2.800000000000000000e+01 1.775691545963892183e-04 2.415162895783319044e-04
2.900000000000000000e+01 2.169733447822883563e-04 2.972781915481521723e-04
3.000000000000000000e+01 2.640833789165621614e-04 3.643340809523308425e-04
3.100000000000000000e+01 3.201833636433859456e-04 4.446098016534311896e-04
3.200000000000000000e+01 3.867287637573300864e-04 5.402852117324503066e-04
3.300000000000000000e+01 4.653620160965639494e-04 6.538139120930774395e-04
3.400000000000000000e+01 5.579284063989791006e-04 7.879420575877096921e-04
3.500000000000000000e+01 6.664919835258747418e-04 9.457257067716597684e-04
3.600000000000000000e+01 7.933512325899620210e-04 1.130546093036320903e-03
3.700000000000000000e+01 9.410541686275360673e-04 1.346122109433037011e-03
3.800000000000000000e+01 1.112412444602819527e-03 1.596519205295277109e-03
3.900000000000000000e+01 1.310513989899818061e-03 1.886153814772105258e-03
4.000000000000000000e+01 1.538733607699644540e-03 2.219792382004349973e-03
4.100000000000000000e+01 1.800740861977036950e-03 2.602544001351213884e-03
4.200000000000000000e+01 2.100504482585524493e-03 3.039845633375622570e-03
4.300000000000000000e+01 2.442292418178402917e-03 3.537438785924210214e-03
4.400000000000000000e+01 2.830666576520397305e-03 4.101336494650335146e-03
4.500000000000000000e+01 3.270471202164946297e-03 4.737779441183126612e-03
4.600000000000000000e+01 3.766813739559603594e-03 5.453180137212493284e-03
4.700000000000000000e+01 4.325036926504688926e-03 6.254054253071756470e-03
4.800000000000000000e+01 4.950680812038494444e-03 7.146938308567674265e-03
4.900000000000000000e+01 5.649433454881233954e-03 8.138293023870301138e-03
5.000000000000000000e+01 6.427069210118875088e-03 9.234391728010722666e-03
5.100000000000000000e+01 7.289373622489050790e-03 1.044119355426785870e-02
5.200000000000000000e+01 8.242053927353422405e-03 1.176420184934802264e-02
5.300000000000000000e+01 9.290634193007516958e-03 1.320830906783946289e-02
5.400000000000000000e+01 1.044033460993092598e-02 1.477762989794370076e-02
5.500000000000000000e+01 1.169593545627224326e-02 1.647532425749985777e-02
5.600000000000000000e+01 1.306162724184582562e-02 1.830341179128907800e-02
5.700000000000000000e+01 1.454084859135141086e-02 2.026258073102142968e-02
5.800000000000000000e+01 1.613611274442579985e-02 2.235199649841979053e-02
5.900000000000000000e+01 1.784882386269404791e-02 2.456911728259060165e-02
6.000000000000000000e+01 1.967908714277454008e-02 2.690952274238106109e-02
6.100000000000000000e+01 2.162552049942104843e-02 2.936675879930497265e-02
6.200000000000000000e+01 2.368507606024082557e-02 3.193220077910330357e-02
6.300000000000000000e+01 2.585287516369000685e-02 3.459494230604015508e-02
6.400000000000000000e+01 2.812205634608681837e-02 3.734172434264049212e-02
6.500000000000000000e+01 3.048364010732291032e-02 4.015691802659866749e-02
6.600000000000000000e+01 3.292642616041157461e-02 4.302256307053104606e-02
6.700000000000000000e+01 3.543694416811644932e-02 4.591845190808196975e-02
6.800000000000000000e+01 3.799946533037996260e-02 4.882225504744189259e-02
6.900000000000000000e+01 4.059606032190381242e-02 5.170970407301699046e-02
7.000000000000000000e+01 4.320668822120061342e-02 5.455485951102471281e-02
7.100000000000000000e+01 4.580933190108017750e-02 5.733046821212686717e-02
7.200000000000000000e+01 4.838022335090081533e-02 6.000837484662995686e-02
7.300000000000000000e+01 5.089418020877386345e-02 6.255994283837802705e-02
7.400000000000000000e+01 5.332501073522782908e-02 6.495648418999952489e-02
7.500000000000000000e+01 5.564591500324291701e-02 6.716974852474609514e-02
7.600000000000000000e+01 5.782987074569791858e-02 6.917250555008599977e-02
7.700000000000000000e+01 5.985008348788670163e-02 7.093916909393369052e-02
7.800000000000000000e+01 6.168057350057080251e-02 7.244635165961055279e-02
7.900000000000000000e+01 6.329683891479635782e-02 7.367329607710840222e-02
8.000000000000000000e+01 6.467642656753971875e-02 7.460225772460409022e-02
8.100000000000000000e+01 6.579932407061644950e-02 7.521894921230752595e-02
8.200000000000000000e+01 6.664829446490894149e-02 7.551303391085656402e-02
8.300000000000000000e+01 6.720934254573932010e-02 7.547849937606511406e-02
8.400000000000000000e+01 6.747229520294931171e-02 7.511376401520755697e-02
8.500000000000000000e+01 6.743122583604821418e-02 7.442158010719593375e-02
8.600000000000000000e+01 6.708450525331044467e-02 7.340895068565839177e-02
8.700000000000000000e+01 6.643461288355791139e-02 7.208716438608153698e-02
8.800000000000000000e+01 6.548806291769324051e-02 7.047178310981527805e-02
8.900000000000000000e+01 6.425556370505802750e-02 6.858232983048218045e-02
9.000000000000000000e+01 6.275209209563978319e-02 6.644166108415267002e-02
9.100000000000000000e+01 6.099650267709396528e-02 6.407530265216616894e-02
9.200000000000000000e+01 5.901074340284481051e-02 6.151100573900163127e-02
9.300000000000000000e+01 5.681916568172248189e-02 5.877844772088716696e-02
9.400000000000000000e+01 5.444823791383038292e-02 5.590876290450853825e-02
9.500000000000000000e+01 5.192638892735025602e-02 5.293375516818286941e-02
9.600000000000000000e+01 4.928347043143988665e-02 4.988502337175097778e-02
9.700000000000000000e+01 4.654976927695309019e-02 4.679335153192570873e-02
9.800000000000000000e+01 4.375506910451987252e-02 4.368842251443214031e-02
9.900000000000000000e+01 4.092821792039181422e-02 4.059856776689936553e-02
1.000000000000000000e+02 3.809705061105653906e-02 3.755029182498246382e-02
1.010000000000000000e+02 3.528812493471393530e-02 3.456766490294158056e-02
1.020000000000000000e+02 3.252604928542273538e-02 3.167191219341313618e-02
1.030000000000000000e+02 2.983277925044202500e-02 2.888136207283278911e-02
1.040000000000000000e+02 2.722736546805135105e-02 2.621156958905089887e-02
1.050000000000000000e+02 2.472613954855731183e-02 2.367533087473151082e-02
1.060000000000000000e+02 2.234288523787453934e-02 2.128254424943638520e-02
1.070000000000000000e+02 2.008869596652645625e-02 1.904013435140863506e-02
1.080000000000000000e+02 1.797171781521790523e-02 1.695222577669989322e-02
1.090000000000000000e+02 1.599716870668457802e-02 1.502050139614255660e-02
1.100000000000000000e+02 1.416771146173702138e-02 1.324452881080987431e-02
1.110000000000000000e+02 1.248388526417274803e-02 1.162194683555680709e-02
1.120000000000000000e+02 1.094432438084960192e-02 1.014860699872163936e-02
1.130000000000000000e+02 9.545823108602215917e-03 8.818814907728471722e-03
1.140000000000000000e+02 8.283497385364706200e-03 7.625684088139315052e-03
1.150000000000000000e+02 7.151144788700961215e-03 6.561485494672596869e-03
1.160000000000000000e+02 6.141656632392077618e-03 5.617895638497055928e-03
1.170000000000000000e+02 5.247300499742643849e-03 4.786163173628637905e-03
1.180000000000000000e+02 4.459866338234729118e-03 4.057277573971593103e-03
1.190000000000000000e+02 3.770806001021900257e-03 3.422176857981931025e-03
1.200000000000000000e+02 3.171447166669189282e-03 2.871953226213728311e-03
1.210000000000000000e+02 2.653230633659886192e-03 2.398000694828658543e-03
1.220000000000000000e+02 2.207878301061334207e-03 1.992098287802995717e-03
1.230000000000000000e+02 1.827472687080921145e-03 1.646466037859258989e-03
1.240000000000000000e+02 1.504503925509568640e-03 1.353823884107903299e-03
1.250000000000000000e+02 1.231932437880694630e-03 1.107448200925639867e-03
1.260000000000000000e+02 1.003258258922525925e-03 9.012037497530124390e-04
1.270000000000000000e+02 8.125606175036233616e-04 7.295431823834297880e-04
1.280000000000000000e+02 6.544955260943846912e-04 5.874870604325336870e-04
1.290000000000000000e+02 5.242719085439138038e-04 4.706005330098706699e-04
1.300000000000000000e+02 4.176291854549561157e-04 3.749706014533371362e-04
1.310000000000000000e+02 3.308185824536845972e-04 2.971781015074865997e-04
1.320000000000000000e+02 2.605770390140570224e-04 2.342604053639800910e-04
1.330000000000000000e+02 2.040883729406063499e-04 1.836681513705626270e-04
1.340000000000000000e+02 1.589379792923905331e-04 1.432222623327055854e-04
1.350000000000000000e+02 1.230698251041978939e-04 1.110743548528719815e-04
1.360000000000000000e+02 9.474822023376339045e-05 8.566962146235837690e-05
1.370000000000000000e+02 7.252152374565283728e-05 6.571059666830526478e-05
1.380000000000000000e+02 5.518562613699065221e-05 5.012207682547208961e-05
1.390000000000000000e+02 4.174843607619979554e-05 3.801877009000639916e-05
1.400000000000000000e+02 3.139783798053665681e-05 2.867672747961160317e-05
1.410000000000000000e+02 2.347404974741132194e-05 2.150837696824240989e-05
1.420000000000000000e+02 1.744556828700060408e-05 1.604045855948855009e-05
1.430000000000000000e+02 1.288769903024834535e-05 1.189447529666891331e-05
1.440000000000000000e+02 9.463471425539321234e-06 8.769689455087876752e-06
1.450000000000000000e+02 6.907234989024687083e-06 6.428706241882512664e-06
1.460000000000000000e+02 5.011007859294214133e-06 4.685437070856006486e-06
1.470000000000000000e+02 3.613221402025666271e-06 3.395070865527977223e-06
1.480000000000000000e+02 2.589368124863419358e-06 2.445719375489633134e-06
1.490000000000000000e+02 1.844212425052925719e-06 1.751513949618033749e-06
1.500000000000000000e+02 1.305394669343885914e-06 1.246985868289937119e-06
1.510000000000000000e+02 9.182957148398110130e-07 8.825535051952332929e-07
1.520000000000000000e+02 6.419798774135626843e-07 6.209270102487693367e-07
1.530000000000000000e+02 4.460037708108104972e-07 4.342574859294636074e-07
1.540000000000000000e+02 3.079033217087408169e-07 3.018903547413006558e-07
1.550000000000000000e+02 2.112222215387521476e-07 2.086105334077927506e-07
1.560000000000000000e+02 1.439846094833470029e-07 1.432849922383559710e-07
1.570000000000000000e+02 9.753175716521224913e-08 9.782202859982046201e-08
1.580000000000000000e+02 6.564757556402311961e-08 6.637996610138862475e-08
1.590000000000000000e+02 4.390440760505469376e-08 4.477035576338993980e-08
