0.000000000000000000e+00 6.814145892481132226e-06 -3.392570387110283450e-06
1.000000000000000000e+00 2.475264028526952111e-06 3.586211339774013853e-06
2.000000000000000000e+00 3.286878405179439000e-06 3.940033892991673234e-06
3.000000000000000000e+00 4.158716944806991308e-06 5.035974261919480795e-06
4.000000000000000000e+00 5.291324321121624700e-06 6.508165602352268460e-06
5.000000000000000000e+00 6.722771013185010652e-06 8.400120630455910325e-06
6.000000000000000000e+00 8.516288837513290264e-06 1.080707150155224611e-05
7.000000000000000000e+00 1.075264875580653727e-05 1.385278691121397769e-05
8.000000000000000000e+00 1.353026848740592318e-05 1.768983898736399430e-05
9.000000000000000000e+00 1.696753317386619762e-05 2.250375902207946293e-05
1.000000000000000000e+01 2.120597605369468325e-05 2.851864653925590681e-05
1.100000000000000000e+01 2.641404382435915172e-05 3.600385547585089848e-05
1.200000000000000000e+01 3.279140357998279237e-05 4.528168026176791831e-05
1.300000000000000000e+01 4.057380630895603065e-05 5.673596370575714770e-05
1.400000000000000000e+01 5.003853787652859955e-05 7.082155709896214104e-05
1.500000000000000000e+01 6.151049429920636919e-05 8.807466343209589181e-05
1.600000000000000000e+01 7.536891811035073942e-05 1.091242309107803724e-04
1.700000000000000000e+01 9.205482723707598264e-05 1.347045906975544312e-04
1.800000000000000000e+01 1.120791594225704094e-04 1.656693567729627785e-04
1.900000000000000000e+01 1.360316438740565557e-04 2.030063081147313615e-04
2.000000000000000000e+01 1.645904020690043871e-04 2.478527955460502717e-04
2.100000000000000000e+01 1.985322709175405334e-04 3.015113533451117085e-04
2.200000000000000000e+01 2.387438289949402948e-04 3.654655772172831244e-04
2.300000000000000000e+01 2.862330879367601367e-04 4.413965942127743495e-04
2.400000000000000000e+01 3.421417842067523405e-04 5.312002322636615471e-04
2.500000000000000000e+01 4.077581790376343085e-04 6.370043109801118214e-04
2.600000000000000000e+01 4.845302495017848442e-04 7.611848242819267132e-04
2.700000000000000000e+01 5.740791306850001651e-04 9.063797878457819030e-04
2.800000000000000000e+01 6.782126351525978114e-04 1.075500308008242893e-03
2.900000000000000000e+01 7.989386212822044073e-04 1.271739365311149632e-03
3.000000000000000000e+01 9.384779135826168449e-04 1.498578938272839174e-03
3.100000000000000000e+01 1.099276426384582749e-03 1.759795033613315452e-03
3.200000000000000000e+01 1.284016134388547403e-03 2.059458651998679994e-03
3.300000000000000000e+01 1.495624556220854400e-03 2.401930083019864024e-03
3.400000000000000000e+01 1.737282395471692869e-03 2.791845007539785033e-03
3.500000000000000000e+01 2.012428840986862314e-03 3.234093004043069215e-03
3.600000000000000000e+01 2.324763777955072414e-03 3.733790371572242878e-03
3.700000000000000000e+01 2.678245977876673838e-03 4.296248265466754389e-03
3.800000000000000000e+01 3.077086447041911879e-03 4.926934473630841145e-03
3.900000000000000000e+01 3.525736559538597548e-03 5.631425049710817726e-03
4.000000000000000000e+01 4.028871036279742072e-03 6.415342722638042380e-03
4.100000000000000000e+01 4.591365674051163005e-03 7.284282531439790175e-03
4.200000000000000000e+01 5.218268726152602323e-03 8.243728799920083811e-03
4.300000000000000000e+01 5.914763619967564230e-03 9.298968036496116363e-03
4.400000000000000000e+01 6.686120631544468888e-03 1.045499870621718376e-02
4.500000000000000000e+01 7.537637151641038077e-03 1.171643393139337741e-02
4.600000000000000000e+01 8.474569327968868582e-03 1.308739170623919416e-02
4.700000000000000000e+01 9.502059255959913187e-03 1.457137159669952796e-02
4.800000000000000000e+01 1.062505891971576855e-02 1.617112454907735850e-02
4.900000000000000000e+01 1.184824579093841923e-02 1.788852704476056460e-02
5.000000000000000000e+01 1.317592102897116937e-02 1.972446746634057280e-02
5.100000000000000000e+01 1.461188588654802056e-02 2.167874260310887619e-02
5.200000000000000000e+01 1.615930504375082816e-02 2.374995379536138859e-02
5.300000000000000000e+01 1.782057702163267199e-02 2.593539413056208942e-02
5.400000000000000000e+01 1.959722785500498179e-02 2.823093170290532500e-02
5.500000000000000000e+01 2.148982169341277434e-02 3.063090958211456966e-02
5.600000000000000000e+01 2.349785756447850954e-02 3.312808615867256917e-02
5.700000000000000000e+01 2.561962236512814808e-02 3.571362301382902810e-02
5.800000000000000000e+01 2.785200789463915250e-02 3.837710145249086102e-02
5.900000000000000000e+01 3.019034956177997497e-02 4.110653591427338577e-02
6.000000000000000000e+01 3.262835622486191800e-02 4.388836941763664401e-02
6.100000000000000000e+01 3.515814476485343981e-02 4.670747534969597881e-02
6.200000000000000000e+01 3.777030265227040301e-02 4.954721893894370455e-02
6.300000000000000000e+01 4.045386237939609109e-02 5.238961809253965540e-02
6.400000000000000000e+01 4.319614672676937855e-02 5.521558686553490469e-02
6.500000000000000000e+01 4.598259531487519647e-02 5.800518824150722313e-02
6.600000000000000000e+01 4.879677392359665911e-02 6.073782155410627215e-02
6.700000000000000000e+01 5.162067781921812065e-02 6.339234013498828979e-02
6.800000000000000000e+01 5.443520276877384517e-02 6.594718625920381605e-02
6.900000000000000000e+01 5.722047736922691169e-02 6.838065788689508262e-02
7.000000000000000000e+01 5.995583747705133387e-02 7.067134081591204542e-02
7.100000000000000000e+01 6.261956678259925080e-02 7.279860236015757435e-02
7.200000000000000000e+01 6.518883845261969068e-02 7.474296880826633571e-02
7.300000000000000000e+01 6.764023376507447005e-02 7.648628471460813816e-02
7.400000000000000000e+01 6.995074591010652654e-02 7.801173638345165751e-02
7.500000000000000000e+01 7.209868168406827205e-02 7.930395895391591232e-02
7.600000000000000000e+01 7.406385649759258949e-02 8.034939486303226130e-02
7.700000000000000000e+01 7.582706811727848994e-02 8.113684541249238658e-02
7.800000000000000000e+01 7.736955980069071259e-02 8.165794204179074867e-02
7.900000000000000000e+01 7.867332982984528988e-02 8.190726663045425071e-02
8.000000000000000000e+01 7.972244852013465888e-02 8.188210279169663708e-02
8.100000000000000000e+01 8.050455362464216391e-02 8.158210150749710399e-02
8.200000000000000000e+01 8.101135649310239883e-02 8.100921879074607368e-02
8.300000000000000000e+01 8.123775115695761051e-02 8.016803324763352445e-02
8.400000000000000000e+01 8.118038666582230722e-02 7.906617393530498972e-02
8.500000000000000000e+01 8.083715136624808340e-02 7.771442157497374104e-02
8.600000000000000000e+01 8.020825786415224090e-02 7.612626450871140538e-02
8.700000000000000000e+01 7.929809905704471307e-02 7.431712771887717672e-02
8.800000000000000000e+01 7.811617385301442007e-02 7.230376584621699132e-02
8.900000000000000000e+01 7.667606899248174956e-02 7.010416090841509185e-02
9.000000000000000000e+01 7.499320093785832864e-02 6.773780617914450242e-02
9.100000000000000000e+01 7.308319012531025449e-02 6.522589120127465778e-02
9.200000000000000000e+01 7.096220239521386364e-02 6.259096278184383966e-02
9.300000000000000000e+01 6.864877282127757052e-02 5.985608085925418764e-02
9.400000000000000000e+01 6.616519914198758234e-02 5.704392655414623758e-02
9.500000000000000000e+01 6.353691912276954179e-02 5.417636264589188733e-02
9.600000000000000000e+01 6.079010393533102602e-02 5.127455673069493403e-02
9.700000000000000000e+01 5.794932527504630809e-02 4.835930263719827316e-02
9.800000000000000000e+01 5.503707036303934902e-02 4.545103394586028078e-02
9.900000000000000000e+01 5.207517692190829356e-02 4.256932801015597678e-02
1.000000000000000000e+02 4.908653678987241753e-02 3.973216689963132014e-02
1.010000000000000000e+02 4.609525211290002589e-02 3.695543915304613097e-02
1.020000000000000000e+02 4.312491675778866440e-02 3.425295888653775989e-02
1.030000000000000000e+02 4.019640905129977931e-02 3.163685183480680063e-02
1.040000000000000000e+02 3.732695587776175411e-02 2.911789205738772243e-02
1.050000000000000000e+02 3.453101336417178230e-02 2.670548065672836979e-02
1.060000000000000000e+02 3.182191078678822671e-02 2.440731294641196661e-02
1.070000000000000000e+02 2.921267358972806302e-02 2.222905785819256561e-02
1.080000000000000000e+02 2.671534847409860747e-02 2.017434756096343415e-02
1.090000000000000000e+02 2.433955328859362111e-02 1.824510300857972583e-02
1.100000000000000000e+02 2.209158398906189286e-02 1.644196022614683589e-02
1.110000000000000000e+02 1.997479411583754152e-02 1.476452764085385214e-02
1.120000000000000000e+02 1.799081298162342676e-02 1.321139308698721440e-02
1.130000000000000000e+02 1.614054871856021242e-02 1.178002174345260666e-02
1.140000000000000000e+02 1.442428370199479691e-02 1.046675507429839155e-02
1.150000000000000000e+02 1.284105293957238381e-02 9.267005247878741872e-03
1.160000000000000000e+02 1.138806670873850936e-02 8.175566000461761268e-03
1.170000000000000000e+02 1.006077093359703488e-02 7.186881023177840722e-03
1.180000000000000000e+02 8.853508872865595292e-03 6.295171756111599126e-03
1.190000000000000000e+02 7.760267023374824158e-03 5.494451594459704574e-03
1.200000000000000000e+02 6.775023257532201970e-03 4.778529722617724448e-03
1.210000000000000000e+02 5.891631216640977331e-03 4.141084888389622021e-03
1.220000000000000000e+02 5.103551014765663092e-03 3.575807815800300000e-03
1.230000000000000000e+02 4.403777127824054505e-03 3.076549042031861535e-03
1.240000000000000000e+02 3.785066320587797753e-03 2.637411268189474196e-03
1.250000000000000000e+02 3.240299397000272370e-03 2.252774642190659080e-03
1.260000000000000000e+02 2.762738221096146425e-03 1.917289451890615611e-03
1.270000000000000000e+02 2.346070559642188507e-03 1.625878440128587094e-03
1.280000000000000000e+02 1.984314424222037316e-03 1.373764603467951583e-03
1.290000000000000000e+02 1.671729428565632255e-03 1.156509766083394213e-03
1.300000000000000000e+02 1.402826569551990452e-03 9.700393491334919878e-04
1.310000000000000000e+02 1.172460503370137842e-03 8.106413035786500312e-04
1.320000000000000000e+02 9.759251357106005177e-04 6.749459040016967792e-04
1.330000000000000000e+02 8.089878592179392544e-04 5.599017411674580462e-04
1.340000000000000000e+02 6.678557468043761196e-04 4.627582401357058792e-04
1.350000000000000000e+02 5.491127218392181019e-04 3.810544522366569506e-04
1.360000000000000000e+02 4.496712484438772448e-04 3.126075337427914572e-04
1.370000000000000000e+02 3.667554994231137259e-04 2.554956048311571152e-04
1.380000000000000000e+02 2.979038109641875373e-04 2.080349991589440929e-04
1.390000000000000000e+02 2.409673871175655412e-04 1.687557914879614406e-04
1.400000000000000000e+02 1.940911228343072828e-04 1.363794177185136450e-04
1.410000000000000000e+02 1.556785310983153329e-04 1.097995641852720787e-04
1.420000000000000000e+02 1.243528191461986711e-04 8.806516310388534229e-05
1.430000000000000000e+02 9.892535068596524446e-05 7.036390023033545725e-05
1.440000000000000000e+02 7.837495695478655013e-05 5.600569380146913309e-05
1.450000000000000000e+02 6.183404931159615218e-05 4.440674755580958753e-05
1.460000000000000000e+02 4.857510431689241289e-05 3.507507698582935164e-05
1.470000000000000000e+02 3.799383708122799636e-05 2.759792453665580397e-05
1.480000000000000000e+02 2.958982219590328711e-05 2.163086002762519398e-05
1.490000000000000000e+02 2.294793351071737838e-05 1.688811223565783178e-05
1.500000000000000000e+02 1.772350144768398384e-05 1.313382785432959065e-05
1.510000000000000000e+02 1.363173305947035997e-05 1.017422255580033825e-05
1.520000000000000000e+02 1.043986497663068865e-05 7.850717102760477675e-06
1.530000000000000000e+02 7.960068722789872693e-06 6.034092211830026408e-06
1.540000000000000000e+02 6.042112696979450908e-06 4.619566264522133356e-06
1.550000000000000000e+02 4.566069866863943067e-06 3.522626781560179742e-06
1.560000000000000000e+02 3.435951632714798078e-06 2.675465177942276127e-06
1.570000000000000000e+02 2.574852201973203423e-06 2.023927801845278486e-06
1.580000000000000000e+02 1.921502256656791755e-06 1.524943341474667091e-06
1.590000000000000000e+02 1.427673499700415791e-06 1.144392968713155484e-06
