0.000000000000000000e+00 2.631585155585522082e-06 1.436516116948127541e-06
1.000000000000000000e+00 8.851312481091936241e-07 1.595738600261345952e-06
2.000000000000000000e+00 1.208543838679654307e-06 1.809832856969746195e-06
3.000000000000000000e+00 1.566659899290836470e-06 2.299738190955168585e-06
4.000000000000000000e+00 2.036331401052728407e-06 2.951541477219831767e-06
5.000000000000000000e+00 2.639806569926228960e-06 3.784140820564689932e-06
6.000000000000000000e+00 3.409649777769804692e-06 4.837933287380691364e-06
7.000000000000000000e+00 4.387071345629317975e-06 6.165379428127591748e-06
8.000000000000000000e+00 5.622815998397881433e-06 7.831171821022142116e-06
9.000000000000000000e+00 7.178819519530007956e-06 9.914096482418514135e-06
1.000000000000000000e+01 9.130268936686419866e-06 1.250954246358672852e-05
1.100000000000000000e+01 1.156801621029171325e-05 1.573249322891121278e-05
1.200000000000000000e+01 1.460135997981481124e-05 1.972099209608702572e-05
1.300000000000000000e+01 1.836122504365597107e-05 2.464011139056701891e-05
1.400000000000000000e+01 2.300377316941928582e-05 3.068646818146033331e-05
1.500000000000000000e+01 2.871447993245507835e-05 3.809333634563111834e-05
1.600000000000000000e+01 3.571271171895015902e-05 4.713640651874686453e-05
1.700000000000000000e+01 4.425683626942436658e-05 5.814024028590662573e-05
1.800000000000000000e+01 5.464989670300872572e-05 7.148545445630709707e-05
1.900000000000000000e+01 6.724587364225853656e-05 8.761665727189340181e-05
2.000000000000000000e+01 8.245655252776266291e-05 1.070511483841153269e-04
2.100000000000000000e+01 1.007590053481111704e-04 1.303883895506805033e-04
2.200000000000000000e+01 1.227036870963766962e-04 1.583202518995574623e-04
2.300000000000000000e+01 1.489231379817417520e-04 1.916420390781242602e-04
2.400000000000000000e+01 1.801412686717106747e-04 2.312642625777655884e-04
2.500000000000000000e+01 2.171831875239500060e-04 2.782251014977873884e-04
2.600000000000000000e+01 2.609855051025733561e-04 3.337034185977200444e-04
2.700000000000000000e+01 3.126070265863353033e-04 3.990321504813506984e-04
2.800000000000000000e+01 3.732397193850369821e-04 4.757118657413497839e-04
2.900000000000000000e+01 4.442198210337086682e-04 5.654243036362950614e-04
3.000000000000000000e+01 5.270389240915268961e-04 6.700457423816774801e-04
3.100000000000000000e+01 6.233548332114113334e-04 7.916600368462660756e-04
3.200000000000000000e+01 7.350019341884015409e-04 9.325710416716043042e-04
3.300000000000000000e+01 8.640007589050534590e-04 1.095313896383387324e-03
3.400000000000000000e+01 1.012566392265739539e-03 1.282664409995762150e-03
3.500000000000000000e+01 1.183115354102141697e-03 1.497645746447576632e-03
3.600000000000000000e+01 1.378270575164106896e-03 1.743531911938071485e-03
3.700000000000000000e+01 1.600864026710133907e-03 2.023848044989189857e-03
3.800000000000000000e+01 1.853936435781219309e-03 2.342367765391484280e-03
3.900000000000000000e+01 2.140733380564133290e-03 2.703107373056351601e-03
4.000000000000000000e+01 2.464697032899620163e-03 3.110315493718193280e-03
4.100000000000000000e+01 2.829452974433665797e-03 3.568455639416425514e-03
4.200000000000000000e+01 3.238791751199183565e-03 4.082179341083128771e-03
4.300000000000000000e+01 3.696644860403319136e-03 4.656289648694193935e-03
4.400000000000000000e+01 4.207054479328310552e-03 5.295697811056206822e-03
4.500000000000000000e+01 4.774135676914678487e-03 6.005377200015720243e-03
4.600000000000000000e+01 5.402029779906269806e-03 6.790315758882939021e-03
4.700000000000000000e+01 6.094848541193671407e-03 7.655462197042492596e-03
4.800000000000000000e+01 6.856610342267080958e-03 8.605656544134917402e-03
4.900000000000000000e+01 7.691170330306836347e-03 9.645538327211926333e-03
5.000000000000000000e+01 8.602144846629238006e-03 1.077943678058230874e-02
5.100000000000000000e+01 9.592827583084519855e-03 1.201126006513404329e-02
5.200000000000000000e+01 1.066609386863790962e-02 1.334440233958155732e-02
5.300000000000000000e+01 1.182429323170008581e-02 1.478167180893293943e-02
5.400000000000000000e+01 1.306913734318889200e-02 1.632521770862714605e-02
5.500000000000000000e+01 1.440159393123446874e-02 1.797642136424955350e-02
5.600000000000000000e+01 1.582179120356184618e-02 1.973573499757702923e-02
5.700000000000000000e+01 1.732892456953079308e-02 2.160249689022892411e-02
5.800000000000000000e+01 1.892115106599009597e-02 2.357478865791428832e-02
5.900000000000000000e+01 2.059546873498932160e-02 2.564938923956440117e-02
6.000000000000000000e+01 2.234760303365224826e-02 2.782181289132842905e-02
6.100000000000000000e+01 2.417193572902341658e-02 3.008634077968360548e-02
6.200000000000000000e+01 2.606149163229272078e-02 3.243594149926931625e-02
6.300000000000000000e+01 2.800795448017153605e-02 3.486206236760421018e-02
6.400000000000000000e+01 3.000165891793594650e-02 3.735441028864527890e-02
6.500000000000000000e+01 3.203153916270869150e-02 3.990091028113271210e-02
6.600000000000000000e+01 3.408508932918993817e-02 4.248794112569174303e-02
6.700000000000000000e+01 3.614843102005010217e-02 4.510073715190991012e-02
6.800000000000000000e+01 3.820652774295003884e-02 4.772367995243372019e-02
6.900000000000000000e+01 4.024346367246606215e-02 5.034025699151493949e-02
7.000000000000000000e+01 4.224263773113393072e-02 5.293274570342973440e-02
7.100000000000000000e+01 4.418681010987062646e-02 5.548198222416277081e-02
7.200000000000000000e+01 4.605812427263642622e-02 5.796761017734055471e-02
7.300000000000000000e+01 4.783832439950855275e-02 6.036887592385245527e-02
7.400000000000000000e+01 4.950925474101983831e-02 6.266556594481430265e-02
7.500000000000000000e+01 5.105345214237487494e-02 6.483848113372561728e-02
7.600000000000000000e+01 5.245450539628401798e-02 6.686915963852817224e-02
7.700000000000000000e+01 5.369704825062313752e-02 6.873920416319347082e-02
7.800000000000000000e+01 5.476663552181051248e-02 7.043000363345056081e-02
7.900000000000000000e+01 5.564993066002305033e-02 7.192342078059203725e-02
8.000000000000000000e+01 5.633536084321245918e-02 7.320323310445468745e-02
8.100000000000000000e+01 5.681388760053867476e-02 7.425639174839997192e-02
8.200000000000000000e+01 5.707932241284904840e-02 7.507317456969567204e-02
8.300000000000000000e+01 5.712798354148675845e-02 7.564615418205510033e-02
8.400000000000000000e+01 5.695813271989019072e-02 7.596892356495504872e-02
8.500000000000000000e+01 5.656988180601324467e-02 7.603581812404523743e-02
8.600000000000000000e+01 5.596579068106528193e-02 7.584309337484004820e-02
8.700000000000000000e+01 5.515161113254109237e-02 7.539074565532877248e-02
8.800000000000000000e+01 5.413636727328716147e-02 7.468348874042604613e-02
8.900000000000000000e+01 5.293153933834189584e-02 7.372997930538538469e-02
9.000000000000000000e+01 5.154999226117759625e-02 7.254080538202314909e-02
9.100000000000000000e+01 5.000555274983558424e-02 7.112681688407196390e-02
9.200000000000000000e+01 4.831347098351061742e-02 6.949912900481929057e-02
9.300000000000000000e+01 4.649106308028745638e-02 6.767071751347933373e-02
9.400000000000000000e+01 4.455759588086143086e-02 6.565812894750668038e-02
9.500000000000000000e+01 4.253321365674746224e-02 6.348166418879765127e-02
9.600000000000000000e+01 4.043766811887949952e-02 6.116363956576156835e-02
9.700000000000000000e+01 3.828980491037123346e-02 5.872593565053107340e-02
9.800000000000000000e+01 3.610798753104889347e-02 5.618863397455690911e-02
9.900000000000000000e+01 3.391070861298132316e-02 5.357061213533650251e-02
1.000000000000000000e+02 3.171649929380172123e-02 5.089131884636903524e-02
1.010000000000000000e+02 2.954301009806243467e-02 4.817198982411237396e-02
1.020000000000000000e+02 2.740598878573115987e-02 4.543509185229564762e-02
1.030000000000000000e+02 2.531896248293893231e-02 4.270230776976529502e-02
1.040000000000000000e+02 2.329371529338391741e-02 3.999257919922365179e-02
1.050000000000000000e+02 2.134091158428657806e-02 3.732161644630092867e-02
1.060000000000000000e+02 1.947017911790287215e-02 3.470302629751013251e-02
1.070000000000000000e+02 1.768959662531147115e-02 3.214990798817948803e-02
1.080000000000000000e+02 1.600513731155977365e-02 2.967550084409906544e-02
1.090000000000000000e+02 1.442061792114985794e-02 2.729237715064146766e-02
1.100000000000000000e+02 1.293817603061303730e-02 2.501091617784662047e-02
1.110000000000000000e+02 1.155882610082280965e-02 2.283832511149322050e-02
1.120000000000000000e+02 1.028266684774956953e-02 2.077892984508136406e-02
1.130000000000000000e+02 9.108725370382913383e-03 1.883539238070589678e-02
1.140000000000000000e+02 8.034770353587697422e-03 1.700983688019193016e-02
1.150000000000000000e+02 7.057396165855527731e-03 1.530408054183509704e-02
1.160000000000000000e+02 6.172375385935763292e-03 1.371898815060302104e-02
1.170000000000000000e+02 5.375037156029012671e-03 1.225366408996429214e-02
1.180000000000000000e+02 4.660458595211916348e-03 1.090522902423959710e-02
1.190000000000000000e+02 4.023467520234085167e-03 9.669369250220601758e-03
1.200000000000000000e+02 3.458613163713195916e-03 8.541222219355736056e-03
1.210000000000000000e+02 2.960238986373986848e-03 7.515971994815781598e-03
1.220000000000000000e+02 2.522656433518863459e-03 6.588853528650215167e-03
1.230000000000000000e+02 2.140321467111854555e-03 5.754765678711118784e-03
1.240000000000000000e+02 1.807931281594323848e-03 5.007950433307983840e-03
1.250000000000000000e+02 1.520440093167446053e-03 4.342055166953026971e-03
1.260000000000000000e+02 1.273049908708828943e-03 3.750537542520795183e-03
1.270000000000000000e+02 1.061224134305397684e-03 3.227113374476278749e-03
1.280000000000000000e+02 8.807277126104470907e-04 2.765966219307430633e-03
1.290000000000000000e+02 7.276669079531825502e-04 2.361664862236716785e-03
1.300000000000000000e+02 5.985052109777327239e-04 2.008955637475929451e-03
1.310000000000000000e+02 4.900535258533585299e-04 1.702645349743820086e-03
1.320000000000000000e+02 3.994481324693344398e-04 1.437668209236627175e-03
1.330000000000000000e+02 3.241294176286026391e-04 1.209266039144451209e-03
1.340000000000000000e+02 2.618253412970793920e-04 1.013137119522385370e-03
1.350000000000000000e+02 2.105366714594600732e-04 8.454600211711324736e-04
1.360000000000000000e+02 1.685200442185854914e-04 7.028074850640522470e-04
1.370000000000000000e+02 1.342673792820903069e-04 5.820373899249293515e-04
1.380000000000000000e+02 1.064825860640052562e-04 4.802391616864675806e-04
1.390000000000000000e+02 8.405752128729635409e-05 3.947511625856269706e-04
1.400000000000000000e+02 6.604914289434481189e-05 3.232071935316354304e-04
1.410000000000000000e+02 5.165915749344854107e-05 2.635586634288182833e-04
1.420000000000000000e+02 4.021639113030817754e-05 2.140495913087916275e-04
1.430000000000000000e+02 3.116111520028387100e-05 1.731608148170786119e-04
1.440000000000000000e+02 2.403028193013896890e-05 1.395568529585207527e-04
1.450000000000000000e+02 1.844322630050211349e-05 1.120576698244621599e-04
1.460000000000000000e+02 1.408827917811406054e-05 8.963403750216280912e-05
1.470000000000000000e+02 1.071110273606112825e-05 7.140955335516589492e-05
1.480000000000000000e+02 8.105153267570709531e-06 5.665342628577457767e-05
1.490000000000000000e+02 6.103965709830823637e-06 4.476018696317210174e-05
1.500000000000000000e+02 4.574580883215879481e-06 3.522363384775950801e-05
1.510000000000000000e+02 3.411617819018445442e-06 2.761498286415588072e-05
1.520000000000000000e+02 2.531932641297630000e-06 2.157009531735506458e-05
1.530000000000000000e+02 1.870072772090612209e-06 1.678377769915484930e-05
1.540000000000000000e+02 1.374667077441109399e-06 1.300581790601510048e-05
1.550000000000000000e+02 1.005651842641165156e-06 1.003480434053928313e-05
1.560000000000000000e+02 7.320734513297409151e-07 7.709359980857975265e-06
1.570000000000000000e+02 5.302380201176740318e-07 5.898998605716037288e-06
1.580000000000000000e+02 3.821159757963410898e-07 4.496945078436498448e-06
1.590000000000000000e+02 2.740163953114184528e-07 3.415697489094410997e-06
