0.000000000000000000e+00 -4.672047089964467334e-07 -3.853100557044095279e-07
1.000000000000000000e+00 7.561594720223527824e-07 5.153169487713079152e-07
2.000000000000000000e+00 8.865981201769901492e-07 6.258159241178877817e-07
3.000000000000000000e+00 1.183799958435992904e-06 8.565890754066126100e-07
4.000000000000000000e+00 1.588817348457672836e-06 1.175686020182896783e-06
5.000000000000000000e+00 2.125544044950928227e-06 1.606908472540018070e-06
6.000000000000000000e+00 2.831285794230373724e-06 2.185284059451309687e-06
7.000000000000000000e+00 3.754266011031306175e-06 2.956514492216987856e-06
8.000000000000000000e+00 4.955403781003397529e-06 3.979216106446855337e-06
9.000000000000000000e+00 6.511036015780078267e-06 5.328009412469879146e-06
1.000000000000000000e+01 8.516236226970625006e-06 7.097312540665414650e-06
1.100000000000000000e+01 1.108871892164055146e-05 9.405853268133360583e-06
1.200000000000000000e+01 1.437340464140525836e-05 1.240195257700798438e-05
1.300000000000000000e+01 1.854775533318982450e-05 1.626969752805448093e-05
1.400000000000000000e+01 2.382797184299781466e-05 2.123617484116713629e-05
1.500000000000000000e+01 3.047608713650590083e-05 2.757990252829571853e-05
1.600000000000000000e+01 3.880794284167995631e-05 3.564047711794608101e-05
1.700000000000000000e+01 4.920206398243363031e-05 4.582936271133152136e-05
1.800000000000000000e+01 6.210952961319268165e-05 5.864181105116609069e-05
1.900000000000000000e+01 7.806498240114740034e-05 7.467007154872830170e-05
2.000000000000000000e+01 9.769883253627451058e-05 9.461810330654152465e-05
2.100000000000000000e+01 1.217505209702545983e-04 1.193177665436302433e-04
2.200000000000000000e+01 1.510825747111315233e-04 1.497460977811881206e-04
2.300000000000000000e+01 1.866952571892968918e-04 1.870431492083653809e-04
2.400000000000000000e+01 2.297418334618384127e-04 2.325301912626469942e-04
2.500000000000000000e+01 2.815445723027362344e-04 2.877284927536273508e-04
2.600000000000000000e+01 3.436113808719789891e-04 3.543787972490575981e-04
2.700000000000000000e+01 4.176525179639950102e-04 4.344608676665475083e-04
2.800000000000000000e+01 5.055965591609531918e-04 5.302117468184857924e-04
2.900000000000000000e+01 6.096049999142173163e-04 6.441415414502051854e-04
3.000000000000000000e+01 7.320854039344343442e-04 7.790465513241651759e-04
3.100000000000000000e+01 8.757032481157599538e-04 9.380202844097945648e-04
3.200000000000000000e+01 1.043392170244227760e-03 1.124462251730764173e-03
3.300000000000000000e+01 1.238361476609276240e-03 1.342082830256446360e-03
3.400000000000000000e+01 1.464099338169839960e-03 1.594901671776251728e-03
3.500000000000000000e+01 1.724370632468915374e-03 1.887238299118613625e-03
3.600000000000000000e+01 2.023209448378745796e-03 2.223695649035702278e-03
3.700000000000000000e+01 2.364906765183804726e-03 2.609137989929934988e-03
3.800000000000000000e+01 2.753993093664469996e-03 3.048662820451847246e-03
3.900000000000000000e+01 3.195214531730603599e-03 3.547563907733347361e-03
4.000000000000000000e+01 3.693500147595643341e-03 4.111282532194933045e-03
4.100000000000000000e+01 4.253919627842273933e-03 4.745346868426531320e-03
4.200000000000000000e+01 4.881631904438855397e-03 5.455302387729808744e-03
4.300000000000000000e+01 5.581826289783748014e-03 6.246635903131621953e-03
4.400000000000000000e+01 6.359656639116806343e-03 7.124692566782491777e-03
4.500000000000000000e+01 7.220167250770468184e-03 8.094582606216300588e-03
4.600000000000000000e+01 8.168208622234910884e-03 9.161076117379972697e-03
4.700000000000000000e+01 9.208342753494783497e-03 1.032848860351890177e-02
4.800000000000000000e+01 1.034474021348008588e-02 1.160056257142674796e-02
4.900000000000000000e+01 1.158107237014378496e-02 1.298034858677484145e-02
5.000000000000000000e+01 1.292040095436292405e-02 1.447008507980502602e-02
5.100000000000000000e+01 1.436506480728661980e-02 1.607107479532303082e-02
5.200000000000000000e+01 1.591656279064107560e-02 1.778355897911537004e-02
5.300000000000000000e+01 1.757543371777423383e-02 1.960659485279588055e-02
5.400000000000000000e+01 1.934113747968186497e-02 2.153794292101088997e-02
5.500000000000000000e+01 2.121194344227797859e-02 2.357396743907068382e-02
5.600000000000000000e+01 2.318483085245916925e-02 2.570954990911940297e-02
5.700000000000000000e+01 2.525540242301715227e-02 2.793801574857429290e-02
5.800000000000000000e+01 2.741780974384457059e-02 3.025107776737226417e-02
5.900000000000000000e+01 2.966469054192020366e-02 3.263880263484554567e-02
6.000000000000000000e+01 3.198712272190176731e-02 3.508960529779530518e-02
6.100000000000000000e+01 3.437460448611007191e-02 3.759027298933456662e-02
6.200000000000000000e+01 3.681506878068273314e-02 4.012601886641781884e-02
6.300000000000000000e+01 3.929493291002406075e-02 4.268056667022635670e-02
6.400000000000000000e+01 4.179917587851827293e-02 4.523626940469722274e-02
6.500000000000000000e+01 4.431143526040846881e-02 4.777426384058405806e-02
6.600000000000000000e+01 4.681412524616052062e-02 5.027465937227480058e-02
6.700000000000000000e+01 4.928859003587521270e-02 5.271675807144948767e-02
6.800000000000000000e+01 5.171530773869038172e-02 5.507930446418649040e-02
6.900000000000000000e+01 5.407414303295506736e-02 5.734076549409217877e-02
7.000000000000000000e+01 5.634462410278455458e-02 5.947963870443057077e-02
7.100000000000000000e+01 5.850621404721352559e-02 6.147478013366900612e-02
7.200000000000000000e+01 6.053857017141012209e-02 6.330573921885540578e-02
7.300000000000000000e+01 6.242181789622692351e-02 6.495309181766545370e-02
7.400000000000000000e+01 6.413687322070321661e-02 6.639877106042826882e-02
7.500000000000000000e+01 6.566581154740086523e-02 6.762639835773351371e-02
7.600000000000000000e+01 6.699222927794314109e-02 6.862160721349128134e-02
7.700000000000000000e+01 6.810153198490527526e-02 6.937233861511193922e-02
7.800000000000000000e+01 6.898113374580820689e-02 6.986908521032855757e-02
7.900000000000000000e+01 6.962062493777165795e-02 7.010507834007029260e-02
8.000000000000000000e+01 7.001198377115350202e-02 7.007643202741174748e-02
8.100000000000000000e+01 7.014983772682945040e-02 6.978225804073169558e-02
8.200000000000000000e+01 7.003168411869049870e-02 6.922474225701463757e-02
8.300000000000000000e+01 6.965795764608430363e-02 6.840914993359037410e-02
8.400000000000000000e+01 6.903192641671959673e-02 6.734373592935763431e-02
8.500000000000000000e+01 6.815952505853760390e-02 6.603957378719149673e-02
8.600000000000000000e+01 6.704926154081303213e-02 6.451034710974999642e-02
8.700000000000000000e+01 6.571221885696393317e-02 6.277213289954780562e-02
8.800000000000000000e+01 6.416202066129020332e-02 6.084316043603755358e-02
8.900000000000000000e+01 6.241460267997851752e-02 5.874350219007803964e-02
9.000000000000000000e+01 6.048777460765552422e-02 5.649468145233148275e-02
9.100000000000000000e+01 5.840073624885357834e-02 5.411924022323025274e-02
9.200000000000000000e+01 5.617374038936565062e-02 5.164033637914065139e-02
9.300000000000000000e+01 5.382793139783732111e-02 4.908139876844934413e-02
9.400000000000000000e+01 5.138519256524882312e-02 4.646580342236740491e-02
9.500000000000000000e+01 4.886781087068275964e-02 4.381651634736599688e-02
9.600000000000000000e+01 4.629794861143100848e-02 4.115570109350728117e-02
9.700000000000000000e+01 4.369711624863542587e-02 3.850435546357687533e-02
9.800000000000000000e+01 4.108585805635930899e-02 3.588204612030242158e-02
9.900000000000000000e+01 3.848367080259480766e-02 3.330674448287314349e-02
1.000000000000000000e+02 3.590897028145208919e-02 3.079470246605631872e-02
1.010000000000000000e+02 3.337890933503473434e-02 2.836031255102266710e-02
1.020000000000000000e+02 3.090904043519199923e-02 2.601596454812951306e-02
1.030000000000000000e+02 2.851300772323474286e-02 2.377196393698721363e-02
1.040000000000000000e+02 2.620245393442026741e-02 2.163655565832003913e-02
1.050000000000000000e+02 2.398714496243849192e-02 1.961602747701408217e-02
1.060000000000000000e+02 2.187514052687412197e-02 1.771482540446257456e-02
1.070000000000000000e+02 1.987284416038925111e-02 1.593564204290643521e-02
1.080000000000000000e+02 1.798492946259007061e-02 1.427950070395194761e-02
1.090000000000000000e+02 1.621428696951204840e-02 1.274588462217166041e-02
1.100000000000000000e+02 1.456212481054258018e-02 1.133292705889810126e-02
1.110000000000000000e+02 1.302821468033006809e-02 1.003762650655158108e-02
1.120000000000000000e+02 1.161115458178699905e-02 8.856037824886777571e-03
1.130000000000000000e+02 1.030853357914802114e-02 7.783424146398192772e-03
1.140000000000000000e+02 9.116999754618753532e-03 6.814394385967942162e-03
1.150000000000000000e+02 8.032325718721611621e-03 5.943055801095760080e-03
1.160000000000000000e+02 7.049552368649857764e-03 5.163182025477024671e-03
1.170000000000000000e+02 6.163202171422597908e-03 4.468370327278440614e-03
1.180000000000000000e+02 5.367485411150434843e-03 3.852164653808316450e-03
1.190000000000000000e+02 4.656436151646621384e-03 3.308145357069958853e-03
1.200000000000000000e+02 4.023981590390511044e-03 2.830004200529541436e-03
1.210000000000000000e+02 3.463997040669907455e-03 2.411618653793218704e-03
1.220000000000000000e+02 2.970388786462818068e-03 2.047122544337078194e-03
1.230000000000000000e+02 2.537200814434345357e-03 1.730960722626751977e-03
1.240000000000000000e+02 2.158709451735377378e-03 1.457921141356124332e-03
1.250000000000000000e+02 1.829478025784600200e-03 1.223149429811102489e-03
1.260000000000000000e+02 1.544375057342334398e-03 1.022155941211238574e-03
1.270000000000000000e+02 1.298580497800022908e-03 8.508205673749571997e-04
1.280000000000000000e+02 1.087599287417590453e-03 7.053935384471610040e-04
1.290000000000000000e+02 9.072817524718200044e-04 5.824883574786277919e-04
1.300000000000000000e+02 7.538374986204134445e-04 4.790663628870800287e-04
1.310000000000000000e+02 6.238328365209748309e-04 3.924162727703162947e-04
1.320000000000000000e+02 5.141737508466774067e-04 3.201325695874288079e-04
1.330000000000000000e+02 4.220840299484758616e-04 2.600942509243766481e-04
1.340000000000000000e+02 3.450861073347251287e-04 2.104433021502273007e-04
1.350000000000000000e+02 2.809851207684144008e-04 1.695620709630302387e-04
1.360000000000000000e+02 2.278521856771906771e-04 1.360498913735319094e-04
1.370000000000000000e+02 1.840038391273912633e-04 1.087001647745945081e-04
1.380000000000000000e+02 1.479783395866228718e-04 8.647890173662580663e-05
1.390000000000000000e+02 1.185118485629635794e-04 6.850496691392083098e-05
1.400000000000000000e+02 9.451690043414472759e-05 5.403177811347174532e-05
1.410000000000000000e+02 7.506345678934992578e-05 4.243025669146913159e-05
1.420000000000000000e+02 5.936145474073823883e-05 3.317309667762130098e-05
1.430000000000000000e+02 4.674392312060123651e-05 2.582053947593775494e-05
1.440000000000000000e+02 3.665070164880474788e-05 2.000773565742140393e-05
1.450000000000000000e+02 2.861342618272318130e-05 1.543360929588983381e-05
1.460000000000000000e+02 2.224231168020518576e-05 1.185106451582090034e-05
1.470000000000000000e+02 1.721474007855811045e-05 9.058397438963636966e-06
1.480000000000000000e+02 1.326529763002061588e-05 6.891823027454525096e-06
1.490000000000000000e+02 1.017691819738070295e-05 5.219040188851955069e-06
1.500000000000000000e+02 7.773004789134088977e-06 3.933743197329578847e-06
1.510000000000000000e+02 5.910557503025349475e-06 2.950971974340049398e-06
1.520000000000000000e+02 4.474326972587078210e-06 2.203193737488987859e-06
1.530000000000000000e+02 3.371912482289749669e-06 1.637019399816127171e-06
1.540000000000000000e+02 2.529652154827870496e-06 1.210469872175278511e-06
1.550000000000000000e+02 1.889157264396848950e-06 8.907160924381565212e-07
1.560000000000000000e+02 1.404391511799988386e-06 6.522236205236666869e-07
1.570000000000000000e+02 1.039236141952900695e-06 4.752397175832661380e-07
1.580000000000000000e+02 7.654907948809849684e-07 3.445679445818711103e-07
1.590000000000000000e+02 5.612505888409728916e-07 2.485819632916996647e-07
