0.000000000000000000e+00 2.149062890546324978e-06 1.332841477289538662e-05
1.000000000000000000e+00 2.536193056337035014e-06 1.235547834814674203e-05
2.000000000000000000e+00 3.103755596404663326e-06 1.471496767603462564e-05
3.000000000000000000e+00 3.968156665932309052e-06 1.762942216151262980e-05
4.000000000000000000e+00 5.106155017270766900e-06 2.143282680816647147e-05
5.000000000000000000e+00 6.557732406587278374e-06 2.611367121313405994e-05
6.000000000000000000e+00 8.393740654754936831e-06 3.178162600117384389e-05
7.000000000000000000e+00 1.070466720165228409e-05 3.859907134626944914e-05
8.000000000000000000e+00 1.360132707152164117e-05 4.676536135106381422e-05
9.000000000000000000e+00 1.721791564611289100e-05 5.651512211648037666e-05
1.000000000000000000e+01 2.171598913218284569e-05 6.812060456764829509e-05
1.100000000000000000e+01 2.728913432224367862e-05 8.189558190047688789e-05
1.200000000000000000e+01 3.416831001623466392e-05 9.820006406378868592e-05
1.300000000000000000e+01 4.262789123956582123e-05 1.174455787748112376e-04
1.400000000000000000e+01 5.299245823106926294e-05 1.401009096851319271e-04
1.500000000000000000e+01 6.564437407120478124e-05 1.666982330910206421e-04
1.600000000000000000e+01 8.103219155423709160e-05 1.978396256261806367e-04
1.700000000000000000e+01 9.967992323457630535e-05 2.342039387765719623e-04
1.800000000000000000e+01 1.221971957725877527e-04 2.765540391013979367e-04
1.900000000000000000e+01 1.492902943134373386e-04 3.257443795433727948e-04
2.000000000000000000e+01 1.817740834051663707e-04 3.827287997193819019e-04
2.100000000000000000e+01 2.205847718090795794e-04 4.485683841415724930e-04
2.200000000000000000e+01 2.667934661363257514e-04 5.244391883364214616e-04
2.300000000000000000e+01 3.216204324725561395e-04 6.116397065386332396e-04
2.400000000000000000e+01 3.864499532643433021e-04 7.115980735327841634e-04
2.500000000000000000e+01 4.628456287713656804e-04 8.258790656492978046e-04
2.600000000000000000e+01 5.525659281744164280e-04 9.561908736821252272e-04
2.700000000000000000e+01 6.575797414246479546e-04 1.104391324979842872e-03
2.800000000000000000e+01 7.800816218052372512e-04 1.272492868515592412e-03
2.900000000000000000e+01 9.225063478455537052e-04 1.462665492366224760e-03
3.000000000000000000e+01 1.087542388270580553e-03 1.677237072998333115e-03
3.100000000000000000e+01 1.278143829202220373e-03 1.918691416873339814e-03
3.200000000000000000e+01 1.497540291673745815e-03 2.189664957047678107e-03
3.300000000000000000e+01 1.749244279355534207e-03 2.492942984786019819e-03
3.400000000000000000e+01 2.037055228073809694e-03 2.831455021847006925e-03
3.500000000000000000e+01 2.365059351369691674e-03 3.208266973183457847e-03
3.600000000000000000e+01 2.737624344765175310e-03 3.626566512158009049e-03
3.700000000000000000e+01 3.159388224699926154e-03 4.089639330569942895e-03
3.800000000000000000e+01 3.635241896929521099e-03 4.600837664005225786e-03
3.900000000000000000e+01 4.170305090947843893e-03 5.163546756637815531e-03
4.000000000000000000e+01 4.769894765412795862e-03 5.781155937942211373e-03
4.100000000000000000e+01 5.439484252087608239e-03 6.457036119221461028e-03
4.200000000000000000e+01 6.184651171352265053e-03 7.194516308334441071e-03
4.300000000000000000e+01 7.011013343440347309e-03 7.996844614187401806e-03
4.400000000000000000e+01 7.924154124378598660e-03 8.867121951912148442e-03
4.500000000000000000e+01 8.929539841760826199e-03 9.808211666536014589e-03
4.600000000000000000e+01 1.003243028002301189e-02 1.082264763870029352e-02
4.700000000000000000e+01 1.123777900856065028e-02 1.191257144612056784e-02
4.800000000000000000e+01 1.255011781190137725e-02 1.307971347934506687e-02
4.900000000000000000e+01 1.397342314085292178e-02 1.432539740504436450e-02
5.000000000000000000e+01 1.551097191202662276e-02 1.565051578083926156e-02
5.100000000000000000e+01 1.716520123341016765e-02 1.705542748321392521e-02
5.200000000000000000e+01 1.893758202965245899e-02 1.853977681239923209e-02
5.300000000000000000e+01 2.082849978621068021e-02 2.010230403725375009e-02
5.400000000000000000e+01 2.283712132638153480e-02 2.174075318555535041e-02
5.500000000000000000e+01 2.496123389959498812e-02 2.345194025119265446e-02
5.600000000000000000e+01 2.719707428830830942e-02 2.523193250535068349e-02
5.700000000000000000e+01 2.953919528070810332e-02 2.707618158302173630e-02
5.800000000000000000e+01 3.198040860301928912e-02 2.897944666986464884e-02
5.900000000000000000e+01 3.451179013969084969e-02 3.093547996015250795e-02
6.000000000000000000e+01 3.712267860403604264e-02 3.293665190317954239e-02
6.100000000000000000e+01 3.980060671501686048e-02 3.497381093001217245e-02
6.200000000000000000e+01 4.253119054170959729e-02 3.703657258686753745e-02
6.300000000000000000e+01 4.529809736406379544e-02 3.911393788390277182e-02
6.400000000000000000e+01 4.808320742382108520e-02 4.119484752259814503e-02
6.500000000000000000e+01 5.086694884267712463e-02 4.326824033876437714e-02
6.600000000000000000e+01 5.362862743698040835e-02 4.532250321138678317e-02
6.700000000000000000e+01 5.634656630882533407e-02 4.734469514181035427e-02
6.800000000000000000e+01 5.899806945512044848e-02 4.932022129128519478e-02
6.900000000000000000e+01 6.155946582289185953e-02 5.123342747138903003e-02
7.000000000000000000e+01 6.400651326471348823e-02 5.306894055198858873e-02
7.100000000000000000e+01 6.631515652307046205e-02 5.481293833626015022e-02
7.200000000000000000e+01 6.846227377791452851e-02 5.645343228695811483e-02
7.300000000000000000e+01 7.042599142837113746e-02 5.797928394512718436e-02
7.400000000000000000e+01 7.218553052936912962e-02 5.937866167307254139e-02
7.500000000000000000e+01 7.372104911682605954e-02 6.063822282502669830e-02
7.600000000000000000e+01 7.501403950351398509e-02 6.174393130479637060e-02
7.700000000000000000e+01 7.604834195401177777e-02 6.268324345965869959e-02
7.800000000000000000e+01 7.681117063372036591e-02 6.344725062493564161e-02
7.900000000000000000e+01 7.729340059369810279e-02 6.403119372919865993e-02
8.000000000000000000e+01 7.748898090319519816e-02 6.443284554990007240e-02
8.100000000000000000e+01 7.739418175936965683e-02 6.464987589312956584e-02
8.200000000000000000e+01 7.700759261763660823e-02 6.467822794874297787e-02
8.300000000000000000e+01 7.633106227618052797e-02 6.451293105161015617e-02
8.400000000000000000e+01 7.537076229715064524e-02 6.415098368318965238e-02
8.500000000000000000e+01 7.413728597730318004e-02 6.359426950530111533e-02
8.600000000000000000e+01 7.264451830135801313e-02 6.285025804996055565e-02
8.700000000000000000e+01 7.090817211391921282e-02 6.192978237988077533e-02
8.800000000000000000e+01 6.894521719188684283e-02 6.084338490114322290e-02
8.900000000000000000e+01 6.677454503177000789e-02 5.959888561169569138e-02
9.000000000000000000e+01 6.441795194458213580e-02 5.820199361170599883e-02
9.100000000000000000e+01 6.190014532687306004e-02 5.665951402714195645e-02
9.200000000000000000e+01 5.924738761306722751e-02 5.498269703391414631e-02
9.300000000000000000e+01 5.648570284497261840e-02 5.318809463539243831e-02
9.400000000000000000e+01 5.363998183761500144e-02 5.129512692511248306e-02
9.500000000000000000e+01 5.073443249379191305e-02 4.932202874612444388e-02
9.600000000000000000e+01 4.779352680297968559e-02 4.728305553799332095e-02
9.700000000000000000e+01 4.484217026187019284e-02 4.518886051311603314e-02
9.800000000000000000e+01 4.190464378188854533e-02 4.304956993116244857e-02
9.900000000000000000e+01 3.900308619497169088e-02 4.087809518099995432e-02
1.000000000000000000e+02 3.615670244981689097e-02 3.869111966877435138e-02
1.010000000000000000e+02 3.338215386469422369e-02 3.650701562643302728e-02
1.020000000000000000e+02 3.069449314620621011e-02 3.434224503948907908e-02
1.030000000000000000e+02 2.810761073073595601e-02 3.220883527548694392e-02
1.040000000000000000e+02 2.563376226428320387e-02 3.011459684867036357e-02
1.050000000000000000e+02 2.328267803808246883e-02 2.806567009406633201e-02
1.060000000000000000e+02 2.106111060700576604e-02 2.606934807287027839e-02
1.070000000000000000e+02 1.897320230707853078e-02 2.413509632842095187e-02
1.080000000000000000e+02 1.702129823040636480e-02 2.227317754879317574e-02
1.090000000000000000e+02 1.520652032992016872e-02 2.049207220447401417e-02
1.100000000000000000e+02 1.352876433366292236e-02 1.879663548800138140e-02
1.110000000000000000e+02 1.198636361821536246e-02 1.718821417529111870e-02
1.120000000000000000e+02 1.057592209787990706e-02 1.566643934538666794e-02
1.130000000000000000e+02 9.292583721841952624e-03 1.423127453653275434e-02
1.140000000000000000e+02 8.130581561340128466e-03 1.288390194424001919e-02
1.150000000000000000e+02 7.083703575760272146e-03 1.162603435504144800e-02
1.160000000000000000e+02 6.145457109914479431e-03 1.045840010903293336e-02
1.170000000000000000e+02 5.309008642765296326e-03 9.379616828228447972e-03
1.180000000000000000e+02 4.567134497101181002e-03 8.386221485765081932e-03
1.190000000000000000e+02 3.912340690312566052e-03 7.473713411638853096e-03
1.200000000000000000e+02 3.337119976054906973e-03 6.637795764761549380e-03
1.210000000000000000e+02 2.834198060063215698e-03 5.874998019129716240e-03
1.220000000000000000e+02 2.396655204107419907e-03 5.182422351281228828e-03
1.230000000000000000e+02 2.017925923715928674e-03 4.556994816966489226e-03
1.240000000000000000e+02 1.691761837007133050e-03 3.994862467519925617e-03
1.250000000000000000e+02 1.412235410741354523e-03 3.491354205943524719e-03
1.260000000000000000e+02 1.173797584058851491e-03 3.041461622390126927e-03
1.270000000000000000e+02 9.713475743250236374e-04 2.640453373945706502e-03
1.280000000000000000e+02 8.002676837862200427e-04 2.284221101676234180e-03
1.290000000000000000e+02 6.564088701960169503e-04 1.969212482385530524e-03
1.300000000000000000e+02 5.360475454042965947e-04 1.692106759576739259e-03
1.310000000000000000e+02 4.358441351767617755e-04 1.449518880297784654e-03
1.320000000000000000e+02 3.528196053070808101e-04 1.237931447657155109e-03
1.330000000000000000e+02 2.843453509700430426e-04 1.053856435574922852e-03
1.340000000000000000e+02 2.281315264552296316e-04 8.940754654008470186e-04
1.350000000000000000e+02 1.822032204012128819e-04 7.557889306090726260e-04
1.360000000000000000e+02 1.448652068254223651e-04 6.366015826277397673e-04
1.370000000000000000e+02 1.146639935870155837e-04 5.343933510085759151e-04
1.380000000000000000e+02 9.035569722648592193e-05 4.471835952557670722e-04
1.390000000000000000e+02 7.088231849290186856e-05 3.730720026851468184e-04
1.400000000000000000e+02 5.535316351385451204e-05 3.102679916413316331e-04
1.410000000000000000e+02 4.302659155980914456e-05 2.571602926148760528e-04
1.420000000000000000e+02 3.328981637448880879e-05 2.123649846777757473e-04
1.430000000000000000e+02 2.563801448853800826e-05 1.747201168293481511e-04
1.440000000000000000e+02 1.965555776793496864e-05 1.432372878501254605e-04
1.450000000000000000e+02 1.500116510181906135e-05 1.170446011927317594e-04
1.460000000000000000e+02 1.139666484679540061e-05 9.535115118008552894e-05
1.470000000000000000e+02 8.617759342156445289e-06 7.744143188212566291e-05
1.480000000000000000e+02 6.485398021188080390e-06 6.268736493427858806e-05
1.490000000000000000e+02 4.857446319401202513e-06 5.055864636978321056e-05
1.500000000000000000e+02 3.621189506734139123e-06 4.061928650200621340e-05
1.510000000000000000e+02 2.687268397278041222e-06 3.251085934416224132e-05
1.520000000000000000e+02 1.985132156914200993e-06 2.593146228108503078e-05
1.530000000000000000e+02 1.459596529520284035e-06 2.061970186357108380e-05
1.540000000000000000e+02 1.067989125830644791e-06 1.634752055988290682e-05
1.550000000000000000e+02 7.775970395830557982e-07 1.291954059117837000e-05
1.560000000000000000e+02 5.634174638845677372e-07 1.017378694405514266e-05
1.570000000000000000e+02 4.063258089021494870e-07 7.979860859959556226e-06
1.580000000000000000e+02 2.917052047545344374e-07 6.233836127741600858e-06
1.590000000000000000e+02 2.084561796058748170e-07 4.851710812492946394e-06
