0.000000000000000000e+00 6.994213353525283605e-06 9.526196265846211377e-04
1.000000000000000000e+00 5.275762191566086222e-07 7.542292489048193578e-06
2.000000000000000000e+00 6.102594939770939302e-07 7.563854321755387703e-06
3.000000000000000000e+00 8.139733842665648376e-07 8.865221637008207622e-06
4.000000000000000000e+00 1.094680110110917834e-06 1.062422356879558396e-05
5.000000000000000000e+00 1.469514975460401876e-06 1.277337657237078920e-05
6.000000000000000000e+00 1.966060620305645476e-06 1.535330546000056236e-05
7.000000000000000000e+00 2.620078923508425601e-06 1.843966872321784329e-05
8.000000000000000000e+00 3.476924506093913370e-06 2.212778978948733643e-05
9.000000000000000000e+00 4.594218105676719102e-06 2.652455481158441609e-05
1.000000000000000000e+01 6.045445973935423770e-06 3.174238420595156077e-05
1.100000000000000000e+01 7.924050421527114227e-06 3.789744458581369304e-05
1.200000000000000000e+01 1.034751434234477647e-05 4.511465068928521756e-05
1.300000000000000000e+01 1.346135293053992646e-05 5.353947218430445023e-05
1.400000000000000000e+01 1.744372536718686369e-05 6.335287494539063339e-05
1.500000000000000000e+01 2.251200767268615987e-05 7.478297345477877061e-05
1.600000000000000000e+01 2.893243503829924870e-05 8.810705945570200103e-05
1.700000000000000000e+01 3.703262151683269675e-05 1.036413887171194797e-04
1.800000000000000000e+01 4.721512935012900440e-05 1.217224300022399760e-04
1.900000000000000000e+01 5.996970693994983158e-05 1.426893417553695166e-04
2.000000000000000000e+01 7.588340493681231750e-05 1.668795644769599518e-04
2.100000000000000000e+01 9.565098048653123373e-05 1.946451553690977049e-04
2.200000000000000000e+01 1.200904706860488091e-04 2.263876463961353609e-04
2.300000000000000000e+01 1.501678379008978496e-04 2.625981638039237760e-04
2.400000000000000000e+01 1.870295195596488721e-04 3.038833598639457349e-04
2.500000000000000000e+01 2.320355518633401652e-04 3.509609428751387923e-04
2.600000000000000000e+01 2.867840444782901346e-04 4.046216449843434144e-04
2.700000000000000000e+01 3.531237052335837166e-04 4.656724416881909958e-04
2.800000000000000000e+01 4.331623613298339571e-04 5.348897399094291712e-04
2.900000000000000000e+01 5.292874133736609607e-04 6.130119834232676274e-04
3.000000000000000000e+01 6.442099818637313496e-04 7.007851239105496741e-04
3.100000000000000000e+01 7.810273191933558845e-04 7.990473963029972497e-04
3.200000000000000000e+01 9.432790602843864163e-04 9.088151626908684728e-04
3.300000000000000000e+01 1.134969179476848743e-03 1.031323467662749677e-03
3.400000000000000000e+01 1.360545874903871036e-03 1.167990711084959405e-03
3.500000000000000000e+01 1.624865113707757045e-03 1.320312251863436492e-03
3.600000000000000000e+01 1.933183305573930302e-03 1.489727183169938353e-03
3.700000000000000000e+01 2.291207631416933895e-03 1.677524746312965102e-03
3.800000000000000000e+01 2.705183015948147644e-03 1.884845865656456249e-03
3.900000000000000000e+01 3.181948507007894417e-03 2.112791379979952165e-03
4.000000000000000000e+01 3.728896568605842305e-03 2.362591460338199674e-03
4.100000000000000000e+01 4.353829029518270673e-03 2.635750503905976913e-03
4.200000000000000000e+01 5.064784067576701306e-03 2.934082534435402366e-03
4.300000000000000000e+01 5.869941422817222254e-03 3.259598526220754740e-03
4.400000000000000000e+01 6.777656206743939635e-03 3.614280466286728943e-03
4.500000000000000000e+01 7.796555332806733712e-03 3.999841774860600670e-03
4.600000000000000000e+01 8.935546709575645577e-03 4.417593097407733829e-03
4.700000000000000000e+01 1.020362310421173493e-02 4.868489162610360223e-03
4.800000000000000000e+01 1.160948582306372927e-02 5.353342721600765769e-03
4.900000000000000000e+01 1.316116231222401456e-02 5.873100485017696167e-03
5.000000000000000000e+01 1.486581514156170257e-02 6.429032941611953662e-03
5.100000000000000000e+01 1.672979470850141301e-02 7.022721567034396865e-03
5.200000000000000000e+01 1.875877496049932133e-02 7.655822514060383298e-03
5.300000000000000000e+01 2.095770843889652527e-02 8.329701141053132835e-03
5.400000000000000000e+01 2.333045122761684062e-02 9.045107654098726718e-03
5.500000000000000000e+01 2.587917007920719978e-02 9.802055783261615779e-03
5.600000000000000000e+01 2.860384441529036786e-02 1.059997053738191523e-02
5.700000000000000000e+01 3.150213436021891134e-02 1.143803369418782377e-02
5.800000000000000000e+01 3.456961222086942648e-02 1.231554900808030754e-02
5.900000000000000000e+01 3.780006183171038397e-02 1.323213098425022292e-02
6.000000000000000000e+01 4.118548751942384401e-02 1.418760376853405586e-02
6.100000000000000000e+01 4.471571329240874026e-02 1.518164162583805939e-02
6.200000000000000000e+01 4.837781098040988548e-02 1.621331826916890678e-02
6.300000000000000000e+01 5.215577820760865929e-02 1.728078767898219917e-02
6.400000000000000000e+01 5.603073115295645334e-02 1.838125993600342456e-02
6.500000000000000000e+01 5.998149908962827764e-02 1.951128831018611454e-02
6.600000000000000000e+01 6.398521476612323289e-02 2.066722486711467660e-02
6.700000000000000000e+01 6.801752997619731067e-02 2.184561518580450945e-02
6.800000000000000000e+01 7.205242244672156737e-02 2.304333319858387769e-02
6.900000000000000000e+01 7.606192290811274181e-02 2.425738883448887509e-02
7.000000000000000000e+01 8.001618473294580536e-02 2.548450838183488956e-02
7.100000000000000000e+01 8.388407117592576456e-02 2.672070636187055120e-02
7.200000000000000000e+01 8.763405348853198218e-02 2.796107590966735376e-02
7.300000000000000000e+01 9.123500484194130289e-02 2.919991533435645908e-02
7.400000000000000000e+01 9.465659515959187753e-02 3.043113797103470103e-02
7.500000000000000000e+01 9.786932697202541109e-02 3.164877043516722832e-02
7.600000000000000000e+01 1.008445281950078320e-01 3.284730363764743616e-02
7.700000000000000000e+01 1.035546271503062637e-01 3.402173925070633986e-02
7.800000000000000000e+01 1.059737935684134935e-01 3.516733003416362691e-02
7.900000000000000000e+01 1.080787419463397625e-01 3.627916766143855082e-02
8.000000000000000000e+01 1.098493782414826647e-01 3.735184902381387395e-02
8.100000000000000000e+01 1.112690919306207199e-01 3.837941171633711679e-02
8.200000000000000000e+01 1.123247372703978786e-01 3.935559179787517792e-02
8.300000000000000000e+01 1.130065246689068437e-01 4.027429358762536771e-02
8.400000000000000000e+01 1.133080425372677280e-01 4.113005613455538584e-02
8.500000000000000000e+01 1.132264781550080118e-01 4.191830521253373659e-02
8.600000000000000000e+01 1.127629264097607525e-01 4.263528813429289660e-02
8.700000000000000000e+01 1.119225889544941122e-01 4.327774649522947437e-02
8.800000000000000000e+01 1.107147159192533592e-01 4.384251182747679609e-02
8.900000000000000000e+01 1.091522809558531093e-01 4.432624683016481854e-02
9.000000000000000000e+01 1.072515144999783149e-01 4.472548069363511958e-02
9.100000000000000000e+01 1.050314688396049162e-01 4.503693787685650318e-02
9.200000000000000000e+01 1.025137275713933760e-01 4.525801082644299173e-02
9.300000000000000000e+01 9.972224381861173603e-02 4.538715282309599419e-02
9.400000000000000000e+01 9.668317979219342995e-02 4.542400331249550616e-02
9.500000000000000000e+01 9.342459971836268584e-02 4.536918662908614314e-02
9.600000000000000000e+01 8.997595551775594558e-02 4.522388386708189878e-02
9.700000000000000000e+01 8.636744193941306436e-02 4.498938943189709910e-02
9.800000000000000000e+01 8.262938782384264547e-02 4.466687225588346355e-02
9.900000000000000000e+01 7.879182540559412362e-02 4.425746047480582507e-02
1.000000000000000000e+02 7.488425573692239490e-02 4.376260640872389057e-02
1.010000000000000000e+02 7.093549670972848498e-02 4.318454618171264220e-02
1.020000000000000000e+02 6.697345996759938858e-02 4.252661623983381572e-02
1.030000000000000000e+02 6.302478379228300398e-02 4.179325402390186156e-02
1.040000000000000000e+02 5.911438634424342337e-02 4.098966164303199239e-02
1.050000000000000000e+02 5.526508976473677726e-02 4.012127617941702029e-02
1.060000000000000000e+02 5.149743540471408282e-02 3.919328666346416634e-02
1.070000000000000000e+02 4.782969156274154143e-02 3.821041636942709707e-02
1.080000000000000000e+02 4.427794304493227334e-02 3.717705877426911304e-02
1.090000000000000000e+02 4.085613144782578032e-02 3.609768037761466181e-02
1.100000000000000000e+02 3.757599445858051529e-02 3.497727081572904462e-02
1.110000000000000000e+02 3.444696196424722190e-02 3.382159656454176294e-02
1.120000000000000000e+02 3.147611946590057885e-02 3.263711118678317563e-02
1.130000000000000000e+02 2.866831041215621781e-02 3.143054466424175658e-02
1.140000000000000000e+02 2.602635787659870678e-02 3.020835258214488867e-02
1.150000000000000000e+02 2.355131753425688396e-02 2.897627405219706243e-02
1.160000000000000000e+02 2.124267686992879767e-02 2.773919186312518576e-02
1.170000000000000000e+02 1.909847813648860027e-02 2.650133837213359406e-02
1.180000000000000000e+02 1.711540942616507008e-02 2.526672218889824614e-02
1.190000000000000000e+02 1.528892885544839465e-02 2.403954765366866919e-02
1.200000000000000000e+02 1.361345340958496943e-02 2.282441076556050372e-02
1.210000000000000000e+02 1.208259047445397333e-02 2.162617257369983670e-02
1.220000000000000000e+02 1.068935985781592143e-02 2.044957295965841790e-02
1.230000000000000000e+02 9.426365594427043096e-03 1.929877289055396614e-02
1.240000000000000000e+02 8.285914140999748462e-03 1.817704134783915820e-02
1.250000000000000000e+02 7.260106712339410226e-03 1.708672455562154982e-02
1.260000000000000000e+02 6.340937330942124882e-03 1.602949359281966371e-02
1.270000000000000000e+02 5.520407858656256085e-03 1.500673467991358104e-02
1.280000000000000000e+02 4.790647002899520342e-03 1.401988816539712600e-02
1.290000000000000000e+02 4.144010682757093104e-03 1.307058125854751104e-02
1.300000000000000000e+02 3.573149988151678395e-03 1.216051044536975954e-02
1.310000000000000000e+02 3.071049798683896537e-03 1.129115344065072767e-02
1.320000000000000000e+02 2.631052169806022585e-03 1.046346641722893656e-02
1.330000000000000000e+02 2.246877544546554105e-03 9.677717109251818273e-03
1.340000000000000000e+02 1.912647601473815373e-03 8.933527455823611629e-03
1.350000000000000000e+02 1.622904812275560065e-03 8.230094220214329709e-03
1.360000000000000000e+02 1.372621591061427533e-03 7.566475753737495619e-03
1.370000000000000000e+02 1.157196035982044693e-03 6.941813795455250083e-03
1.380000000000000000e+02 9.724370549223018819e-04 6.355403889341244665e-03
1.390000000000000000e+02 8.145446028417208236e-04 5.806608575480281045e-03
1.400000000000000000e+02 6.800895908716935194e-04 5.294681664260223949e-03
1.410000000000000000e+02 5.659947224899315992e-04 4.818605082534990237e-03
1.420000000000000000e+02 4.695149272604135036e-04 4.377021082779558418e-03
1.430000000000000000e+02 3.882156861023270474e-04 3.968287328921381481e-03
1.440000000000000000e+02 3.199488791980018032e-04 3.590621391830940527e-03
1.450000000000000000e+02 2.628273230759892295e-04 3.242264025047957542e-03
1.460000000000000000e+02 2.151997324227744861e-04 2.921591432203950872e-03
1.470000000000000000e+02 1.756273205555393109e-04 2.627139820281500834e-03
1.480000000000000000e+02 1.428623017857631294e-04 2.357550726282077805e-03
1.490000000000000000e+02 1.158279137531390045e-04 2.111480009857452309e-03
1.500000000000000000e+02 9.359952178933677767e-05 1.887522619663848430e-03
1.510000000000000000e+02 7.538669551953041011e-05 1.684188948092150452e-03
1.520000000000000000e+02 6.051647491464260677e-05 1.499938524682635586e-03
1.530000000000000000e+02 4.841812603322593895e-05 1.333249219074136328e-03
1.540000000000000000e+02 3.860953727917908949e-05 1.182687345109952742e-03
1.550000000000000000e+02 3.068519104622856894e-05 1.046949357171321308e-03
1.560000000000000000e+02 2.430551588111216660e-05 9.248635359425662035e-04
1.570000000000000000e+02 1.918742333138599579e-05 8.153597978693187748e-04
1.580000000000000000e+02 1.509590640705942340e-05 7.174281157722310924e-04
1.590000000000000000e+02 1.183664324105073890e-05 6.300867586351622564e-04
