0.000000000000000000e+00 3.946341079187759195e-09 -4.383228660224204381e-05
1.000000000000000000e+00 6.920616859190076344e-10 7.408854364090610887e-05
2.000000000000000000e+00 1.135916714589277415e-09 6.798907399387034596e-05
3.000000000000000000e+00 1.815699598767879863e-09 7.745077144409614318e-05
4.000000000000000000e+00 2.880777483280408467e-09 9.164083806249748827e-05
5.000000000000000000e+00 4.536052028234249405e-09 1.091575089253102315e-04
6.000000000000000000e+00 7.088669938553191448e-09 1.300204181994900170e-04
7.000000000000000000e+00 1.099478939956738377e-08 1.546163803396620527e-04
8.000000000000000000e+00 1.692634691696045030e-08 1.834837538784074183e-04
9.000000000000000000e+00 2.586506583463829217e-08 2.172615704717648034e-04
1.000000000000000000e+01 3.923352820252426831e-08 2.566797926283957525e-04
1.100000000000000000e+01 5.907656358115149204e-08 3.025624020149323920e-04
1.200000000000000000e+01 8.830955796329826030e-08 3.558358080734455435e-04
1.300000000000000000e+01 1.310558306544943358e-07 4.175397983806748595e-04
1.400000000000000000e+01 1.931003808161195574e-07 4.888390490640786732e-04
1.500000000000000000e+01 2.824949017846074405e-07 5.710332792279686339e-04
1.600000000000000000e+01 4.103571531923627959e-07 6.655646293253190699e-04
1.700000000000000000e+01 5.919173821863988661e-07 7.740221436578185749e-04
1.800000000000000000e+01 8.478760195531659878e-07 8.981450675778152384e-04
1.900000000000000000e+01 1.206148894534457351e-06 1.039828157957119192e-03
2.000000000000000000e+01 1.704090443755561939e-06 1.201132212643912832e-03
2.100000000000000000e+01 2.391299823561913794e-06 1.384300831470313808e-03
2.200000000000000000e+01 3.333130864107267035e-06 1.591780461675936951e-03
2.300000000000000000e+01 4.615041935635910875e-06 1.826236845542061242e-03
2.400000000000000000e+01 6.347937715702292321e-06 2.090559582723165374e-03
2.500000000000000000e+01 8.674669111216607082e-06 2.387849561315263849e-03
2.600000000000000000e+01 1.177786986591947098e-05 2.721391464682794935e-03
2.700000000000000000e+01 1.588931808480537546e-05 3.094622624115761240e-03
2.800000000000000000e+01 2.130101657943268641e-05 3.511115025514684965e-03
2.900000000000000000e+01 2.837818638430710555e-05 3.974584141777559934e-03
3.000000000000000000e+01 3.757436295744177423e-05 4.488924899615762132e-03
3.100000000000000000e+01 4.944877144335849210e-05 5.058256181151778164e-03
3.200000000000000000e+01 6.468613776581752257e-05 5.686940807372245152e-03
3.300000000000000000e+01 8.411906257412387331e-05 6.379548562828605413e-03
3.400000000000000000e+01 1.087530470646015857e-04 7.140750518668200798e-03
3.500000000000000000e+01 1.397942112194360898e-04 7.975168358006169342e-03
3.600000000000000000e+01 1.786796860792778095e-04 8.887236075000063198e-03
3.700000000000000000e+01 2.271105929540016670e-04 9.881141242616174949e-03
3.800000000000000000e+01 2.870874426537394527e-04 1.096088393222799558e-02
3.900000000000000000e+01 3.609476963715332713e-04 1.213042856924478885e-02
4.000000000000000000e+01 4.514051274653290823e-04 1.339385650352996338e-02
4.100000000000000000e+01 5.615905074400952008e-04 1.475539530805376233e-02
4.200000000000000000e+01 6.950930103806094926e-04 1.621923466089392890e-02
4.300000000000000000e+01 8.560015851209505037e-04 1.778913755153140736e-02
4.400000000000000000e+01 1.048945381981017475e-03 1.946798007696487823e-02
4.500000000000000000e+01 1.279132138637513677e-03 2.125743488151232014e-02
4.600000000000000000e+01 1.552383225067762015e-03 2.315798755499663686e-02
4.700000000000000000e+01 1.875163820799426910e-03 2.516932593763735945e-02
4.800000000000000000e+01 2.254606446905736521e-03 2.729092872130144815e-02
4.900000000000000000e+01 2.698525802417774816e-03 2.952251699354601841e-02
5.000000000000000000e+01 3.215422563721076661e-03 3.186403016979008629e-02
5.100000000000000000e+01 3.814473504682753136e-03 3.431498548610886767e-02
5.200000000000000000e+01 4.505504999427750214e-03 3.687341129367462805e-02
5.300000000000000000e+01 5.298946698445760987e-03 3.953484659162403991e-02
5.400000000000000000e+01 6.205761943349975135e-03 4.229198155694351147e-02
5.500000000000000000e+01 7.237351333855296213e-03 4.513526971410562055e-02
5.600000000000000000e+01 8.405425820937379930e-03 4.805434636212869981e-02
5.700000000000000000e+01 9.721845832952611191e-03 5.103958907350687746e-02
5.800000000000000000e+01 1.119842329857464319e-02 5.408294965027980739e-02
5.900000000000000000e+01 1.284668403152148392e-02 5.717744453283808009e-02
6.000000000000000000e+01 1.467758879488796978e-02 6.031535070623939010e-02
6.100000000000000000e+01 1.670121254300851316e-02 6.348591703371184169e-02
6.200000000000000000e+01 1.892638297925676796e-02 6.667384104495437114e-02
6.300000000000000000e+01 2.136028167192063898e-02 6.985954901002626449e-02
6.400000000000000000e+01 2.400801328819366504e-02 7.302145745518427711e-02
6.500000000000000000e+01 2.687215084059367542e-02 7.613929558608728554e-02
6.600000000000000000e+01 2.995226747437473511e-02 7.919684033698676240e-02
6.700000000000000000e+01 3.324446867056142507e-02 8.218252022440809823e-02
6.800000000000000000e+01 3.674094225448300277e-02 8.508732746188386875e-02
6.900000000000000000e+01 4.042954583215487008e-02 8.790091444397740705e-02
7.000000000000000000e+01 4.429345196858228140e-02 9.060789813544506410e-02
7.100000000000000000e+01 4.831087264483258092e-02 9.318654548407269422e-02
7.200000000000000000e+01 5.245488745566109084e-02 9.561093207770705871e-02
7.300000000000000000e+01 5.669340111119472447e-02 9.785583961449384471e-02
7.400000000000000000e+01 6.098925062027948929e-02 9.990206831659668996e-02
7.500000000000000000e+01 6.530047430837715439e-02 1.017393990349005767e-01
7.600000000000000000e+01 6.958075255547230276e-02 1.033654707645110388e-01
7.700000000000000000e+01 7.378003304500022064e-02 1.047809065333011880e-01
7.800000000000000000e+01 7.784534647957193354e-02 1.059830994965507006e-01
7.900000000000000000e+01 8.172179624646606910e-02 1.069620036505406074e-01
8.000000000000000000e+01 8.535368840039125882e-02 1.077004114747054514e-01
8.100000000000000000e+01 8.868577648554913651e-02 1.081788920659928210e-01
8.200000000000000000e+01 9.166460779431093164e-02 1.083830384396555213e-01
8.300000000000000000e+01 9.423993532572519372e-02 1.083093204937646131e-01
8.400000000000000000e+01 9.636611766984658212e-02 1.079664123044553198e-01
8.500000000000000000e+01 9.800342961426264377e-02 1.073711144591672079e-01
8.600000000000000000e+01 9.911925709841055976e-02 1.065408173439085365e-01
8.700000000000000000e+01 9.968916962376386803e-02 1.054863671173481982e-01
8.800000000000000000e+01 9.969780703962830004e-02 1.042090915792866085e-01
8.900000000000000000e+01 9.913947560572355933e-02 1.027035883231938868e-01
9.000000000000000000e+01 9.801841450994212834e-02 1.009648355233666445e-01
9.100000000000000000e+01 9.634879121391690115e-02 9.899591608400208631e-02
9.200000000000000000e+01 9.415446280803040080e-02 9.681232413845408669e-02
9.300000000000000000e+01 9.146843700747042671e-02 9.444057538266081853e-02
9.400000000000000000e+01 8.833197322072375290e-02 9.191177391086849391e-02
9.500000000000000000e+01 8.479340979828989266e-02 8.925340133284620503e-02
9.600000000000000000e+01 8.090687320809544780e-02 8.648349166130077370e-02
9.700000000000000000e+01 7.673090613274301253e-02 8.361003567553225435e-02
9.800000000000000000e+01 7.232694378895852816e-02 8.063567694980973422e-02
9.900000000000000000e+01 6.775766491721681162e-02 7.756506503051582846e-02
1.000000000000000000e+02 6.308539781557900850e-02 7.441100183215329511e-02
1.010000000000000000e+02 5.837071555773398063e-02 7.119627478601853188e-02
1.020000000000000000e+02 5.367117497718550123e-02 6.795034971256734557e-02
1.030000000000000000e+02 4.904012716429403951e-02 6.470272435614421447e-02
1.040000000000000000e+02 4.452568195526648842e-02 6.147636497620782847e-02
1.050000000000000000e+02 4.016997312749800292e-02 5.828443193512009013e-02
1.060000000000000000e+02 3.600872921329048570e-02 5.513164873759383161e-02
1.070000000000000000e+02 3.207103016560330228e-02 5.201927276620157276e-02
1.080000000000000000e+02 2.837920283014346706e-02 4.895094497621871321e-02
1.090000000000000000e+02 2.494893047255852814e-02 4.593647481045541603e-02
1.100000000000000000e+02 2.178961476821356102e-02 4.299183733235719534e-02
1.110000000000000000e+02 1.890490016300571535e-02 4.013564682517094251e-02
1.120000000000000000e+02 1.629325403491948057e-02 3.738410137326156346e-02
1.130000000000000000e+02 1.394859548635958568e-02 3.474699218388522387e-02
1.140000000000000000e+02 1.186100931189099095e-02 3.222661303150157336e-02
1.150000000000000000e+02 1.001751496291259855e-02 2.981981655192889741e-02
1.160000000000000000e+02 8.402807523030776660e-03 2.752193398295722099e-02
1.170000000000000000e+02 6.999929313119965940e-03 2.533052364205781726e-02
1.180000000000000000e+02 5.790890694573316323e-03 2.324720036165490999e-02
1.190000000000000000e+02 4.757251150943450982e-03 2.127689421819492152e-02
1.200000000000000000e+02 3.880630602440328890e-03 1.942520117874499755e-02
1.210000000000000000e+02 3.143120996575494552e-03 1.769534529862492461e-02
1.220000000000000000e+02 2.527604975333603080e-03 1.608628069712933484e-02
1.230000000000000000e+02 2.018004595629853924e-03 1.459272375810983027e-02
1.240000000000000000e+02 1.599465813285705276e-03 1.320689159527964340e-02
1.250000000000000000e+02 1.258471621445170219e-03 1.192095084799972213e-02
1.260000000000000000e+02 9.828880105042388758e-04 1.072897112713081143e-02
1.270000000000000000e+02 7.619608312018521417e-04 9.627559962418560588e-03
1.280000000000000000e+02 5.862786711495380446e-04 8.615088678664332977e-03
1.290000000000000000e+02 4.477067112238929569e-04 7.690104410871303683e-03
1.300000000000000000e+02 3.392953075431192093e-04 6.849824394697529018e-03
1.310000000000000000e+02 2.551725614777898424e-04 6.089431459846675679e-03
1.320000000000000000e+02 1.904311759600551407e-04 5.402400476361896887e-03
1.330000000000000000e+02 1.410151192095022727e-04 4.781568052153503667e-03
1.340000000000000000e+02 1.036081509139818877e-04 4.220353145345868626e-03
1.350000000000000000e+02 7.552687988752466552e-05 3.713552516805428919e-03
1.360000000000000000e+02 5.462192347565167935e-05 3.257422152289648608e-03
1.370000000000000000e+02 3.918928728067820296e-05 2.849138765712204337e-03
1.380000000000000000e+02 2.789204233254777258e-05 2.486010571729401104e-03
1.390000000000000000e+02 1.969182486868483977e-05 2.164856267449344947e-03
1.400000000000000000e+02 1.379004205108926655e-05 1.881814432604460166e-03
1.410000000000000000e+02 9.578531434009559782e-06 1.632596861987499221e-03
1.420000000000000000e+02 6.598795126193523030e-06 1.412990185114295239e-03
1.430000000000000000e+02 4.508619934435850981e-06 1.219328736182315187e-03
1.440000000000000000e+02 3.055059853436179759e-06 1.048724693284758171e-03
1.450000000000000000e+02 2.052939667955452180e-06 8.989951350529893888e-04
1.460000000000000000e+02 1.368023064612807255e-06 7.683788825024672701e-04
1.470000000000000000e+02 9.039664878446852127e-07 6.552139526663887858e-04
1.480000000000000000e+02 5.922954131576458680e-07 5.577278322629957655e-04
1.490000000000000000e+02 3.848035288348063353e-07 4.740080661314464484e-04
1.500000000000000000e+02 2.478779598686701670e-07 4.021233597532538782e-04
1.510000000000000000e+02 1.583124676786054436e-07 3.403023066419571694e-04
1.520000000000000000e+02 1.002432673615697733e-07 2.870700406061960325e-04
1.530000000000000000e+02 6.292886748757728543e-08 2.412846155796584033e-04
1.540000000000000000e+02 3.916420799036971777e-08 2.020747891053192315e-04
1.550000000000000000e+02 2.416319114526294501e-08 1.687260897723421042e-04
1.560000000000000000e+02 1.477827373186685643e-08 1.405745256257214687e-04
1.570000000000000000e+02 8.959600273718932194e-09 1.169494919977123271e-04
1.580000000000000000e+02 5.384551751408287526e-09 9.717519442565132311e-05
1.590000000000000000e+02 3.207722838861159238e-09 8.061130862510965816e-05
