0.000000000000000000e+00 -1.104129945011838516e-07 -1.723605209934774600e-06
1.000000000000000000e+00 1.907608310468185210e-07 3.231035312515705681e-06
2.000000000000000000e+00 2.399739709336203070e-07 3.523762987940416350e-06
3.000000000000000000e+00 3.328337888376395368e-07 4.488134804827717954e-06
4.000000000000000000e+00 4.616903354181871520e-07 5.785173960240792501e-06
5.000000000000000000e+00 6.375943616879875006e-07 7.450501874915029245e-06
6.000000000000000000e+00 8.762161206910903711e-07 9.566834374341126428e-06
7.000000000000000000e+00 1.198198620871109110e-06 1.224235065252066355e-05
8.000000000000000000e+00 1.630426582780561148e-06 1.561081794262703538e-05
9.000000000000000000e+00 2.207689527992448039e-06 1.983536237247922429e-05
1.000000000000000000e+01 2.974748334377604612e-06 2.511354146669560257e-05
1.100000000000000000e+01 3.988870083791690402e-06 3.168336088119364999e-05
1.200000000000000000e+01 5.322912518229508856e-06 3.983025852306516145e-05
1.300000000000000000e+01 7.069049660520897030e-06 4.989513944573202288e-05
1.400000000000000000e+01 9.343242147169096858e-06 6.228349302248104903e-05
1.500000000000000000e+01 1.229056501912431814e-05 7.747554696264708949e-05
1.600000000000000000e+01 1.609151367743647562e-05 9.603739527248610411e-05
1.700000000000000000e+01 2.096941099202175561e-05 1.186331213563578520e-04
1.800000000000000000e+01 2.719904055399594388e-05 1.460380654090153623e-04
1.900000000000000000e+01 3.511663077842582361e-05 1.791534331388027488e-04
2.000000000000000000e+01 4.513131549068399802e-05 2.190223057988542068e-04
2.100000000000000000e+01 5.773819116505445720e-05 2.668468269258931569e-04
2.200000000000000000e+01 7.353307462517152298e-05 3.240061002895511873e-04
2.300000000000000000e+01 9.322903674062983713e-05 3.920743445028269415e-04
2.400000000000000000e+01 1.176747518358068804e-04 4.728391456161547854e-04
2.500000000000000000e+01 1.478746666570468818e-04 5.683199922276415935e-04
2.600000000000000000e+01 1.850109564786387426e-04 6.807873108254377343e-04
2.700000000000000000e+01 2.304671882005213167e-04 8.127817613970368324e-04
2.800000000000000000e+01 2.858535388474693325e-04 9.671328339540650890e-04
2.900000000000000000e+01 3.530333222429601729e-04 1.146975328526256927e-03
3.000000000000000000e+01 4.341504737572733294e-04 1.355762523327970308e-03
3.100000000000000000e+01 5.316575529611176996e-04 1.597275641144385409e-03
3.200000000000000000e+01 6.483437436406583928e-04 1.875629979398413250e-03
3.300000000000000000e+01 7.873622345076781428e-04 2.195278068677671349e-03
3.400000000000000000e+01 9.522562279041130737e-04 2.561009296249702229e-03
3.500000000000000000e+01 1.146982657771065213e-03 2.977944168420026353e-03
3.600000000000000000e+01 1.375932550405171593e-03 3.451520742592363491e-03
3.700000000000000000e+01 1.643946872462805206e-03 3.987471300096459212e-03
3.800000000000000000e+01 1.956326661119286905e-03 4.591788758893217658e-03
3.900000000000000000e+01 2.318836152101051706e-03 5.270683704648989297e-03
4.000000000000000000e+01 2.737697470683233148e-03 6.030533374204491426e-03
4.100000000000000000e+01 3.219575291947446381e-03 6.877823225666668434e-03
4.200000000000000000e+01 3.771549844566925852e-03 7.819080308342111346e-03
4.300000000000000000e+01 4.401076793059907968e-03 8.860796236437932377e-03
4.400000000000000000e+01 5.115932760411760587e-03 1.000933691633739200e-02
4.500000000000000000e+01 5.924145319449226205e-03 1.127083699105900505e-02
4.600000000000000000e+01 6.833906136489069014e-03 1.265107971438760373e-02
4.700000000000000000e+01 7.853465913674594762e-03 1.415536710535098691e-02
4.800000000000000000e+01 8.991010303202937384e-03 1.578838846223738421e-02
4.900000000000000000e+01 1.025451707783390891e-02 1.755409427558904042e-02
5.000000000000000000e+01 1.165159581426910944e-02 1.945557567013866951e-02
5.100000000000000000e+01 1.318931130721053523e-02 2.149494006035584590e-02
5.200000000000000000e+01 1.487399104753929849e-02 2.367316987270807332e-02
5.300000000000000000e+01 1.671101699849362326e-02 2.598996027555799601e-02
5.400000000000000000e+01 1.870460420815419147e-02 2.844355202191851950e-02
5.500000000000000000e+01 2.085757270461123178e-02 3.103059259536417383e-02
5.600000000000000000e+01 2.317112105131018118e-02 3.374605469516326478e-02
5.700000000000000000e+01 2.564460702237330789e-02 3.658321026322908232e-02
5.800000000000000000e+01 2.827533549900311527e-02 3.953361942567562570e-02
5.900000000000000000e+01 3.105835312578187485e-02 4.258708142808566299e-02
6.000000000000000000e+01 3.398625783774378989e-02 4.573153125125917207e-02
6.100000000000000000e+01 3.704904263098627443e-02 4.895293410311964133e-02
6.200000000000000000e+01 4.023399301842236347e-02 5.223527582710253692e-02
6.300000000000000000e+01 4.352564094208213885e-02 5.556071835536619680e-02
6.400000000000000000e+01 4.690575926778692978e-02 5.890988783049273814e-02
6.500000000000000000e+01 5.035338456204646596e-02 6.226216132938258707e-02
6.600000000000000000e+01 5.384488591595935209e-02 6.559581146179328803e-02
6.700000000000000000e+01 5.735412353233551586e-02 6.888798994272223031e-02
6.800000000000000000e+01 6.085272417376504095e-02 7.211470298554344127e-02
6.900000000000000000e+01 6.431044452942877299e-02 7.525100582942220728e-02
7.000000000000000000e+01 6.769555529513195113e-02 7.827152627003368390e-02
7.100000000000000000e+01 7.097521288499997194e-02 8.115117828174064907e-02
7.200000000000000000e+01 7.411586982386042521e-02 8.386574363746536476e-02
7.300000000000000000e+01 7.708381262390062716e-02 8.639206326122868262e-02
7.400000000000000000e+01 7.984584050492127272e-02 8.870788453012773411e-02
7.500000000000000000e+01 8.236997036455012688e-02 9.079172766938252426e-02
7.600000000000000000e+01 8.462602009992543917e-02 9.262317979450407357e-02
7.700000000000000000e+01 8.658604997782543000e-02 9.418370951802797209e-02
7.800000000000000000e+01 8.822480766501174243e-02 9.545763961698831845e-02
7.900000000000000000e+01 8.952032539061897942e-02 9.643270350161736726e-02
8.000000000000000000e+01 9.045461701036207336e-02 9.709986761845024184e-02
8.100000000000000000e+01 9.101422685960385006e-02 9.745266544929553909e-02
8.200000000000000000e+01 9.119043652596856009e-02 9.748670375750052852e-02
8.300000000000000000e+01 9.097922016900950037e-02 9.719988791117013804e-02
8.400000000000000000e+01 9.038124555798482396e-02 9.659331303730006590e-02
8.500000000000000000e+01 8.940208603132740461e-02 9.567215472024309664e-02
8.600000000000000000e+01 8.805245514348125635e-02 9.444579664847557732e-02
8.700000000000000000e+01 8.634810322975711161e-02 9.292697891717938141e-02
8.800000000000000000e+01 8.430925378980397289e-02 9.113051803115970739e-02
8.900000000000000000e+01 8.195986642282088175e-02 8.907249744687997794e-02
9.000000000000000000e+01 7.932712576868949927e-02 8.677043921157590045e-02
9.100000000000000000e+01 7.644122309748349609e-02 8.424414032573801503e-02
9.200000000000000000e+01 7.333508661446812293e-02 8.151627380331441519e-02
9.300000000000000000e+01 7.004370457511489845e-02 7.861201062026280939e-02
9.400000000000000000e+01 6.660309862585502005e-02 7.555769747505637624e-02
9.500000000000000000e+01 6.304937589715549351e-02 7.237938365949928010e-02
9.600000000000000000e+01 5.941819345448553363e-02 6.910210025565670378e-02
9.700000000000000000e+01 5.574451989685699771e-02 6.575017227520119079e-02
9.800000000000000000e+01 5.206228975168478157e-02 6.234801337222740242e-02
9.900000000000000000e+01 4.840373373207892266e-02 5.892049748316908336e-02
1.000000000000000000e+02 4.479859759178535933e-02 5.549239444260343351e-02
1.010000000000000000e+02 4.127364044826400263e-02 5.208714608498302145e-02
1.020000000000000000e+02 3.785254916129330433e-02 4.872578705782510539e-02
1.030000000000000000e+02 3.455603124313513103e-02 4.542667194718223722e-02
1.040000000000000000e+02 3.140177115893751092e-02 4.220601688040895999e-02
1.050000000000000000e+02 2.840420262881701227e-02 3.907865761479074884e-02
1.060000000000000000e+02 2.557432992668115176e-02 3.605834258746695720e-02
1.070000000000000000e+02 2.291982010889425866e-02 3.315733558375067586e-02
1.080000000000000000e+02 2.044533789004680802e-02 3.038568533561267562e-02
1.090000000000000000e+02 1.815290647726746157e-02 2.775075859756249291e-02
1.100000000000000000e+02 1.604213789548364355e-02 2.525738281599278212e-02
1.110000000000000000e+02 1.411037676725763329e-02 2.290845884044245481e-02
1.120000000000000000e+02 1.235290657859806560e-02 2.070558780725875042e-02
1.130000000000000000e+02 1.076328822261150668e-02 1.864932809818299966e-02
1.140000000000000000e+02 9.333758974666091918e-03 1.673904630544130467e-02
1.150000000000000000e+02 8.055575907164002486e-03 1.497264313416400532e-02
1.160000000000000000e+02 6.919263613031113869e-03 1.334648667991340971e-02
1.170000000000000000e+02 5.914816152734292919e-03 1.185567828916276809e-02
1.180000000000000000e+02 5.031914216895565055e-03 1.049451119920894945e-02
1.190000000000000000e+02 4.260162560316796930e-03 9.256867250105311681e-03
1.200000000000000000e+02 3.589306065589826546e-03 8.136388816309800612e-03
1.210000000000000000e+02 3.009389932830009752e-03 7.126453288556078812e-03
1.220000000000000000e+02 2.510867498114177469e-03 6.220106588385118825e-03
1.230000000000000000e+02 2.084681456697334151e-03 5.410099668211162428e-03
1.240000000000000000e+02 1.722335062855967578e-03 4.689058434115819102e-03
1.250000000000000000e+02 1.415949915097904684e-03 4.049707864718718985e-03
1.260000000000000000e+02 1.158300055419417447e-03 3.485043068481069074e-03
1.270000000000000000e+02 9.428202740853347530e-04 2.988394217585765063e-03
1.280000000000000000e+02 7.635959130510683963e-04 2.553410239606027608e-03
1.290000000000000000e+02 6.153424148561620691e-04 2.174027179687268788e-03
1.300000000000000000e+02 4.933779843788394306e-04 1.844472455916394476e-03
1.310000000000000000e+02 3.935893334639246205e-04 1.559311010506444096e-03
1.320000000000000000e+02 3.123911399005891852e-04 1.313503098309098862e-03
1.330000000000000000e+02 2.466817443972420948e-04 1.102438482024687381e-03
1.340000000000000000e+02 1.937978103684039738e-04 9.219326215661504190e-04
1.350000000000000000e+02 1.514693909705480061e-04 7.681955093959504967e-04
1.360000000000000000e+02 1.177759108603318786e-04 6.377950818906759096e-04
1.370000000000000000e+02 9.110369605390094389e-05 5.276313090349983061e-04
1.380000000000000000e+02 7.010607026004964592e-05 4.349231658784081058e-04
1.390000000000000000e+02 5.366684117632059892e-05 3.572002262494585758e-04
1.400000000000000000e+02 4.086735533355207226e-05 2.922892227588156722e-04
1.410000000000000000e+02 3.095685813672779420e-05 2.382915305454060689e-04
1.420000000000000000e+02 2.332593644820069918e-05 1.935542528098702032e-04
1.430000000000000000e+02 1.748305277425453547e-05 1.566407606116447038e-04
1.440000000000000000e+02 1.303422502133812168e-05 1.263053031079786623e-04
1.450000000000000000e+02 9.665715664699419369e-06 1.014728284310675946e-04
1.460000000000000000e+02 7.129385817302247180e-06 8.122227091360897239e-05
1.470000000000000000e+02 5.230318486795976408e-06 6.477079334368934511e-05
1.480000000000000000e+02 3.816401052115410362e-06 5.145754697964344872e-05
1.490000000000000000e+02 2.769653970484944603e-06 4.072713200605904957e-05
1.500000000000000000e+02 1.999122045362269510e-06 3.211392801955202853e-05
1.510000000000000000e+02 1.435121798021704068e-06 2.522841895055011070e-05
1.520000000000000000e+02 1.024618674332127210e-06 1.974591086526082266e-05
1.530000000000000000e+02 7.275218044990201683e-07 1.539727829895574433e-05
1.540000000000000000e+02 5.137236050386749136e-07 1.196103277903745233e-05
1.550000000000000000e+02 3.607525427163835223e-07 9.256144713798027091e-06
1.560000000000000000e+02 2.519343286429238248e-07 7.135423015788018954e-06
1.570000000000000000e+02 1.749696686025291027e-07 5.479564419845585171e-06
1.580000000000000000e+02 1.208441809920866888e-07 4.192064987202474124e-06
1.590000000000000000e+02 8.299605846285637240e-08 3.195068162173638828e-06
