0.000000000000000000e+00 -2.189001078914057244e-04 -1.881601486197918079e-04
1.000000000000000000e+00 1.702403429033409721e-04 1.628714604739091450e-04
2.000000000000000000e+00 1.547816237319300857e-04 1.449612156747373298e-04
3.000000000000000000e+00 1.723410297151964040e-04 1.630592442124534944e-04
4.000000000000000000e+00 2.002280347022563083e-04 1.912515971046455695e-04
5.000000000000000000e+00 2.350096141569098164e-04 2.259879315449664936e-04
6.000000000000000000e+00 2.762869758577105473e-04 2.670475277305855966e-04
7.000000000000000000e+00 3.245006752117447790e-04 3.150331163393047169e-04
8.000000000000000000e+00 3.804338217547212440e-04 3.708501964997647986e-04
9.000000000000000000e+00 4.450699550330100085e-04 4.355776889806244859e-04
1.000000000000000000e+01 5.195484614733755649e-04 5.104394433583792079e-04
1.100000000000000000e+01 6.051517641822372990e-04 5.968049914256578657e-04
1.200000000000000000e+01 7.033031968432706992e-04 6.961980354534809488e-04
1.300000000000000000e+01 8.155680838881642324e-04 8.103052994445841340e-04
1.400000000000000000e+01 9.436561502388692707e-04 9.409835286891517561e-04
1.500000000000000000e+01 1.089426019826371340e-03 1.090265243711240409e-03
1.600000000000000000e+01 1.254893260925206118e-03 1.260365492827619695e-03
1.700000000000000000e+01 1.442242429449772882e-03 1.453691866286891407e-03
1.800000000000000000e+01 1.653841304626690488e-03 1.672858121470187148e-03
1.900000000000000000e+01 1.892253033177228099e-03 1.920698602115068722e-03
2.000000000000000000e+01 2.160240675575304369e-03 2.200277940152798976e-03
2.100000000000000000e+01 2.460759971871165439e-03 2.514890374516967880e-03
2.200000000000000000e+01 2.796940307239979048e-03 2.868046589681259514e-03
2.300000000000000000e+01 3.172059604384362512e-03 3.263452391199794366e-03
2.400000000000000000e+01 3.589523492116743469e-03 3.704989527248782073e-03
2.500000000000000000e+01 4.052859329108093010e-03 4.196710142049576292e-03
2.600000000000000000e+01 4.565729435312217838e-03 4.742849899136092340e-03
2.700000000000000000e+01 5.131956272094251661e-03 5.347852120117260050e-03
2.800000000000000000e+01 5.755540354263615800e-03 6.016382445496341012e-03
2.900000000000000000e+01 6.440646680308192984e-03 6.753308877657857381e-03
3.000000000000000000e+01 7.191543130531712069e-03 7.563631702118009045e-03
3.100000000000000000e+01 8.012494627480423737e-03 8.452370998080105391e-03
3.200000000000000000e+01 8.907642311574093252e-03 9.424446560558867939e-03
3.300000000000000000e+01 9.880914101599217944e-03 1.048459998076883143e-02
3.400000000000000000e+01 1.093600815359951212e-02 1.163739710591181475e-02
3.500000000000000000e+01 1.207645869416078960e-02 1.288730921331605536e-02
3.600000000000000000e+01 1.330574476909181930e-02 1.423881900520700648e-02
3.700000000000000000e+01 1.462736152839798354e-02 1.569646176519215799e-02
3.800000000000000000e+01 1.604476872147018660e-02 1.726471976662369637e-02
3.900000000000000000e+01 1.756117619802537860e-02 1.894774804631806087e-02
4.000000000000000000e+01 1.917920943885505908e-02 2.074900215947566781e-02
4.100000000000000000e+01 2.090058138507273552e-02 2.267091763015023631e-02
4.200000000000000000e+01 2.272593003577939516e-02 2.471480361555863578e-02
4.300000000000000000e+01 2.465492846583148406e-02 2.688103160595193414e-02
4.400000000000000000e+01 2.668664126611677845e-02 2.916944702478873122e-02
4.500000000000000000e+01 2.881994794540238339e-02 3.157978149000694595e-02
4.600000000000000000e+01 3.105376845699829927e-02 3.411178658011457254e-02
4.700000000000000000e+01 3.338687766596214884e-02 3.676490214852146804e-02
4.800000000000000000e+01 3.581728649298848016e-02 3.953749650196239362e-02
4.900000000000000000e+01 3.834141871041182870e-02 4.242597521153784745e-02
5.000000000000000000e+01 4.095349106180687371e-02 4.542420694498219835e-02
5.100000000000000000e+01 4.364548604951341143e-02 4.852364113580483890e-02
5.200000000000000000e+01 4.640785263219024404e-02 5.171418307840919271e-02
5.300000000000000000e+01 4.923067767718684873e-02 5.498547865901235593e-02
5.400000000000000000e+01 5.210474794745873633e-02 5.832796459361391100e-02
5.500000000000000000e+01 5.502187682460740747e-02 6.173305281108934506e-02
5.600000000000000000e+01 5.797418049391756673e-02 6.519218838967193175e-02
5.700000000000000000e+01 6.095253893558055802e-02 6.869510815660470615e-02
5.800000000000000000e+01 6.394499527837577135e-02 7.222814329855993531e-02
5.900000000000000000e+01 6.693602759933640900e-02 7.577354571990614629e-02
6.000000000000000000e+01 6.990729800906575475e-02 7.931042193496094794e-02
6.100000000000000000e+01 7.283974194395737012e-02 8.281706412601178013e-02
6.200000000000000000e+01 7.571607536541025141e-02 8.627366976315034575e-02
6.300000000000000000e+01 7.852242830933958695e-02 8.966409045580987780e-02
6.400000000000000000e+01 8.124813305426722976e-02 9.297559922783597830e-02
6.500000000000000000e+01 8.388360766785003808e-02 9.619661108319264853e-02
6.600000000000000000e+01 8.641734026078211339e-02 9.931340010767865378e-02
6.700000000000000000e+01 8.883361819967010298e-02 1.023075429975508488e-01
6.800000000000000000e+01 9.111243795175334725e-02 1.051556406975893143e-01
6.900000000000000000e+01 9.323197483426967636e-02 1.078318093414404738e-01
7.000000000000000000e+01 9.517259123661908626e-02 1.103119829429158594e-01
7.100000000000000000e+01 9.692039596996945838e-02 1.125780050185026110e-01
7.200000000000000000e+01 9.846843548161511583e-02 1.146194194076688849e-01
7.300000000000000000e+01 9.981474088577106663e-02 1.164319104113379633e-01
7.400000000000000000e+01 1.009581140059153809e-01 1.180130222035991466e-01
7.500000000000000000e+01 1.018938394059412667e-01 1.193572729060313892e-01
7.600000000000000000e+01 1.026117114728458957e-01 1.204532558200190756e-01
7.700000000000000000e+01 1.030976535492373336e-01 1.212844366257520845e-01
7.800000000000000000e+01 1.033382962002198091e-01 1.218334896101732068e-01
7.900000000000000000e+01 1.033262101187610443e-01 1.220881356021032010e-01
8.000000000000000000e+01 1.030630228986091357e-01 1.220455674863244466e-01
8.100000000000000000e+01 1.025586890337303048e-01 1.217131651645662893e-01
8.200000000000000000e+01 1.018271886393933151e-01 1.211050233082513194e-01
8.300000000000000000e+01 1.008808418484140046e-01 1.202359422638628189e-01
8.400000000000000000e+01 9.972621868994401007e-02 1.191158799457570500e-01
8.500000000000000000e+01 9.836382837548438007e-02 1.177476880812196869e-01
8.600000000000000000e+01 9.679176023212718305e-02 1.161292927174000511e-01
8.700000000000000000e+01 9.501130782827990617e-02 1.142591873077927339e-01
8.800000000000000000e+01 9.303154005525932080e-02 1.121424102806446860e-01
8.900000000000000000e+01 9.087037299523932632e-02 1.097939549351230476e-01
9.000000000000000000e+01 8.855158013406483342e-02 1.072378806085916014e-01
9.100000000000000000e+01 8.609931379977145416e-02 1.045025599973034292e-01
9.200000000000000000e+01 8.353297618805609337e-02 1.016144187394905085e-01
9.300000000000000000e+01 8.086502686288798980e-02 9.859323304352200779e-02
9.400000000000000000e+01 7.810269029051575274e-02 9.545118596851434600e-02
9.500000000000000000e+01 7.525242824936037578e-02 9.219591548974220840e-02
9.600000000000000000e+01 7.232463730417965087e-02 8.883578576835246543e-02
9.700000000000000000e+01 6.933606187003490962e-02 8.538461279433147422e-02
9.800000000000000000e+01 6.630876400423640904e-02 8.186350646661050279e-02
9.900000000000000000e+01 6.326634301889916268e-02 7.829903158660135587e-02
1.000000000000000000e+02 6.022945990303373021e-02 7.471872363643772275e-02
1.010000000000000000e+02 5.721293741446097786e-02 7.114622198736947345e-02
1.020000000000000000e+02 5.422573337261185622e-02 6.759832657361701524e-02
1.030000000000000000e+02 5.127349846551212259e-02 6.408517955605448624e-02
1.040000000000000000e+02 4.836212377775780252e-02 6.061316075901081180e-02
1.050000000000000000e+02 4.550034427150340816e-02 5.718882893124965089e-02
1.060000000000000000e+02 4.270017106726332889e-02 5.382192208440143844e-02
1.070000000000000000e+02 3.997517287388849261e-02 5.052608428308736493e-02
1.080000000000000000e+02 3.733770722621660570e-02 4.731719079005519690e-02
1.090000000000000000e+02 3.479660082918985264e-02 4.421028619298614237e-02
1.100000000000000000e+02 3.235637654472177382e-02 4.121670316178684124e-02
1.110000000000000000e+02 3.001820834119875783e-02 3.834267671075550221e-02
1.120000000000000000e+02 2.778188716750015774e-02 3.558991238810044894e-02
1.130000000000000000e+02 2.564767913682042266e-02 3.295760318361273117e-02
1.140000000000000000e+02 2.361719685699172414e-02 3.044480263932221320e-02
1.150000000000000000e+02 2.169304944287056905e-02 2.805206214408477103e-02
1.160000000000000000e+02 1.987768102890895630e-02 2.578172783387611827e-02
1.170000000000000000e+02 1.817213456018065137e-02 2.363697805143884223e-02
1.180000000000000000e+02 1.657538705775431914e-02 2.162023933449633631e-02
1.190000000000000000e+02 1.508450608359315596e-02 1.973181074759777082e-02
1.200000000000000000e+02 1.369542074247584451e-02 1.796930778785213456e-02
1.210000000000000000e+02 1.240383320152099733e-02 1.632807171097098997e-02
1.220000000000000000e+02 1.120582833518962533e-02 1.480224061199934653e-02
1.230000000000000000e+02 1.009798983831662091e-02 1.338594573825801354e-02
1.240000000000000000e+02 9.077116985959492526e-03 1.207413472057538260e-02
1.250000000000000000e+02 8.139804522002806048e-03 1.086276329259774909e-02
1.260000000000000000e+02 7.282148410323880348e-03 9.748407192094956861e-03
1.270000000000000000e+02 6.499712796209800719e-03 8.727586023895738537e-03
1.280000000000000000e+02 5.787727910192897070e-03 7.796164341958337039e-03
1.290000000000000000e+02 5.141377557294579334e-03 6.949094406992872841e-03
1.300000000000000000e+02 4.556026921157862140e-03 6.180568544339752959e-03
1.310000000000000000e+02 4.027315913560748813e-03 5.484463764429704617e-03
1.320000000000000000e+02 3.551134576654907480e-03 4.854861203677496122e-03
1.330000000000000000e+02 3.123548969390751995e-03 4.286428542293893931e-03
1.340000000000000000e+02 2.740744498674389795e-03 3.774543666619468822e-03
1.350000000000000000e+02 2.399018278752910235e-03 3.315164462612995439e-03
1.360000000000000000e+02 2.094811645984024327e-03 2.904554180276992716e-03
1.370000000000000000e+02 1.824751074385894904e-03 2.539011079613625460e-03
1.380000000000000000e+02 1.585669446468145278e-03 2.214719249269775803e-03
1.390000000000000000e+02 1.374601643898352207e-03 1.927763392284320351e-03
1.400000000000000000e+02 1.188769147136073834e-03 1.674273966485081630e-03
1.410000000000000000e+02 1.025572702578704618e-03 1.450620622819304715e-03
1.420000000000000000e+02 8.826007700128586913e-04 1.253564976793576126e-03
1.430000000000000000e+02 7.576464832313804234e-04 1.080315100547279581e-03
1.440000000000000000e+02 6.487183749915360377e-04 9.284753036753491933e-04
1.450000000000000000e+02 5.540333294770917677e-04 7.959299770130302820e-04
1.460000000000000000e+02 4.719905861035263205e-04 6.807200486330653496e-04
1.470000000000000000e+02 4.011365270461683349e-04 5.809613775848381347e-04
1.480000000000000000e+02 3.401349520272120759e-04 4.948265970791717715e-04
1.490000000000000000e+02 2.877536125283476718e-04 4.205809902058706834e-04
1.500000000000000000e+02 2.428677601737740978e-04 3.566419628344580394e-04
1.510000000000000000e+02 2.044720690936863963e-04 3.016274365475742438e-04
1.520000000000000000e+02 1.716890264236176230e-04 2.543701149817537924e-04
1.530000000000000000e+02 1.437655265656049924e-04 2.138941762688213797e-04
1.540000000000000000e+02 1.200566816580066150e-04 1.793680188749810132e-04
1.550000000000000000e+02 1.000024299804041285e-04 1.500540229376156167e-04
1.560000000000000000e+02 8.310533975912825968e-05 1.252729493249382425e-04
1.570000000000000000e+02 6.891628661631252727e-05 1.043906138944494300e-04
1.580000000000000000e+02 5.702993131343027036e-05 8.682356110496810392e-05
1.590000000000000000e+02 4.708703076146891834e-05 7.205334768951960028e-05
