# Depth,3-9 Hz FTACV - Time,3-9 Hz FTACV - Harmonics,15 Hz FTACV - Time,15 Hz FTACV - Harmonics,Under 135 Hz SWV,Over 135 Hz SWV,Distance to utopia
1.699564004335528747e-02 1.541357102424868175e-01 9.240575927368204212e-01 0.000000000000000000e+00 5.995352839492947838e-01 9.999567363655293972e-01 9.606841736102982310e-01 1.000000000000000000e+00
3.331755128858017168e-01 3.666650713039361076e-01 7.287441157262140867e-02 8.865680580159256419e-01 7.586471944816471913e-01 1.588681703598786576e-01 2.373083801954566918e-01 4.363798047768834842e-01
7.061691607291425976e-01 1.900656579179771932e-01 3.268091171666057115e-01 1.540760182116791832e-01 7.078513875624663221e-02 8.382501306391286489e-02 2.531135771647350860e-02 2.493142031065812697e-02
4.842497655441261872e-01 1.740088431347798781e-01 2.524160233129904007e-01 1.420185428919972515e-01 2.132992636369583639e-01 9.579891075938606892e-02 2.997872916326673950e-02 4.075007781920615690e-02
7.376714081506866583e-01 2.621125645975971308e-01 3.745644004999340027e-01 1.542031839592944709e-01 4.637228392682777450e-02 4.985880646423573176e-02 5.081737765214192071e-02 2.534349504393252836e-02
4.031117586821286181e-01 5.758329333356192181e-02 3.037279904611925874e-01 2.206547374707993892e-01 8.490301592419603749e-02 2.567810905941331212e-02 1.818289750583846898e-01 1.453545869184573631e-02
3.459828720174392691e-01 1.348435128870890953e-01 2.138689942491475704e-01 1.716095261599514810e-01 3.770994708075429691e-01 1.306377551277957683e-01 2.444294522853904250e-02 3.876685929967969152e-02
5.590592368626235986e-01 1.707784644331110102e-01 3.797868223738140592e-01 2.467349149899925320e-01 2.772360659476994643e-02 1.200828185791125713e-01 3.243183188060408395e-02 1.089222115619935261e-02
7.008199465057411981e-01 2.513392542852458389e-01 3.979169966729539931e-01 1.131619991641593520e-01 1.131910417500600480e-01 5.780269826383880455e-02 1.257364343808382856e-01 5.305097893757583505e-02
3.123504296820633908e-01 3.442397050717599383e-02 2.622681415082736556e-01 2.018105396755694447e-01 1.427360207606357123e-01 4.161569383540697498e-02 2.600335593330931339e-01 3.985494339590513885e-02
6.590394547390214797e-01 5.848571801221893324e-02 3.441164577795317592e-01 1.483091452014308198e-01 4.600462259652708663e-02 2.370503410122753174e-01 1.326580234747912479e-01 7.618705647784035362e-02
4.622913012814959810e-01 2.172597148641689513e-01 3.254305146502187718e-01 9.079897561148513041e-02 8.566690552124450742e-02 2.631635524766617884e-01 7.686470729121558376e-02 8.672492908576846793e-02
5.730344203087680555e-01 9.952273172913796151e-02 3.168517165064747565e-01 1.541707551168412238e-01 3.788294322908055123e-01 1.469923192484162700e-01 1.028925296009708945e-01 6.577118120315686434e-02
4.611414350456255473e-01 3.150365003393605645e-02 2.435241940882081901e-01 2.577037652423103120e-01 3.187701297311329451e-01 2.326052425561432324e-01 5.379665507599955265e-02 5.728247025827454958e-02
1.716189688301743288e-01 9.161292788171927770e-02 2.328367004834566434e-01 1.802622161935538980e-01 3.420143022347368333e-01 4.589758544398148815e-02 3.649872139172612995e-01 3.498282984069031598e-02
2.296110051319924794e-01 3.723815403941305169e-01 5.572645106463343101e-01 4.290439128525033174e-01 1.998333224289716367e-02 9.912411994129306791e-02 1.840834169277204835e-01 8.904355969466336285e-02
4.729466024457769091e-01 1.199081256353886765e-01 4.179818579382914012e-01 7.417638929468274578e-02 2.169382692061814014e-02 3.840260764191692489e-01 4.043026292329736648e-01 1.564775072138143708e-01
3.501080406599569317e-01 2.828757318705773030e-02 2.665461502792363935e-01 2.233655616974134783e-01 5.627866417021536449e-01 3.552524824496366418e-01 2.709910354852895220e-01 1.411063731724521986e-01
5.251653251056072058e-01 1.651519291293754854e-01 6.084533628143456996e-01 6.523867493110385718e-02 1.885633615414218089e-01 3.097895525406469397e-01 3.524559596815641238e-01 1.306262776597167385e-01
3.035907365242455636e-01 1.794902533178747150e-01 3.094395665096952852e-01 9.050095882678850512e-02 2.037770621087910961e-01 5.340568467275190745e-01 3.038026997321628953e-01 2.043542359929396979e-01
3.546934389869373372e-01 0.000000000000000000e+00 4.099927445239744395e-01 6.848417959272144750e-02 6.521923868344628450e-02 5.775509833547718408e-01 3.245025173236856797e-01 2.390396208471871342e-01
4.082978232449090972e-01 2.411568962576823294e-01 4.600302836376478077e-01 1.308262317562806643e-01 0.000000000000000000e+00 5.330645305575402171e-01 4.334035659472734725e-01 2.228951559953649131e-01
3.169257295143330100e-01 5.787954424389259861e-02 4.019302228489917139e-01 6.656910050369915788e-02 2.205545091269934047e-02 6.469427580573595682e-01 4.562220588805192545e-01 2.818594169685264550e-01
6.658971741420253165e-01 1.137588866155141154e-01 2.945264487386370922e-01 1.888719166825810758e-01 1.351798530027665257e-01 5.230366523255052663e-02 2.550751475017559722e-02 1.293591076761780277e-02
8.473658988332354314e-01 1.757283867828112467e-01 3.146089045097736903e-01 2.124216555430247233e-01 1.740445830490428836e-01 4.101506747927040342e-02 3.412911901275868937e-02 1.593621671952618821e-02
8.783465797304802480e-01 2.117365247140473306e-01 3.998914042527052515e-01 2.071705575668807142e-01 1.928439803624926452e-01 4.855970577683162842e-03 5.336416786871553408e-02 2.680225093921356078e-02
8.665396307869329684e-01 2.313412191795076456e-01 3.077336971344274974e-01 2.650740141654718274e-01 2.510910388629044032e-01 5.979800583112351159e-02 1.074188652990133892e-02 3.808315507727261240e-02
5.269958071904633501e-01 1.625371710085358190e-01 4.714724755046875715e-01 2.544860207295119303e-01 1.000044912778161876e-01 7.460447993114356635e-02 7.598807332349169497e-02 1.930669528737555263e-02
5.384485587859821898e-01 9.814598434026933216e-02 3.591550887138588166e-01 2.798669087899806618e-01 4.888098066938213471e-01 4.809701328820845806e-02 4.276888527160389170e-02 2.588571340777389915e-02
6.963039033090965280e-01 2.884080082454243410e-01 3.323786307012231434e-01 3.367121489944457924e-01 4.344276524342038370e-01 2.352853204419264304e-03 9.775843969467967742e-02 5.601658081376600928e-02
2.889003656313971491e-01 3.166111199649015440e-01 4.992125027649203794e-02 8.452034519708337967e-01 8.847438483548416555e-01 1.454465132299415930e-01 4.237201201995294264e-02 4.420869217853073407e-01
2.559920127540615264e-01 6.862915452233442348e-01 9.082534595650232356e-02 9.072989013034256089e-01 6.868592958652971481e-01 5.185259136343645797e-02 4.702959243172426251e-02 3.385873738488023310e-01
2.919666302564822846e-01 5.547283030123180136e-01 1.891669660359150962e-01 8.535299963480758034e-01 5.342055689346268954e-01 3.388039763285357608e-01 1.313301797480811717e-01 3.447578698516324258e-01
3.383141129707060712e-01 4.698205051552031830e-01 2.047396952851645302e-01 8.685302972607965577e-01 6.312103027125576249e-01 1.022670889245939074e-01 1.980068292842981914e-01 3.709238202014582542e-01
2.924629117209442963e-01 5.537799079421378279e-01 1.878987230491543647e-01 9.544240694842194284e-01 8.101528173428529378e-01 9.625584359047512084e-02 1.445911650558109607e-01 4.074518783438551561e-01
2.659905918326787577e-01 4.348214223351543062e-01 1.942958340376841342e-01 8.716769946377869172e-01 9.818293738198702325e-01 4.551087740289214145e-02 2.024524449989539149e-02 4.426828295570104932e-01
2.153642346504461014e-01 4.034559645168305231e-01 3.510447499158989189e-04 9.483617017645039615e-01 7.440136293374380871e-01 6.608588023431002934e-02 2.610739502300762349e-01 4.648021508613328634e-01
2.048534605016905374e-01 5.095625595071254788e-01 1.678652165183926182e-01 9.563540001926907896e-01 6.006792832607721344e-01 3.394948704208633483e-01 9.644188181749861755e-02 4.849686111055102611e-01
7.657961086883295909e-01 3.097633186621812085e-01 4.496729856497018729e-01 2.096506359029159938e-01 6.399452834029983883e-02 5.686468507193909172e-02 4.971061699104081799e-02 2.856109364736898748e-02
7.243787408593114208e-01 2.325776681994900508e-01 3.967551027559776400e-01 1.182523319973655673e-01 1.359380722203484826e-01 1.177347485385653730e-01 1.887182761589830116e-01 5.482196463585614632e-02
3.713521895994522093e-01 5.420451277076412389e-01 3.714065822406021344e-01 2.694354115773011649e-01 1.685901640174649052e-01 3.621050350015862784e-02 5.490752647699545692e-03 3.685517753439000038e-02
5.524449748308718489e-01 3.865629569910121743e-01 3.035881878677897383e-01 3.085756312451784500e-01 3.730689785693357408e-01 2.816545357741671862e-02 1.211965706115055927e-02 6.108028022274195057e-02
3.843499133716590244e-01 5.408153860490930720e-01 3.778419229238895727e-01 2.718622894470460460e-01 1.974491666071981621e-01 3.348949563423742060e-02 1.421699392578385478e-02 3.547386142117210650e-02
6.517743506034979761e-01 8.624388179956012090e-02 4.013677185842818851e-01 2.000530344961171658e-01 5.556655324202717378e-02 2.057159337896913298e-01 1.909625906600327661e-01 6.818037236332183740e-03
4.077077950126886674e-01 5.384495811107194996e-01 4.852176384449228830e-01 2.407390030534641567e-01 7.636547848338255673e-02 4.474934475206388679e-02 2.562026113437808339e-02 2.828645733771672360e-02
6.056917454488777164e-01 3.904115439367809026e-01 4.951655599464957480e-01 1.328003893533065416e-01 1.042617566758644448e-01 2.001290328795180817e-01 1.283043388523255057e-01 7.358092412780249669e-02
9.868869231026029809e-02 9.014088869618093192e-01 4.647702769097752928e-01 3.398374622047787841e-01 5.542782708809203956e-02 6.143308654138660702e-02 4.980516400861866727e-02 3.463591122141505829e-02
1.256231444586193569e-01 8.889556342012583379e-01 5.384107422791947206e-01 4.276078339563385566e-01 4.354864149848788890e-02 6.182883128653914040e-02 7.657747868366500572e-03 7.983587684254320194e-02
8.666568187226113551e-01 2.658518337898519435e-01 4.422735563463500719e-01 1.496301439619905915e-01 5.753405031486587967e-02 1.643773324440729877e-01 1.787407630273178394e-01 1.260331912392753835e-02
1.844017941564694563e-01 2.942442847713093168e-01 6.176610595852233265e-02 3.241955752500451093e-01 5.117456430804607770e-01 1.997018913805053697e-01 2.157972146598103047e-01 2.714628690522513654e-02
3.679596489269375548e-01 1.697887896419708331e-01 4.223894329395041503e-01 2.922017219001653010e-01 4.660368630833969933e-02 1.848709056344826351e-01 3.279867057176991674e-01 1.867836098881484053e-02
5.951563090366259745e-01 1.122388812462217084e-01 3.493934505715965977e-01 1.239698368246960336e-01 5.624886878082595298e-02 2.217746865335350204e-01 5.375375389964402728e-02 5.606847911604920243e-02
4.144504648822575632e-01 1.860603375747698074e-01 3.737792795264950341e-01 3.439969575468985741e-01 7.601051235228942216e-02 2.952188602832666285e-03 9.531509064200155423e-02 2.360504641686337474e-02
4.010372960931374298e-01 1.289109473768473568e-01 3.758250199635231881e-01 2.020551548474834591e-01 5.364245695226339816e-02 3.035331245435395411e-02 2.291577172433542919e-01 8.904336512551814034e-03
6.537783593992562148e-01 3.990636250692379261e-01 4.437728711695877459e-01 2.514848534007604886e-01 1.379200735568081038e-01 2.075529004269908648e-02 7.891499486923594930e-03 5.041235134004929536e-02
3.882434864888111847e-01 1.009454803401515360e-01 3.834827715989158614e-01 1.641981105932115437e-01 8.436337524326634196e-02 3.794741925882840206e-01 8.623532573297387760e-02 6.416261417458875294e-02
4.262055088322251328e-01 1.816497346190289186e-01 3.279161457138327074e-01 3.869546285960480114e-01 6.699776048919349192e-01 2.383256913877179750e-02 1.326625452886752432e-02 3.562130759623747395e-02
8.547712734056350792e-02 5.139831987158466342e-01 9.481016298803083275e-01 1.663708806730527789e-01 7.703171727787452294e-01 3.272953530371321834e-02 2.186756668451597316e-02 9.320026306824294449e-02
2.517682663143750443e-01 4.464044954607775395e-01 1.989662916263992554e-01 8.952822025552652496e-01 9.749801336373867811e-01 3.716308134329568413e-02 8.596005564148084463e-03 4.525522300407087140e-01
1.880146337183681293e-01 4.020591131854868716e-01 4.583437410878467982e-02 8.901570360130482973e-01 8.471137489442728263e-01 2.119396740752136354e-01 4.084703589307487892e-01 4.141092954298633555e-01
1.000000000000000000e+00 1.604237985221051987e-01 4.519232495207182732e-01 1.111101947563073594e-01 1.531371709427540861e-01 1.234662201630084694e-01 1.129462035317758267e-01 4.266196371060724385e-02
9.544154003198336289e-01 1.755546101686213945e-01 3.810441491307405282e-01 2.251057709970732679e-01 8.555784922725902242e-02 1.501545367423862687e-01 1.299489711434654582e-01 7.069944918810129424e-03
5.674649603296557654e-01 5.057818613462014556e-02 4.470558593975533790e-01 8.202241431800313953e-02 9.270645759177871537e-02 4.074544433846269409e-01 2.115246610947207062e-01 1.335937731017006747e-01
4.051822594769033392e-01 1.286196475195089950e-01 2.544574470113579734e-01 2.922059537205781155e-01 1.810666584406178670e-01 4.086613895514747408e-01 4.513964986885059538e-01 4.773709174633024299e-02
3.828952503348246328e-01 2.033075139675545040e-01 5.785428838128391371e-01 6.349161886922222164e-02 1.062700757955385988e-01 6.020602626016549053e-01 4.122141966046560246e-01 2.270599792224917424e-01
1.350674467359378184e-01 2.324114127423240195e-01 9.421963064878193794e-01 3.520552658066471163e-02 5.769980888506121008e-01 4.135604251547481125e-01 4.455067800488453633e-01 1.466433760642800732e-01
2.588557732599097022e-02 2.873143558418041477e-01 1.235684170579129104e-01 7.481953666619558518e-01 6.538633066526169380e-01 1.000000000000000000e+00 1.000000000000000000e+00 6.716107411722648246e-01
6.649194741774526740e-01 1.283939281585836645e-01 4.251537463047264098e-01 1.570921861055524504e-01 7.405517964308065693e-02 4.347568255210542548e-02 1.170109031396448784e-01 3.776932456879288080e-02
7.879313164986384566e-01 1.667815542897411463e-01 2.326290095526232504e-01 2.995615947569745252e-01 2.017058163544974136e-01 8.069498675932509912e-02 8.278136996236767908e-02 7.098480984266432314e-02
8.043659811222017009e-01 1.678493811071220254e-01 3.561322026036111699e-01 2.904814373888813250e-01 2.086196648423764288e-01 4.881870830775478232e-02 3.690644699669904522e-02 6.225469471547644129e-02
6.085528463790972342e-01 2.490286175289581905e-01 4.459678368595554332e-01 1.765382965095156353e-01 1.435585494380181015e-01 4.170859313926466444e-02 2.002089526458833979e-01 3.985049313613245325e-02
3.438078247261333042e-01 3.501337339940737703e-01 1.224140636897286943e-03 7.877837733741592796e-01 6.023526501102609565e-01 3.767020263848918082e-01 2.621951732215341835e-01 3.505236125759677024e-01
2.166345539244182994e-01 5.967886202601302426e-01 1.812363548823270609e-01 9.027078036260774985e-01 1.000000000000000000e+00 1.243889073696281995e-02 6.004707245623763269e-03 3.699060525586946313e-01
5.988146636842260895e-01 7.876702145845629333e-02 4.373773386944039832e-01 9.618536178772381373e-02 1.809595456433963079e-01 1.729355380618277926e-01 3.192927524329695899e-02 7.324017260956712516e-02
5.167312596781290512e-01 1.496071494553366799e-01 4.407382688992568243e-01 2.847903776886781535e-01 8.059744867044583982e-02 1.532384857866960770e-01 1.157299965884595883e-01 2.034147922741015579e-02
5.342754266582386835e-01 1.176104628033084881e-01 4.246804334813800152e-01 1.902674258401886864e-01 3.736801858803519977e-02 1.679828615100771860e-01 2.637003766895187895e-01 4.030543985692734005e-02
7.871690539569664580e-01 1.428508615365525758e-01 4.547941729735276994e-01 1.446386954426664428e-01 5.581409205135899609e-02 2.741940910912017415e-01 2.508034160846451810e-01 4.477939264126924029e-02
3.094243616685106724e-01 1.377514845194079129e-01 4.747189209682956545e-01 1.867963688954078771e-01 2.659962966276913088e-02 5.402954826790795639e-01 2.207058865384218527e-01 1.551636206236002014e-01
1.267789135083791929e-01 4.376712223514879208e-01 6.349055367682988615e-01 5.109650343986107401e-01 5.037796474947580164e-03 1.673682497786048995e-01 1.370067004686579826e-01 1.022908393920600179e-01
2.281948489841874872e-01 1.211543543593588956e-01 7.154457060336706364e-01 5.697302334586108741e-02 4.709773490457357936e-01 3.994750667983730796e-01 1.250924309207911422e-01 1.315878522091815939e-01
3.032834261273991694e-01 1.495907286070060072e-01 7.475464573326744411e-01 5.096077816452567605e-02 5.201927619876192121e-01 3.001898419535076190e-01 2.574807524881281839e-01 1.384757566793361483e-01
2.187002641021864036e-01 1.024560863663113580e-01 7.222107119142451293e-01 4.367528915581184168e-02 4.887924853952383963e-01 5.444666332860306213e-01 2.783083019792876867e-01 2.027629851031370056e-01
0.000000000000000000e+00 9.152082036979258817e-01 5.612724969360711746e-01 1.000000000000000000e+00 7.732968537705206535e-03 1.969134226981713864e-01 1.359802113465913564e-01 9.889949746055533286e-02
9.532014845908449996e-02 1.919161193394838816e-01 4.963825361385807433e-01 3.447148281903008038e-01 9.202485953723513190e-03 7.816548585135990601e-01 7.949031907675174757e-01 3.486802935233479506e-01
7.538473851392417657e-01 2.279097662375553501e-01 3.186320466884972058e-01 1.890119860462549650e-01 1.284766876776436140e-01 2.352225931371782972e-02 5.101510424107649766e-02 2.606890807963532092e-02
5.583783638618097234e-01 6.802923011991203472e-02 3.173270503168664214e-01 2.088380950456996121e-01 1.035187940037714666e-01 1.195038902431715122e-01 3.252510830585082086e-02 2.082927637149890182e-02
7.555346057156635542e-01 2.421649536498609312e-01 3.399798374314099703e-01 1.735838841926605203e-01 5.640250090718870735e-02 5.886146565508756229e-02 7.588754704788519545e-02 8.337508695884756488e-03
4.741932972989835737e-01 8.552463980130517451e-02 2.156295137373246962e-01 2.500035684703328931e-01 2.681246323536127241e-01 1.918076849025082686e-02 1.470138109275649085e-01 3.147540787979139637e-02
3.155890356978751643e-01 4.088351619482975818e-02 1.962260699516144291e-01 2.246863986803263602e-01 2.749873412748829460e-01 2.120080286315875751e-02 2.165459672464467300e-01 4.388294263652067762e-02
8.708854364224443145e-01 2.082474699050712030e-01 3.814495294479240961e-01 1.385471680409843254e-01 2.101339149675937323e-01 8.144337812255970921e-02 8.027602347800510962e-02 4.114475439912999855e-02
5.306078391011125328e-01 2.450647897964670086e-01 3.468862079309258384e-01 1.796784355007647882e-01 7.310386263253480787e-02 3.051744614335391917e-02 1.831175425339191254e-01 1.568620693827666585e-02
7.014173646964837472e-01 1.824584166593718471e-01 4.097500608365887698e-01 1.140031438880725334e-01 5.808601960897911975e-02 2.352914773172354868e-01 7.310001695493356655e-02 4.755872506105171538e-02
8.543336241140376819e-01 1.333964659358456706e-01 4.208447528622446532e-01 1.366389197272153411e-01 2.179726502016394174e-01 1.388131752298512323e-01 1.946119186867247552e-01 5.512811104370361759e-02
5.915408055036648349e-01 1.169063369215040671e-01 2.070872653963874710e-01 3.147981093279889064e-01 3.338164026906058068e-01 1.194725431415312455e-01 2.078108691924074047e-01 3.952004128127455801e-02
5.616908002876953576e-01 1.228188934280111388e-01 3.109921606091389790e-01 1.034479747912181030e-01 8.715255083434772509e-02 3.699639718525535304e-01 2.091024636673188830e-01 1.075877138376914316e-01
7.129938503042395626e-01 9.417167509350250765e-02 2.393365323389473331e-01 3.082374520529240769e-01 1.996040042930564140e-01 2.753108026233386241e-01 1.939783041875023650e-01 7.215925214611112505e-03
2.685089938059045389e-01 5.347487581001972995e-02 3.623206611768607921e-01 7.971924366089026825e-02 1.250712013907806230e-01 5.171534600670945059e-01 1.532654241594088029e-01 1.557978221062917001e-01
4.696622159680917119e-01 1.494443716480496065e-01 6.729786899231302577e-01 6.052202360860636787e-02 3.837904398448642174e-01 2.474475821098350015e-01 1.948945507396660504e-01 9.720449459028807082e-02
2.424454035019633358e-01 1.977049596094371808e-01 3.276399251643612454e-01 8.223098471192123726e-02 1.200601275489520531e-01 5.567036711974374663e-01 2.122631742019830126e-01 1.716292685151134256e-01
2.668099392087147081e-01 1.926085690378898652e-01 7.626469137496979522e-01 6.562306892037315931e-02 4.750850389103232763e-01 2.047566032446169748e-01 5.796487058848939083e-02 7.284066863583339713e-02
3.645848515438026016e-01 9.672318807345688108e-02 3.100421188538514672e-01 1.003564638436058865e-01 1.071171155895744159e-01 5.572997626508021662e-01 3.268095019229481646e-01 1.810649134380927228e-01
7.041578198856880688e-02 1.809193539108937820e-01 5.995289074218009828e-01 9.592780123660162028e-02 2.555418318401561639e-01 5.666865810687763544e-02 5.627993062416392078e-01 4.921382508489045154e-02
2.419888341366222828e-01 2.222020073107401905e-01 5.796677160102865489e-01 6.573343480821285112e-02 2.585824837604252524e-01 5.602270754913513118e-01 1.732543453416890700e-01 1.815562548905859663e-01
2.948074068084227672e-01 7.061927285984867519e-02 4.470521151521152925e-01 4.246952677167550178e-02 9.370133401415753349e-02 6.490034410478113802e-01 3.297173645837262468e-01 2.305096841648436312e-01
8.121341371297682854e-02 2.765667921865036516e-01 1.000000000000000000e+00 8.389768338617416277e-02 7.049691511484545980e-01 1.351298411349070860e-02 1.219018614663465311e-01 7.142242330419652785e-02
1.060946931800039045e-01 4.000434454101925441e-01 9.768268966958105759e-01 1.104427040514553426e-01 6.928261104595618836e-01 1.121273743629598724e-01 8.200029201201398943e-02 7.965833312319667292e-02
9.420730948911974767e-02 2.977649959991621187e-01 9.926320649112682082e-01 8.748731371895390740e-02 6.969944969253102363e-01 8.165906736679155731e-02 2.145888066122223492e-01 6.605059106964050741e-02
4.598447908838535492e-01 1.230284822331665501e-01 2.373918222039468617e-01 1.690308705047240123e-01 2.406284233954752161e-01 1.779131565788223124e-01 2.611344902176162552e-01 4.598329593243635077e-02
4.181024141265656247e-01 4.632304525010373132e-03 2.433671085986159055e-01 2.153537977757333521e-01 2.143517940172909586e-01 3.571926926033203165e-01 1.339922575335195098e-01 6.608855209834899047e-02
1.339089657502308683e-01 2.684996284368421637e-01 5.210738566201503774e-01 5.270282657661674169e-02 6.752048001997340565e-02 8.912113567735616693e-01 6.322081403636803376e-01 4.004136913258640185e-01
5.547869510538432358e-01 1.820501669082479346e-01 4.591946527610967221e-01 2.342230894500774707e-01 8.137279626790348830e-02 2.664240482650018227e-02 4.380127891097379544e-02 2.284357098225318211e-02
3.013106710683741696e-01 6.452331376880952873e-02 3.636305027909586540e-01 2.382391872958258272e-01 5.625737811879014116e-02 2.066093427371759952e-02 2.198150144625172497e-01 1.649026266122662066e-02
7.309803874744622565e-01 1.266782120052626637e-01 5.192056940171383417e-01 9.480935080835585504e-02 1.636208405418582978e-01 9.124767240736249285e-02 1.106694889262833659e-01 5.931089601530781241e-02
5.063362562987785420e-01 3.889286845964913530e-02 3.809872709754548725e-01 1.665970087863723748e-01 5.452807868051255669e-02 2.611023895147486229e-01 1.064708539385728209e-01 5.626009396472892582e-02
7.179449019012302813e-01 1.940370941026623164e-01 4.179857542762184242e-01 1.868990762396743055e-01 3.849008526593064583e-01 5.298762456480021754e-02 6.553786247429994882e-02 5.020090594282631408e-02
1.499298612060388503e-01 1.000047848158167052e-01 3.310555367448551611e-01 2.058433138250211625e-01 6.262705824337355676e-02 6.284383852111581625e-02 4.297824899147669742e-01 3.296434659999420563e-02
1.791826290582101133e-01 2.733813630984676113e-01 4.411745313272942837e-01 1.275980933196112777e-01 3.535590724861172041e-02 4.702255579539966340e-02 4.049616555788178585e-01 3.331693963137163234e-02
2.789764475814018319e-01 2.030928974406644438e-01 2.928523423709807894e-01 2.236613376129188979e-01 5.640953913267077180e-01 7.819393822856655907e-02 2.443329246385903264e-01 3.192649185313964355e-02
2.516470695734504548e-01 1.862720390115913116e-01 6.632723892287913925e-01 7.675652916909801726e-02 3.680477534591843902e-01 6.448984271980684468e-02 3.319147419092511320e-01 7.129731903185476671e-02
2.809758743003725745e-01 2.380642103877915194e-01 5.162476565240055049e-01 1.702468612815139226e-01 1.656519079476356099e-02 4.824636882142461225e-01 1.270045602679873709e-01 1.327801872253112359e-01
4.242964340580216986e-01 9.758517566490954032e-02 4.048792754292330209e-01 1.982552159681808535e-01 1.721729608754920052e-02 4.651924448056403705e-01 4.156191598297899747e-01 1.915958870019086879e-01
4.757577949340021511e-02 1.000000000000000000e+00 4.967343322851538456e-01 3.816042367054219286e-01 6.129746520282547233e-03 6.828078972650540590e-02 2.279283817926660294e-01 7.529126631728493002e-03
4.811910150794725394e-01 2.798696690257757580e-01 6.592906791296728741e-01 7.076239643751486286e-02 2.705198893714153008e-01 3.515123958670882676e-01 3.211516663837108987e-01 1.442182934266731664e-01
3.911644099217637116e-01 1.784457365130535933e-01 7.085137762388487026e-01 2.895961499386999830e-02 3.116253748554664860e-01 4.441286820700321436e-01 3.498734433982694791e-01 1.873228789600791533e-01
2.652271824167757308e-01 3.306502940227319387e-01 4.421119147495518042e-01 1.202367386254483000e-01 2.396392330558397288e-02 6.401503674454622761e-01 3.602261176008690335e-01 2.569262293558974286e-01
1.233806044853390238e-01 6.992914808629296930e-01 4.976345638945466887e-01 2.731096903522103880e-01 5.043829631304119765e-03 5.769345344911546158e-01 2.865115450316795820e-01 1.975811388934296531e-01
9.159116504090744626e-02 8.208153381639865520e-02 4.255203895681437531e-01 1.869084001215704782e-01 1.367313160711193520e-02 9.768108408803743981e-01 8.219184127999770162e-01 6.003069109339729259e-01
7.882164500239505767e-01 1.372062142910822347e-01 3.679700894028368197e-01 1.999416326103153618e-01 1.210012959279275907e-01 7.096220822224531821e-02 3.719801056632056346e-02 3.536930061816320747e-02
4.282712308199805862e-01 1.274940551275311473e-01 4.078248348444088456e-01 3.345668832345157773e-01 1.926629400185946028e-01 2.188362019434563627e-02 4.596775094656323224e-02 3.572676838493169665e-02
4.971458795459401947e-01 4.059229342220250225e-01 4.671410984778419095e-01 2.906928302060303726e-01 3.766160206349257467e-02 8.840643996577291636e-03 2.605259886021141918e-02 6.116102735489998415e-02
2.711166042593191050e-01 6.184983371819981895e-02 3.544643482208343910e-01 2.422837690311846759e-01 8.141138203226540304e-02 6.897031010740935220e-02 3.042912051131027029e-01 2.816124206578265662e-02
5.435457613533767329e-01 1.892575427019977108e-01 3.559678207045203768e-01 1.358887587493627647e-01 1.072087268644334873e-01 1.373335059685857618e-01 2.680240529107533187e-01 2.381166704922732871e-02
5.208333511892971890e-01 8.442893305989709885e-02 3.640463099112784540e-01 2.754667547513783843e-01 7.117331295397884283e-02 2.330174718383778154e-01 1.503287115786426376e-01 4.281038151505948269e-02
4.494697013403426977e-01 4.096630840445041749e-02 2.560977840680800921e-01 1.383711944150412543e-01 8.740535544753456898e-02 1.502882170697082687e-01 2.742618391084062149e-02 6.133930267861036068e-02
6.533964275681030109e-01 1.050492981236578194e-01 2.317982547440249064e-01 2.549610007235295628e-01 2.137145943109317880e-01 9.463430138556667981e-02 4.416294928098112027e-02 3.826564255718935964e-02
6.956348243135241916e-01 1.828167829186012339e-01 2.772623863426557644e-01 3.357779260320647996e-01 2.000186764513559035e-01 2.197363966943598201e-02 1.424289158712039802e-02 5.685001743244356281e-02
8.367534861128165247e-01 1.217188475853360485e-01 4.240607818793608597e-01 1.720025397565174974e-01 1.314998026961449462e-01 9.062950226678094523e-02 1.090485868154445759e-01 1.110407285561319096e-02
5.936680121425460532e-01 3.615237690103593748e-01 4.877959116332287737e-01 2.284995162837324956e-01 4.414073073107609851e-02 4.332149585787106738e-02 2.841653589219666348e-02 3.219004105344377281e-02
6.372541152001088838e-01 2.605631003592999706e-01 5.493997422177034906e-01 1.327690820802491789e-01 3.202992813847881370e-01 9.505852995433196340e-02 4.173940652052288841e-02 6.483544928618456549e-02
3.303536373182501262e-01 2.623502838867549647e-01 4.511024575440644724e-01 4.226707843897226091e-01 1.141017877991944846e-01 4.190119410113740672e-02 4.372922885172867563e-02 6.047822900288618575e-02
2.392362020196246997e-01 3.865157441230941959e-01 3.431428902825899296e-01 6.119164918730222169e-01 1.016306551857818347e-01 7.699003739788659595e-02 2.496306593630528980e-02 5.800947715505298807e-02
1.176725133145442581e-01 4.616132010115507889e-01 5.319275696479901505e-01 6.164209409414419527e-01 2.324845537499867394e-03 3.915195894807401156e-01 2.363466539119128129e-01 8.402359537835943359e-02
7.676598710115544177e-01 1.777608632011300205e-01 3.255942183166597448e-01 1.916573041056384707e-01 1.756488627847040129e-01 1.061180323639459577e-01 1.259115892707146633e-02 0.000000000000000000e+00
6.789901835394264173e-01 3.171685711435845434e-01 3.497485225760178507e-01 2.021448573664582082e-01 1.834584833566881568e-01 1.156146980435804154e-02 1.844657157379261947e-02 3.811446329932071525e-02
8.556136115638062201e-01 1.898387458570806319e-01 3.477565842274417118e-01 1.932222085259722999e-01 2.138305513811570857e-01 8.517552034988778997e-02 1.786333232346157956e-02 2.335263414247173638e-02
6.024745127767043851e-01 3.492406503879744717e-01 4.072516041364730444e-01 1.689755488345703049e-01 1.379473223238122936e-01 4.732197523350564067e-02 1.374237163457928956e-01 9.478865486465691895e-03
1.812280203459741834e-01 3.077667887915557232e-01 9.085770443289109544e-01 9.908805107361422226e-02 5.703272764791232907e-01 1.009499810320243357e-01 9.710397253308240828e-02 2.354735990494765535e-02
2.927077882562357236e-01 2.641372365923577714e-01 2.117794028841602227e-01 7.772269177768246218e-01 8.058163710989393325e-01 2.131303508645997769e-01 5.126955904055776475e-02 3.957459846315390939e-01
2.275746272262713366e-01 3.686708564200744109e-01 8.172562734512291149e-02 9.202840619503834807e-01 8.358860879115560527e-01 3.192611107476384102e-01 8.225766169978424025e-02 4.745705816972224933e-01
6.895754135099382287e-01 1.532904436143797955e-01 3.349267871130529040e-01 2.504693909117729489e-01 3.760797496297271225e-01 3.740789989000209426e-02 8.727399759327349529e-03 3.645976427409938769e-02
5.532564475302542695e-01 1.316119719665174437e-01 2.945459563986890239e-01 1.225982165876811497e-01 1.133877386494064471e-01 2.968785022917560523e-01 1.173400612941214866e-01 6.833146148333871239e-02
6.740387895328422418e-01 9.963734439145847943e-02 3.159100074239333811e-01 1.189602382201506020e-01 1.251409091811136465e-01 3.185787071849526808e-01 2.470919785151806658e-01 7.208655259452857733e-02
5.313490652356575028e-01 1.770792616870077163e-01 3.487576344602670297e-01 3.640463292262488548e-01 7.371486836359852912e-02 2.068960015547102183e-01 1.737862750840618586e-01 4.429653544180469499e-02
3.541488031079928489e-01 7.767919633367903476e-02 2.897197885183819821e-01 1.076202655692464760e-01 3.457728354983311547e-01 3.953398643987938166e-01 1.877512806543012724e-01 1.330012727829230079e-01
5.980285640814068104e-01 9.902962440801704735e-02 3.336199022344477072e-01 2.034682161128423539e-01 1.114835045696748184e-01 1.248035034076888476e-02 8.122126943160760948e-02 1.764172309789927701e-02
8.051097688567028232e-01 1.911656915146267288e-01 3.422075919470217165e-01 2.438163107392480322e-01 2.516473211608314942e-01 8.815172407652125189e-03 0.000000000000000000e+00 7.185139102420196044e-02
7.814651150946501090e-01 2.806976526667090965e-01 4.097663101868205260e-01 1.867046111780493178e-01 1.881661975659655039e-01 7.067017041419801707e-03 2.557029695947584010e-03 4.841670732502508651e-02
5.807173858866735427e-01 2.152238105374394972e-01 3.856230781332236623e-01 3.090648955581972723e-01 1.213430838861605243e-01 1.217429405590588626e-02 2.493425338667960497e-03 6.627896399943822292e-02
7.054326870820057938e-01 4.757097360823665105e-02 3.351518926895825090e-01 1.238146892805398191e-01 7.072014435130970222e-02 2.312417594899750239e-01 1.718057953435257468e-01 8.756625602416660825e-02
5.795601760279190939e-01 3.131556318382739401e-01 3.729734466339584831e-01 2.156064704795664644e-01 1.034462087245095058e-01 2.272707900838357234e-02 1.621669324384576449e-01 3.669378706339124219e-02
5.260478541697185539e-01 3.446409750893337787e-01 3.076544030107871697e-01 2.435205435654469175e-01 3.403819516780151044e-01 4.497949934309280334e-02 2.202242946745778737e-02 5.669371544946626151e-02
3.620313424802903968e-01 4.531573156803063163e-01 3.387998581576210921e-01 2.999227707046953628e-01 4.734954760762272730e-01 4.389107302568766647e-03 5.157483753328221017e-03 6.204501450343329755e-02
5.999121693643474362e-01 5.463531482122812449e-02 5.008114907016852912e-01 5.770809597990882167e-02 1.517215398042139063e-01 3.672985413716944869e-01 1.958928252379100454e-01 1.394481337440866275e-01
3.794095180524119093e-01 1.129093981263960961e-01 5.719211826045185187e-01 9.295716522682635763e-02 2.445666954017095829e-01 3.566300170941008041e-01 8.423956151410212645e-02 8.789992075195238175e-02
1.725786829028617131e-01 1.199301817761081607e-01 8.836247094406940450e-01 7.142221337251539182e-02 5.472640683745295664e-01 2.181619247941323503e-01 2.141893921759091823e-01 8.949848607046524684e-02
6.430180733495172163e-01 2.108477577212710674e-01 3.070100250979398426e-01 1.755942561766992427e-01 2.561234652064144357e-01 4.666964436547667294e-02 1.994859856094957640e-02 3.582964372644226875e-02
5.533774369176200914e-01 8.625135690873125816e-02 2.459124688451690133e-01 2.063554473718678950e-01 3.091464031842920401e-01 1.069926396707434474e-01 3.649361660018415193e-02 2.057703917580355757e-02
4.575122547491853875e-01 3.648682548034163919e-01 3.107752231811626298e-01 1.815552314117258870e-01 1.956216264378882741e-01 6.355600031439780084e-02 3.546073714609941641e-02 2.820509270174299810e-02
7.024257938794040701e-01 2.313959722667687235e-01 4.221652070038077742e-01 1.945946476274885151e-01 7.582245787059493924e-02 5.862498868136261504e-02 1.695503444743976795e-01 1.379165787246983306e-02
5.544587900069927189e-01 2.203101327087330363e-01 6.158522787966106415e-01 1.373708480662336195e-01 2.335012085173274465e-01 6.298187169306893041e-02 5.565198147192363526e-02 1.301783071414137731e-02
2.124842504791570885e-01 6.855929401784491839e-01 4.004652227185225288e-01 2.724541266242460624e-01 4.013475483989255299e-02 9.098261230558436774e-02 2.022476554114728889e-02 1.445534149871374567e-02
4.784714793599428306e-01 1.377524194469492702e-01 3.695168014313046090e-01 1.953658389013224472e-01 4.408653880044739043e-02 3.542625992384441647e-01 1.065257883717108806e-01 3.303306941288360749e-02
8.542283824684643312e-02 8.888959618237696203e-01 4.381158523362040369e-01 3.247526839553855349e-01 2.108992621346790497e-02 2.482378799468568931e-01 2.081539664921633337e-01 2.447339734574917325e-02
3.254368510872949760e-01 1.303858374907375384e-01 1.043733041523177141e-01 6.661714028176243252e-01 7.343621116533290971e-01 4.125867120165770396e-01 3.286606802086148860e-01 3.789716227741400933e-01
2.920395643447313838e-01 3.817524267693502282e-01 2.183677780105106048e-01 8.160411084233786250e-01 9.669448037113361760e-01 7.136748619366219126e-02 1.426649844522474841e-01 3.838253749842754914e-01
2.802849728288320796e-01 3.748040914225592712e-01 5.614292256733144360e-02 8.077759383551538219e-01 6.156534833812299379e-01 4.304194723825993663e-01 1.637637680357311998e-01 3.691445231939850524e-01
6.822647332374787155e-01 1.462767230434330601e-01 4.508674833239806889e-01 1.577587772877808714e-01 1.556053012596864960e-01 3.466943099333608114e-02 9.272110165736415985e-03 2.740644266838632506e-02
7.883996669952993974e-01 3.170489803378726545e-01 4.211714310949273288e-01 1.846339692827389245e-01 1.590020168305358583e-01 4.915945494374658609e-02 2.054816865977139584e-02 2.075220784932054613e-02
5.657689695514871442e-01 3.889637599169497584e-01 4.444744500960238209e-01 2.566042947376813710e-01 3.225411760202154254e-02 6.724852007006450194e-02 1.870289489140790698e-02 4.413870829971137250e-02
4.791316368722554619e-01 2.400550145831353566e-01 5.189357549686691717e-01 2.404638945970933583e-01 9.438097154807152667e-02 2.910364882745545417e-03 1.155613067713266023e-01 3.192910661197411598e-02
5.444981796088256276e-01 1.939602938698593571e-01 3.589934200460476732e-01 3.130787227805367778e-01 6.711670797877759831e-02 1.933188336713352329e-01 5.700011730556844153e-02 3.537137998037978570e-02
4.546712175022135649e-01 1.187365443022467826e-01 3.970137924454225642e-01 1.703316413729625001e-01 2.702430671755100960e-02 3.242746609212648345e-01 8.459652321841192035e-02 5.089522131390586401e-02
2.081072231188001720e-01 6.828718655940664295e-01 3.795281075521062530e-01 2.805877994116496854e-01 5.162449851344035057e-02 1.154023520488372395e-02 8.625472095120433058e-02 2.902402273438864019e-02
6.730668903549550386e-01 1.447231348307670695e-01 2.944114527079197963e-01 3.518810216788971768e-01 4.995100144598086933e-01 7.824729781446317090e-02 7.693275872165407370e-02 6.799475679354746206e-03
6.287829984230567382e-01 1.174660504805883354e-01 3.888968105215650506e-01 8.755500280573220995e-02 3.068394634085622880e-02 3.723753815752427476e-01 1.961444772601904085e-01 1.059187524780348943e-01
2.011564487839467286e-01 3.591410267233490772e-01 3.162370128937915803e-01 2.378994072119360592e-01 6.673255519652736556e-01 2.820947854592928752e-02 2.417944680128945520e-02 2.354923828307755457e-02
2.919965580295577068e-01 1.095476562501356832e-01 1.065007942489148568e-01 6.407885912579721621e-01 7.106840695516127848e-01 2.514628743978074565e-01 6.452142597979390604e-02 3.651664609390329885e-01
3.661568545438134148e-01 3.211752349958107988e-01 2.587189572614903912e-02 8.211055208935948979e-01 7.649014155371566259e-01 2.164092841773483933e-01 1.232321342666307523e-01 3.882007911495778396e-01
3.528516284004681869e-01 3.049920049217283435e-01 5.812728389043846089e-02 8.539565772413238998e-01 6.818285336787310857e-01 2.707187170448905333e-01 2.671956267108853145e-01 4.156775474973425921e-01
2.370809677595489828e-01 4.638794359628567454e-01 4.376747962001612674e-02 9.342136864351808789e-01 9.646567718956045034e-01 3.592357987078464293e-02 2.521228888501133702e-03 4.303306182658397372e-01
2.515860126666183971e-01 4.249133278576861517e-01 0.000000000000000000e+00 9.531635191976481902e-01 8.877388791030748072e-01 3.538011977075428832e-02 1.333309889659146097e-01 4.999861210629644726e-01
3.114631374551292686e-01 3.180581989935077902e-01 5.464480225547525827e-02 8.542584401514639048e-01 7.973966247954606956e-01 3.352241174603371454e-01 3.204867728909261970e-01 4.953157071052694538e-01
8.008369993566094580e-01 2.668105867139178300e-01 4.102618126335416671e-01 1.959231352353126288e-01 5.990053013732697662e-02 1.299465796728874745e-01 4.513928737633262495e-02 1.364836254698462495e-02
4.276365800955277963e-01 1.866721369645039930e-01 4.425988462513026356e-01 2.827679733783676763e-01 6.829273620425621583e-02 4.419736102091176982e-02 1.806247898617793501e-01 3.588904086174849600e-02
3.467673423391930410e-01 1.721230862090423197e-01 2.428264622725940236e-01 1.704165883923060010e-01 3.931266797771650889e-01 1.515032068962166301e-01 2.406161431072626478e-01 4.489398786672283564e-02
5.307730559123531311e-01 8.812217322884896564e-02 4.084042941311452068e-01 1.219439625191649085e-01 1.044616534071374364e-01 3.532795514828891981e-01 1.152757224597337343e-01 7.491045692060145644e-02
4.012825718288720034e-01 2.374310289713337518e-01 4.932055196611019876e-01 1.106475791112121743e-01 1.847780561436613567e-01 5.795792765469596347e-02 2.829201410671399186e-01 3.954990257991497504e-02
3.473560298193583140e-01 2.388468100482152301e-01 7.259433990887924626e-01 8.669353827066379747e-02 3.535401428083033148e-01 2.060115465575875493e-01 4.627269310602385999e-02 4.603051693552086265e-02
6.529248400954772436e-01 2.081794414386325953e-01 4.870267626331385991e-01 1.240271501942913079e-01 2.112913416173040349e-01 3.779791807909945768e-03 1.213639150955824059e-01 4.126144480305713597e-02
7.392357106891602747e-01 2.335561032947335858e-01 2.841023539514311858e-01 3.494330775237863285e-01 4.272966292890574280e-01 5.371210010867373541e-02 8.255972634131825486e-03 6.109314384532094772e-02
4.244820144550714991e-01 2.495222750939532219e-01 4.734742952220772905e-01 2.959009760361316910e-01 4.954431757569370542e-02 1.383771459834357009e-01 1.751365783987417213e-02 3.398265512545722844e-02
4.995534627986951692e-01 3.730755940422439410e-01 2.976540084628293004e-01 6.294552567655378184e-01 4.422498920503638575e-01 8.654679881461568858e-03 1.154960954884517998e-01 6.123102868416566147e-02
3.493224722818103478e-01 2.591715117312299865e-01 2.074923368480894315e-01 7.741077486378465933e-01 6.456377976129414886e-01 2.786332312809185474e-01 1.421425094116324506e-01 4.234088696319162071e-01
2.210271510819143970e-01 4.314636544048845446e-01 1.188932004382911578e-01 9.664568733947723755e-01 9.936404136351049132e-01 9.315607203868488118e-02 1.852811370515820150e-02 4.929684152084017890e-01
2.725725542243851995e-01 5.580224882495037342e-01 2.273012461346238938e-02 9.371198005736817160e-01 6.935917478552378057e-01 2.990432728863343659e-01 1.955173278337115073e-01 4.824127113189521920e-01
6.043411568535181910e-01 4.155439014510721174e-01 4.739861816475678391e-01 1.948731034832233422e-01 1.720929476995352037e-01 2.230561441320522836e-02 4.134810145291114430e-02 2.493883586749176193e-02
5.061901096877634565e-01 5.168505916568233438e-01 4.271198125843766458e-01 3.300177486435865726e-01 2.074259680135436545e-01 0.000000000000000000e+00 5.039651262765106055e-02 8.071858988933856838e-02
1.415098562754056044e-01 7.996133439559002243e-01 4.503861187469148097e-01 3.384497775334829317e-01 3.681003999796390591e-01 3.452732633933158594e-03 3.829012204525153451e-02 4.587870887134951059e-02
1.075910914796973233e-01 2.923001714672388007e-01 3.695449651755532139e-02 8.526959409468568563e-01 7.458363453899113926e-01 8.199972959400920747e-01 6.701909659166225275e-01 5.336479651550537495e-01
6.079267266789493140e-01 1.825399710067042991e-01 2.791682392396701018e-01 3.085229169722815135e-01 4.795845129711137633e-01 4.413104220556209739e-02 3.019106756400875835e-02 3.194860001015762535e-02
3.623452072492787113e-01 1.268387511202266338e-01 2.497559996241117963e-01 2.695890611849020013e-01 5.634380979091949682e-01 7.021469404823246774e-03 1.066327423496981758e-01 2.674656951427342375e-02
8.328874204476066634e-01 2.742711224387797686e-01 4.338501895984730461e-01 2.048174783373836738e-01 3.667613738661944234e-02 1.643581666871040403e-01 1.651910169271673667e-01 2.584056169478564022e-02
