0.000000000000000000e+00 -6.062442363290701506e-08 -9.194870900962887092e-07
1.000000000000000000e+00 -5.506015764280778471e-12 -7.601810482813174471e-11
2.000000000000000000e+00 -8.447995596947757091e-12 -1.167992262982288601e-10
3.000000000000000000e+00 -1.199656072456578020e-11 -1.880073326148803042e-10
4.000000000000000000e+00 -1.583374483591103361e-11 -3.008445496030832457e-10
5.000000000000000000e+00 -2.014990072511390820e-11 -4.782821543846149622e-10
6.000000000000000000e+00 -2.637795066151208733e-11 -7.560012561105951091e-10
7.000000000000000000e+00 -3.751783748680016741e-11 -1.188983449763105426e-09
8.000000000000000000e+00 -5.737110064889870448e-11 -1.860772102797099479e-09
9.000000000000000000e+00 -8.853210302005924223e-11 -2.896376100605743823e-09
1.000000000000000000e+01 -1.301876251411689284e-10 -4.481229099859612525e-09
1.100000000000000000e+01 -1.779521618656714367e-10 -6.890315333533315143e-09
1.200000000000000000e+01 -2.278593452880766396e-10 -1.053232425050513396e-08
1.300000000000000000e+01 -2.843158259781257398e-10 -1.601283434975979187e-08
1.400000000000000000e+01 -3.677411731354795569e-10 -2.421975505126292612e-08
1.500000000000000000e+01 -5.142950375372067312e-10 -3.643748309189459361e-08
1.600000000000000000e+01 -7.617192588119547562e-10 -5.450582242944951724e-08
1.700000000000000000e+01 -1.124689247585012845e-09 -8.105167143164469555e-08
1.800000000000000000e+01 -1.576746910598374645e-09 -1.198260837581726932e-07
1.900000000000000000e+01 -2.062923665814363693e-09 -1.761711857866437126e-07
2.000000000000000000e+01 -2.555539004057722231e-09 -2.576317406155626890e-07
2.100000000000000000e+01 -3.133203816537251095e-09 -3.747401469095428996e-07
2.200000000000000000e+01 -4.025544406220411745e-09 -5.420553595923981384e-07
2.300000000000000000e+01 -5.556514472880137152e-09 -7.795998387107041202e-07
2.400000000000000000e+01 -7.969578568425568965e-09 -1.114856757069974722e-06
2.500000000000000000e+01 -1.122360801167131254e-08 -1.585433280736527457e-06
2.600000000000000000e+01 -1.494098879140015157e-08 -2.242425543819866405e-06
2.700000000000000000e+01 -1.866712355738762268e-08 -3.154562842587158512e-06
2.800000000000000000e+01 -2.241018480741375465e-08 -4.413421185940777518e-06
2.900000000000000000e+01 -2.714424336737062616e-08 -6.140249609936341513e-06
3.000000000000000000e+01 -3.478472789458699732e-08 -8.494993255071607078e-06
3.100000000000000000e+01 -4.732644642498562543e-08 -1.168781763132234288e-05
3.200000000000000000e+01 -6.543797863964221712e-08 -1.599309408826307062e-05
3.300000000000000000e+01 -8.751349428502911743e-08 -2.176586189824451290e-05
3.400000000000000000e+01 -1.103609491797421566e-07 -2.946141304022014426e-05
3.500000000000000000e+01 -1.318714774627752198e-07 -3.965938947218994635e-05
3.600000000000000000e+01 -1.543808739251365057e-07 -5.309384779816260719e-05
3.700000000000000000e+01 -1.860584702999431762e-07 -7.068983546916734594e-05
3.800000000000000000e+01 -2.379623189519235905e-07 -9.360583170130238793e-05
3.900000000000000000e+01 -3.170865440332363016e-07 -1.232811112074786515e-04
4.000000000000000000e+01 -4.196250947316538752e-07 -1.614881812588927113e-04
4.100000000000000000e+01 -5.307306818839349671e-07 -2.103920842608837801e-04
4.200000000000000000e+01 -6.343449131383930957e-07 -2.726189775036303646e-04
4.300000000000000000e+01 -7.293562511808485954e-07 -3.513349864752233608e-04
4.400000000000000000e+01 -8.408188900063268907e-07 -4.503332716887826635e-04
4.500000000000000000e+01 -1.013901522091708213e-06 -5.741242887910023634e-04
4.600000000000000000e+01 -1.287784199404006280e-06 -7.280237084534127478e-04
4.700000000000000000e+01 -1.663416538468241603e-06 -9.182359018550332458e-04
4.800000000000000000e+01 -2.090932770364196890e-06 -1.151936724888332842e-03
4.900000000000000000e+01 -2.496422431496273309e-06 -1.437361816812381685e-03
5.000000000000000000e+01 -2.841435270317083666e-06 -1.783899430215723754e-03
5.100000000000000000e+01 -3.177174607641228237e-06 -2.202171227972725062e-03
5.200000000000000000e+01 -3.644354020820482558e-06 -2.704074095739265795e-03
5.300000000000000000e+01 -4.397132988594617579e-06 -3.302767070339074698e-03
5.400000000000000000e+01 -5.487063513878638756e-06 -4.012618029551609337e-03
5.500000000000000000e+01 -6.791638828098265288e-06 -4.849145496859716582e-03
5.600000000000000000e+01 -8.064890912518220397e-06 -5.828968926913768306e-03
5.700000000000000000e+01 -9.110223102107832148e-06 -6.969722839900469730e-03
5.800000000000000000e+01 -9.971374961047874363e-06 -8.289854438072145545e-03
5.900000000000000000e+01 -1.098681095027058521e-05 -9.808268085466687741e-03
6.000000000000000000e+01 -1.261694058196466803e-05 -1.154388278708851773e-02
6.100000000000000000e+01 -1.511602276657615984e-05 -1.351522553307151799e-02
6.200000000000000000e+01 -1.827450378794007399e-05 -1.574010718830062827e-02
6.300000000000000000e+01 -2.146708971954669912e-05 -1.823526939516992643e-02
6.400000000000000000e+01 -2.405448762003706810e-05 -2.101582358557564992e-02
6.500000000000000000e+01 -2.590594479640409304e-05 -2.409444212848449104e-02
6.600000000000000000e+01 -2.764676015513497018e-05 -2.748050057107136873e-02
6.700000000000000000e+01 -3.035675144563871746e-05 -3.117944848858227036e-02
6.800000000000000000e+01 -3.482584171749649002e-05 -3.519247177821714645e-02
6.900000000000000000e+01 -4.086271807856303788e-05 -3.951619297671315340e-02
7.000000000000000000e+01 -4.722833754667002024e-05 -4.414209672999050427e-02
7.100000000000000000e+01 -5.238760286003948220e-05 -4.905568981028635145e-02
7.200000000000000000e+01 -5.565146645601025096e-05 -5.423580129223781049e-02
7.300000000000000000e+01 -5.787841396443716888e-05 -5.965444651329837589e-02
7.400000000000000000e+01 -6.109107313366359622e-05 -6.527723667404511376e-02
7.500000000000000000e+01 -6.710533055434726984e-05 -7.106385853747795855e-02
7.600000000000000000e+01 -7.607471059741342117e-05 -7.696819668300497463e-02
7.700000000000000000e+01 -8.608143816729872709e-05 -8.293822133312245271e-02
7.800000000000000000e+01 -9.426611405893812481e-05 -8.891623517823873946e-02
7.900000000000000000e+01 -9.885104206791713553e-05 -9.483991699412490373e-02
8.000000000000000000e+01 -1.006153831832750116e-04 -1.006439406893765293e-01
8.100000000000000000e+01 -1.026064568468617184e-04 -1.062614859853376337e-01
8.200000000000000000e+01 -1.080806457222327455e-04 -1.116252078870310915e-01
8.300000000000000000e+01 -1.180390756669392121e-04 -1.166679364699902133e-01
8.400000000000000000e+01 -1.301999790284477535e-04 -1.213237645518578239e-01
8.500000000000000000e+01 -1.403449684190287623e-04 -1.255298165377451702e-01
8.600000000000000000e+01 -1.452462927137092535e-04 -1.292282705406114784e-01
8.700000000000000000e+01 -1.451003813388079735e-04 -1.323679125718678629e-01
8.800000000000000000e+01 -1.435958071206261085e-04 -1.349049437148384378e-01
8.900000000000000000e+01 -1.453919253880389879e-04 -1.368034411688932583e-01
9.000000000000000000e+01 -1.527223862262786533e-04 -1.380360566722816373e-01
9.100000000000000000e+01 -1.636049681826311545e-04 -1.385850565584486882e-01
9.200000000000000000e+01 -1.730709612106147324e-04 -1.384432223055835354e-01
9.300000000000000000e+01 -1.766333427141650314e-04 -1.376140734418992428e-01
9.400000000000000000e+01 -1.735148328478511152e-04 -1.361113728998922523e-01
9.500000000000000000e+01 -1.672613176422652840e-04 -1.339583653025742671e-01
9.600000000000000000e+01 -1.632414242329019861e-04 -1.311871774440489524e-01
9.700000000000000000e+01 -1.648126652440039198e-04 -1.278383608721087028e-01
9.800000000000000000e+01 -1.709291198542398169e-04 -1.239602015663531648e-01
9.900000000000000000e+01 -1.769206031733907983e-04 -1.196075247772056538e-01
1.000000000000000000e+02 -1.778534662491701110e-04 -1.148401258354243282e-01
1.010000000000000000e+02 -1.720160630483331704e-04 -1.097212098665299590e-01
1.020000000000000000e+02 -1.620334622088381914e-04 -1.043160892831966613e-01
1.030000000000000000e+02 -1.528913143169372479e-04 -9.869106156726854817e-02
1.040000000000000000e+02 -1.483862734592227125e-04 -9.291223239742228690e-02
1.050000000000000000e+02 -1.485811554278361620e-04 -8.704419203982180497e-02
1.060000000000000000e+02 -1.500072258292311177e-04 -8.114869888282624788e-02
1.070000000000000000e+02 -1.483122817144378008e-04 -7.528360249397036963e-02
1.080000000000000000e+02 -1.413411417202098007e-04 -6.950209402999454888e-02
1.090000000000000000e+02 -1.304696688441254299e-04 -6.385218309598005015e-02
1.100000000000000000e+02 -1.194043440618935970e-04 -5.837625787441547143e-02
1.110000000000000000e+02 -1.114932101632946834e-04 -5.311069784044898656e-02
1.120000000000000000e+02 -1.075360639149280597e-04 -4.808562814690890697e-02
1.130000000000000000e+02 -1.055482282449824030e-04 -4.332490668149341362e-02
1.140000000000000000e+02 -1.024353732358898985e-04 -3.884633646006929730e-02
1.150000000000000000e+02 -9.622391665173481287e-05 -3.466201102603633927e-02
1.160000000000000000e+02 -8.726547819574949003e-05 -3.077870606465615833e-02
1.170000000000000000e+02 -7.772812900195576321e-05 -2.719829928899801866e-02
1.180000000000000000e+02 -6.994124136433269522e-05 -2.391825102173414722e-02
1.190000000000000000e+02 -6.486157592294907554e-05 -2.093216550524981331e-02
1.200000000000000000e+02 -6.166960080990785561e-05 -1.823040514422778410e-02
1.210000000000000000e+02 -5.859741084972115515e-05 -1.580070194090076041e-02
1.220000000000000000e+02 -5.424688887520030063e-05 -1.362872553859483492e-02
1.230000000000000000e+02 -4.844563881875944800e-05 -1.169860239393341085e-02
1.240000000000000000e+02 -4.215359722926890237e-05 -9.993399925117590205e-03
1.250000000000000000e+02 -3.664692744783793740e-05 -8.495581685375525743e-03
1.260000000000000000e+02 -3.264328778532107856e-05 -7.187421715789539013e-03
1.270000000000000000e+02 -2.995008479087361524e-05 -6.051359811393983330e-03
1.280000000000000000e+02 -2.776499597829988497e-05 -5.070289174081600223e-03
1.290000000000000000e+02 -2.530601109284750098e-05 -4.227782099163694858e-03
1.300000000000000000e+02 -2.229736605977783372e-05 -3.508265386287756551e-03
1.310000000000000000e+02 -1.902890742247786472e-05 -2.897153408044776755e-03
1.320000000000000000e+02 -1.604263134483726637e-05 -2.380940600416289396e-03
1.330000000000000000e+02 -1.372882104185497488e-05 -1.947253494786426809e-03
1.340000000000000000e+02 -1.210925735540395069e-05 -1.584865698499056527e-03
1.350000000000000000e+02 -1.090202284522476246e-05 -1.283683122978975834e-03
1.360000000000000000e+02 -9.760665047410684286e-06 -1.034707647021195246e-03
1.370000000000000000e+02 -8.495015361886810578e-06 -8.299853831496483911e-04
1.380000000000000000e+02 -7.139665433920736550e-06 -6.625432570988433294e-04
1.390000000000000000e+02 -5.865962828546485838e-06 -5.263166026083915521e-04
1.400000000000000000e+02 -4.832918041392445229e-06 -4.160708193980251182e-04
1.410000000000000000e+02 -4.085729306034286109e-06 -3.273205938134296652e-04
1.420000000000000000e+02 -3.551952407849591710e-06 -2.562498586324130057e-04
1.430000000000000000e+02 -3.111012750956073437e-06 -1.996346927721998152e-04
1.440000000000000000e+02 -2.673910239056131510e-06 -1.547703836739117709e-04
1.450000000000000000e+02 -2.221392919746685658e-06 -1.194033334318153427e-04
1.460000000000000000e+02 -1.789331051018218458e-06 -9.166833124222337865e-05
1.470000000000000000e+02 -1.425760154527295009e-06 -7.003163660278445167e-05
1.480000000000000000e+02 -1.154098168467296658e-06 -5.324012146786388257e-05
1.490000000000000000e+02 -9.628326501352747392e-07 -4.027642673092366707e-05
1.500000000000000000e+02 -8.196710181630877970e-07 -3.031983346277123054e-05
1.510000000000000000e+02 -6.939571188986934100e-07 -2.271241605492006456e-05
1.520000000000000000e+02 -5.712816893365462044e-07 -1.693001584420062144e-05
1.530000000000000000e+02 -4.540801304546295244e-07 -1.255758374703124479e-05
1.540000000000000000e+02 -3.524495227312695592e-07 -9.268442447652402126e-06
1.550000000000000000e+02 -2.738565268921744990e-07 -6.807009358429753672e-06
1.560000000000000000e+02 -2.181459211140554791e-07 -4.974521588975715398e-06
1.570000000000000000e+02 -1.789320775566473602e-07 -3.617327679242743765e-06
1.580000000000000000e+02 -1.483136229162721392e-07 -2.617352688404812747e-06
1.590000000000000000e+02 -1.209645822308498208e-07 -1.884391839452763094e-06
