0.000000000000000000e+00 -5.229837994890270445e-06 -3.263077586479473957e-06
1.000000000000000000e+00 -1.275786023467763380e-10 -6.265991471606473851e-11
2.000000000000000000e+00 -1.896505179775254648e-10 -9.541118999188611943e-11
3.000000000000000000e+00 -2.977435118081116324e-10 -1.515908813537281515e-10
4.000000000000000000e+00 -4.648035405349630232e-10 -2.396374087666178753e-10
5.000000000000000000e+00 -7.210275002626903012e-10 -3.767758856932761363e-10
6.000000000000000000e+00 -1.112543559776952510e-09 -5.893464188046672630e-10
7.000000000000000000e+00 -1.709245250908759441e-09 -9.172113795687757801e-10
8.000000000000000000e+00 -2.615315051716989236e-09 -1.420161362386333602e-09
9.000000000000000000e+00 -3.983052741681525441e-09 -2.187208682162568846e-09
1.000000000000000000e+01 -6.032527392907888310e-09 -3.350233101474109135e-09
1.100000000000000000e+01 -9.081958075525052214e-09 -5.104000029565798093e-09
1.200000000000000000e+01 -1.359482303140381944e-08 -7.735013471742038337e-09
1.300000000000000000e+01 -2.024791271325470973e-08 -1.166214453833383943e-08
1.400000000000000000e+01 -3.002121753208688799e-08 -1.749304531809644144e-08
1.500000000000000000e+01 -4.431094012918844563e-08 -2.610262681853989589e-08
1.600000000000000000e+01 -6.507662531981851526e-08 -3.874328990723054092e-08
1.700000000000000000e+01 -9.505099547678727928e-08 -5.720008549784513673e-08
1.800000000000000000e+01 -1.380541697219126061e-07 -8.400637186238009943e-08
1.900000000000000000e+01 -1.994469984901834642e-07 -1.227374041846655494e-07
2.000000000000000000e+01 -2.867313664881649458e-07 -1.784038051640343835e-07
2.100000000000000000e+01 -4.102871327105835914e-07 -2.579775836877432714e-07
2.200000000000000000e+01 -5.842677552510693394e-07 -3.710997972521132017e-07
2.300000000000000000e+01 -8.277698193497186605e-07 -5.310346865600541772e-07
2.400000000000000000e+01 -1.166487410154965988e-06 -7.559431975421360608e-07
2.500000000000000000e+01 -1.635060260523615513e-06 -1.070551779439761357e-06
2.600000000000000000e+01 -2.280182685913093020e-06 -1.508305592427952368e-06
2.700000000000000000e+01 -3.164368609757189528e-06 -2.114134167900980231e-06
2.800000000000000000e+01 -4.370291402784329054e-06 -2.948016134827531558e-06
2.900000000000000000e+01 -6.005967827481881324e-06 -4.089575882994060245e-06
3.000000000000000000e+01 -8.211549063698827443e-06 -5.643950769498283345e-06
3.100000000000000000e+01 -1.116865171644235033e-05 -7.749150683650054798e-06
3.200000000000000000e+01 -1.511265964558808502e-05 -1.058515775371223470e-05
3.300000000000000000e+01 -2.034751056782647155e-05 -1.438512798175210712e-05
3.400000000000000000e+01 -2.726204018352440636e-05 -1.944920544894166212e-05
3.500000000000000000e+01 -3.634780337894769997e-05 -2.616151081515018413e-05
3.600000000000000000e+01 -4.822016643513178549e-05 -3.501075297695166265e-05
3.700000000000000000e+01 -6.364578309893574527e-05 -4.661476743026196894e-05
3.800000000000000000e+01 -8.357857889222174792e-05 -6.174934902940357228e-05
3.900000000000000000e+01 -1.092030475679836143e-04 -8.138206945379179930e-05
4.000000000000000000e+01 -1.419805483470063575e-04 -1.067120144140143250e-04
4.100000000000000000e+01 -1.836948470466527692e-04 -1.392160917553278670e-04
4.200000000000000000e+01 -2.364983633302873765e-04 -1.807017834771017619e-04
4.300000000000000000e+01 -3.029667883749073481e-04 -2.333656852340875430e-04
4.400000000000000000e+01 -3.861704754693847546e-04 -2.998576455596836709e-04
4.500000000000000000e+01 -4.897627980683007124e-04 -3.833514218613245017e-04
4.600000000000000000e+01 -6.180730460739745132e-04 -4.876229178289345463e-04
4.700000000000000000e+01 -7.761856322367984874e-04 -6.171350491137547224e-04
4.800000000000000000e+01 -9.699972589768161239e-04 -7.771252411454766720e-04
4.900000000000000000e+01 -1.206265073523290956e-03 -9.736906468715585258e-04
5.000000000000000000e+01 -1.492673183543047214e-03 -1.213869165844946949e-03
5.100000000000000000e+01 -1.837933059743490898e-03 -1.505718447876087203e-03
5.200000000000000000e+01 -2.251896237287116364e-03 -1.858394448155302123e-03
5.300000000000000000e+01 -2.745624402369268875e-03 -2.282223446694129059e-03
5.400000000000000000e+01 -3.331369979855414078e-03 -2.788752822367706729e-03
5.500000000000000000e+01 -4.022477638412432291e-03 -3.390766519380218440e-03
5.600000000000000000e+01 -4.833280338312491431e-03 -4.102263738382553107e-03
5.700000000000000000e+01 -5.779065139089359718e-03 -4.938412259124372664e-03
5.800000000000000000e+01 -6.876098373589756979e-03 -5.915484243529813002e-03
5.900000000000000000e+01 -8.141589098561772750e-03 -7.050760310574486801e-03
6.000000000000000000e+01 -9.593447689175985116e-03 -8.362368117016487010e-03
6.100000000000000000e+01 -1.124981910815462359e-02 -9.869030605375497117e-03
6.200000000000000000e+01 -1.312855209324375119e-02 -1.158973643614943407e-02
6.300000000000000000e+01 -1.524682669476330743e-02 -1.354337590430711516e-02
6.400000000000000000e+01 -1.762100074983086531e-02 -1.574837190369325624e-02
6.500000000000000000e+01 -2.026646501941777034e-02 -1.822228230596570353e-02
6.600000000000000000e+01 -2.319718481077691005e-02 -2.098131238917262317e-02
6.700000000000000000e+01 -2.642481931967723130e-02 -2.403970602771128562e-02
6.800000000000000000e+01 -2.995770074960653687e-02 -2.740906784300884899e-02
6.900000000000000000e+01 -3.380014517857723999e-02 -3.109772370549428178e-02
7.000000000000000000e+01 -3.795230945350224622e-02 -3.511018523728130780e-02
7.100000000000000000e+01 -4.241028898344006981e-02 -3.944667426956778578e-02
7.200000000000000000e+01 -4.716587660908546503e-02 -4.410260037507613556e-02
7.300000000000000000e+01 -5.220571018836844823e-02 -4.906795325677426600e-02
7.400000000000000000e+01 -5.751019721466792828e-02 -5.432672110048397673e-02
7.500000000000000000e+01 -6.305297532035374075e-02 -5.985652155383081041e-02
7.600000000000000000e+01 -6.880131761510790978e-02 -6.562853431674695037e-02
7.700000000000000000e+01 -7.471709519779778930e-02 -7.160763297887498546e-02
7.800000000000000000e+01 -8.075744250290906034e-02 -7.775252677908213450e-02
7.900000000000000000e+01 -8.687464733771274594e-02 -8.401585073059467113e-02
8.000000000000000000e+01 -9.301568704177626268e-02 -9.034436944532868441e-02
8.100000000000000000e+01 -9.912236536060928249e-02 -9.667954237953579888e-02
8.200000000000000000e+01 -1.051325986916779726e-01 -1.029585205728430625e-01
8.300000000000000000e+01 -1.109824170808402927e-01 -1.091153653080552260e-01
8.400000000000000000e+01 -1.166076548779384214e-01 -1.150821861885618358e-01
8.500000000000000000e+01 -1.219447088371665988e-01 -1.207901044221310893e-01
8.600000000000000000e+01 -1.269307406713137687e-01 -1.261702529259007277e-01
8.700000000000000000e+01 -1.315042931864420783e-01 -1.311550997498004412e-01
8.800000000000000000e+01 -1.356068848741054655e-01 -1.356801204288893281e-01
8.900000000000000000e+01 -1.391851683236897119e-01 -1.396854996736244525e-01
9.000000000000000000e+01 -1.421926707738627449e-01 -1.431174747708421346e-01
9.100000000000000000e+01 -1.445905219139534126e-01 -1.459292305027556635e-01
9.200000000000000000e+01 -1.463474830799687543e-01 -1.480816222443772645e-01
9.300000000000000000e+01 -1.474401005485766469e-01 -1.495440572742671170e-01
9.400000000000000000e+01 -1.478534511454603073e-01 -1.502955396065728255e-01
9.500000000000000000e+01 -1.475821564369955707e-01 -1.503255150752771108e-01
9.600000000000000000e+01 -1.466309314526501317e-01 -1.496341315023959617e-01
9.700000000000000000e+01 -1.450142692657119536e-01 -1.482318888966100423e-01
9.800000000000000000e+01 -1.427555376814382271e-01 -1.461390341523347014e-01
9.900000000000000000e+01 -1.398860879903253140e-01 -1.433850699316943367e-01
1.000000000000000000e+02 -1.364446880229880366e-01 -1.400083936961712683e-01
1.010000000000000000e+02 -1.324770649614185336e-01 -1.360557359489286133e-01
1.020000000000000000e+02 -1.280351302275551106e-01 -1.315810869778561432e-01
1.030000000000000000e+02 -1.231757210148979181e-01 -1.266441620613698027e-01
1.040000000000000000e+02 -1.179590995994376362e-01 -1.213087824792335040e-01
1.050000000000000000e+02 -1.124475823262658658e-01 -1.156415195126380829e-01
1.060000000000000000e+02 -1.067044459554886970e-01 -1.097106139335307790e-01
1.070000000000000000e+02 -1.007929637622179686e-01 -1.035848987256624970e-01
1.080000000000000000e+02 -9.477536087480251115e-02 -9.733249557159631693e-02
1.090000000000000000e+02 -8.871166512721019581e-02 -9.101935341412445424e-02
1.100000000000000000e+02 -8.265863036249346263e-02 -8.470792990450765059e-02
1.110000000000000000e+02 -7.666891582152127183e-02 -7.845625857622570698e-02
1.120000000000000000e+02 -7.079054168089143895e-02 -7.231738004930973740e-02
1.130000000000000000e+02 -6.506649720595387987e-02 -6.633892036415414695e-02
1.140000000000000000e+02 -5.953439057291769199e-02 -6.056264711262397682e-02
1.150000000000000000e+02 -5.422615343232108781e-02 -5.502403899339623067e-02
1.160000000000000000e+02 -4.916790038177105276e-02 -4.975204204933252050e-02
1.170000000000000000e+02 -4.438000883451675982e-02 -4.476913112588175314e-02
1.180000000000000000e+02 -3.987738019687834395e-02 -4.009162800622061151e-02
1.190000000000000000e+02 -3.566978132082461450e-02 -3.573012220249574544e-02
1.200000000000000000e+02 -3.176219709863280227e-02 -3.168988130608434844e-02
1.210000000000000000e+02 -2.815520190779824752e-02 -2.797125642580824967e-02
1.220000000000000000e+02 -2.484539674929319222e-02 -2.457015750884644634e-02
1.230000000000000000e+02 -2.182593017173638933e-02 -2.147863981239171369e-02
1.240000000000000000e+02 -1.908706520318704386e-02 -1.868556116469594422e-02
1.250000000000000000e+02 -1.661673009888128133e-02 -1.617722725079031795e-02
1.260000000000000000e+02 -1.440101524694563546e-02 -1.393796972021518581e-02
1.270000000000000000e+02 -1.242462083562455126e-02 -1.195065858329891033e-02
1.280000000000000000e+02 -1.067127946546407927e-02 -1.019717942780743770e-02
1.290000000000000000e+02 -9.124164251277967763e-03 -8.658891200493283591e-03
1.300000000000000000e+02 -7.766267948321694051e-03 -7.317049740771099792e-03
1.310000000000000000e+02 -6.580728878084227823e-03 -6.153170083761385321e-03
1.320000000000000000e+02 -5.551091254984552754e-03 -5.149313994050855499e-03
1.330000000000000000e+02 -4.661506486913224306e-03 -4.288310005511818471e-03
1.340000000000000000e+02 -3.896891096841680058e-03 -3.553922134072371852e-03
1.350000000000000000e+02 -3.243052045965583510e-03 -2.930977828475490876e-03
1.360000000000000000e+02 -2.686780294579637317e-03 -2.405456559623007484e-03
1.370000000000000000e+02 -2.215908854219302438e-03 -1.964537709017666334e-03
1.380000000000000000e+02 -1.819334986612452468e-03 -1.596610497756134530e-03
1.390000000000000000e+02 -1.487012509345071558e-03 -1.291253555716504950e-03
1.400000000000000000e+02 -1.209923278839666536e-03 -1.039192762887412294e-03
1.410000000000000000e+02 -9.800351996306030412e-04 -8.322436741767132422e-04
1.420000000000000000e+02 -7.902503482395465111e-04 -6.632423218892280307e-04
1.430000000000000000e+02 -6.343444807538109031e-04 -5.259673878561391472e-04
1.440000000000000000e+02 -5.068993934494978081e-04 -4.150571154581090367e-04
1.450000000000000000e+02 -4.032309499338496530e-04 -3.259244755979808167e-04
1.460000000000000000e+02 -3.193162400269968035e-04 -2.546734543232407775e-04
1.470000000000000000e+02 -2.517226726522248407e-04 -1.980183745417201215e-04
1.480000000000000000e+02 -1.975405015017139452e-04 -1.532075055552604547e-04
1.490000000000000000e+02 -1.543193051627534220e-04 -1.179519228262461606e-04
1.500000000000000000e+02 -1.200086663811767546e-04 -9.036036042857172241e-05
1.510000000000000000e+02 -9.290343181409812471e-05 -6.888045064285116485e-05
1.520000000000000000e+02 -7.159401106078194864e-05 -5.224636182788720579e-05
1.530000000000000000e+02 -5.492198769259284529e-05 -3.943259652645555584e-05
1.540000000000000000e+02 -4.194097837669572823e-05 -2.961363076109078816e-05
1.550000000000000000e+02 -3.188240891884991650e-05 -2.212905455292221550e-05
1.560000000000000000e+02 -2.412577971724227970e-05 -1.645381275745519924e-05
1.570000000000000000e+02 -1.817302036786662756e-05 -1.217305400181650744e-05
1.580000000000000000e+02 -1.362657798837602703e-05 -8.961037647452532571e-06
1.590000000000000000e+02 -1.017088954757494626e-05 -6.563564159978494410e-06
