0.000000000000000000e+00 -1.911841362615191099e-07 -2.506865565552033401e-06
1.000000000000000000e+00 -4.681899444283192984e-12 -1.884631115221378646e-10
2.000000000000000000e+00 -7.808399232841419455e-12 -2.812250417473586605e-10
3.000000000000000000e+00 -1.336579012820638168e-11 -4.410532500879198320e-10
4.000000000000000000e+00 -2.272428029876353215e-11 -6.874643912104052586e-10
5.000000000000000000e+00 -3.840754717149492862e-11 -1.065043324089837766e-09
6.000000000000000000e+00 -6.456092421974886435e-11 -1.641966872683409871e-09
7.000000000000000000e+00 -1.078792609777153923e-10 -2.521115945202052623e-09
8.000000000000000000e+00 -1.790434170535625146e-10 -3.854620960264348114e-09
9.000000000000000000e+00 -2.950343511494563880e-10 -5.863372940683256206e-09
1.000000000000000000e+01 -4.828817785004089825e-10 -8.866083669156714662e-09
1.100000000000000000e+01 -7.855021264440348191e-10 -1.332522773310487488e-08
1.200000000000000000e+01 -1.270346973151469841e-09 -1.991694835835305993e-08
1.300000000000000000e+01 -2.041969883277968717e-09 -2.962789619594984811e-08
1.400000000000000000e+01 -3.260742069685387200e-09 -4.387834471404697595e-08
1.500000000000000000e+01 -5.171679055811237637e-09 -6.467625491608972810e-08
1.600000000000000000e+01 -8.148737301093871598e-09 -9.482586521690689172e-08
1.700000000000000000e+01 -1.276020928113267726e-08 -1.382378984642903872e-07
1.800000000000000000e+01 -1.986118156656098215e-08 -2.003948794006955795e-07
1.900000000000000000e+01 -3.072287781040002337e-08 -2.889992602971018052e-07
2.000000000000000000e+01 -4.721834974069938419e-08 -4.147922066270402588e-07
2.100000000000000000e+01 -7.209569886740853874e-08 -5.925312130240514795e-07
2.200000000000000000e+01 -1.093753404110441129e-07 -8.422015177380351145e-07
2.300000000000000000e+01 -1.649044674326875959e-07 -1.190680327868719731e-06
2.400000000000000000e+01 -2.471042841319873852e-07 -1.674151733588564581e-06
2.500000000000000000e+01 -3.679761383760125995e-07 -2.341461677368549275e-06
2.600000000000000000e+01 -5.444915578853590810e-07 -3.258344388179177407e-06
2.700000000000000000e+01 -8.005385826705092545e-07 -4.512304357344874978e-06
2.800000000000000000e+01 -1.169588579654960775e-06 -6.218199919327414073e-06
2.900000000000000000e+01 -1.698206920715931314e-06 -8.525228749614069369e-06
3.000000000000000000e+01 -2.450561528482772866e-06 -1.162654955880229264e-05
3.100000000000000000e+01 -3.514259772660918359e-06 -1.577251358062690338e-05
3.200000000000000000e+01 -5.008070436674212257e-06 -2.128732312869885843e-05
3.300000000000000000e+01 -7.092138217451485788e-06 -2.858780830650354369e-05
3.400000000000000000e+01 -9.981096593512669930e-06 -3.820332349674098474e-05
3.500000000000000000e+01 -1.396031299050340003e-05 -5.079797132009109228e-05
3.600000000000000000e+01 -1.940575793293913259e-05 -6.719891985886289733e-05
3.700000000000000000e+01 -2.680862685626815144e-05 -8.843472371015572819e-05
3.800000000000000000e+01 -3.680619580232947537e-05 -1.157839097982323696e-04
3.900000000000000000e+01 -5.021990352922222635e-05 -1.508289077224137680e-04
4.000000000000000000e+01 -6.810077061589448974e-05 -1.955087390322555573e-04
4.100000000000000000e+01 -9.178216870890482072e-05 -2.521691321662657289e-04
4.200000000000000000e+01 -1.229410019946654471e-04 -3.236180692324250405e-04
4.300000000000000000e+01 -1.636692153968211149e-04 -4.131994963841848943e-04
4.400000000000000000e+01 -2.165566296211192030e-04 -5.248905230830020136e-04
4.500000000000000000e+01 -2.847840139986411705e-04 -6.634103423660653136e-04
4.600000000000000000e+01 -3.722245175276662761e-04 -8.343163497426830423e-04
4.700000000000000000e+01 -4.835529165472246668e-04 -1.044069779256586675e-03
4.800000000000000000e+01 -6.243627721057899444e-04 -1.300079965054678523e-03
4.900000000000000000e+01 -8.012886915380379232e-04 -1.610761804609515783e-03
5.000000000000000000e+01 -1.022126931749661738e-03 -1.985636337777283399e-03
5.100000000000000000e+01 -1.295948356745026640e-03 -2.435461536025040202e-03
5.200000000000000000e+01 -1.633203012896375979e-03 -2.972329746073699465e-03
5.300000000000000000e+01 -2.045815740876630751e-03 -3.609661190932277053e-03
5.400000000000000000e+01 -2.547260869593676556e-03 -4.362083998663313610e-03
5.500000000000000000e+01 -3.152592181357261308e-03 -5.245279824136031381e-03
5.600000000000000000e+01 -3.878411669521287380e-03 -6.275903618216345514e-03
5.700000000000000000e+01 -4.742785777776460654e-03 -7.471602162139626309e-03
5.800000000000000000e+01 -5.765128387753444376e-03 -8.851009742440133637e-03
5.900000000000000000e+01 -6.966039908092767907e-03 -1.043352988040772630e-02
6.000000000000000000e+01 -8.367048666215855246e-03 -1.223882266929626934e-02
6.100000000000000000e+01 -9.990207568973574065e-03 -1.428614728201146704e-02
6.200000000000000000e+01 -1.185757134069907216e-02 -1.659384635639737579e-02
6.300000000000000000e+01 -1.399064002050653260e-02 -1.917912732180943741e-02
6.400000000000000000e+01 -1.640981218563780653e-02 -2.205796320758564300e-02
6.500000000000000000e+01 -1.913377497261595575e-02 -2.524471090806102574e-02
6.600000000000000000e+01 -2.217871618516765661e-02 -2.875120304782102440e-02
6.700000000000000000e+01 -2.555736778465389838e-02 -3.258553753667807473e-02
6.800000000000000000e+01 -2.927806187309009434e-02 -3.675113816862225768e-02
6.900000000000000000e+01 -3.334397941649548669e-02 -4.124649185466803397e-02
7.000000000000000000e+01 -3.775256010809803497e-02 -4.606535785177283404e-02
7.100000000000000000e+01 -4.249486331808236678e-02 -5.119675774031397925e-02
7.200000000000000000e+01 -4.755477860817063779e-02 -5.662423099882014921e-02
7.300000000000000000e+01 -5.290829446242985290e-02 -6.232460387903326904e-02
7.400000000000000000e+01 -5.852316978835725436e-02 -6.826715657374998747e-02
7.500000000000000000e+01 -6.435910361476693264e-02 -7.441390105640410813e-02
7.600000000000000000e+01 -7.036812861874373881e-02 -8.072077575961837670e-02
7.700000000000000000e+01 -7.649492157491963318e-02 -8.713877606025836886e-02
7.800000000000000000e+01 -8.267710110031714632e-02 -9.361418857695352758e-02
7.900000000000000000e+01 -8.884591815335735054e-02 -1.000881037381385064e-01
8.000000000000000000e+01 -9.492759649494755814e-02 -1.064962763470589935e-01
8.100000000000000000e+01 -1.008450888742685875e-01 -1.127702699646306456e-01
8.200000000000000000e+01 -1.065197631838605968e-01 -1.188397402181441825e-01
8.300000000000000000e+01 -1.118728310428598188e-01 -1.246347294654705645e-01
8.400000000000000000e+01 -1.168268139038196457e-01 -1.300869339337552000e-01
8.500000000000000000e+01 -1.213074088018293722e-01 -1.351299781434427416e-01
8.600000000000000000e+01 -1.252456776763983815e-01 -1.396997248184658480e-01
8.700000000000000000e+01 -1.285800737493985602e-01 -1.437355905518293842e-01
8.800000000000000000e+01 -1.312579283133307739e-01 -1.471828164715719423e-01
8.900000000000000000e+01 -1.332365019060712252e-01 -1.499946861004720633e-01
9.000000000000000000e+01 -1.344839685210903468e-01 -1.521337031233039316e-01
9.100000000000000000e+01 -1.349804570816572347e-01 -1.535716534381791898e-01
9.200000000000000000e+01 -1.347188567470378462e-01 -1.542893471647842074e-01
9.300000000000000000e+01 -1.337050200231462704e-01 -1.542768593719296977e-01
9.400000000000000000e+01 -1.319573376945208931e-01 -1.535343405554530638e-01
9.500000000000000000e+01 -1.295059888920541691e-01 -1.520727412147643287e-01
9.600000000000000000e+01 -1.263921223371387570e-01 -1.499137588184523140e-01
9.700000000000000000e+01 -1.226669159007376109e-01 -1.470889056141417295e-01
9.800000000000000000e+01 -1.183902943842213284e-01 -1.436381847244042054e-01
9.900000000000000000e+01 -1.136292435858491379e-01 -1.396089314197453413e-01
1.000000000000000000e+02 -1.084559221950657515e-01 -1.350549715620941449e-01
1.010000000000000000e+02 -1.029458306270609191e-01 -1.300358273911207396e-01
1.020000000000000000e+02 -9.717611793774263984e-02 -1.246156326938527847e-01
1.030000000000000000e+02 -9.122393569043937833e-02 -1.188616785468503689e-01
1.040000000000000000e+02 -8.516477191654386880e-02 -1.128427956132403154e-01
1.050000000000000000e+02 -7.907085059359859891e-02 -1.066278483286183104e-01
1.060000000000000000e+02 -7.300975938629354622e-02 -1.002844787348138172e-01
1.070000000000000000e+02 -6.704338903030007679e-02 -9.387806605883899924e-02
1.080000000000000000e+02 -6.122714092347518455e-02 -8.747080051526558153e-02
1.090000000000000000e+02 -5.560932528583128337e-02 -8.112081139124253937e-02
1.100000000000000000e+02 -5.023073864924917920e-02 -7.488136402280247406e-02
1.110000000000000000e+02 -4.512447145829918960e-02 -6.880018504233524623e-02
1.120000000000000000e+02 -4.031597773050785150e-02 -6.291897719267647293e-02
1.130000000000000000e+02 -3.582336994345854120e-02 -5.727315752856670938e-02
1.140000000000000000e+02 -3.165786386684235620e-02 -5.189181077403979409e-02
1.150000000000000000e+02 -2.782432016037673234e-02 -4.679780963464960641e-02
1.160000000000000000e+02 -2.432187116415774480e-02 -4.200803828888915320e-02
1.170000000000000000e+02 -2.114463188196889082e-02 -3.753367668306346883e-02
1.180000000000000000e+02 -1.828247056167822682e-02 -3.338054563128527857e-02
1.190000000000000000e+02 -1.572179196134824639e-02 -2.954953921459488320e-02
1.200000000000000000e+02 -1.344629125398626862e-02 -2.603715735141038518e-02
1.210000000000000000e+02 -1.143765964256616627e-02 -2.283611075425871773e-02
1.220000000000000000e+02 -9.676239001527775843e-03 -1.993594096902839841e-02
1.230000000000000000e+02 -8.141621547827028460e-03 -1.732360586878491787e-02
1.240000000000000000e+02 -6.813182257595802420e-03 -1.498401616390049144e-02
1.250000000000000000e+02 -5.670530980959144658e-03 -1.290053830814789221e-02
1.260000000000000000e+02 -4.693880119267723403e-03 -1.105548050334921768e-02
1.270000000000000000e+02 -3.864333559332355783e-03 -9.430557333987493046e-03
1.280000000000000000e+02 -3.164105873080236102e-03 -8.007309596223642287e-03
1.290000000000000000e+02 -2.576678527310114625e-03 -6.767456922484010873e-03
1.300000000000000000e+02 -2.086897654028338316e-03 -5.693178330003454378e-03
1.310000000000000000e+02 -1.681018986751065458e-03 -4.767332703003894674e-03
1.320000000000000000e+02 -1.346708318722502230e-03 -3.973634749799743321e-03
1.330000000000000000e+02 -1.073007219568537351e-03 -3.296793790242758069e-03
1.340000000000000000e+02 -8.502727785497129868e-04 -2.722613718158368307e-03
1.350000000000000000e+02 -6.700981992955405133e-04 -2.238051006278813856e-03
1.360000000000000000e+02 -5.252197607085369070e-04 -1.831233106788333854e-03
1.370000000000000000e+02 -4.094152589767280251e-04 -1.491445629088667540e-03
1.380000000000000000e+02 -3.173988014521414002e-04 -1.209098154802901431e-03
1.390000000000000000e+02 -2.447161090712304202e-04 -9.756756026964038099e-04
1.400000000000000000e+02 -1.876433764301482072e-04 -7.836782990504858725e-04
1.410000000000000000e+02 -1.430916950546109827e-04 -6.265523404278795176e-04
1.420000000000000000e+02 -1.085183436549964615e-04 -4.986125929694211261e-04
1.430000000000000000e+02 -8.184582164812060788e-05 -3.949619213089169490e-04
1.440000000000000000e+02 -6.138914511832536079e-05 -3.114103924618846883e-04
1.450000000000000000e+02 -4.579154221895152365e-05 -2.443971403165655885e-04
1.460000000000000000e+02 -3.396832677648053305e-05 -1.909162275499417930e-04
1.470000000000000000e+02 -2.505847245446309420e-05 -1.484470403933558797e-04
1.480000000000000000e+02 -1.838327590149997344e-05 -1.148896091435564685e-04
1.490000000000000000e+02 -1.341144281589428809e-05 -8.850534465971611193e-05
1.500000000000000000e+02 -9.729909905578927159e-06 -6.786362049293304620e-05
1.510000000000000000e+02 -7.019709255125573595e-06 -5.179433927566783470e-05
1.520000000000000000e+02 -5.036193441730930547e-06 -3.934628468598625714e-05
1.530000000000000000e+02 -3.592976935913960437e-06 -2.975085001915830294e-05
1.540000000000000000e+02 -2.549006708053417129e-06 -2.239068433413068438e-05
1.550000000000000000e+02 -1.798241320958328376e-06 -1.677282262713752234e-05
1.560000000000000000e+02 -1.261483069938965674e-06 -1.250588449830522861e-05
1.570000000000000000e+02 -8.799686535643822301e-07 -9.280912440229572788e-06
1.580000000000000000e+02 -6.103808204715419715e-07 -6.855404741820421484e-06
1.590000000000000000e+02 -4.209958279128997920e-07 -5.040104941321596662e-06
