0.000000000000000000e+00 -5.203131624144270827e-07 -2.250430199705870244e-07
1.000000000000000000e+00 -6.338359987997537160e-11 -1.302212249141383342e-12
2.000000000000000000e+00 -9.839590705320115508e-11 -2.230158582009357103e-12
3.000000000000000000e+00 -1.590788482407810469e-10 -3.901386586604072367e-12
4.000000000000000000e+00 -2.557619423521056617e-10 -6.785186220423439015e-12
5.000000000000000000e+00 -4.084304297910867036e-10 -1.171331030119445089e-11
6.000000000000000000e+00 -6.479260692379250400e-10 -2.006235508470398508e-11
7.000000000000000000e+00 -1.021999304840857990e-09 -3.412168404900380512e-11
8.000000000000000000e+00 -1.604150859131870838e-09 -5.769473615445339702e-11
9.000000000000000000e+00 -2.505745133957064521e-09 -9.702359796418594951e-11
1.000000000000000000e+01 -3.892724772841434190e-09 -1.621769330949181572e-10
1.100000000000000000e+01 -6.010280164516213763e-09 -2.691999085801664745e-10
1.200000000000000000e+01 -9.221162057481243003e-09 -4.436002167258630531e-10
1.300000000000000000e+01 -1.406400556946950429e-08 -7.260117447168497445e-10
1.400000000000000000e+01 -2.133616413741658953e-08 -1.180980250456211890e-09
1.500000000000000000e+01 -3.220396793437273902e-08 -1.909878896104659760e-09
1.600000000000000000e+01 -4.834805846001435819e-08 -3.069587232521650390e-09
1.700000000000000000e+01 -7.216572235953268662e-08 -4.900386411857348663e-09
1.800000000000000000e+01 -1.070690461740765721e-07 -7.769183353322201854e-09
1.900000000000000000e+01 -1.579218634518705663e-07 -1.223602131395480629e-08
2.000000000000000000e+01 -2.316421948298122045e-07 -1.915171343794674152e-08
2.100000000000000000e+01 -3.379788961701298283e-07 -2.979470015531340392e-08
2.200000000000000000e+01 -4.904915144167215022e-07 -4.606168229877865337e-08
2.300000000000000000e+01 -7.078412115666513996e-07 -7.074219038438488831e-08
2.400000000000000000e+01 -1.015594150696826288e-06 -1.079246044158303128e-07
2.500000000000000000e+01 -1.448753947895088008e-06 -1.635860420957857812e-07
2.600000000000000000e+01 -2.055132246000732156e-06 -2.464093623885276165e-07
2.700000000000000000e+01 -2.899538650993474100e-06 -3.688739907952796196e-07
2.800000000000000000e+01 -4.068830467511005229e-06 -5.487193279821038385e-07
2.900000000000000000e+01 -5.678202733493643785e-06 -8.109734792198956649e-07
3.000000000000000000e+01 -7.879498425975860106e-06 -1.190803434285761664e-06
3.100000000000000000e+01 -1.087234676134791092e-05 -1.737406982381026974e-06
3.200000000000000000e+01 -1.491840871427086951e-05 -2.519085795069896292e-06
3.300000000000000000e+01 -2.035836583194728608e-05 -3.629695594799961694e-06
3.400000000000000000e+01 -2.763135856569498523e-05 -5.196969818994137116e-06
3.500000000000000000e+01 -3.729770106170654309e-05 -7.393563136611635642e-06
3.600000000000000000e+01 -5.006704215299626981e-05 -1.045167465463053894e-05
3.700000000000000000e+01 -6.683420200340683091e-05 -1.468170000724019239e-05
3.800000000000000000e+01 -8.872305927575515944e-05 -2.049505401079146114e-05
3.900000000000000000e+01 -1.171364563463764296e-04 -2.843177022757276785e-05
4.000000000000000000e+01 -1.538096396357198012e-04 -3.919456514841279996e-05
4.100000000000000000e+01 -2.008674177212365882e-04 -5.369157348311930105e-05
4.200000000000000000e+01 -2.608890157423164559e-04 -7.308899451142530825e-05
4.300000000000000000e+01 -3.369855480800618445e-04 -9.887325710618343009e-05
4.400000000000000000e+01 -4.328907912496766843e-04 -1.329220542483176696e-04
4.500000000000000000e+01 -5.530587774693499024e-04 -1.775853997171905141e-04
4.600000000000000000e+01 -7.027576160487026451e-04 -2.357795548656593126e-04
4.700000000000000000e+01 -8.881527975371249000e-04 -3.110955225816531373e-04
4.800000000000000000e+01 -1.116383647707144735e-03 -4.079202966972526336e-04
4.900000000000000000e+01 -1.395644761595213681e-03 -5.315668582871542654e-04
5.000000000000000000e+01 -1.735279644722091414e-03 -6.884100275428308401e-04
5.100000000000000000e+01 -2.145874519496831709e-03 -8.860268521126515341e-04
5.200000000000000000e+01 -2.639319836104272402e-03 -1.133338521132382266e-03
5.300000000000000000e+01 -3.228807634392146658e-03 -1.440747408989085038e-03
5.400000000000000000e+01 -3.928763999651055557e-03 -1.820262604377549968e-03
5.500000000000000000e+01 -4.754755373197425486e-03 -2.285609134960855070e-03
5.600000000000000000e+01 -5.723411619671709208e-03 -2.852312087234729933e-03
5.700000000000000000e+01 -6.852355372961481221e-03 -3.537735734575050278e-03
5.800000000000000000e+01 -8.160055255404847704e-03 -4.361054403224345899e-03
5.900000000000000000e+01 -9.665511049370164101e-03 -5.343149482822594568e-03
6.000000000000000000e+01 -1.138777148833189888e-02 -6.506449733849038915e-03
6.100000000000000000e+01 -1.334540962675689890e-02 -7.874722755876594621e-03
6.200000000000000000e+01 -1.555609908059603363e-02 -9.472778689264622215e-03
6.300000000000000000e+01 -1.803628883074637895e-02 -1.132601902126468760e-02
6.400000000000000000e+01 -2.080078907467526605e-02 -1.345981317717350953e-02
6.500000000000000000e+01 -2.386207098796274545e-02 -1.589878075193001603e-02
6.600000000000000000e+01 -2.722931762279667128e-02 -1.866607934219825793e-02
6.700000000000000000e+01 -3.090753336879654978e-02 -2.178268831735161865e-02
6.800000000000000000e+01 -3.489701651248072051e-02 -2.526655384598084503e-02
6.900000000000000000e+01 -3.919316327484222151e-02 -2.913150460932072833e-02
7.000000000000000000e+01 -4.378622540258197277e-02 -3.338606430553672788e-02
7.100000000000000000e+01 -4.866069213190293841e-02 -3.803243232788545980e-02
7.200000000000000000e+01 -5.379443089128002620e-02 -4.306576134678627432e-02
7.300000000000000000e+01 -5.915813560849281227e-02 -4.847355650664421367e-02
7.400000000000000000e+01 -6.471551143717758914e-02 -5.423493621062915049e-02
7.500000000000000000e+01 -7.042402864188246348e-02 -6.031979428019448863e-02
7.600000000000000000e+01 -7.623561862696073832e-02 -6.668826299248063749e-02
7.700000000000000000e+01 -8.209688951071705820e-02 -7.329082732402097955e-02
7.800000000000000000e+01 -8.794913450593999649e-02 -8.006897618931023419e-02
7.900000000000000000e+01 -9.372885108747365523e-02 -8.695593330272757826e-02
8.000000000000000000e+01 -9.936916707255019632e-02 -9.387723343925599706e-02
8.100000000000000000e+01 -1.048017892222752601e-01 -1.007514589696074103e-01
8.200000000000000000e+01 -1.099586790991355228e-01 -1.074916445498953071e-01
8.300000000000000000e+01 -1.147730653779210075e-01 -1.140074127394636871e-01
8.400000000000000000e+01 -1.191801841781094384e-01 -1.202073251117167785e-01
8.500000000000000000e+01 -1.231184537066462581e-01 -1.260009146670816316e-01
8.600000000000000000e+01 -1.265313091563378678e-01 -1.313004242533251653e-01
8.700000000000000000e+01 -1.293691835745809926e-01 -1.360227235702705650e-01
8.800000000000000000e+01 -1.315909107537895917e-01 -1.400916694518021532e-01
8.900000000000000000e+01 -1.331643332113441880e-01 -1.434405748853831430e-01
9.000000000000000000e+01 -1.340665439050791052e-01 -1.460141886256283994e-01
9.100000000000000000e+01 -1.342843027735938222e-01 -1.477699508436667031e-01
9.200000000000000000e+01 -1.338146979591720021e-01 -1.486788159081360028e-01
9.300000000000000000e+01 -1.326656247372293707e-01 -1.487260104097442026e-01
9.400000000000000000e+01 -1.308556464760418370e-01 -1.479116990118836406e-01
9.500000000000000000e+01 -1.284132252325817791e-01 -1.462511886068730838e-01
9.600000000000000000e+01 -1.253756802920652780e-01 -1.437744086504685048e-01
9.700000000000000000e+01 -1.217882023663826863e-01 -1.405247896753098469e-01
9.800000000000000000e+01 -1.177029365046647347e-01 -1.365578665861727214e-01
9.900000000000000000e+01 -1.131779228402392812e-01 -1.319397844587278379e-01
1.000000000000000000e+02 -1.082757521123181021e-01 -1.267456327764937551e-01
1.010000000000000000e+02 -1.030620166900879098e-01 -1.210574863448471844e-01
1.020000000000000000e+02 -9.760376187044994545e-02 -1.149621963366616317e-01
1.030000000000000000e+02 -9.196807702460549350e-02 -1.085491248852591961e-01
1.040000000000000000e+02 -8.622083192802565410e-02 -1.019079979458371449e-01
1.050000000000000000e+02 -8.042550832106901137e-02 -9.512693252010991085e-02
1.060000000000000000e+02 -7.464211887822773395e-02 -8.829062626407176151e-02
1.070000000000000000e+02 -6.892625920351763691e-02 -8.147872301698000364e-02
1.080000000000000000e+02 -6.332833903873467951e-02 -7.476441279255474637e-02
1.090000000000000000e+02 -5.789300486143834218e-02 -6.821332243281842678e-02
1.100000000000000000e+02 -5.265874687796437414e-02 -6.188271575366585675e-02
1.110000000000000000e+02 -4.765768960020033002e-02 -5.582099512648974748e-02
1.120000000000000000e+02 -4.291556776385055394e-02 -5.006749137931792298e-02
1.130000000000000000e+02 -3.845187046140929876e-02 -4.465252408272460394e-02
1.140000000000000000e+02 -3.428011457866254885e-02 -3.959769930864649040e-02
1.150000000000000000e+02 -3.040821047282652942e-02 -3.491640125517572746e-02
1.160000000000000000e+02 -2.683890569727619482e-02 -3.061443929729753058e-02
1.170000000000000000e+02 -2.357030798229411972e-02 -2.669082214416015203e-02
1.180000000000000000e+02 -2.059647808291302853e-02 -2.313862888733945328e-02
1.190000000000000000e+02 -1.790805938898997612e-02 -1.994593438206170369e-02
1.200000000000000000e+02 -1.549290169421973541e-02 -1.709674101595239429e-02
1.210000000000000000e+02 -1.333665141834438662e-02 -1.457187999182795422e-02
1.220000000000000000e+02 -1.142330391390899112e-02 -1.234986295518594214e-02
1.230000000000000000e+02 -9.735723405057409435e-03 -1.040767368740983315e-02
1.240000000000000000e+02 -8.256128025608575755e-03 -8.721487012069040201e-03
1.250000000000000000e+02 -6.966525394232957365e-03 -7.267298606330034952e-03
1.260000000000000000e+02 -5.849083117710296084e-03 -6.021454234146923941e-03
1.270000000000000000e+02 -4.886429462384203268e-03 -4.961077837791465911e-03
1.280000000000000000e+02 -4.061891314738021001e-03 -4.064406267138796769e-03
1.290000000000000000e+02 -3.359680012074710894e-03 -3.311039777696232929e-03
1.300000000000000000e+02 -2.765031189920839731e-03 -2.682115082831885988e-03
1.310000000000000000e+02 -2.264299813198357176e-03 -2.160407120700571539e-03
1.320000000000000000e+02 -1.845011480379500635e-03 -1.730368164843535447e-03
1.330000000000000000e+02 -1.495874995069205755e-03 -1.378115709731625102e-03
1.340000000000000000e+02 -1.206764583786921075e-03 -1.091380979049850174e-03
1.350000000000000000e+02 -9.686801543815613293e-04 -8.594280693418679395e-04
1.360000000000000000e+02 -7.736915381227206078e-04 -6.729516253654346499e-04
1.370000000000000000e+02 -6.148703924459942129e-04 -5.239598626521867197e-04
1.380000000000000000e+02 -4.862128459501032884e-04 -4.056493933281879504e-04
1.390000000000000000e+02 -3.825564779464489529e-04 -3.122777127388341170e-04
1.400000000000000000e+02 -2.994954834544913836e-04 -2.390379948650557019e-04
1.410000000000000000e+02 -2.332972347158313649e-04 -1.819394191377988437e-04
1.420000000000000000e+02 -1.808223063824436374e-04 -1.376951270160341266e-04
1.430000000000000000e+02 -1.394490943284852212e-04 -1.036192049445934396e-04
1.440000000000000000e+02 -1.070037331888396432e-04 -7.753359594467838919e-05
1.450000000000000000e+02 -8.169589901096392214e-05 -5.768535120637348671e-05
1.460000000000000000e+02 -6.206094385289907562e-05 -4.267414106170129247e-05
1.470000000000000000e+02 -4.690852358582716600e-05 -3.138955160010489391e-05
1.480000000000000000e+02 -3.527755333607912656e-05 -2.295746251953079668e-05
1.490000000000000000e+02 -2.639709899928935528e-05 -1.669469718945058371e-05
1.500000000000000000e+02 -1.965272592784693176e-05 -1.207109207246878993e-05
1.510000000000000000e+02 -1.455781875252601935e-05 -8.678111898170551500e-06
1.520000000000000000e+02 -1.072938720166353742e-05 -6.203140843221981910e-06
1.530000000000000000e+02 -7.867859772609716191e-06 -4.408619633116395018e-06
1.540000000000000000e+02 -5.740358056756174709e-06 -3.115265787123515336e-06
1.550000000000000000e+02 -4.166960570813708965e-06 -2.188699236269369698e-06
1.560000000000000000e+02 -3.009506573181697636e-06 -1.528877118783330025e-06
1.570000000000000000e+02 -2.162541422439326936e-06 -1.061821146608650972e-06
1.580000000000000000e+02 -1.546053950816811591e-06 -7.331941209898650221e-07
1.590000000000000000e+02 -1.099698183706059037e-06 -5.033520118056211954e-07
