0.000000000000000000e+00 -6.172931094367277025e-06 -4.489643802724472826e-06
1.000000000000000000e+00 -8.782127198026573794e-10 -1.987763526382070900e-10
2.000000000000000000e+00 -1.237976472487605786e-09 -2.908847242988462363e-10
3.000000000000000000e+00 -1.876862210179523619e-09 -4.392575833582225561e-10
4.000000000000000000e+00 -2.839123595125094113e-09 -6.575384077051780926e-10
5.000000000000000000e+00 -4.275196219938735278e-09 -9.762611227210233665e-10
6.000000000000000000e+00 -6.402421297407447530e-09 -1.441977595554560863e-09
7.000000000000000000e+00 -9.532579108057994723e-09 -2.125722183880055033e-09
8.000000000000000000e+00 -1.411655621703834642e-08 -3.131554465409243413e-09
9.000000000000000000e+00 -2.080746757601796523e-08 -4.603624606915264341e-09
1.000000000000000000e+01 -3.054183344367256178e-08 -6.733908987105691947e-09
1.100000000000000000e+01 -4.463963151818790969e-08 -9.778627077192183377e-09
1.200000000000000000e+01 -6.493389440894166069e-08 -1.409468157992156299e-08
1.300000000000000000e+01 -9.395664199020443179e-08 -2.020235903792749482e-08
1.400000000000000000e+01 -1.352185252751847642e-07 -2.886612022714565611e-08
1.500000000000000000e+01 -1.936111633901321338e-07 -4.117143421396774666e-08
1.600000000000000000e+01 -2.759348852750964972e-07 -5.858043851002899081e-08
1.700000000000000000e+01 -3.915364331836344155e-07 -8.298461805062897469e-08
1.800000000000000000e+01 -5.530686006250585061e-07 -1.168244613809251614e-07
1.900000000000000000e+01 -7.774674779340920981e-07 -1.633688123977583522e-07
2.000000000000000000e+01 -1.087334130087893521e-06 -2.271925375674659672e-07
2.100000000000000000e+01 -1.512916001947345865e-06 -3.147648641731878069e-07
2.200000000000000000e+01 -2.094759973238310397e-06 -4.349557428260968713e-07
2.300000000000000000e+01 -2.886933283248292013e-06 -5.993256848803377744e-07
2.400000000000000000e+01 -3.960678090451767537e-06 -8.223474615134252653e-07
2.500000000000000000e+01 -5.408635878999615027e-06 -1.122064972890992488e-06
2.600000000000000000e+01 -7.350251619789188750e-06 -1.521780224450227265e-06
2.700000000000000000e+01 -9.939253371851679994e-06 -2.052892781402869448e-06
2.800000000000000000e+01 -1.337379779220663644e-05 -2.758147832546706175e-06
2.900000000000000000e+01 -1.790901814570674316e-05 -3.693985787656758771e-06
3.000000000000000000e+01 -2.387099782647042365e-05 -4.931266449803947201e-06
3.100000000000000000e+01 -3.167152910309768167e-05 -6.555476195394938750e-06
3.200000000000000000e+01 -4.182462764458041754e-05 -8.669404843245418743e-06
3.300000000000000000e+01 -5.496758113251671223e-05 -1.140117997634331219e-05
3.400000000000000000e+01 -7.188945831818174858e-05 -1.491739036053909271e-05
3.500000000000000000e+01 -9.356749933178454574e-05 -1.943643305210518031e-05
3.600000000000000000e+01 -1.212080197475402278e-04 -2.523530333649337960e-05
3.700000000000000000e+01 -1.562867932611668783e-04 -3.264738371268152310e-05
3.800000000000000000e+01 -2.005870789452864067e-04 -4.205819983803890801e-05
3.900000000000000000e+01 -2.562403514885415868e-04 -5.391332802698447840e-05
4.000000000000000000e+01 -3.257796794200099977e-04 -6.874887102235683397e-05
4.100000000000000000e+01 -4.122123190143496757e-04 -8.723848545865018798e-05
4.200000000000000000e+01 -5.191060070932405728e-04 -1.102326708766795786e-04
4.300000000000000000e+01 -6.506711697853623287e-04 -1.387639796592133701e-04
4.400000000000000000e+01 -8.118213848877116594e-04 -1.740157353467045552e-04
4.500000000000000000e+01 -1.008212000370621152e-03 -2.172890131539054681e-04
4.600000000000000000e+01 -1.246280560157146580e-03 -2.700207814923299347e-04
4.700000000000000000e+01 -1.533319786929821654e-03 -3.338783217640148098e-04
4.800000000000000000e+01 -1.877589228680695294e-03 -4.108899622840852628e-04
4.900000000000000000e+01 -2.288427552013042477e-03 -5.035200408210614058e-04
5.000000000000000000e+01 -2.776302180031977630e-03 -6.146143423311120060e-04
5.100000000000000000e+01 -3.352760606416291950e-03 -7.472399701595046177e-04
5.200000000000000000e+01 -4.030319446995229982e-03 -9.045531045715248311e-04
5.300000000000000000e+01 -4.822383600174559755e-03 -1.089844914282086423e-03
5.400000000000000000e+01 -5.743263010896169571e-03 -1.306790496782515463e-03
5.500000000000000000e+01 -6.808245286562335588e-03 -1.559732555431425768e-03
5.600000000000000000e+01 -8.033575181248711616e-03 -1.853737080581007845e-03
5.700000000000000000e+01 -9.436201545687351172e-03 -2.194286290445744865e-03
5.800000000000000000e+01 -1.103330748324420074e-02 -2.586769221205396929e-03
5.900000000000000000e+01 -1.284182299870506236e-02 -3.036157454098667788e-03
6.000000000000000000e+01 -1.487814761608964413e-02 -3.547174627955537556e-03
6.100000000000000000e+01 -1.715810977586236172e-02 -4.124874544028399315e-03
6.200000000000000000e+01 -1.969690877733651715e-02 -4.775125728873114497e-03
6.300000000000000000e+01 -2.250869817945417781e-02 -5.504450755596511716e-03
6.400000000000000000e+01 -2.560571829102461019e-02 -6.319123965677866939e-03
6.500000000000000000e+01 -2.899729330772969627e-02 -7.224081592985006836e-03
6.600000000000000000e+01 -3.268919138669758306e-02 -8.222477789972365905e-03
6.700000000000000000e+01 -3.668356860478150933e-02 -9.316288608211296257e-03
6.800000000000000000e+01 -4.097917462072234174e-02 -1.050748043406358329e-02
6.900000000000000000e+01 -4.557119701594369854e-02 -1.179865303585662245e-02
7.000000000000000000e+01 -5.045041386122482707e-02 -1.319235216256551754e-02
7.100000000000000000e+01 -5.560201069203377089e-02 -1.468931606074098430e-02
7.200000000000000000e+01 -6.100486365486865875e-02 -1.628692351161702134e-02
7.300000000000000000e+01 -6.663181126384008779e-02 -1.797912267347077930e-02
7.400000000000000000e+01 -7.245061902007915444e-02 -1.975798671716582494e-02
7.500000000000000000e+01 -7.842473844717057219e-02 -2.161563646194267219e-02
7.600000000000000000e+01 -8.451319665246428969e-02 -2.354482655584531209e-02
7.700000000000000000e+01 -9.066986783276423378e-02 -2.553751935085010402e-02
7.800000000000000000e+01 -9.684312254653819341e-02 -2.758250319537260478e-02
7.900000000000000000e+01 -1.029766742312388933e-01 -2.966407019824747471e-02
8.000000000000000000e+01 -1.090114564591935509e-01 -3.176303329889116484e-02
8.100000000000000000e+01 -1.148874867557166113e-01 -3.385945422542471772e-02
8.200000000000000000e+01 -1.205447592429124692e-01 -3.593497748326298508e-02
8.300000000000000000e+01 -1.259232016009628752e-01 -3.797294360677179459e-02
8.400000000000000000e+01 -1.309626875380717204e-01 -3.995632681625160137e-02
8.500000000000000000e+01 -1.356040894742129022e-01 -4.186543343325267036e-02
8.600000000000000000e+01 -1.397913879332771392e-01 -4.367756144455541695e-02
8.700000000000000000e+01 -1.434738552699522385e-01 -4.536919513268845849e-02
8.800000000000000000e+01 -1.466072549294555050e-01 -4.691917588950498402e-02
8.900000000000000000e+01 -1.491538942265038248e-01 -4.831048804613777975e-02
9.000000000000000000e+01 -1.510823578940343748e-01 -4.952950595607447798e-02
9.100000000000000000e+01 -1.523678946080811170e-01 -5.056369843162210331e-02
9.200000000000000000e+01 -1.529936365035680090e-01 -5.140002026132957369e-02
9.300000000000000000e+01 -1.529519035974981622e-01 -5.202551983223636933e-02
9.400000000000000000e+01 -1.522446643932234833e-01 -5.242973484439587134e-02
9.500000000000000000e+01 -1.508829109768143606e-01 -5.260695687615604688e-02
9.600000000000000000e+01 -1.488855576363765365e-01 -5.255665165507111131e-02
9.700000000000000000e+01 -1.462786861706665831e-01 -5.228193494730250246e-02
9.800000000000000000e+01 -1.430954032710171631e-01 -5.178756149222096816e-02
9.900000000000000000e+01 -1.393758426837940767e-01 -5.107908885468146615e-02
1.000000000000000000e+02 -1.351666368584606703e-01 -5.016368847688729843e-02
1.010000000000000000e+02 -1.305196368031585064e-01 -4.905162972643641039e-02
1.020000000000000000e+02 -1.254902831133190566e-01 -4.775699345400714890e-02
1.030000000000000000e+02 -1.201362340251775629e-01 -4.629695337744241246e-02
1.040000000000000000e+02 -1.145165065601851107e-01 -4.469018881924913256e-02
1.050000000000000000e+02 -1.086908768837057948e-01 -4.295558713796414352e-02
1.060000000000000000e+02 -1.027191019017662243e-01 -4.111195780484026147e-02
1.070000000000000000e+02 -9.665978554946320911e-02 -3.917852901338740590e-02
1.080000000000000000e+02 -9.056911567521859496e-02 -3.717539931158782285e-02
1.090000000000000000e+02 -8.449985300423182299e-02 -3.512330678153094410e-02
1.100000000000000000e+02 -7.850075732817568541e-02 -3.304276312203235921e-02
1.110000000000000000e+02 -7.261631706194775215e-02 -3.095312458599186467e-02
1.120000000000000000e+02 -6.688650899724306320e-02 -2.887213162380765363e-02
1.130000000000000000e+02 -6.134644588229470896e-02 -2.681598443716116942e-02
1.140000000000000000e+02 -5.602600365005262761e-02 -2.479959967568694246e-02
1.150000000000000000e+02 -5.094962856492312592e-02 -2.283665468695333239e-02
1.160000000000000000e+02 -4.613643169500463576e-02 -2.093932208716656196e-02
1.170000000000000000e+02 -4.160050088416735597e-02 -1.911791040218163013e-02
1.180000000000000000e+02 -3.735126822785895390e-02 -1.738069052644033996e-02
1.190000000000000000e+02 -3.339382608993592821e-02 -1.573400245495705507e-02
1.200000000000000000e+02 -2.972920852019133794e-02 -1.418251117404374997e-02
1.210000000000000000e+02 -2.635472596120976702e-02 -1.272941228538044915e-02
1.220000000000000000e+02 -2.326440959277937745e-02 -1.137649882974601200e-02
1.230000000000000000e+02 -2.044953727322496723e-02 -1.012415713712344970e-02
1.240000000000000000e+02 -1.789916014422303359e-02 -8.971419478761085906e-03
1.250000000000000000e+02 -1.560056616385271759e-02 -7.916136250827529586e-03
1.260000000000000000e+02 -1.353967443123468145e-02 -6.955223339994653919e-03
1.270000000000000000e+02 -1.170139555477900904e-02 -6.084890578923632040e-03
1.280000000000000000e+02 -1.006998938759456723e-02 -5.300793592916342584e-03
1.290000000000000000e+02 -8.629418267650188282e-03 -4.598124301851657693e-03
1.300000000000000000e+02 -7.363667713523580453e-03 -3.971696528555812220e-03
1.310000000000000000e+02 -6.257008253039689563e-03 -3.416066619742232080e-03
1.320000000000000000e+02 -5.294193920130748493e-03 -2.925682345850072735e-03
1.330000000000000000e+02 -4.460612649272019913e-03 -2.495022090404356695e-03
1.340000000000000000e+02 -3.742406860113926034e-03 -2.118692318709466081e-03
1.350000000000000000e+02 -3.126571933649573316e-03 -1.791480940003906119e-03
1.360000000000000000e+02 -2.601029012023406070e-03 -1.508388331276110106e-03
1.370000000000000000e+02 -2.154666129484456537e-03 -1.264659153664608173e-03
1.380000000000000000e+02 -1.777347544054094178e-03 -1.055821815829872164e-03
1.390000000000000000e+02 -1.459898187977442261e-03 -8.777260334337172801e-04
1.400000000000000000e+02 -1.194072477044845699e-03 -7.265651586042099321e-04
1.410000000000000000e+02 -9.725139217763303316e-04 -5.988782280577441925e-04
1.420000000000000000e+02 -7.887077449183194479e-04 -4.915373289442358977e-04
1.430000000000000000e+02 -6.369265671357860403e-04 -4.017302035828749411e-04
1.440000000000000000e+02 -5.121698632862020000e-04 -3.269446382531855113e-04
1.450000000000000000e+02 -4.100996019243835240e-04 -2.649549021018203520e-04
1.460000000000000000e+02 -3.269753142783988977e-04 -2.138067717516809862e-04
1.470000000000000000e+02 -2.595912086511807399e-04 -1.717983305795639374e-04
1.480000000000000000e+02 -2.052166025341210212e-04 -1.374567853078946609e-04
1.490000000000000000e+02 -1.615399263326151196e-04 -1.095139111110061058e-04
1.500000000000000000e+02 -1.266162930716069356e-04 -8.688286297981008880e-05
1.510000000000000000e+02 -9.881885646726073439e-05 -6.863757174602968484e-05
1.520000000000000000e+02 -7.679438567678466808e-05 -5.399435640420272541e-05
1.530000000000000000e+02 -5.942339759637172325e-05 -4.229480347841036336e-05
1.540000000000000000e+02 -4.578487989282700960e-05 -3.298937465354859433e-05
1.550000000000000000e+02 -3.512534204141197833e-05 -2.562190318924522693e-05
1.560000000000000000e+02 -2.683179803653196589e-05 -1.981549377053937481e-05
1.570000000000000000e+02 -2.040830465879133341e-05 -1.526020217557429593e-05
1.580000000000000000e+02 -1.545574822147599483e-05 -1.170250150156949034e-05
1.590000000000000000e+02 -1.165460743175210484e-05 -8.936263972704840320e-06
