0.000000000000000000e+00 -1.973895592879297237e-07 -9.664370335229225141e-07
1.000000000000000000e+00 -3.543130869146063397e-10 -1.198977129353201490e-10
2.000000000000000000e+00 -5.348007058031420111e-10 -1.831283757296631180e-10
3.000000000000000000e+00 -8.361993250118534560e-10 -2.908624874562324608e-10
4.000000000000000000e+00 -1.300895174497379663e-09 -4.596840990449165054e-10
5.000000000000000000e+00 -2.012943307529563827e-09 -7.226842808147410258e-10
6.000000000000000000e+00 -3.098065496040192985e-09 -1.130187902914799971e-09
7.000000000000000000e+00 -4.742722290322361386e-09 -1.757957649664369060e-09
8.000000000000000000e+00 -7.221709585299998128e-09 -2.719357644055995181e-09
9.000000000000000000e+00 -1.093755937764386924e-08 -4.183285098951191258e-09
1.000000000000000000e+01 -1.647656843286092837e-08 -6.400333838698246956e-09
1.100000000000000000e+01 -2.468797523799846825e-08 -9.740257670523992231e-09
1.200000000000000000e+01 -3.679486958512362426e-08 -1.474476662841027490e-08
1.300000000000000000e+01 -5.454814276971116623e-08 -2.220159218377799053e-08
1.400000000000000000e+01 -8.043868267928337367e-08 -3.324886859591956761e-08
1.500000000000000000e+01 -1.179885070889227334e-07 -4.952264723348069730e-08
1.600000000000000000e+01 -1.721485365555430222e-07 -7.336374767567241470e-08
1.700000000000000000e+01 -2.498387255091602393e-07 -1.081030453228082429e-07
1.800000000000000000e+01 -3.606751669830163697e-07 -1.584488152082400942e-07
1.900000000000000000e+01 -5.179397877097388187e-07 -2.310092932925562116e-07
2.000000000000000000e+01 -7.398637337757895862e-07 -3.349992630024968897e-07
2.100000000000000000e+01 -1.051317027965967843e-06 -4.831970664706521996e-07
2.200000000000000000e+01 -1.486022935886224018e-06 -6.932313105614394391e-07
2.300000000000000000e+01 -2.089441528659834998e-06 -9.892841879013850626e-07
2.400000000000000000e+01 -2.922491098958697379e-06 -1.404312427022978014e-06
2.500000000000000000e+01 -4.066303281843270294e-06 -1.982923460225422230e-06
2.600000000000000000e+01 -5.628247978654539562e-06 -2.785103868464959969e-06
2.700000000000000000e+01 -7.749521911369099320e-06 -3.891053412394516488e-06
2.800000000000000000e+01 -1.061465828319174768e-05 -5.407399252858554640e-06
2.900000000000000000e+01 -1.446336180715579936e-05 -7.475057204282301672e-06
3.000000000000000000e+01 -1.960509227492938261e-05 -1.027902933279862190e-05
3.100000000000000000e+01 -2.643683206699413795e-05 -1.406053867772329150e-05
3.200000000000000000e+01 -3.546451957783383960e-05 -1.913207189393914160e-05
3.300000000000000000e+01 -4.732872402030398828e-05 -2.589599609436736446e-05
3.400000000000000000e+01 -6.283522235731064162e-05 -3.486733104170495687e-05
3.500000000000000000e+01 -8.299112222668921098e-05 -4.670108175850282595e-05
3.600000000000000000e+01 -1.090470197598022214e-04 -6.222453514690432170e-05
3.700000000000000000e+01 -1.425454823462384154e-04 -8.247524478288182932e-05
3.800000000000000000e+01 -1.853760646313150112e-04 -1.087458038323521245e-04
3.900000000000000000e+01 -2.398371420096393055e-04 -1.426363954245835877e-04
4.000000000000000000e+01 -3.087048727884180127e-04 -1.861153203925898080e-04
4.100000000000000000e+01 -3.953092564120337963e-04 -2.415868592602887495e-04
4.200000000000000000e+01 -5.036164557659676341e-04 -3.119659090321199625e-04
4.300000000000000000e+01 -6.383156703875544728e-04 -4.007599446185450493e-04
4.400000000000000000e+01 -8.049084583761769796e-04 -5.121595718757493247e-04
4.500000000000000000e+01 -1.009798645371911630e-03 -6.511375404347026150e-04
4.600000000000000000e+01 -1.260381152689224200e-03 -8.235528298963935411e-04
4.700000000000000000e+01 -1.565127218405206388e-03 -1.036254208851741365e-03
4.800000000000000000e+01 -1.933661372914351455e-03 -1.297179283540980058e-03
4.900000000000000000e+01 -2.376823412600140382e-03 -1.615449249820126963e-03
5.000000000000000000e+01 -2.906708324361046304e-03 -2.001460862584766680e-03
5.100000000000000000e+01 -3.536679093293503169e-03 -2.466971438354679906e-03
5.200000000000000000e+01 -4.281349512898982232e-03 -3.025163549747650164e-03
5.300000000000000000e+01 -5.156533437657011797e-03 -3.690673252966049367e-03
5.400000000000000000e+01 -6.179152686305360020e-03 -4.479574802565364916e-03
5.500000000000000000e+01 -7.367091667018186435e-03 -5.409328080153477311e-03
5.600000000000000000e+01 -8.738988194603667867e-03 -6.498696289238118685e-03
5.700000000000000000e+01 -1.031395830222814683e-02 -7.767624486804165437e-03
5.800000000000000000e+01 -1.211126206906856101e-02 -9.237049683526524224e-03
5.900000000000000000e+01 -1.414991836057963651e-02 -1.092861567683423539e-02
6.000000000000000000e+01 -1.644826645971948081e-02 -1.286429623436356924e-02
6.100000000000000000e+01 -1.902346201933329678e-02 -1.506596119372640569e-02
6.200000000000000000e+01 -2.189089911694475088e-02 -1.755491503261380135e-02
6.300000000000000000e+01 -2.506357343653060551e-02 -2.035139459875696250e-02
6.400000000000000000e+01 -2.855142651747299629e-02 -2.347397743996678526e-02
6.500000000000000000e+01 -3.236071168293413319e-02 -2.693887395893626927e-02
6.600000000000000000e+01 -3.649339229300228166e-02 -3.075914805322821355e-02
6.700000000000000000e+01 -4.094655066579869218e-02 -3.494396155119806197e-02
6.800000000000000000e+01 -4.571179255300326927e-02 -3.949790476593668942e-02
6.900000000000000000e+01 -5.077468560198057645e-02 -4.442038265395834712e-02
7.000000000000000000e+01 -5.611432394080843877e-02 -4.970497515181945131e-02
7.100000000000000000e+01 -6.170310094715674570e-02 -5.533875454496969826e-02
7.200000000000000000e+01 -6.750668935922068958e-02 -6.130167151454879448e-02
7.300000000000000000e+01 -7.348414673333611424e-02 -6.756617509359941209e-02
7.400000000000000000e+01 -7.958807882458940330e-02 -7.409713141905521772e-02
7.500000000000000000e+01 -8.576490946162544649e-02 -8.085194022308424266e-02
7.600000000000000000e+01 -9.195540802894267007e-02 -8.778069729957663214e-02
7.700000000000000000e+01 -9.809558386248229400e-02 -9.482639042060889145e-02
7.800000000000000000e+01 -1.041178761159621963e-01 -1.019253076125735402e-01
7.900000000000000000e+01 -1.099524177885984610e-01 -1.090078584374840065e-01
8.000000000000000000e+01 -1.155282063158907663e-01 -1.159998027982522412e-01
8.100000000000000000e+01 -1.207742435108848933e-01 -1.228236455303532426e-01
8.200000000000000000e+01 -1.256208777206315463e-01 -1.293999476602768484e-01
8.300000000000000000e+01 -1.300014785989398181e-01 -1.356485549809681723e-01
8.400000000000000000e+01 -1.338542636176250078e-01 -1.414899885475453534e-01
8.500000000000000000e+01 -1.371238898365164938e-01 -1.468471948958273432e-01
8.600000000000000000e+01 -1.397625695946286828e-01 -1.516475334741108350e-01
8.700000000000000000e+01 -1.417308506453731076e-01 -1.558246150382631701e-01
8.800000000000000000e+01 -1.429984273343545276e-01 -1.593196949193744771e-01
8.900000000000000000e+01 -1.435451567073643686e-01 -1.620826955305967043e-01
9.000000000000000000e+01 -1.433620173296188127e-01 -1.640731937868243617e-01
9.100000000000000000e+01 -1.424515307238237161e-01 -1.652615704389730489e-01
9.200000000000000000e+01 -1.408274273473908988e-01 -1.656301166552542059e-01
9.300000000000000000e+01 -1.385138396998464305e-01 -1.651736625351832854e-01
9.400000000000000000e+01 -1.355445316556726509e-01 -1.638994972957918128e-01
9.500000000000000000e+01 -1.319623829227996314e-01 -1.618267911944451798e-01
9.600000000000000000e+01 -1.278188402836153426e-01 -1.589859469619690491e-01
9.700000000000000000e+01 -1.231728593112420556e-01 -1.554180809291914600e-01
9.800000000000000000e+01 -1.180891980091971077e-01 -1.511744143186316558e-01
9.900000000000000000e+01 -1.126364430155875340e-01 -1.463151976728227499e-01
1.000000000000000000e+02 -1.068853173234900339e-01 -1.409080633238270763e-01
1.010000000000000000e+02 -1.009074728254783226e-01 -1.350261116310944032e-01
1.020000000000000000e+02 -9.477447798806210022e-02 -1.287461602958504536e-01
1.030000000000000000e+02 -8.855657236980772617e-02 -1.221473136498900658e-01
1.040000000000000000e+02 -8.232109397387635252e-02 -1.153096451566576336e-01
1.050000000000000000e+02 -7.613092731822845849e-02 -1.083127068974457097e-01
1.060000000000000000e+02 -7.004341857620680067e-02 -1.012338382988872409e-01
1.070000000000000000e+02 -6.410988105286477556e-02 -9.414654726805710139e-02
1.080000000000000000e+02 -5.837541399926315933e-02 -8.711927014111370271e-02
1.090000000000000000e+02 -5.287867017733297731e-02 -8.021457373982285310e-02
1.100000000000000000e+02 -4.765147979653121257e-02 -7.348861026082750825e-02
1.110000000000000000e+02 -4.271856337157246830e-02 -6.699061457714935996e-02
1.120000000000000000e+02 -3.809762034035988482e-02 -6.076242299700362892e-02
1.130000000000000000e+02 -3.379984026689199922e-02 -5.483816960550352837e-02
1.140000000000000000e+02 -2.983061152733358992e-02 -4.924430704161317229e-02
1.150000000000000000e+02 -2.619015767516226501e-02 -4.399993964592999185e-02
1.160000000000000000e+02 -2.287402239206378154e-02 -3.911732248780145499e-02
1.170000000000000000e+02 -1.987353535606184093e-02 -3.460238769988252527e-02
1.180000000000000000e+02 -1.717642323760448092e-02 -3.045527012477347237e-02
1.190000000000000000e+02 -1.476758376486772203e-02 -2.667089143268356818e-02
1.200000000000000000e+02 -1.262988482215086049e-02 -2.323965115814732862e-02
1.210000000000000000e+02 -1.074483321761731010e-02 -2.014819906232401606e-02
1.220000000000000000e+02 -9.093071830704305136e-03 -1.738021034209405458e-02
1.230000000000000000e+02 -7.654782037850985967e-03 -1.491709714438642538e-02
1.240000000000000000e+02 -6.410084807989074006e-03 -1.273864050750484270e-02
1.250000000000000000e+02 -5.339457973574711878e-03 -1.082356348316287215e-02
1.260000000000000000e+02 -4.424110507740150466e-03 -9.150064254619333717e-03
1.270000000000000000e+02 -3.646248775992979446e-03 -7.696304151899634530e-03
1.280000000000000000e+02 -2.989225136273220874e-03 -6.440829510095497437e-03
1.290000000000000000e+02 -2.437612938009745423e-03 -5.362911213170948495e-03
1.300000000000000000e+02 -1.977257719273842369e-03 -4.442802250221524960e-03
1.310000000000000000e+02 -1.595320423764636127e-03 -3.661925974168608097e-03
1.320000000000000000e+02 -1.280295829411497686e-03 -3.003009138788698476e-03
1.330000000000000000e+02 -1.021986421036133377e-03 -2.450168244529797416e-03
1.340000000000000000e+02 -8.114325686051505459e-04 -1.988952656599553802e-03
1.350000000000000000e+02 -6.408189303642756671e-04 -1.606347158399359324e-03
1.360000000000000000e+02 -5.033781239215868227e-04 -1.290739067028953517e-03
1.370000000000000000e+02 -3.933000284158466803e-04 -1.031857763579546988e-03
1.380000000000000000e+02 -3.056432102192638452e-04 -8.206953288263045933e-04
1.390000000000000000e+02 -2.362430144252235427e-04 -6.494156590163233664e-04
1.400000000000000000e+02 -1.816165024430970061e-04 -5.112570923906926317e-04
1.410000000000000000e+02 -1.388697814461170587e-04 -4.004316398860176826e-04
1.420000000000000000e+02 -1.056135672379060128e-04 -3.120231593343225683e-04
1.430000000000000000e+02 -7.988922336705380997e-05 -2.418869800681699793e-04
1.440000000000000000e+02 -6.010400336465631071e-05 -1.865536936023144460e-04
1.450000000000000000e+02 -4.497325620455247823e-05 -1.431393973233671050e-04
1.460000000000000000e+02 -3.346848285143165432e-05 -1.092636659647988379e-04
1.470000000000000000e+02 -2.477148353893488564e-05 -8.297551278090044822e-05
1.480000000000000000e+02 -1.823515973995389725e-05 -6.268708535693239665e-05
1.490000000000000000e+02 -1.335091679921385972e-05 -4.711482153429269850e-05
1.500000000000000000e+02 -9.721846981666860455e-06 -3.522790654658621213e-05
1.510000000000000000e+02 -7.040568215514697436e-06 -2.620381180985553770e-05
1.520000000000000000e+02 -5.070790535444063674e-06 -1.939045029457347815e-05
1.530000000000000000e+02 -3.632053158701216268e-06 -1.427425002817845995e-05
1.540000000000000000e+02 -2.587310213236790473e-06 -1.045338018597728052e-05
1.550000000000000000e+02 -1.833060386722477124e-06 -7.615447818760956184e-06
1.560000000000000000e+02 -1.291625178225237189e-06 -5.519095318121547936e-06
1.570000000000000000e+02 -9.051278335496161545e-07 -3.978987949650718399e-06
1.580000000000000000e+02 -6.307723165041884341e-07 -2.853690409974055841e-06
1.590000000000000000e+02 -4.371321314606736899e-07 -2.035947256150884270e-06
