0.000000000000000000e+00 -7.037031742615563700e-07 -6.057762098439008060e-06
1.000000000000000000e+00 -1.112534885678838932e-10 -4.964405527072494814e-11
2.000000000000000000e+00 -1.710203555624211133e-10 -7.479288278603654934e-11
3.000000000000000000e+00 -2.749926911417882512e-10 -1.177357786696925109e-10
4.000000000000000000e+00 -4.394723595395563236e-10 -1.848847201622909458e-10
5.000000000000000000e+00 -6.978620839864502085e-10 -2.891323988894951935e-10
6.000000000000000000e+00 -1.102049473335716922e-09 -4.494371688132981126e-10
7.000000000000000000e+00 -1.731777272532626474e-09 -6.937568357140123323e-10
8.000000000000000000e+00 -2.707694489526007857e-09 -1.064063231782051297e-09
9.000000000000000000e+00 -4.209738772005608669e-09 -1.624093136562892761e-09
1.000000000000000000e+01 -6.504638894284762699e-09 -2.469866857583897604e-09
1.100000000000000000e+01 -9.988370604473378377e-09 -3.742663155169671361e-09
1.200000000000000000e+01 -1.524971163205800829e-08 -5.645309784405693883e-09
1.300000000000000000e+01 -2.315944404408346417e-08 -8.465824768778140480e-09
1.400000000000000000e+01 -3.498960158303196108e-08 -1.261600137752112107e-08
1.500000000000000000e+01 -5.257378602067414468e-08 -1.869294435036575478e-08
1.600000000000000000e+01 -7.853415911654871737e-08 -2.756653620537673917e-08
1.700000000000000000e+01 -1.166149556607821129e-07 -4.048872678748401458e-08
1.800000000000000000e+01 -1.721630393649611260e-07 -5.922129983776830343e-08
1.900000000000000000e+01 -2.527812274279169902e-07 -8.619643434313688415e-08
2.000000000000000000e+01 -3.691722974792187208e-07 -1.247542345153911282e-07
2.100000000000000000e+01 -5.362248813476409471e-07 -1.795193361457688469e-07
2.200000000000000000e+01 -7.744723234247529649e-07 -2.569570000852391118e-07
2.300000000000000000e+01 -1.112129536146969009e-06 -3.660905413833018589e-07
2.400000000000000000e+01 -1.587904022192268700e-06 -5.193214934838584493e-07
2.500000000000000000e+01 -2.254677747534705268e-06 -7.333491428215774864e-07
2.600000000000000000e+01 -3.184087403591631207e-06 -1.030354236001668998e-06
2.700000000000000000e+01 -4.472158104279745121e-06 -1.439781180663633252e-06
2.800000000000000000e+01 -6.246479833979472733e-06 -2.001030599019573364e-06
2.900000000000000000e+01 -8.675701187216888684e-06 -2.767071512115911953e-06
3.000000000000000000e+01 -1.198201998667200045e-05 -3.808603262599895440e-06
3.100000000000000000e+01 -1.645686881538743456e-05 -5.218384416504556448e-06
3.200000000000000000e+01 -2.247962148567830885e-05 -7.115992079711407614e-06
3.300000000000000000e+01 -3.053948505541458970e-05 -9.654260023740697679e-06
3.400000000000000000e+01 -4.126177322855858445e-05 -1.302903167951525643e-05
3.500000000000000000e+01 -5.544058964664374487e-05 -1.749285725324840649e-05
3.600000000000000000e+01 -7.407955591886354846e-05 -2.337125277302442913e-05
3.700000000000000000e+01 -9.844061362760482331e-05 -3.107893786584058142e-05
3.800000000000000000e+01 -1.300994918570019072e-04 -4.113498202336658542e-05
3.900000000000000000e+01 -1.710067370897724870e-04 -5.417979752677524243e-05
4.000000000000000000e+01 -2.235553374154121897e-04 -7.100015786703792815e-05
4.100000000000000000e+01 -2.906581003501786955e-04 -9.256675655430063321e-05
4.200000000000000000e+01 -3.758377439575555671e-04 -1.200815771787373581e-04
4.300000000000000000e+01 -4.833293883572819952e-04 -1.550248511503336704e-04
4.400000000000000000e+01 -6.181904922230140997e-04 -1.991918737758336267e-04
4.500000000000000000e+01 -7.864105603010762341e-04 -2.547216219375190256e-04
4.600000000000000000e+01 -9.950150238274837414e-04 -3.241340768429234738e-04
4.700000000000000000e+01 -1.252164455963062284e-03 -4.103961466514092159e-04
4.800000000000000000e+01 -1.567256690099897310e-03 -5.170181861038840960e-04
4.900000000000000000e+01 -1.951037089285626285e-03 -6.481544592352027779e-04
5.000000000000000000e+01 -2.415706998951272933e-03 -8.086677822740469734e-04
5.100000000000000000e+01 -2.975001401986306342e-03 -1.004141417064116594e-03
5.200000000000000000e+01 -3.644204644703266313e-03 -1.240869696758182096e-03
5.300000000000000000e+01 -4.440100317763922590e-03 -1.525890495141843124e-03
5.400000000000000000e+01 -5.380889531608149673e-03 -1.867096498378852240e-03
5.500000000000000000e+01 -6.486117059348482303e-03 -2.273383672569857794e-03
5.600000000000000000e+01 -7.776592584533477751e-03 -2.754728133641031092e-03
5.700000000000000000e+01 -9.274223580895177288e-03 -3.322102209380740131e-03
5.800000000000000000e+01 -1.100167047984632399e-02 -3.987256799761456499e-03
5.900000000000000000e+01 -1.298183178561444252e-02 -4.762520492000484745e-03
6.000000000000000000e+01 -1.523728837970344564e-02 -5.660768302681391285e-03
6.100000000000000000e+01 -1.778984074739563617e-02 -6.695552092516117611e-03
6.200000000000000000e+01 -2.066011428837678104e-02 -7.881177869193510196e-03
6.300000000000000000e+01 -2.386703146574902651e-02 -9.232465963356010011e-03
6.400000000000000000e+01 -2.742697290477945707e-02 -1.076413844469413343e-02
6.500000000000000000e+01 -3.135270952910337167e-02 -1.249010239233081659e-02
6.600000000000000000e+01 -3.565243803047166149e-02 -1.442303352458756613e-02
6.700000000000000000e+01 -4.032918959439458356e-02 -1.657442142398788884e-02
6.800000000000000000e+01 -4.538050883911436822e-02 -1.895477062153318876e-02
6.900000000000000000e+01 -5.079799665221999827e-02 -2.157339063285767383e-02
7.000000000000000000e+01 -5.656645651858097090e-02 -2.443747337698027461e-02
7.100000000000000000e+01 -6.266289517101766848e-02 -2.755079688532664078e-02
7.200000000000000000e+01 -6.905596796828467054e-02 -3.091283600089025224e-02
7.300000000000000000e+01 -7.570620049265740226e-02 -3.451881313423131592e-02
7.400000000000000000e+01 -8.256667121656910413e-02 -3.836040466462407872e-02
7.500000000000000000e+01 -8.958349872766302457e-02 -4.242615788371652957e-02
7.600000000000000000e+01 -9.669586354874304401e-02 -4.670086517777474744e-02
7.700000000000000000e+01 -1.038360344212501674e-01 -5.116412958920950327e-02
7.800000000000000000e+01 -1.109301438873209755e-01 -5.578926610896851185e-02
7.900000000000000000e+01 -1.178999137859525481e-01 -6.054359459588361941e-02
8.000000000000000000e+01 -1.246647208433032256e-01 -6.539005224283950257e-02
8.100000000000000000e+01 -1.311432005573046899e-01 -7.028888065746394243e-02
8.200000000000000000e+01 -1.372542401693659653e-01 -7.519807401664238555e-02
8.300000000000000000e+01 -1.429179966033672644e-01 -8.007247726166981383e-02
8.400000000000000000e+01 -1.480576223345540510e-01 -8.486282297834930877e-02
8.500000000000000000e+01 -1.526016362388919467e-01 -8.951624136593024084e-02
8.600000000000000000e+01 -1.564861600289243482e-01 -9.397855645508679245e-02
8.700000000000000000e+01 -1.596563310067454222e-01 -9.819709123549710816e-02
8.800000000000000000e+01 -1.620669725290813379e-01 -1.021222506966190935e-01
8.900000000000000000e+01 -1.636831948439462781e-01 -1.057072983836250951e-01
9.000000000000000000e+01 -1.644813916951650690e-01 -1.089074303756681211e-01
9.100000000000000000e+01 -1.644503763102350691e-01 -1.116798911742429568e-01
9.200000000000000000e+01 -1.635919837261644028e-01 -1.139858667517705537e-01
9.300000000000000000e+01 -1.619207816016879353e-01 -1.157931900967929251e-01
9.400000000000000000e+01 -1.594631841586777732e-01 -1.170780981647928654e-01
9.500000000000000000e+01 -1.562565386078617335e-01 -1.178250977976596364e-01
9.600000000000000000e+01 -1.523484143360958887e-01 -1.180256204722762575e-01
9.700000000000000000e+01 -1.477958147518084742e-01 -1.176770548427610308e-01
9.800000000000000000e+01 -1.426639180168550736e-01 -1.167831603977988741e-01
9.900000000000000000e+01 -1.370243081658822082e-01 -1.153554171244469129e-01
1.000000000000000000e+02 -1.309530476813325073e-01 -1.134139260172919161e-01
1.010000000000000000e+02 -1.245289567079738979e-01 -1.109868466490233491e-01
1.020000000000000000e+02 -1.178321478637247149e-01 -1.081085957393108088e-01
1.030000000000000000e+02 -1.109426020187599948e-01 -1.048179590297369373e-01
1.040000000000000000e+02 -1.039386231161367191e-01 -1.011571085655621760e-01
1.050000000000000000e+02 -9.689526560585376425e-02 -9.717153695812469349e-02
1.060000000000000000e+02 -8.988297896221167371e-02 -9.291007484113525394e-02
1.070000000000000000e+02 -8.296661501074811818e-02 -8.842416215729448359e-02
1.080000000000000000e+02 -7.620473579901580752e-02 -8.376627774110631530e-02
1.090000000000000000e+02 -6.964907008968372615e-02 -7.898816132152967906e-02
1.100000000000000000e+02 -6.334405727537138764e-02 -7.413956602754943892e-02
1.110000000000000000e+02 -5.732655274522243521e-02 -6.926776665221731633e-02
1.120000000000000000e+02 -5.162579416345917938e-02 -6.441745035286067234e-02
1.130000000000000000e+02 -4.626363383419632158e-02 -5.963044547148724922e-02
1.140000000000000000e+02 -4.125494368313721572e-02 -5.494506416166844431e-02
1.150000000000000000e+02 -3.660809322789827791e-02 -5.039528639942887633e-02
1.160000000000000000e+02 -3.232547112363982206e-02 -4.601019494756274780e-02
1.170000000000000000e+02 -2.840407926172646216e-02 -4.181388260214468494e-02
1.180000000000000000e+02 -2.483621936867885099e-02 -3.782572021777245302e-02
1.190000000000000000e+02 -2.161024065339988212e-02 -3.406069538506048544e-02
1.200000000000000000e+02 -1.871128513064890253e-02 -3.052961741796926184e-02
1.210000000000000000e+02 -1.612198340194404347e-02 -2.723920577276028182e-02
1.220000000000000000e+02 -1.382309312312854713e-02 -2.419222605422900740e-02
1.230000000000000000e+02 -1.179409435095872712e-02 -2.138780849258438421e-02
1.240000000000000000e+02 -1.001374712797797363e-02 -1.882194269693612115e-02
1.250000000000000000e+02 -8.460596645475985944e-03 -1.648802922737752086e-02
1.260000000000000000e+02 -7.113404901175203292e-03 -1.437736692206583594e-02
1.270000000000000000e+02 -5.951499818855055662e-03 -1.247953908890852767e-02
1.280000000000000000e+02 -4.955049230743391840e-03 -1.078274417015937653e-02
1.290000000000000000e+02 -4.105273527066664180e-03 -9.274133982102483048e-03
1.300000000000000000e+02 -3.384605913696783763e-03 -7.940180152036993913e-03
1.310000000000000000e+02 -2.776802188906266153e-03 -6.767038006684732154e-03
1.320000000000000000e+02 -2.267000636807553655e-03 -5.740860861784609359e-03
1.330000000000000000e+02 -1.841736908909152003e-03 -4.848040358080145905e-03
1.340000000000000000e+02 -1.488923220047817493e-03 -4.075382346638902267e-03
1.350000000000000000e+02 -1.197801791195993995e-03 -3.410244344952366793e-03
1.360000000000000000e+02 -9.588797818098230901e-04 -2.840653157651862760e-03
1.370000000000000000e+02 -7.638500853496053671e-04 -2.355403709697167190e-03
1.380000000000000000e+02 -6.055013869235394749e-04 -1.944129626695951813e-03
1.390000000000000000e+02 -4.776214124832361117e-04 -1.597338714776534198e-03
1.400000000000000000e+02 -3.748977463237237540e-04 -1.306416131727339671e-03
1.410000000000000000e+02 -2.928200233456159187e-04 -1.063605128689929825e-03
1.420000000000000000e+02 -2.275860238150931531e-04 -8.619752858083128480e-04
1.430000000000000000e+02 -1.760130441214194461e-04 -6.953834795278985561e-04
1.440000000000000000e+02 -1.354553429716439609e-04 -5.584284076645790965e-04
1.450000000000000000e+02 -1.037283137399979506e-04 -4.463983098010191795e-04
1.460000000000000000e+02 -7.903991699280630005e-05 -3.552129864695356557e-04
1.470000000000000000e+02 -5.992962241609256507e-05 -2.813629904084487287e-04
1.480000000000000000e+02 -4.521473299836396896e-05 -2.218492533199267042e-04
1.490000000000000000e+02 -3.394366961599027083e-05 -1.741254133990688467e-04
1.500000000000000000e+02 -2.535566319703419597e-05 -1.360437512727627756e-04
1.510000000000000000e+02 -1.884628579769910407e-05 -1.058048246730001140e-04
1.520000000000000000e+02 -1.393826535987733750e-05 -8.191078396572425418e-05
1.530000000000000000e+02 -1.025702300122030153e-05 -6.312256744974570344e-05
1.540000000000000000e+02 -7.510357989844992535e-06 -4.842129177026887075e-05
1.550000000000000000e+02 -5.471712330965281394e-06 -3.697401900006728223e-05
1.560000000000000000e+02 -3.966483522475667654e-06 -2.810381701852877797e-05
1.570000000000000000e+02 -2.860912601896688002e-06 -2.126380847367504391e-05
1.580000000000000000e+02 -2.053133591572830031e-06 -1.601481403761484211e-05
1.590000000000000000e+02 -1.466022841824242867e-06 -1.200621031153150233e-05
