0.000000000000000000e+00 -5.068278147599661912e-06 1.342268310368240850e-04
1.000000000000000000e+00 -1.550774415844734246e-10 -4.495550200032206252e-04
2.000000000000000000e+00 -2.294485916206797427e-10 -3.796271057330282382e-04
3.000000000000000000e+00 -3.596150608575054281e-10 -4.295744402037849946e-04
4.000000000000000000e+00 -5.608556119824465450e-10 -4.919925376518984950e-04
5.000000000000000000e+00 -8.701897437509846466e-10 -5.664737796560000887e-04
6.000000000000000000e+00 -1.344060708206600951e-09 -6.536908866898224341e-04
7.000000000000000000e+00 -2.066765754794324953e-09 -7.530465451193239746e-04
8.000000000000000000e+00 -3.162237423557550078e-09 -8.628554367012539802e-04
9.000000000000000000e+00 -4.811178445272071208e-09 -9.810566206791360242e-04
1.000000000000000000e+01 -7.277234705468476093e-09 -1.106264879836499262e-03
1.100000000000000000e+01 -1.094646725995326092e-08 -1.238857364703901736e-03
1.200000000000000000e+01 -1.638337271426995071e-08 -1.381709495752459545e-03
1.300000000000000000e+01 -2.440548580124380684e-08 -1.540228823647001553e-03
1.400000000000000000e+01 -3.618059477993655034e-08 -1.721508073110430102e-03
1.500000000000000000e+01 -5.335839957471710752e-08 -1.932704567448084330e-03
1.600000000000000000e+01 -7.825958534502929302e-08 -2.179072259317085813e-03
1.700000000000000000e+01 -1.141515484305895861e-07 -2.462301891795876801e-03
1.800000000000000000e+01 -1.656342344520873594e-07 -2.779847174793117267e-03
1.900000000000000000e+01 -2.391466212521736650e-07 -3.125679940541162445e-03
2.000000000000000000e+01 -3.436044439960707268e-07 -3.492475541824849403e-03
2.100000000000000000e+01 -4.912130961894720821e-07 -3.874715773156619386e-03
2.200000000000000000e+01 -6.985600227158497818e-07 -4.271777963902817846e-03
2.300000000000000000e+01 -9.881351452144118027e-07 -4.689907549239698964e-03
2.400000000000000000e+01 -1.390407082555114183e-06 -5.142150345971863851e-03
2.500000000000000000e+01 -1.946502712374883664e-06 -5.645869652509057611e-03
2.600000000000000000e+01 -2.711486525809279349e-06 -6.218284934939365648e-03
2.700000000000000000e+01 -3.758325768082281587e-06 -6.871290977295426393e-03
2.800000000000000000e+01 -5.182866136000805469e-06 -7.607314204352002771e-03
2.900000000000000000e+01 -7.110366017570494908e-06 -8.417867960998925286e-03
3.000000000000000000e+01 -9.704111484455074085e-06 -9.285731088490794746e-03
3.100000000000000000e+01 -1.317630175376774247e-05 -1.019050720885430507e-02
3.200000000000000000e+01 -1.780103026429689521e-05 -1.111610684897115092e-02
3.300000000000000000e+01 -2.392923610360696914e-05 -1.205782976005148263e-02
3.400000000000000000e+01 -3.200614787201320956e-05 -1.302652032796747759e-02
3.500000000000000000e+01 -4.259258254719116492e-05 -1.404789021446551170e-02
3.600000000000000000e+01 -5.639169816568666337e-05 -1.515650489027906694e-02
3.700000000000000000e+01 -7.428194011881672726e-05 -1.638577725531117565e-02
3.800000000000000000e+01 -9.735541179851120333e-05 -1.775697588711501809e-02
3.900000000000000000e+01 -1.269600097278734995e-04 -1.927102598746416665e-02
4.000000000000000000e+01 -1.647445096109778271e-04 -2.090631500799336115e-02
4.100000000000000000e+01 -2.127081787022304328e-04 -2.262390824202509601e-02
4.200000000000000000e+01 -2.732585863102014170e-04 -2.437913737988757490e-02
4.300000000000000000e+01 -3.492806964162779881e-04 -2.613626654821231410e-02
4.400000000000000000e+01 -4.442161648049137383e-04 -2.788158744469398237e-02
4.500000000000000000e+01 -5.621462544048760933e-04 -2.963031883124827431e-02
4.600000000000000000e+01 -7.078696818736998327e-04 -3.142424807083105120e-02
4.700000000000000000e+01 -8.869717288357950634e-04 -3.331989870841624984e-02
4.800000000000000000e+01 -1.105891068565098816e-03 -3.537034756362298499e-02
4.900000000000000000e+01 -1.371996994406933859e-03 -3.760643132992272375e-02
5.000000000000000000e+01 -1.693682291644204620e-03 -4.002381952099938467e-02
5.100000000000000000e+01 -2.080456333523452404e-03 -4.258082194894859118e-02
5.200000000000000000e+01 -2.543005395941888742e-03 -4.520836934164663978e-02
5.300000000000000000e+01 -3.093194228147312305e-03 -4.782958448711741722e-02
5.400000000000000000e+01 -3.744018175350091650e-03 -5.038307626288435898e-02
5.500000000000000000e+01 -4.509550426130974447e-03 -5.284252334178035637e-02
5.600000000000000000e+01 -5.404922490534004413e-03 -5.522579023514884861e-02
5.700000000000000000e+01 -6.446316635881459145e-03 -5.758976017527234897e-02
5.800000000000000000e+01 -7.650883866534698846e-03 -6.001163733907589892e-02
5.900000000000000000e+01 -9.036504364397599659e-03 -6.256225340614446351e-02
6.000000000000000000e+01 -1.062140253270412588e-02 -6.528007559675250149e-02
6.100000000000000000e+01 -1.242374040648624653e-02 -6.815475175316126899e-02
6.200000000000000000e+01 -1.446131935341624271e-02 -7.112598540127100522e-02
6.300000000000000000e+01 -1.675138009051754112e-02 -7.409849421566967742e-02
6.400000000000000000e+01 -1.931032111830031234e-02 -7.696859704133732216e-02
6.500000000000000000e+01 -2.215314269416135406e-02 -7.965421480885705174e-02
6.600000000000000000e+01 -2.529262900258996347e-02 -8.211876886257829522e-02
6.700000000000000000e+01 -2.873853432398521326e-02 -8.438103235651300826e-02
6.800000000000000000e+01 -3.249707042517115813e-02 -8.650722072463856716e-02
6.900000000000000000e+01 -3.657071738864690197e-02 -8.858741622824439776e-02
7.000000000000000000e+01 -4.095803871868279600e-02 -9.070386297226129546e-02
7.100000000000000000e+01 -4.565313904257159439e-02 -9.290159789102694909e-02
7.200000000000000000e+01 -5.064476440165208843e-02 -9.517107301990404555e-02
7.300000000000000000e+01 -5.591548866030010556e-02 -9.744827837888395128e-02
7.400000000000000000e+01 -6.144148688604647579e-02 -9.963211214861962539e-02
7.500000000000000000e+01 -6.719294700289445144e-02 -1.016133805428020148e-01
7.600000000000000000e+01 -7.313462656493804892e-02 -1.033063372395894852e-01
7.700000000000000000e+01 -7.922599000572286276e-02 -1.046729035007169656e-01
7.800000000000000000e+01 -8.542088913240705739e-02 -1.057318987011025002e-01
7.900000000000000000e+01 -9.166737428072389837e-02 -1.065503368196031725e-01
8.000000000000000000e+01 -9.790829235368332661e-02 -1.072197552728286485e-01
8.100000000000000000e+01 -1.040827210845280265e-01 -1.078255370374353456e-01
8.200000000000000000e+01 -1.101275885688221129e-01 -1.084193140650621806e-01
8.300000000000000000e+01 -1.159787484177958600e-01 -1.090030730615861865e-01
8.400000000000000000e+01 -1.215714267408469079e-01 -1.095293698578342356e-01
8.500000000000000000e+01 -1.268406843332260947e-01 -1.099168540229113894e-01
8.600000000000000000e+01 -1.317226012843382976e-01 -1.100757854481892450e-01
8.700000000000000000e+01 -1.361562143237475819e-01 -1.099354811103193108e-01
8.800000000000000000e+01 -1.400854983703219148e-01 -1.094652468715366506e-01
8.900000000000000000e+01 -1.434606250734566102e-01 -1.086824903439957551e-01
9.000000000000000000e+01 -1.462384009283889397e-01 -1.076458975214536901e-01
9.100000000000000000e+01 -1.483825020412292139e-01 -1.064364665192758241e-01
9.200000000000000000e+01 -1.498641738292244563e-01 -1.051330152320984757e-01
9.300000000000000000e+01 -1.506634314622569137e-01 -1.037901060429219091e-01
9.400000000000000000e+01 -1.507701401268656538e-01 -1.024249085675512094e-01
9.500000000000000000e+01 -1.501843227148060012e-01 -1.010162361070170711e-01
9.600000000000000000e+01 -1.489156328064223656e-01 -9.951516534064430708e-02
9.700000000000000000e+01 -1.469825319750842074e-01 -9.786337588215118788e-02
9.800000000000000000e+01 -1.444117471682309362e-01 -9.601333543715893926e-02
9.900000000000000000e+01 -1.412380752800418970e-01 -9.394416021757036328e-02
1.000000000000000000e+02 -1.375040916557359605e-01 -9.166855062418183264e-02
1.010000000000000000e+02 -1.332592999600887562e-01 -8.922922926072911209e-02
1.020000000000000000e+02 -1.285587040617307830e-01 -8.668674430405536036e-02
1.030000000000000000e+02 -1.234612208133812616e-01 -8.410306429195694988e-02
1.040000000000000000e+02 -1.180283753387544737e-01 -8.152623306752357357e-02
1.050000000000000000e+02 -1.123233584226945303e-01 -7.898045060546393659e-02
1.060000000000000000e+02 -1.064101674046503132e-01 -7.646390971195753117e-02
1.070000000000000000e+02 -1.003525305490673702e-01 -7.395431777764333026e-02
1.080000000000000000e+02 -9.421260142527204673e-02 -7.141988530469028928e-02
1.090000000000000000e+02 -8.804969158193913514e-02 -6.883214230064120531e-02
1.100000000000000000e+02 -8.191932376356431122e-02 -6.617662227710054135e-02
1.110000000000000000e+02 -7.587265864785378011e-02 -6.345836674717221515e-02
1.120000000000000000e+02 -6.995612043868888741e-02 -6.070105513070041259e-02
1.130000000000000000e+02 -6.421102394831623705e-02 -5.794065848294110282e-02
1.140000000000000000e+02 -5.867316931389144480e-02 -5.521607995117819301e-02
1.150000000000000000e+02 -5.337253483067542353e-02 -5.255982694026448826e-02
1.160000000000000000e+02 -4.833321090001976850e-02 -4.999136698990543082e-02
1.170000000000000000e+02 -4.357359245067028014e-02 -4.751476036171896344e-02
1.180000000000000000e+02 -3.910671996879085816e-02 -4.512081219670205368e-02
1.190000000000000000e+02 -3.494064245429190363e-02 -4.279268892389734291e-02
1.200000000000000000e+02 -3.107876023204315247e-02 -4.051302144754004297e-02
1.210000000000000000e+02 -2.752019434825125899e-02 -3.827023988072629501e-02
1.220000000000000000e+02 -2.426024250919934372e-02 -3.606233614809739585e-02
1.230000000000000000e+02 -2.129092443537593596e-02 -3.389724073348635708e-02
1.240000000000000000e+02 -1.860155888670454727e-02 -3.179012989950399937e-02
1.250000000000000000e+02 -1.617930542097763616e-02 -2.975884656161144684e-02
1.260000000000000000e+02 -1.400964333958775940e-02 -2.781899595703729230e-02
1.270000000000000000e+02 -1.207680382474756765e-02 -2.598015732093900479e-02
1.280000000000000000e+02 -1.036418206693908231e-02 -2.424416057110947292e-02
1.290000000000000000e+02 -8.854735128650518053e-03 -2.260568554880338504e-02
1.300000000000000000e+02 -7.531346535250159693e-03 -2.105474210611076036e-02
1.310000000000000000e+02 -6.377133863657204887e-03 -1.958007935728597881e-02
1.320000000000000000e+02 -5.375690885346892829e-03 -1.817240257132066508e-02
1.330000000000000000e+02 -4.511273867358710568e-03 -1.682647926410026779e-02
1.340000000000000000e+02 -3.768947582749950648e-03 -1.554168270314249672e-02
1.350000000000000000e+02 -3.134699914431123176e-03 -1.432105578179102695e-02
1.360000000000000000e+02 -2.595524687090140087e-03 -1.316939714582379684e-02
1.370000000000000000e+02 -2.139469474602057920e-03 -1.209107258442202078e-02
1.380000000000000000e+02 -1.755649291284455942e-03 -1.108822623338172504e-02
1.390000000000000000e+02 -1.434232754275313777e-03 -1.015985565686555389e-02
1.400000000000000000e+02 -1.166409363443457600e-03 -9.301901433532537566e-03
1.410000000000000000e+02 -9.443443905186178332e-04 -8.508182314893109402e-03
1.420000000000000000e+02 -7.611244543698485621e-04 -7.771777688558985549e-03
1.430000000000000000e+02 -6.106950889788633060e-04 -7.086384064050042439e-03
1.440000000000000000e+02 -4.877920130386133963e-04 -6.447256586987829170e-03
1.450000000000000000e+02 -3.878689574905022294e-04 -5.851537137236942701e-03
1.460000000000000000e+02 -3.070252800836222517e-04 -5.297986251421136702e-03
1.470000000000000000e+02 -2.419358493080622807e-04 -4.786305433849212879e-03
1.480000000000000000e+02 -1.897844971147728734e-04 -4.316320134616110152e-03
1.490000000000000000e+02 -1.482015188912254376e-04 -3.887286117845187381e-03
1.500000000000000000e+02 -1.152054821214022415e-04 -3.497501418970678979e-03
1.510000000000000000e+02 -8.914970448267224047e-05 -3.144285758247125379e-03
1.520000000000000000e+02 -6.867379094247833991e-05 -2.824269470686267217e-03
1.530000000000000000e+02 -5.266042811728892132e-05 -2.533851448882263550e-03
1.540000000000000000e+02 -4.019733266350575924e-05 -2.269660842795802498e-03
1.550000000000000000e+02 -3.054401857753994207e-05 -2.028888071526198551e-03
1.560000000000000000e+02 -2.310296248056355471e-05 -1.809416126718987189e-03
1.570000000000000000e+02 -1.739476745470158191e-05 -1.609755307619872323e-03
1.580000000000000000e+02 -1.303696526325808560e-05 -1.428840348835464435e-03
1.590000000000000000e+02 -9.726104978646245473e-06 -1.265776139397874244e-03
