0.000000000000000000e+00 -4.877949936377187209e-05 -2.989450609985076246e-06
1.000000000000000000e+00 -1.527290738625341439e-07 -1.386895193805165767e-08
2.000000000000000000e+00 -1.829503593959717156e-07 -1.851551954352434713e-08
3.000000000000000000e+00 -2.469125034498242640e-07 -2.614063707515605125e-08
4.000000000000000000e+00 -3.323013324896219346e-07 -3.677845382626358920e-08
5.000000000000000000e+00 -4.454130116368033730e-07 -5.154670928273884488e-08
6.000000000000000000e+00 -5.952603582165234584e-07 -7.195444916061287653e-08
7.000000000000000000e+00 -7.937824872878298689e-07 -1.000237707367151734e-07
8.000000000000000000e+00 -1.056219352980067568e-06 -1.384620183433375509e-07
9.000000000000000000e+00 -1.401405168873494834e-06 -1.908903843294989406e-07
1.000000000000000000e+01 -1.852315260749277633e-06 -2.621358881410219359e-07
1.100000000000000000e+01 -2.437360283494304476e-06 -3.585921109323176386e-07
1.200000000000000000e+01 -3.192770737705963205e-06 -4.886601014811431744e-07
1.300000000000000000e+01 -4.165915723123512406e-06 -6.632968157394251976e-07
1.400000000000000000e+01 -5.418782266445347419e-06 -8.967192103104477842e-07
1.500000000000000000e+01 -7.030572860570947946e-06 -1.207325646934065934e-06
1.600000000000000000e+01 -9.098897535052359646e-06 -1.618890643711079834e-06
1.700000000000000000e+01 -1.174035305542292602e-05 -2.162063342818722802e-06
1.800000000000000000e+01 -1.509272552027732004e-05 -2.876171649843398810e-06
1.900000000000000000e+01 -1.932147715234886208e-05 -3.811333124191313958e-06
2.000000000000000000e+01 -2.463168922783774776e-05 -5.030923977863689454e-06
2.100000000000000000e+01 -3.128348517939043657e-05 -6.614551203633447101e-06
2.200000000000000000e+01 -3.960593623987602899e-05 -8.661759889556586508e-06
2.300000000000000000e+01 -5.000414738667181413e-05 -1.129671587355043596e-05
2.400000000000000000e+01 -6.295824187997937308e-05 -1.467398883743069305e-05
2.500000000000000000e+01 -7.902008171591273550e-05 -1.898536096283277315e-05
2.600000000000000000e+01 -9.881937422612466107e-05 -2.446743547278055491e-05
2.700000000000000000e+01 -1.230899254880577181e-04 -3.140988446632156329e-05
2.800000000000000000e+01 -1.527168559310800337e-04 -4.016452587090390083e-05
2.900000000000000000e+01 -1.887906226060304658e-04 -5.115590678741312278e-05
3.000000000000000000e+01 -2.326436458471393747e-04 -6.489433248068539090e-05
3.100000000000000000e+01 -2.858504749975902880e-04 -8.199194118641623308e-05
3.200000000000000000e+01 -3.501949789191711624e-04 -1.031814323743944804e-04
3.300000000000000000e+01 -4.276369910821642634e-04 -1.293359219218151554e-04
3.400000000000000000e+01 -5.203254736855099545e-04 -1.614880540594058195e-04
3.500000000000000000e+01 -6.306881558029743800e-04 -2.008476695403837845e-04
3.600000000000000000e+01 -7.615799988857014421e-04 -2.488197195967695456e-04
3.700000000000000000e+01 -9.164209465997209553e-04 -3.070261125389582525e-04
3.800000000000000000e+01 -1.099236717776920762e-03 -3.773346390511199671e-04
3.900000000000000000e+01 -1.314560771213535298e-03 -4.618941194334815706e-04
4.000000000000000000e+01 -1.567247539127450276e-03 -5.631693010414934655e-04
4.100000000000000000e+01 -1.862330750205264595e-03 -6.839661396655790596e-04
4.200000000000000000e+01 -2.205067812562001416e-03 -8.274418824554391743e-04
4.300000000000000000e+01 -2.601210899585907135e-03 -9.971044341662638807e-04
4.400000000000000000e+01 -3.057380933851993297e-03 -1.196815295083341170e-03
4.500000000000000000e+01 -3.581299514024610664e-03 -1.430810501633550478e-03
4.600000000000000000e+01 -4.181662825271690448e-03 -1.703739839313450676e-03
4.700000000000000000e+01 -4.867642768379329063e-03 -2.020702901991789507e-03
4.800000000000000000e+01 -5.648269064952462712e-03 -2.387248214090790036e-03
4.900000000000000000e+01 -6.532095502823714005e-03 -2.809313977744550602e-03
5.000000000000000000e+01 -7.527437338687479641e-03 -3.293124719004536169e-03
5.100000000000000000e+01 -8.643102962336252082e-03 -3.845093499041178989e-03
5.200000000000000000e+01 -9.889143674722322697e-03 -4.471781713938621956e-03
5.300000000000000000e+01 -1.127700441205974416e-02 -5.179923329191453082e-03
5.400000000000000000e+01 -1.281874427439408208e-02 -5.976451951310640318e-03
5.500000000000000000e+01 -1.452559376300773669e-02 -6.868432080310502008e-03
5.600000000000000000e+01 -1.640664905617844962e-02 -7.862835161341678175e-03
5.700000000000000000e+01 -1.846856071022495369e-02 -8.966206790301195148e-03
5.800000000000000000e+01 -2.071651146372057231e-02 -1.018436962230593115e-02
5.900000000000000000e+01 -2.315588651010742904e-02 -1.152230640633530867e-02
6.000000000000000000e+01 -2.579341558100273907e-02 -1.298423985467789601e-02
6.100000000000000000e+01 -2.863672082990298060e-02 -1.457374870052890146e-02
6.200000000000000000e+01 -3.169216531735892517e-02 -1.629367778663848298e-02
6.300000000000000000e+01 -3.496210110716171937e-02 -1.814571396479816925e-02
6.400000000000000000e+01 -3.844322612335351885e-02 -2.012975959819209709e-02
6.500000000000000000e+01 -4.212723524760787069e-02 -2.224344826392623403e-02
6.600000000000000000e+01 -4.600349902426444787e-02 -2.448211312135590428e-02
6.700000000000000000e+01 -5.006203874760201816e-02 -2.683920938635757023e-02
6.800000000000000000e+01 -5.429464546842281691e-02 -2.930681821884185967e-02
6.900000000000000000e+01 -5.869305214524707381e-02 -3.187573410129035389e-02
7.000000000000000000e+01 -6.324503684191294661e-02 -3.453492259795816477e-02
7.100000000000000000e+01 -6.793091314488290677e-02 -3.727066349374030807e-02
7.200000000000000000e+01 -7.272288433292456444e-02 -4.006605279226289201e-02
7.300000000000000000e+01 -7.758801938960022127e-02 -4.290138380240277743e-02
7.400000000000000000e+01 -8.249319571491603442e-02 -4.575530554037950115e-02
7.500000000000000000e+01 -8.740888502465640753e-02 -4.860602357620880110e-02
7.600000000000000000e+01 -9.230924687913738547e-02 -5.143170475263489361e-02
7.700000000000000000e+01 -9.716838583263985585e-02 -5.420983822118932705e-02
7.800000000000000000e+01 -1.019552843537671338e-01 -5.691618221195079985e-02
7.900000000000000000e+01 -1.066310138348560144e-01 -5.952437942616860961e-02
8.000000000000000000e+01 -1.111504967709685682e-01 -6.200691657191029216e-02
8.100000000000000000e+01 -1.154681315652533180e-01 -6.433708081699131276e-02
8.200000000000000000e+01 -1.195439635885433005e-01 -6.649072406085523856e-02
8.300000000000000000e+01 -1.233466122580844232e-01 -6.844670884977949177e-02
8.400000000000000000e+01 -1.268512416452989289e-01 -7.018590467422923529e-02
8.500000000000000000e+01 -1.300341474977971257e-01 -7.168977496768506874e-02
8.600000000000000000e+01 -1.328678214839012772e-01 -7.293998069448541510e-02
8.700000000000000000e+01 -1.353200728148991616e-01 -7.391965434444087990e-02
8.800000000000000000e+01 -1.373580942449034170e-01 -7.461564172187359900e-02
8.900000000000000000e+01 -1.389550562567491987e-01 -7.502015993826958995e-02
9.000000000000000000e+01 -1.400951229116012831e-01 -7.513069934191786425e-02
9.100000000000000000e+01 -1.407738286505960112e-01 -7.494833646389492676e-02
9.200000000000000000e+01 -1.409938089550744622e-01 -7.447585519361157869e-02
9.300000000000000000e+01 -1.407588769559822706e-01 -7.371718898252554997e-02
9.400000000000000000e+01 -1.400703947521485526e-01 -7.267859150043140537e-02
9.500000000000000000e+01 -1.389282220164883286e-01 -7.137051081023292054e-02
9.600000000000000000e+01 -1.373354200025845295e-01 -6.980854574759012832e-02
9.700000000000000000e+01 -1.353034467314608857e-01 -6.801257741143576507e-02
9.800000000000000000e+01 -1.328543737713732409e-01 -6.600459684042567221e-02
9.900000000000000000e+01 -1.300187123693620495e-01 -6.380672816262419889e-02
1.000000000000000000e+02 -1.268302966595174219e-01 -6.144070461992173771e-02
1.010000000000000000e+02 -1.233214304333036526e-01 -5.892883264942380683e-02
1.020000000000000000e+02 -1.195210899565482821e-01 -5.629529651872919316e-02
1.030000000000000000e+02 -1.154568038004087083e-01 -5.356645285666306044e-02
1.040000000000000000e+02 -1.111584330240212859e-01 -5.076964525867390388e-02
1.050000000000000000e+02 -1.066610121121984306e-01 -4.793126623291629751e-02
1.060000000000000000e+02 -1.020046513168735153e-01 -4.507533796286885414e-02
1.070000000000000000e+02 -9.723153808122589337e-02 -4.222339426293868214e-02
1.080000000000000000e+02 -9.238189952067506205e-02 -3.939539317630059295e-02
1.090000000000000000e+02 -8.749125985150207896e-02 -3.661064934637693613e-02
1.100000000000000000e+02 -8.259028455557007597e-02 -3.388789701757177752e-02
1.110000000000000000e+02 -7.770676967279945002e-02 -3.124439509139476101e-02
1.120000000000000000e+02 -7.286808224158664027e-02 -2.869476765553424444e-02
1.130000000000000000e+02 -6.810231640614874959e-02 -2.625042949346729007e-02
1.140000000000000000e+02 -6.343747439002007937e-02 -2.391992733734690790e-02
1.150000000000000000e+02 -5.889931961762355506e-02 -2.170981786872612507e-02
1.160000000000000000e+02 -5.450930666532017438e-02 -1.962537511072903751e-02
1.170000000000000000e+02 -5.028377654331050994e-02 -1.767067439012445784e-02
1.180000000000000000e+02 -4.623468792224633833e-02 -1.584816049050663186e-02
1.190000000000000000e+02 -4.237120711141856289e-02 -1.415820031415917363e-02
1.200000000000000000e+02 -3.870109128852873559e-02 -1.259906996319500559e-02
1.210000000000000000e+02 -3.523112074656185866e-02 -1.116743894606191459e-02
1.220000000000000000e+02 -3.196655414511379023e-02 -9.859038052885132561e-03
1.230000000000000000e+02 -2.891019024203811405e-02 -8.669115889454638221e-03
1.240000000000000000e+02 -2.606176669415438685e-02 -7.592514359727242645e-03
1.250000000000000000e+02 -2.341810290090112420e-02 -6.623503193988635254e-03
1.260000000000000000e+02 -2.097388163829101357e-02 -5.755661041944844757e-03
1.270000000000000000e+02 -1.872260912181506268e-02 -4.981995543968215437e-03
1.280000000000000000e+02 -1.665727951251280009e-02 -4.295273722752050542e-03
1.290000000000000000e+02 -1.477053903060851665e-02 -3.688375650198086591e-03
1.300000000000000000e+02 -1.305447888258841165e-02 -3.154493810625196709e-03
1.310000000000000000e+02 -1.150037232424529904e-02 -2.687137457401564573e-03
1.320000000000000000e+02 -1.009862958682082416e-02 -2.280039311838347876e-03
1.330000000000000000e+02 -8.839049082383976241e-03 -1.927100541701818768e-03
1.340000000000000000e+02 -7.711244416436736568e-03 -1.622442714121134170e-03
1.350000000000000000e+02 -6.705043029819513986e-03 -1.360534447646101442e-03
1.360000000000000000e+02 -5.810706848356499317e-03 -1.136306238838688098e-03
1.370000000000000000e+02 -5.018953933534908707e-03 -9.451876442238742269e-04
1.380000000000000000e+02 -4.320870060726102191e-03 -7.830643169393482293e-04
1.390000000000000000e+02 -3.707830915523386769e-03 -6.462031958874866035e-04
1.400000000000000000e+02 -3.171510201186300473e-03 -5.311996098492675423e-04
1.410000000000000000e+02 -2.703972414139520219e-03 -4.349676116316168522e-04
1.420000000000000000e+02 -2.297793818495811723e-03 -3.547567648323055782e-04
1.430000000000000000e+02 -1.946147536182247541e-03 -2.881627795288131460e-04
1.440000000000000000e+02 -1.642820345079029718e-03 -2.331108321328595489e-04
1.450000000000000000e+02 -1.382170958532488681e-03 -1.878137925451489739e-04
1.460000000000000000e+02 -1.159065268724183886e-03 -1.507235240470655214e-04
1.470000000000000000e+02 -9.688232141574541984e-04 -1.204930374903569288e-04
1.480000000000000000e+02 -8.071925615514009529e-04 -9.595538332158321383e-05
1.490000000000000000e+02 -6.703432656510066199e-04 -7.611303698947386983e-05
1.500000000000000000e+02 -5.548649833232029930e-04 -6.012733209595934986e-05
1.510000000000000000e+02 -4.577527750809167297e-04 -4.730160606925261178e-05
1.520000000000000000e+02 -3.763764808749239083e-04 -3.705883432392666091e-05
1.530000000000000000e+02 -3.084393620645575675e-04 -2.891896285665099771e-05
1.540000000000000000e+02 -2.519357885718073601e-04 -2.248078787987729463e-05
1.550000000000000000e+02 -2.051155088352624352e-04 -1.740980772164939401e-05
1.560000000000000000e+02 -1.664566143687367587e-04 -1.343019065185951042e-05
1.570000000000000000e+02 -1.346446746270691134e-04 -1.031793477716204098e-05
1.580000000000000000e+02 -1.085539020726722858e-04 -7.893389293331905319e-06
1.590000000000000000e+02 -8.722744438751850655e-05 -6.013121402099087182e-06
