0.000000000000000000e+00 -1.112732942419356076e-06 -5.594212417537078383e-06
1.000000000000000000e+00 -6.826103446704295766e-11 -4.467246376607668573e-10
2.000000000000000000e+00 -1.037554094952510674e-10 -6.393859088413782290e-10
3.000000000000000000e+00 -1.648615547917748964e-10 -9.480504931894109111e-10
4.000000000000000000e+00 -2.605071187548912996e-10 -1.397116995616381268e-09
5.000000000000000000e+00 -4.088552025548610516e-10 -2.052904760534717177e-09
6.000000000000000000e+00 -6.375666227966436151e-10 -3.014036747057682024e-09
7.000000000000000000e+00 -9.889911092656537603e-10 -4.419493697322847264e-09
8.000000000000000000e+00 -1.527519622611107146e-09 -6.455965533569727848e-09
9.000000000000000000e+00 -2.349218432537867581e-09 -9.370443594918382653e-09
1.000000000000000000e+01 -3.594644626303290607e-09 -1.349923603131696181e-08
1.100000000000000000e+01 -5.467626131209510104e-09 -1.932329140390639415e-08
1.200000000000000000e+01 -8.264877389398431924e-09 -2.754821769142065258e-08
1.300000000000000000e+01 -1.242165667941616475e-08 -3.919094003485513189e-08
1.400000000000000000e+01 -1.857621959603305774e-08 -5.564950892959422869e-08
1.500000000000000000e+01 -2.765300951799972235e-08 -7.875528159436449448e-08
1.600000000000000000e+01 -4.096713849937639017e-08 -1.108566072783463838e-07
1.700000000000000000e+01 -6.036480962015723058e-08 -1.550270222753442883e-07
1.800000000000000000e+01 -8.843096626457994127e-08 -2.154757254470269302e-07
1.900000000000000000e+01 -1.288018813701894590e-07 -2.981369861933422784e-07
2.000000000000000000e+01 -1.866047033107324522e-07 -4.112795401815974977e-07
2.100000000000000000e+01 -2.690185210464290964e-07 -5.659380382777435599e-07
2.200000000000000000e+01 -3.859492678565926401e-07 -7.761478180783354046e-07
2.300000000000000000e+01 -5.508679654487865752e-07 -1.059327657222212338e-06
2.400000000000000000e+01 -7.819610369715959133e-07 -1.437436910911483102e-06
2.500000000000000000e+01 -1.103798263883287727e-06 -1.939370529700176646e-06
2.600000000000000000e+01 -1.549651570110107547e-06 -2.604328650719891768e-06
2.700000000000000000e+01 -2.164421742786664771e-06 -3.485031467289929631e-06
2.800000000000000000e+01 -3.008033543008756267e-06 -4.649507423890267677e-06
2.900000000000000000e+01 -4.159349759759283627e-06 -6.181399465576339727e-06
3.000000000000000000e+01 -5.721108779375548078e-06 -8.180870474786462612e-06
3.100000000000000000e+01 -7.826736458122722230e-06 -1.076952849895409771e-05
3.200000000000000000e+01 -1.064965909809785215e-05 -1.410142743618951366e-05
3.300000000000000000e+01 -1.441492733664058211e-05 -1.837798777251973027e-05
3.400000000000000000e+01 -1.941225085812972297e-05 -2.386043954106952832e-05
3.500000000000000000e+01 -2.600990146024472602e-05 -3.087357224474398886e-05
3.600000000000000000e+01 -3.467054693324185863e-05 -3.980144902091941207e-05
3.700000000000000000e+01 -4.597169207253904485e-05 -5.108574867726354559e-05
3.800000000000000000e+01 -6.063312844946822534e-05 -6.524178555124903020e-05
3.900000000000000000e+01 -7.955100388896289355e-05 -8.289857711770589710e-05
4.000000000000000000e+01 -1.038348063248776848e-04 -1.048499200590562435e-04
4.100000000000000000e+01 -1.348432262734028159e-04 -1.320878606779406716e-04
4.200000000000000000e+01 -1.742191845065626501e-04 -1.657958555620028839e-04
4.300000000000000000e+01 -2.239303670933733914e-04 -2.073102793474125441e-04
4.400000000000000000e+01 -2.863231926439784632e-04 -2.580955631387477252e-04
4.500000000000000000e+01 -3.641913198631848586e-04 -3.197855675334702538e-04
4.600000000000000000e+01 -4.608482820000533845e-04 -3.943017980768102090e-04
4.700000000000000000e+01 -5.801880232167574373e-04 -4.839888252404144983e-04
4.800000000000000000e+01 -7.267254487518713885e-04 -5.916667535360731894e-04
4.900000000000000000e+01 -9.056279247751893632e-04 -7.205414002292669356e-04
5.000000000000000000e+01 -1.122761230855246059e-03 -8.740260126465567315e-04
5.100000000000000000e+01 -1.384762970487260752e-03 -1.055630006293973916e-03
5.200000000000000000e+01 -1.699124519402652606e-03 -1.269057073877318626e-03
5.300000000000000000e+01 -2.074235207731434279e-03 -1.518499512345890517e-03
5.400000000000000000e+01 -2.519351205418580118e-03 -1.808919380687719174e-03
5.500000000000000000e+01 -3.044500837981597204e-03 -2.146045287270414558e-03
5.600000000000000000e+01 -3.660388852567490227e-03 -2.535988157585748141e-03
5.700000000000000000e+01 -4.378358640001940062e-03 -2.984696518495840237e-03
5.800000000000000000e+01 -5.210397208315618520e-03 -3.497672889242297266e-03
5.900000000000000000e+01 -6.169079851968281569e-03 -4.080234625521129976e-03
6.000000000000000000e+01 -7.267343627092181027e-03 -4.738161776745642914e-03
6.100000000000000000e+01 -8.518088073089107731e-03 -5.478164440639281783e-03
6.200000000000000000e+01 -9.933746313815220580e-03 -6.307614087691622642e-03
6.300000000000000000e+01 -1.152600128924766154e-02 -7.233510204515098720e-03
6.400000000000000000e+01 -1.330567213575221258e-02 -8.261328402972979712e-03
6.500000000000000000e+01 -1.528257947699198684e-02 -9.394629567114017032e-03
6.600000000000000000e+01 -1.746513857884864768e-02 -1.063579259999058828e-02
6.700000000000000000e+01 -1.985963564399424383e-02 -1.198728610107941545e-02
6.800000000000000000e+01 -2.246945677466088975e-02 -1.345229820282223265e-02
6.900000000000000000e+01 -2.529464418794587222e-02 -1.503390704945410661e-02
7.000000000000000000e+01 -2.833189046932545196e-02 -1.673313704141658059e-02
7.100000000000000000e+01 -3.157466062499876547e-02 -1.854729136554170849e-02
7.200000000000000000e+01 -3.501298020547104206e-02 -2.046992099585885627e-02
7.300000000000000000e+01 -3.863275819581160619e-02 -2.249255323904511550e-02
7.400000000000000000e+01 -4.241505086374747907e-02 -2.460679788651808086e-02
7.500000000000000000e+01 -4.633587408818613806e-02 -2.680498184947415624e-02
7.600000000000000000e+01 -5.036677504590891113e-02 -2.907857160457375661e-02
7.700000000000000000e+01 -5.447572209439249802e-02 -3.141551879667620062e-02
7.800000000000000000e+01 -5.862761843268091133e-02 -3.379873144453775929e-02
7.900000000000000000e+01 -6.278419052011818824e-02 -3.620711987798101716e-02
8.000000000000000000e+01 -6.690373812027758382e-02 -3.861860133923705057e-02
8.100000000000000000e+01 -7.094151555974899381e-02 -4.101277491702249450e-02
8.200000000000000000e+01 -7.485102266886160816e-02 -4.337117767516274203e-02
8.300000000000000000e+01 -7.858568121798799322e-02 -4.567503219276292104e-02
8.400000000000000000e+01 -8.210005839714974718e-02 -4.790254929922953264e-02
8.500000000000000000e+01 -8.535029500169145911e-02 -5.002830778186244387e-02
8.600000000000000000e+01 -8.829420786910642527e-02 -5.202555243002248558e-02
8.700000000000000000e+01 -9.089185247870811002e-02 -5.386982765103163345e-02
8.800000000000000000e+01 -9.310684800301624597e-02 -5.554125634931295769e-02
8.900000000000000000e+01 -9.490798215220114242e-02 -5.702392817734922015e-02
9.000000000000000000e+01 -9.627030479440248922e-02 -5.830328365803391644e-02
9.100000000000000000e+01 -9.717536072795723845e-02 -5.936400338945239941e-02
9.200000000000000000e+01 -9.761093186759320361e-02 -6.019038420866493905e-02
9.300000000000000000e+01 -9.757095392550528545e-02 -6.076901714113899788e-02
9.400000000000000000e+01 -9.705590704299180138e-02 -6.109165901715370162e-02
9.500000000000000000e+01 -9.607336874861524545e-02 -6.115611075958628240e-02
9.600000000000000000e+01 -9.463816140204139860e-02 -6.096464534837164884e-02
9.700000000000000000e+01 -9.277182078274026633e-02 -6.052151277137888391e-02
9.800000000000000000e+01 -9.050161844574330927e-02 -5.983162247756439178e-02
9.900000000000000000e+01 -8.785960445095708504e-02 -5.890130299583165585e-02
1.000000000000000000e+02 -8.488193750985016661e-02 -5.774021137041289442e-02
1.010000000000000000e+02 -8.160839003327530206e-02 -5.636258162873550304e-02
1.020000000000000000e+02 -7.808172256343884343e-02 -5.478669643386321897e-02
1.030000000000000000e+02 -7.434674791528678162e-02 -5.303299754630369511e-02
1.040000000000000000e+02 -7.044917933944735977e-02 -5.112226522801040229e-02
1.050000000000000000e+02 -6.643451751216414292e-02 -4.907502619684580430e-02
1.060000000000000000e+02 -6.234716879877615081e-02 -4.691218124157393171e-02
1.070000000000000000e+02 -5.822980134630258153e-02 -4.465585447871940616e-02
1.080000000000000000e+02 -5.412281187187359399e-02 -4.232943958658435396e-02
1.090000000000000000e+02 -5.006378547893679254e-02 -3.995663344242048748e-02
1.100000000000000000e+02 -4.608693927305842347e-02 -3.756010992513717645e-02
1.110000000000000000e+02 -4.222263798559118542e-02 -3.516068597473249319e-02
1.120000000000000000e+02 -3.849708142164280644e-02 -3.277731455715526820e-02
1.130000000000000000e+02 -3.493219705312376744e-02 -3.042754613482517856e-02
1.140000000000000000e+02 -3.154569096397306927e-02 -2.812782407201300239e-02
1.150000000000000000e+02 -2.835117743670028181e-02 -2.589326807454660206e-02
1.160000000000000000e+02 -2.535833514470999667e-02 -2.373711365611123197e-02
1.170000000000000000e+02 -2.257309173085097348e-02 -2.167025497849064952e-02
1.180000000000000000e+02 -1.999787088123135270e-02 -1.970120187809408160e-02
1.190000000000000000e+02 -1.763192477894889171e-02 -1.783640093987081190e-02
1.200000000000000000e+02 -1.547173656072948003e-02 -1.608062051657968908e-02
1.210000000000000000e+02 -1.351144781267739695e-02 -1.443713849581197174e-02
1.220000000000000000e+02 -1.174326805626212979e-02 -1.290770728693549536e-02
1.230000000000000000e+02 -1.015784983429489363e-02 -1.149247180579750227e-02
1.240000000000000000e+02 -8.744638715109453314e-03 -1.019002960031869555e-02
1.250000000000000000e+02 -7.492212579513080582e-03 -8.997678476648566376e-03
1.260000000000000000e+02 -6.388610622816705623e-03 -7.911745597889700832e-03
1.270000000000000000e+02 -5.421636850891979782e-03 -6.927854920417017559e-03
1.280000000000000000e+02 -4.579120278978445271e-03 -6.041070258771119063e-03
1.290000000000000000e+02 -3.849124805810757305e-03 -5.245958792934914128e-03
1.300000000000000000e+02 -3.220114696850568618e-03 -4.536664270555953657e-03
1.310000000000000000e+02 -2.681086477185096184e-03 -3.907041736331535661e-03
1.320000000000000000e+02 -2.221673862247486916e-03 -3.350836082775275615e-03
1.330000000000000000e+02 -1.832225840261645245e-03 -2.861847222284841837e-03
1.340000000000000000e+02 -1.503855729868551136e-03 -2.434038272424282265e-03
1.350000000000000000e+02 -1.228461913642526788e-03 -2.061585999877624600e-03
1.360000000000000000e+02 -9.987252082507419582e-04 -1.738904906851493522e-03
1.370000000000000000e+02 -8.080896019784894165e-04 -1.460676682493784306e-03
1.380000000000000000e+02 -6.507316906395181101e-04 -1.221894020164874823e-03
1.390000000000000000e+02 -5.215216395665083111e-04 -1.017905620817993089e-03
1.400000000000000000e+02 -4.159770902336269857e-04 -8.444439858135944447e-04
1.410000000000000000e+02 -3.302116049778827450e-04 -6.976283381159978153e-04
1.420000000000000000e+02 -2.608800004043731590e-04 -5.739491256012192342e-04
1.430000000000000000e+02 -2.051231425506078003e-04 -4.702467278633234429e-04
1.440000000000000000e+02 -1.605142031587162242e-04 -3.836931387969527729e-04
1.450000000000000000e+02 -1.250075022902371040e-04 -3.117773849643944075e-04
1.460000000000000000e+02 -9.689045037874223748e-05 -2.522902641280990702e-04
1.470000000000000000e+02 -7.473890627218766794e-05 -2.033043369470205952e-04
1.480000000000000000e+02 -5.737627450636102272e-05 -1.631488224414121512e-04
1.490000000000000000e+02 -4.383661825283730420e-05 -1.303822884968230695e-04
1.500000000000000000e+02 -3.333189106280697180e-05 -1.037665874136669793e-04
1.510000000000000000e+02 -2.522317719006890086e-05 -8.224381531839713825e-05
1.520000000000000000e+02 -1.899568276620286570e-05 -6.491604041651839849e-05
1.530000000000000000e+02 -1.423716720112412734e-05 -5.102661342518829903e-05
1.540000000000000000e+02 -1.061950478087857614e-05 -3.994222361781102029e-05
1.550000000000000000e+02 -7.883072965483985350e-06 -3.113573008254929956e-05
1.560000000000000000e+02 -5.823659895266778671e-06 -2.417035331573985874e-05
1.570000000000000000e+02 -4.281579798600867806e-06 -1.868576134949582278e-05
1.580000000000000000e+02 -3.132693599910804636e-06 -1.438616839631616238e-05
1.590000000000000000e+02 -2.281055548756801667e-06 -1.103018362645235749e-05
