0.000000000000000000e+00 -9.630524087991425148e-06 -1.504183709435576211e-05
1.000000000000000000e+00 -2.265269451717948466e-09 -1.005362443283784860e-09
2.000000000000000000e+00 -3.186131667098522381e-09 -1.431856090980672051e-09
3.000000000000000000e+00 -4.734647100710774678e-09 -2.172256935580038276e-09
4.000000000000000000e+00 -7.018084211790070713e-09 -3.286371165561834115e-09
5.000000000000000000e+00 -1.034846190052098590e-08 -4.944918929757049518e-09
6.000000000000000000e+00 -1.517575512305469766e-08 -7.399053243416008978e-09
7.000000000000000000e+00 -2.213317323137999918e-08 -1.100949066946917430e-08
8.000000000000000000e+00 -3.210477937904658313e-08 -1.628953558075966627e-08
9.000000000000000000e+00 -4.631627607194680442e-08 -2.396482892527295174e-08
1.000000000000000000e+01 -6.645588001144740984e-08 -3.505610512540587822e-08
1.100000000000000000e+01 -9.483518333521619124e-08 -5.099202333426035198e-08
1.200000000000000000e+01 -1.346019472074747874e-07 -7.375949033746951626e-08
1.300000000000000000e+01 -1.900178957981992653e-07 -1.061011711015149696e-07
1.400000000000000000e+01 -2.668163551799923994e-07 -1.517755563117424024e-07
1.500000000000000000e+01 -3.726593516659513103e-07 -2.159019027266421809e-07
1.600000000000000000e+01 -5.177216522300867760e-07 -3.054158908208587405e-07
1.700000000000000000e+01 -7.154364170710493672e-07 -4.296605796349702881e-07
1.800000000000000000e+01 -9.834392129639498817e-07 -6.011376730276110747e-07
1.900000000000000000e+01 -1.344745390927855694e-06 -8.364554339247971004e-07
2.000000000000000000e+01 -1.829198930951768496e-06 -1.157530631177441520e-06
2.100000000000000000e+01 -2.475246208222260964e-06 -1.593116334694655747e-06
2.200000000000000000e+01 -3.332109697551715502e-06 -2.180720379691462277e-06
2.300000000000000000e+01 -4.462445614304010624e-06 -2.968962467101666169e-06
2.400000000000000000e+01 -5.945554629065515393e-06 -4.020426510384913267e-06
2.500000000000000000e+01 -7.881193049249635553e-06 -5.415114860029009345e-06
2.600000000000000000e+01 -1.039403862758866711e-05 -7.254660207813937189e-06
2.700000000000000000e+01 -1.363891156456877500e-05 -9.667431124659666512e-06
2.800000000000000000e+01 -1.780689411538465171e-05 -1.281457829603903396e-05
2.900000000000000000e+01 -2.313246769496661530e-05 -1.689701912992004084e-05
3.000000000000000000e+01 -2.990169113279789398e-05 -2.216345434250024520e-05
3.100000000000000000e+01 -3.846136865059331811e-05 -2.891968118329910713e-05
3.200000000000000000e+01 -4.922920079948577552e-05 -3.753947509001971422e-05
3.300000000000000000e+01 -6.270504602926121667e-05 -4.847702695319546390e-05
3.400000000000000000e+01 -7.948346824532764128e-05 -6.228059288698656922e-05
3.500000000000000000e+01 -1.002675662798229405e-04 -7.960707918664897652e-05
3.600000000000000000e+01 -1.258837809222135328e-04 -1.012378061181270366e-04
3.700000000000000000e+01 -1.572972608747349901e-04 -1.280960545463730215e-04
3.800000000000000000e+01 -1.956276060993814340e-04 -1.612664976201381810e-04
3.900000000000000000e+01 -2.421651403885964962e-04 -2.020154794303750891e-04
4.000000000000000000e+01 -2.983878115394649703e-04 -2.518105827450438871e-04
4.100000000000000000e+01 -3.659782376403395202e-04 -3.123389487437656822e-04
4.200000000000000000e+01 -4.468398204751278160e-04 -3.855254661238106712e-04
4.300000000000000000e+01 -5.431109258929114631e-04 -4.735520343032520473e-04
4.400000000000000000e+01 -6.571769095979523899e-04 -5.788767507988800765e-04
4.500000000000000000e+01 -7.916803711956412913e-04 -7.042492894774816979e-04
4.600000000000000000e+01 -9.495295652712649722e-04 -8.527192842969567909e-04
4.700000000000000000e+01 -1.133903635247474322e-03 -1.027638466361770805e-03
4.800000000000000000e+01 -1.348252618539254408e-03 -1.232660367424370882e-03
4.900000000000000000e+01 -1.596291000427766879e-03 -1.471739190930973409e-03
5.000000000000000000e+01 -1.881985268242394958e-03 -1.749123319086127309e-03
5.100000000000000000e+01 -2.209536555754962241e-03 -2.069335856100258664e-03
5.200000000000000000e+01 -2.583358128355082647e-03 -2.437139474843303191e-03
5.300000000000000000e+01 -3.008045488678705998e-03 -2.857491423560551847e-03
5.400000000000000000e+01 -3.488336649404340066e-03 -3.335496873370530704e-03
5.500000000000000000e+01 -4.029062273201073664e-03 -3.876360735997762871e-03
5.600000000000000000e+01 -4.635087801255078320e-03 -4.485327959579041984e-03
5.700000000000000000e+01 -5.311249692364356477e-03 -5.167602663485654745e-03
5.800000000000000000e+01 -6.062285383871268696e-03 -5.928248938911307754e-03
5.900000000000000000e+01 -6.892754461462536654e-03 -6.772087561758417980e-03
6.000000000000000000e+01 -7.806949509144771142e-03 -7.703599461653986950e-03
6.100000000000000000e+01 -8.808798512891380036e-03 -8.726831165303258059e-03
6.200000000000000000e+01 -9.901762977427383539e-03 -9.845287381543357114e-03
6.300000000000000000e+01 -1.108873467258727347e-02 -1.106180431759799451e-02
6.400000000000000000e+01 -1.237193071601861219e-02 -1.237841606883090945e-02
6.500000000000000000e+01 -1.375278538203190438e-02 -1.379623439405477936e-02
6.600000000000000000e+01 -1.523183936014792239e-02 -1.531534965947978569e-02
6.700000000000000000e+01 -1.680863078829288731e-02 -1.693474157164311447e-02
6.800000000000000000e+01 -1.848159345426907824e-02 -1.865218460366620257e-02
6.900000000000000000e+01 -2.024796521478125499e-02 -2.046414938647522774e-02
7.000000000000000000e+01 -2.210370688318701732e-02 -2.236571927280697064e-02
7.100000000000000000e+01 -2.404343187925846864e-02 -2.435054043807356391e-02
7.200000000000000000e+01 -2.606034967090309351e-02 -2.641080547706940729e-02
7.300000000000000000e+01 -2.814622821412876910e-02 -2.853725544407998208e-02
7.400000000000000000e+01 -3.029137976160418619e-02 -3.071918993699422271e-02
7.500000000000000000e+01 -3.248467171217755967e-02 -3.294449259566435001e-02
7.600000000000000000e+01 -3.471356279236122166e-02 -3.519968953832842973e-02
7.700000000000000000e+01 -3.696416604457157529e-02 -3.747004993050616350e-02
7.800000000000000000e+01 -3.922134164461629768e-02 -3.973972128577258484e-02
7.900000000000000000e+01 -4.146882164297647361e-02 -4.199188535177311721e-02
8.000000000000000000e+01 -4.368936560184473461e-02 -4.420892893537745061e-02
8.100000000000000000e+01 -4.586494413767556316e-02 -4.637263609147254662e-02
8.200000000000000000e+01 -4.797694880812711921e-02 -4.846440983308834133e-02
8.300000000000000000e+01 -5.000642930417727866e-02 -5.046552205151197401e-02
8.400000000000000000e+01 -5.193435778935629604e-02 -5.235738075335840541e-02
8.500000000000000000e+01 -5.374191431500327520e-02 -5.412180325284729476e-02
8.600000000000000000e+01 -5.541078178958985107e-02 -5.574129052186282962e-02
8.700000000000000000e+01 -5.692344059577987558e-02 -5.719930258937797746e-02
8.800000000000000000e+01 -5.826346107398246849e-02 -5.848053292915231932e-02
8.900000000000000000e+01 -5.941579735878221857e-02 -5.957117473993255030e-02
9.000000000000000000e+01 -6.036707984618013695e-02 -6.045916990815807662e-02
9.100000000000000000e+01 -6.110588966782177361e-02 -6.113443341096246042e-02
9.200000000000000000e+01 -6.162299220599447291e-02 -6.158904825783047265e-02
9.300000000000000000e+01 -6.191151845271253285e-02 -6.181742603179831569e-02
9.400000000000000000e+01 -6.196710381593633493e-02 -6.181642734452427040e-02
9.500000000000000000e+01 -6.178800107842487288e-02 -6.158543810352253706e-02
9.600000000000000000e+01 -6.137516630126087919e-02 -6.112640092567033639e-02
9.700000000000000000e+01 -6.073229077640233953e-02 -6.044380250572198993e-02
9.800000000000000000e+01 -5.986574986325902958e-02 -5.954461543533872553e-02
9.900000000000000000e+01 -5.878447025425764805e-02 -5.843819044302769883e-02
1.000000000000000000e+02 -5.749975227897123620e-02 -5.713609757809504086e-02
1.010000000000000000e+02 -5.602508378914324016e-02 -5.565192247311064738e-02
1.020000000000000000e+02 -5.437594268227012584e-02 -5.400102969923165075e-02
1.030000000000000000e+02 -5.256954842633208835e-02 -5.220030299699079945e-02
1.040000000000000000e+02 -5.062453425675364493e-02 -5.026786403947195586e-02
1.050000000000000000e+02 -4.856056539434672192e-02 -4.822276709547516221e-02
1.060000000000000000e+02 -4.639796803951384829e-02 -4.608467311242157166e-02
1.070000000000000000e+02 -4.415741237122093599e-02 -4.387351823668376311e-02
1.080000000000000000e+02 -4.185962972554605616e-02 -4.160919616937768656e-02
1.090000000000000000e+02 -3.952510850082253252e-02 -3.931126499274558567e-02
1.100000000000000000e+02 -3.717374725572222816e-02 -3.699867548823229657e-02
1.110000000000000000e+02 -3.482451154840264518e-02 -3.468951396781107949e-02
1.120000000000000000e+02 -3.249516693448501609e-02 -3.240076271763597804e-02
1.130000000000000000e+02 -3.020211271253545743e-02 -3.014809387015101108e-02
1.140000000000000000e+02 -2.796027024030685662e-02 -2.794571262244955820e-02
1.150000000000000000e+02 -2.578296296225881731e-02 -2.580625133162200990e-02
1.160000000000000000e+02 -2.368177930952954785e-02 -2.374070136933753919e-02
1.170000000000000000e+02 -2.166647232946185969e-02 -2.175836955135040940e-02
1.180000000000000000e+02 -1.974495123157275073e-02 -1.986685940042042658e-02
1.190000000000000000e+02 -1.792335994047018419e-02 -1.807208863300131113e-02
1.200000000000000000e+02 -1.620618338288606908e-02 -1.637835015070002176e-02
1.210000000000000000e+02 -1.459633079205350722e-02 -1.478840860709074341e-02
1.220000000000000000e+02 -1.309520224392371653e-02 -1.330361447859498142e-02
1.230000000000000000e+02 -1.170278485067827515e-02 -1.192402260656346552e-02
1.240000000000000000e+02 -1.041780749811146642e-02 -1.064851584495418203e-02
1.250000000000000000e+02 -9.237932449779903341e-03 -9.474941656315228472e-03
1.260000000000000000e+02 -8.159935504296889075e-03 -8.400263399513462070e-03
1.270000000000000000e+02 -7.179848537552902324e-03 -7.420716580265528280e-03
1.280000000000000000e+02 -6.293079831454127804e-03 -6.531956332520754208e-03
1.290000000000000000e+02 -5.494543418172271286e-03 -5.729189536718805667e-03
1.300000000000000000e+02 -4.778807300308248254e-03 -5.007294990790649852e-03
1.310000000000000000e+02 -4.140240547231230708e-03 -4.360937856970033624e-03
1.320000000000000000e+02 -3.573133225024868569e-03 -3.784678998856181014e-03
1.330000000000000000e+02 -3.071782932408987157e-03 -3.273073335615167209e-03
1.340000000000000000e+02 -2.630562849187438601e-03 -2.820751114036687025e-03
1.350000000000000000e+02 -2.243987813945627716e-03 -2.422481555356014414e-03
1.360000000000000000e+02 -1.906780168177718560e-03 -2.073223428350525529e-03
1.370000000000000000e+02 -1.613924595110809677e-03 -1.768167113574398543e-03
1.380000000000000000e+02 -1.360702892165551381e-03 -1.502768965268142356e-03
1.390000000000000000e+02 -1.142710509363883443e-03 -1.272775936876528909e-03
1.400000000000000000e+02 -9.558639649666267248e-04 -1.074239190745648496e-03
1.410000000000000000e+02 -7.964059613951441881e-04 -9.035182502875545351e-04
1.420000000000000000e+02 -6.609080573724466189e-04 -7.572789611845094897e-04
1.430000000000000000e+02 -5.462670773055861061e-04 -6.324877547403192236e-04
1.440000000000000000e+02 -4.496935172232068966e-04 -5.264028077099160196e-04
1.450000000000000000e+02 -3.686942539357049601e-04 -4.365617110457448223e-04
1.460000000000000000e+02 -3.010533896414784982e-04 -3.607657795173590609e-04
1.470000000000000000e+02 -2.448133734210599451e-04 -2.970621429013185007e-04
1.480000000000000000e+02 -1.982561760105840175e-04 -2.437250763821101926e-04
1.490000000000000000e+02 -1.598835642029003965e-04 -1.992374791936217711e-04
1.500000000000000000e+02 -1.283964240165067156e-04 -1.622726831504722885e-04
1.510000000000000000e+02 -1.026741143841109068e-04 -1.316765058668135848e-04
1.520000000000000000e+02 -8.175492925604191028e-05 -1.064496677153390443e-04
1.530000000000000000e+02 -6.481809923932005120e-05 -8.573095219575023397e-05
1.540000000000000000e+02 -5.116717365645008666e-05 -6.878148868898895161e-05
1.550000000000000000e+02 -4.021453495157676120e-05 -5.497031658299696345e-05
1.560000000000000000e+02 -3.146703387472437100e-05 -4.376118004629590949e-05
1.570000000000000000e+02 -2.451291173959689468e-05 -3.470045122447813416e-05
1.580000000000000000e+02 -1.901013285744564222e-05 -2.740614084058683457e-05
1.590000000000000000e+02 -1.467609442458817552e-05 -2.155801107261781104e-05
