0.000000000000000000e+00 -3.949660769056158945e-04 -1.126702711925115690e-03
1.000000000000000000e+00 -2.514202308114962602e-06 -5.896242029472230643e-05
2.000000000000000000e+00 -2.657523575384496248e-06 -5.578448817015709601e-05
3.000000000000000000e+00 -3.275262905723282086e-06 -6.156640996811819618e-05
4.000000000000000000e+00 -4.105951171626041373e-06 -7.053990777049082631e-05
5.000000000000000000e+00 -5.153816980663224123e-06 -8.174655231648414661e-05
6.000000000000000000e+00 -6.461198835740256162e-06 -9.506613728144360583e-05
7.000000000000000000e+00 -8.087662930263309167e-06 -1.106233698705456371e-04
8.000000000000000000e+00 -1.010606814250663280e-05 -1.286511416792872245e-04
9.000000000000000000e+00 -1.260057393945219925e-05 -1.494449112109849361e-04
1.000000000000000000e+01 -1.566624588190310729e-05 -1.733438614717084324e-04
1.100000000000000000e+01 -1.941190930415567141e-05 -2.007243561693305717e-04
1.200000000000000000e+01 -2.396713647683416674e-05 -2.320014616965248059e-04
1.300000000000000000e+01 -2.949209629405478650e-05 -2.676362325179755465e-04
1.400000000000000000e+01 -3.618677289946488362e-05 -3.081460826418977472e-04
1.500000000000000000e+01 -4.429542337137773906e-05 -3.541148014582260026e-04
1.600000000000000000e+01 -5.410420444192910684e-05 -4.061986908141045180e-04
1.700000000000000000e+01 -6.593424573984520305e-05 -4.651264609456156121e-04
1.800000000000000000e+01 -8.013686048528592340e-05 -5.316928546676659081e-04
1.900000000000000000e+01 -9.709893022645861734e-05 -6.067487585115490878e-04
2.000000000000000000e+01 -1.172626697462280981e-04 -6.911926846098538114e-04
2.100000000000000000e+01 -1.411558220039646375e-04 -7.859688929433812990e-04
2.200000000000000000e+01 -1.694201096665150599e-04 -8.920755546611323309e-04
2.300000000000000000e+01 -2.028232446700946562e-04 -1.010582613539536337e-03
2.400000000000000000e+01 -2.422466290461004171e-04 -1.142654640633402989e-03
2.500000000000000000e+01 -2.886553546418404916e-04 -1.289570737160011934e-03
2.600000000000000000e+01 -3.430715963128907445e-04 -1.452733007942385787e-03
2.700000000000000000e+01 -4.065768841753140375e-04 -1.633658048998896375e-03
2.800000000000000000e+01 -4.803568183777243454e-04 -1.833951694284063081e-03
2.900000000000000000e+01 -5.657769239099817628e-04 -2.055274035036477355e-03
3.000000000000000000e+01 -6.644540062690660817e-04 -2.299306794347339734e-03
3.100000000000000000e+01 -7.782804677485385871e-04 -2.567736119714084716e-03
3.200000000000000000e+01 -9.093790104220611991e-04 -2.862259656627448839e-03
3.300000000000000000e+01 -1.060005494945623697e-03 -3.184618161518815421e-03
3.400000000000000000e+01 -1.232456337260351203e-03 -3.536641487331102646e-03
3.500000000000000000e+01 -1.429046988175902005e-03 -3.920290302067620802e-03
3.600000000000000000e+01 -1.652195657240050327e-03 -4.337672211240886644e-03
3.700000000000000000e+01 -1.904583222855718962e-03 -4.791016423593919861e-03
3.800000000000000000e+01 -2.189301956518646675e-03 -5.282604238734210124e-03
3.900000000000000000e+01 -2.509892649317095863e-03 -5.814669641895506974e-03
4.000000000000000000e+01 -2.870220237820553764e-03 -6.389299053066917373e-03
4.100000000000000000e+01 -3.274231577154662447e-03 -7.008365462481425459e-03
4.200000000000000000e+01 -3.725722299719415841e-03 -7.673525491475929883e-03
4.300000000000000000e+01 -4.228255415054201286e-03 -8.386287923503377151e-03
4.400000000000000000e+01 -4.785298892347361263e-03 -9.148133657098858965e-03
4.500000000000000000e+01 -5.400516247239117371e-03 -9.960639655449307975e-03
4.600000000000000000e+01 -6.078031452885892215e-03 -1.082554571564146167e-02
4.700000000000000000e+01 -6.822474869488946367e-03 -1.174471253716749368e-02
4.800000000000000000e+01 -7.638724947720134523e-03 -1.271995412949615892e-02
4.900000000000000000e+01 -8.531439353472202933e-03 -1.375277768939026264e-02
5.000000000000000000e+01 -9.504613555285246901e-03 -1.484411167241932866e-02
5.100000000000000000e+01 -1.056141640220428952e-02 -1.599412699982101504e-02
5.200000000000000000e+01 -1.170440506122300862e-02 -1.720224083136924140e-02
5.300000000000000000e+01 -1.293599116671349282e-02 -1.846733316036788114e-02
5.400000000000000000e+01 -1.425885575428205952e-02 -1.978811850351930302e-02
5.500000000000000000e+01 -1.567601046180978203e-02 -2.116353166910259209e-02
5.600000000000000000e+01 -1.719039350427707322e-02 -2.259294884445074356e-02
5.700000000000000000e+01 -1.880416794521869162e-02 -2.407610145995865703e-02
5.800000000000000000e+01 -2.051808884093947113e-02 -2.561264914787910255e-02
5.900000000000000000e+01 -2.233129219712368801e-02 -2.720152460198262470e-02
6.000000000000000000e+01 -2.424162356034360519e-02 -2.884028957145630401e-02
6.100000000000000000e+01 -2.624630060546234017e-02 -3.052478739347126366e-02
6.200000000000000000e+01 -2.834249128305783155e-02 -3.224930447606418754e-02
6.300000000000000000e+01 -3.052742549819098192e-02 -3.400726649292899750e-02
6.400000000000000000e+01 -3.279793115841409673e-02 -3.579225664654042682e-02
6.500000000000000000e+01 -3.514963518495437672e-02 -3.759895676264712883e-02
6.600000000000000000e+01 -3.757628455516233423e-02 -3.942357730211364097e-02
6.700000000000000000e+01 -4.006958541083667502e-02 -4.126350223940117301e-02
6.800000000000000000e+01 -4.261965825467012303e-02 -4.311618520669660559e-02
6.900000000000000000e+01 -4.521584629488106105e-02 -4.497767669415451974e-02
7.000000000000000000e+01 -4.784741387432323023e-02 -4.684139132483194912e-02
7.100000000000000000e+01 -5.050375224736729229e-02 -4.869771826192312997e-02
7.200000000000000000e+01 -5.317401612535887362e-02 -5.053479622696234463e-02
7.300000000000000000e+01 -5.584645743777513771e-02 -5.234029650224254065e-02
7.400000000000000000e+01 -5.850789699804730126e-02 -5.410357486018251005e-02
7.500000000000000000e+01 -6.114368149952338627e-02 -5.581729764931279286e-02
7.600000000000000000e+01 -6.373817952799082365e-02 -5.747777113877988731e-02
7.700000000000000000e+01 -6.627556339993878609e-02 -5.908369237031733251e-02
7.800000000000000000e+01 -6.874048747922775759e-02 -6.063370952693327570e-02
7.900000000000000000e+01 -7.111837328149947512e-02 -6.212375281267504268e-02
8.000000000000000000e+01 -7.339526535762175286e-02 -6.354531249184440511e-02
8.100000000000000000e+01 -7.555746652689665499e-02 -6.488555849567728684e-02
8.200000000000000000e+01 -7.759125667284701156e-02 -6.612947342851528687e-02
8.300000000000000000e+01 -7.948290925197688817e-02 -6.726328152955857176e-02
8.400000000000000000e+01 -8.121902245848561241e-02 -6.827779963495364535e-02
8.500000000000000000e+01 -8.278701019390904969e-02 -6.917024802089172253e-02
8.600000000000000000e+01 -8.417554621538758663e-02 -6.994362578661361685e-02
8.700000000000000000e+01 -8.537482556985001581e-02 -7.060375911874561261e-02
8.800000000000000000e+01 -8.637662891407316135e-02 -7.115515219776220868e-02
8.900000000000000000e+01 -8.717426421022206329e-02 -7.159737175826660915e-02
9.000000000000000000e+01 -8.776247658019717401e-02 -7.192358985070405886e-02
9.100000000000000000e+01 -8.813737937576998638e-02 -7.212207816243823566e-02
9.200000000000000000e+01 -8.829641836943767641e-02 -7.218019327628441562e-02
9.300000000000000000e+01 -8.823837238649231973e-02 -7.208925506522573246e-02
9.400000000000000000e+01 -8.796340931731158608e-02 -7.184824081982099653e-02
9.500000000000000000e+01 -8.747321707552638270e-02 -7.146465156431373866e-02
9.600000000000000000e+01 -8.677118844787118368e-02 -7.095208013028063421e-02
9.700000000000000000e+01 -8.586257504021392595e-02 -7.032541310499471066e-02
9.800000000000000000e+01 -8.475449140601309939e-02 -6.959563425598200292e-02
9.900000000000000000e+01 -8.345569134720359772e-02 -6.876642553057329965e-02
1.000000000000000000e+02 -8.197615089496410046e-02 -6.783405712221624029e-02
1.010000000000000000e+02 -8.032661481421118910e-02 -6.679067512934458439e-02
1.020000000000000000e+02 -7.851831009083519441e-02 -6.562961368001542228e-02
1.030000000000000000e+02 -7.656295210207741953e-02 -6.435045258775545785e-02
1.040000000000000000e+02 -7.447299848941039968e-02 -6.296164234293408213e-02
1.050000000000000000e+02 -7.226194269641046664e-02 -6.147957548689333973e-02
1.060000000000000000e+02 -6.994439093636717342e-02 -5.992450459573747668e-02
1.070000000000000000e+02 -6.753577494663676184e-02 -5.831502683156335187e-02
1.080000000000000000e+02 -6.505176213204341695e-02 -5.666343498778645543e-02
1.090000000000000000e+02 -6.250761006998700742e-02 -5.497384991263262050e-02
1.100000000000000000e+02 -5.991775705740940566e-02 -5.324385410647902717e-02
1.110000000000000000e+02 -5.729581092200526637e-02 -5.146884086215849918e-02
1.120000000000000000e+02 -5.465486925573413007e-02 -4.964714343471017532e-02
1.130000000000000000e+02 -5.200791356662901044e-02 -4.778373538760126438e-02
1.140000000000000000e+02 -4.936798313529958127e-02 -4.589099430555641096e-02
1.150000000000000000e+02 -4.674797300486963070e-02 -4.398633056561043753e-02
1.160000000000000000e+02 -4.416012936415375512e-02 -4.208779476260902236e-02
1.170000000000000000e+02 -4.161549635739132669e-02 -4.020955174418432143e-02
1.180000000000000000e+02 -3.912359491938518369e-02 -3.835907229390493611e-02
1.190000000000000000e+02 -3.669247615459726719e-02 -3.653709708897735775e-02
1.200000000000000000e+02 -3.432907732401012380e-02 -3.474021917967164141e-02
1.210000000000000000e+02 -3.203964715971822225e-02 -3.296483730844256693e-02
1.220000000000000000e+02 -2.982998999622408359e-02 -3.121073481315941520e-02
1.230000000000000000e+02 -2.770540573343886759e-02 -2.948282984927950642e-02
1.240000000000000000e+02 -2.567039073538643357e-02 -2.779052903206583047e-02
1.250000000000000000e+02 -2.372830005629069511e-02 -2.614515300315695123e-02
1.260000000000000000e+02 -2.188118028360024059e-02 -2.455664233638289035e-02
1.270000000000000000e+02 -2.012987094511999031e-02 -2.303093611463594148e-02
1.280000000000000000e+02 -1.847431603550609217e-02 -2.156902603392103074e-02
1.290000000000000000e+02 -1.691391951373447458e-02 -2.016792157745334740e-02
1.300000000000000000e+02 -1.544777555842533588e-02 -1.882295306871776402e-02
1.310000000000000000e+02 -1.407469584042101048e-02 -1.753033869576316531e-02
1.320000000000000000e+02 -1.279307922148850696e-02 -1.628894728411708209e-02
1.330000000000000000e+02 -1.160075084454221042e-02 -1.510064695759065490e-02
1.340000000000000000e+02 -1.049489717133910739e-02 -1.396928266105259761e-02
1.350000000000000000e+02 -9.472152546871477966e-03 -1.289887008069549520e-02
1.360000000000000000e+02 -8.528800981040626783e-03 -1.189182957736908616e-02
1.370000000000000000e+02 -7.660998300722735369e-03 -1.094796638332224195e-02
1.380000000000000000e+02 -6.864922107738225324e-03 -1.006452102336857432e-02
1.390000000000000000e+02 -6.136809331524238631e-03 -9.237142662074277616e-03
1.400000000000000000e+02 -5.472906646769257547e-03 -8.461279368564739861e-03
1.410000000000000000e+02 -4.869399446229635657e-03 -7.733376443534930277e-03
1.420000000000000000e+02 -4.322382592755728663e-03 -7.051441894380642769e-03
1.430000000000000000e+02 -3.827899847804710175e-03 -6.414863372961760249e-03
1.440000000000000000e+02 -3.382034755701703380e-03 -5.823677524615295843e-03
1.450000000000000000e+02 -2.981009363431868543e-03 -5.277673905046274989e-03
1.460000000000000000e+02 -2.621249411818021065e-03 -4.775717797486846161e-03
1.470000000000000000e+02 -2.299398694863388857e-03 -4.315530196905080496e-03
1.480000000000000000e+02 -2.012293778280806189e-03 -3.893945631227003611e-03
1.490000000000000000e+02 -1.756926947716720873e-03 -3.507473291392696965e-03
1.500000000000000000e+02 -1.530423678550233736e-03 -3.152891912653055240e-03
1.510000000000000000e+02 -1.330045903165047710e-03 -2.827641372478979613e-03
1.520000000000000000e+02 -1.153214907774458746e-03 -2.529899325656774500e-03
1.530000000000000000e+02 -9.975376577085180198e-04 -2.258377570839424989e-03
1.540000000000000000e+02 -8.608213373921906868e-04 -2.011974851002629183e-03
1.550000000000000000e+02 -7.410697762185104905e-04 -1.789450484630473494e-03
1.560000000000000000e+02 -6.364656180117868323e-04 -1.589243003458024614e-03
1.570000000000000000e+02 -5.453478825116599496e-04 -1.409478219959266546e-03
1.580000000000000000e+02 -4.661940024527353506e-04 -1.248128230295098354e-03
1.590000000000000000e+02 -3.976104007285126115e-04 -1.103229640710353537e-03
