0.000000000000000000e+00 -1.994739291919085894e-04 -7.790836794314746720e-05
1.000000000000000000e+00 -3.562932140387979977e-06 -1.151160972953742103e-07
2.000000000000000000e+00 -3.831730187465488237e-06 -1.352122506319269851e-07
3.000000000000000000e+00 -4.656633384884856775e-06 -1.805496124764933627e-07
4.000000000000000000e+00 -5.759759979426229610e-06 -2.427902517345716180e-07
5.000000000000000000e+00 -7.139266830354537226e-06 -3.257550324709168654e-07
6.000000000000000000e+00 -8.838690970031316325e-06 -4.356302591939190119e-07
7.000000000000000000e+00 -1.091955748307175011e-05 -5.806829552211864626e-07
8.000000000000000000e+00 -1.345762850718051784e-05 -7.715547329285834363e-07
9.000000000000000000e+00 -1.654342919325105907e-05 -1.021651970600344493e-06
1.000000000000000000e+01 -2.028403094751870500e-05 -1.347690450978935999e-06
1.100000000000000000e+01 -2.480545192964664310e-05 -1.770560571700467925e-06
1.200000000000000000e+01 -3.025549822179785723e-05 -2.316630294379313603e-06
1.300000000000000000e+01 -3.680696433812671289e-05 -3.019426030069709148e-06
1.400000000000000000e+01 -4.466113905410439727e-05 -3.921437817587558502e-06
1.500000000000000000e+01 -5.405160127210940755e-05 -5.075764295671871973e-06
1.600000000000000000e+01 -6.524835144244114417e-05 -6.547565914560267845e-06
1.700000000000000000e+01 -7.856238019411243697e-05 -8.415747131091994268e-06
1.800000000000000000e+01 -9.435078650964951223e-05 -1.077562480644338045e-05
1.900000000000000000e+01 -1.130224987055173557e-04 -1.374319462393737881e-05
2.000000000000000000e+01 -1.350445402716188010e-04 -1.746087830403107938e-05
2.100000000000000000e+01 -1.609486799469422337e-04 -2.210371029423710155e-05
2.200000000000000000e+01 -1.913382833437077529e-04 -2.788456183532494339e-05
2.300000000000000000e+01 -2.268952749462266089e-04 -3.505779785490370628e-05
2.400000000000000000e+01 -2.683872819632711218e-04 -4.392251509321807586e-05
2.500000000000000000e+01 -3.166751579313966791e-04 -5.482804605907359906e-05
2.600000000000000000e+01 -3.727210650347884385e-04 -6.818424221569744661e-05
2.700000000000000000e+01 -4.375971009543589861e-04 -8.447658303223183683e-05
2.800000000000000000e+01 -5.124941819438450299e-04 -1.042826394000501611e-04
2.900000000000000000e+01 -5.987307120516498563e-04 -1.282845753438021893e-04
3.000000000000000000e+01 -6.977606170810809636e-04 -1.572745170200231472e-04
3.100000000000000000e+01 -8.111805879768248847e-04 -1.921553670310243670e-04
3.200000000000000000e+01 -9.407366744545754816e-04 -2.339452154266185983e-04
3.300000000000000000e+01 -1.088330448384582701e-03 -2.837938533468727228e-04
3.400000000000000000e+01 -1.256024704558788814e-03 -3.430127765753566071e-04
3.500000000000000000e+01 -1.446048235598393784e-03 -4.131090726442419045e-04
3.600000000000000000e+01 -1.660798957845962707e-03 -4.958070641102302724e-04
3.700000000000000000e+01 -1.902844861066188943e-03 -5.930467532104360387e-04
3.800000000000000000e+01 -2.174922838402159470e-03 -7.069641874850870556e-04
3.900000000000000000e+01 -2.479935938839409378e-03 -8.398751751419281054e-04
4.000000000000000000e+01 -2.820949371148517848e-03 -9.942861430828862923e-04
4.100000000000000000e+01 -3.201184500338775333e-03 -1.172938073477520615e-03
4.200000000000000000e+01 -3.624008748546472813e-03 -1.378860973528730268e-03
4.300000000000000000e+01 -4.092918973537482477e-03 -1.615398939144065561e-03
4.400000000000000000e+01 -4.611517496917628446e-03 -1.886177581662354082e-03
4.500000000000000000e+01 -5.183483118277138098e-03 -2.195023817839529545e-03
4.600000000000000000e+01 -5.812542169765574397e-03 -2.545886619615566563e-03
4.700000000000000000e+01 -6.502444271759252707e-03 -2.942813429556409826e-03
4.800000000000000000e+01 -7.256942638504397525e-03 -3.389997802034794977e-03
4.900000000000000000e+01 -8.079771422078493165e-03 -3.891852628552390156e-03
5.000000000000000000e+01 -8.974607679607329511e-03 -4.453027385943664207e-03
5.100000000000000000e+01 -9.945008472822248341e-03 -5.078312819967013315e-03
5.200000000000000000e+01 -1.099432571227915850e-02 -5.772453119450357030e-03
5.300000000000000000e+01 -1.212561706054412873e-02 -6.539959313864729916e-03
5.400000000000000000e+01 -1.334157960310105445e-02 -7.385026414288922009e-03
5.500000000000000000e+01 -1.464452438710612051e-02 -8.311582598511177769e-03
5.600000000000000000e+01 -1.603638401173249767e-02 -9.323390202779027053e-03
5.700000000000000000e+01 -1.751871542520756428e-02 -1.042406058997363480e-02
5.800000000000000000e+01 -1.909264772213100508e-02 -1.161689302796379761e-02
5.900000000000000000e+01 -2.075874653915626283e-02 -1.290457577143348800e-02
6.000000000000000000e+01 -2.251681872804135037e-02 -1.428890056790616675e-02
6.100000000000000000e+01 -2.436573468880398607e-02 -1.577064602988923273e-02
6.200000000000000000e+01 -2.630336119239683190e-02 -1.734966588626780937e-02
6.300000000000000000e+01 -2.832665013033038026e-02 -1.902506021603136976e-02
6.400000000000000000e+01 -3.043183271802014228e-02 -2.079523612361675391e-02
6.500000000000000000e+01 -3.261457976465976377e-02 -2.265774352604350839e-02
6.600000000000000000e+01 -3.486997517093630428e-02 -2.460894858902440765e-02
6.700000000000000000e+01 -3.719224522556035389e-02 -2.664374650204204623e-02
6.800000000000000000e+01 -3.957435242547778509e-02 -2.875550370725986696e-02
6.900000000000000000e+01 -4.200769774090263448e-02 -3.093625922768744596e-02
7.000000000000000000e+01 -4.448217244650271018e-02 -3.317702665677597917e-02
7.100000000000000000e+01 -4.698662453197013922e-02 -3.546797051865317740e-02
7.200000000000000000e+01 -4.950953639953616092e-02 -3.779833904323206401e-02
7.300000000000000000e+01 -5.203951976903259391e-02 -4.015623736647726955e-02
7.400000000000000000e+01 -5.456527774199483594e-02 -4.252846363582892669e-02
7.500000000000000000e+01 -5.707498769816687911e-02 -4.490059710494196527e-02
7.600000000000000000e+01 -5.955546365948274218e-02 -4.725734799466946301e-02
7.700000000000000000e+01 -6.199169643622472192e-02 -4.958299371704655983e-02
7.800000000000000000e+01 -6.436723979875477730e-02 -5.186167797281859837e-02
7.900000000000000000e+01 -6.666542658309704272e-02 -5.407747177722949106e-02
8.000000000000000000e+01 -6.887082896557408795e-02 -5.621428958142303534e-02
8.100000000000000000e+01 -7.097010607121498338e-02 -5.825586856794937041e-02
8.200000000000000000e+01 -7.295165671324825574e-02 -6.018596993745428669e-02
8.300000000000000000e+01 -7.480421942877341079e-02 -6.198879117141919276e-02
8.400000000000000000e+01 -7.651530458240984878e-02 -6.364942173730456232e-02
8.500000000000000000e+01 -7.807059203549218673e-02 -6.515414910977929130e-02
8.600000000000000000e+01 -7.945493791105845416e-02 -6.649053981316881135e-02
8.700000000000000000e+01 -8.065463425323969593e-02 -6.764738549603130369e-02
8.800000000000000000e+01 -8.165966894122708708e-02 -6.861469086042218390e-02
8.900000000000000000e+01 -8.246456980508452828e-02 -6.938382818458274648e-02
9.000000000000000000e+01 -8.306719308124299594e-02 -6.994783859011441396e-02
9.100000000000000000e+01 -8.346611079547712475e-02 -7.030173581074354583e-02
9.200000000000000000e+01 -8.365823828704024856e-02 -7.044265542292331428e-02
9.300000000000000000e+01 -8.363832624312500519e-02 -7.036979514457292195e-02
9.400000000000000000e+01 -8.340084150463622503e-02 -7.008422879224726620e-02
9.500000000000000000e+01 -8.294321767520479449e-02 -6.958874586779147109e-02
9.600000000000000000e+01 -8.226846502932819161e-02 -6.888782295349971108e-02
9.700000000000000000e+01 -8.138539865225075109e-02 -6.798771098549824532e-02
9.800000000000000000e+01 -8.030618338569320280e-02 -6.689651719998823687e-02
9.900000000000000000e+01 -7.904261230340961508e-02 -6.562414923101601849e-02
1.000000000000000000e+02 -7.760340669207302366e-02 -6.418207698470751454e-02
1.010000000000000000e+02 -7.599424297470039336e-02 -6.258298809616949510e-02
1.020000000000000000e+02 -7.422050326407939047e-02 -6.084047608166716359e-02
1.030000000000000000e+02 -7.229098638036798863e-02 -5.896886181280083794e-02
1.040000000000000000e+02 -7.022015335477774234e-02 -5.698313965401902853e-02
1.050000000000000000e+02 -6.802737856162305308e-02 -5.489894195330090321e-02
1.060000000000000000e+02 -6.573357293297757420e-02 -5.273240142641408279e-02
1.070000000000000000e+02 -6.335720964044991299e-02 -5.049986872416155348e-02
1.080000000000000000e+02 -6.091214224252521764e-02 -4.821755227330344618e-02
1.090000000000000000e+02 -5.840844607338177563e-02 -4.590120717342298373e-02
1.100000000000000000e+02 -5.585559519994583166e-02 -4.356596663348726028e-02
1.110000000000000000e+02 -5.326584160987682393e-02 -4.122631050918929008e-02
1.120000000000000000e+02 -5.065560411196134982e-02 -3.889607613922574370e-02
1.130000000000000000e+02 -4.804400435037957384e-02 -3.658840217009870499e-02
1.140000000000000000e+02 -4.544950673538439290e-02 -3.431556346654178469e-02
1.150000000000000000e+02 -4.288675016984351551e-02 -3.208875055128268539e-02
1.160000000000000000e+02 -4.036543029094958462e-02 -2.991789835887458809e-02
1.170000000000000000e+02 -3.789172723409717225e-02 -2.781164101424327822e-02
1.180000000000000000e+02 -3.547119151168750401e-02 -2.577738726373503264e-02
1.190000000000000000e+02 -3.311119544508189794e-02 -2.382143863204087830e-02
1.200000000000000000e+02 -3.082148003306038261e-02 -2.194906127218971409e-02
1.210000000000000000e+02 -2.861262184887184562e-02 -2.016447558384127162e-02
1.220000000000000000e+02 -2.649353018664817733e-02 -1.847080058176090583e-02
1.230000000000000000e+02 -2.446956785702736337e-02 -1.687002794453218435e-02
1.240000000000000000e+02 -2.254235798364580268e-02 -1.536307975344555418e-02
1.250000000000000000e+02 -2.071122383602307451e-02 -1.394994549860406954e-02
1.260000000000000000e+02 -1.897524515361881728e-02 -1.262984415649156048e-02
1.270000000000000000e+02 -1.733467034224780642e-02 -1.140135055821077728e-02
1.280000000000000000e+02 -1.579096783638656715e-02 -1.026246108205898858e-02
1.290000000000000000e+02 -1.434570493959930887e-02 -9.210620867779845469e-03
1.300000000000000000e+02 -1.299911148195756830e-02 -8.242758388832472499e-03
1.310000000000000000e+02 -1.174925043665715589e-02 -7.355360244989519146e-03
1.320000000000000000e+02 -1.059222928954059624e-02 -6.544584332424412641e-03
1.330000000000000000e+02 -9.523214571902962819e-03 -5.806381040428647625e-03
1.340000000000000000e+02 -8.537579934735729792e-03 -5.136588808379716556e-03
1.350000000000000000e+02 -7.631545741685844680e-03 -4.530990320943545542e-03
1.360000000000000000e+02 -6.802068317890742032e-03 -3.985340946333923960e-03
1.370000000000000000e+02 -6.046210546804079225e-03 -3.495393361066439619e-03
1.380000000000000000e+02 -5.360479910872955646e-03 -3.056935781534812768e-03
1.390000000000000000e+02 -4.740547426341838039e-03 -2.665844167766349103e-03
1.400000000000000000e+02 -4.181464721201072141e-03 -2.318135084513775566e-03
1.410000000000000000e+02 -3.678188320600972623e-03 -2.010004274413789132e-03
1.420000000000000000e+02 -3.226079200685632361e-03 -1.737844960778792787e-03
1.430000000000000000e+02 -2.821122228632898764e-03 -1.498251072687478572e-03
1.440000000000000000e+02 -2.459817775104324034e-03 -1.288015974978968647e-03
1.450000000000000000e+02 -2.138889449302768756e-03 -1.104134667148769277e-03
1.460000000000000000e+02 -1.855021024837844121e-03 -9.438104934486003447e-04
1.470000000000000000e+02 -1.604770356220776772e-03 -8.044618673477345631e-04
1.480000000000000000e+02 -1.384675036888170395e-03 -6.837236774543545628e-04
1.490000000000000000e+02 -1.191452845760084542e-03 -5.794412284473910877e-04
1.500000000000000000e+02 -1.022167525308838570e-03 -4.896585955162297736e-04
1.510000000000000000e+02 -8.742779693952744662e-04 -4.126052457341175951e-04
1.520000000000000000e+02 -7.455712157221710233e-04 -3.466839610778327425e-04
1.530000000000000000e+02 -6.340419353434855083e-04 -2.904607860879828817e-04
1.540000000000000000e+02 -5.377936665413902842e-04 -2.426558254576552051e-04
1.550000000000000000e+02 -4.550056434233143822e-04 -2.021333114474643464e-04
1.560000000000000000e+02 -3.839619438061690065e-04 -1.678902359643208301e-04
1.570000000000000000e+02 -3.231063165286897397e-04 -1.390440209865910514e-04
1.580000000000000000e+02 -2.710812353645203560e-04 -1.148203124423523064e-04
1.590000000000000000e+02 -2.267289122084426684e-04 -9.454179915080718991e-05
