0.000000000000000000e+00 -1.600098856189923654e-05 -7.162906666973779292e-05
1.000000000000000000e+00 -1.420612824604724992e-08 -2.758507028884679765e-07
2.000000000000000000e+00 -1.841146267839808448e-08 -3.124911389784993558e-07
3.000000000000000000e+00 -2.624355179582306813e-08 -4.061009222422025328e-07
4.000000000000000000e+00 -3.746337842844393303e-08 -5.338022921933354074e-07
5.000000000000000000e+00 -5.326261727541022722e-08 -7.014961360360141873e-07
6.000000000000000000e+00 -7.535992558127235029e-08 -9.197141015398475238e-07
7.000000000000000000e+00 -1.061000340766424607e-07 -1.201921050582719707e-06
8.000000000000000000e+00 -1.486570023801659755e-07 -1.564792857304309569e-06
9.000000000000000000e+00 -2.072998177564538458e-07 -2.029147566433186354e-06
1.000000000000000000e+01 -2.877231149944883122e-07 -2.621329422089587289e-06
1.100000000000000000e+01 -3.974616133450265774e-07 -3.374773304997179706e-06
1.200000000000000000e+01 -5.464234385900542380e-07 -4.331383013168356952e-06
1.300000000000000000e+01 -7.475864458102284205e-07 -5.542516355930655443e-06
1.400000000000000000e+01 -1.017895115694979936e-06 -7.069806561352889206e-06
1.500000000000000000e+01 -1.379378653223244683e-06 -8.986527257947890369e-06
1.600000000000000000e+01 -1.860501781276302802e-06 -1.138033492556378393e-05
1.700000000000000000e+01 -2.497776250435185695e-06 -1.435772212678532468e-05
1.800000000000000000e+01 -3.337703447593912550e-06 -1.804952514688960662e-05
1.900000000000000000e+01 -4.439163227911792329e-06 -2.261598076948760974e-05
2.000000000000000000e+01 -5.876377054565480211e-06 -2.824991713425761749e-05
2.100000000000000000e+01 -7.742534442403826544e-06 -3.517803106584759502e-05
2.200000000000000000e+01 -1.015409553389196942e-05 -4.366222688838038076e-05
2.300000000000000000e+01 -1.325572421787093628e-05 -5.400422000270360901e-05
2.400000000000000000e+01 -1.722583649954066435e-05 -6.655566616129309540e-05
2.500000000000000000e+01 -2.228289785012339255e-05 -8.173286915932178123e-05
2.600000000000000000e+01 -2.869279485698582262e-05 -1.000314448377322471e-04
2.700000000000000000e+01 -3.677765514591209320e-05 -1.220350934201505145e-04
2.800000000000000000e+01 -4.692622870423858938e-05 -1.484158056447712948e-04
2.900000000000000000e+01 -5.960544581961203098e-05 -1.799293437305394519e-04
3.000000000000000000e+01 -7.537244066754223370e-05 -2.174154440029579262e-04
3.100000000000000000e+01 -9.488665465519146528e-05 -2.618118890783978489e-04
3.200000000000000000e+01 -1.189226017981761900e-04 -3.141835813146004572e-04
3.300000000000000000e+01 -1.483846742666869933e-04 -3.757560302590443871e-04
3.400000000000000000e+01 -1.843248755947148217e-04 -4.479357115694628032e-04
3.500000000000000000e+01 -2.279623951358063011e-04 -5.323047886545501312e-04
3.600000000000000000e+01 -2.807019821405747138e-04 -6.305942108126112375e-04
3.700000000000000000e+01 -3.441484156435793001e-04 -7.446570922302785589e-04
3.800000000000000000e+01 -4.201176442254692112e-04 -8.764693514829343919e-04
3.900000000000000000e+01 -5.106488064355890364e-04 -1.028169081285031875e-03
4.000000000000000000e+01 -6.180211344322880662e-04 -1.202116920865622073e-03
4.100000000000000000e+01 -7.447742071464807630e-04 -1.400936841364023135e-03
4.200000000000000000e+01 -8.937233526150418963e-04 -1.627500314979011013e-03
4.300000000000000000e+01 -1.067961411438960026e-03 -1.884850387354936301e-03
4.400000000000000000e+01 -1.270846426077881482e-03 -2.176105904522564714e-03
4.500000000000000000e+01 -1.505985662921864154e-03 -2.504407555044300612e-03
4.600000000000000000e+01 -1.777228202536638340e-03 -2.872944538864776690e-03
4.700000000000000000e+01 -2.088666242786297016e-03 -3.285042277320389479e-03
4.800000000000000000e+01 -2.444628693054482632e-03 -3.744236749031702293e-03
4.900000000000000000e+01 -2.849646879099599923e-03 -4.254253906381082542e-03
5.000000000000000000e+01 -3.308388899566475777e-03 -4.818867593418292052e-03
5.100000000000000000e+01 -3.825583213370713481e-03 -5.441694276198663291e-03
5.200000000000000000e+01 -4.405958949338432268e-03 -6.126036621857336960e-03
5.300000000000000000e+01 -5.054209093121017453e-03 -6.874863829130630627e-03
5.400000000000000000e+01 -5.774950606272677076e-03 -7.690921506244629419e-03
5.500000000000000000e+01 -6.572645394634140693e-03 -8.576861487788347768e-03
5.600000000000000000e+01 -7.451472879103128617e-03 -9.535250695959347766e-03
5.700000000000000000e+01 -8.415186534605422278e-03 -1.056839098130050135e-02
5.800000000000000000e+01 -9.467001672902018022e-03 -1.167801506240892344e-02
5.900000000000000000e+01 -1.060953088022422233e-02 -1.286502225806873331e-02
6.000000000000000000e+01 -1.184473370109008494e-02 -1.412940324776628016e-02
6.100000000000000000e+01 -1.317382829552495374e-02 -1.547037593109761022e-02
6.200000000000000000e+01 -1.459714766141436727e-02 -1.688660151231730772e-02
6.300000000000000000e+01 -1.611398062507298987e-02 -1.837628521890886241e-02
6.400000000000000000e+01 -1.772246116174833186e-02 -1.993704426583265549e-02
6.500000000000000000e+01 -1.941953293749344722e-02 -2.156559629906908832e-02
6.600000000000000000e+01 -2.120095328660108122e-02 -2.325746174558327231e-02
6.700000000000000000e+01 -2.306127406502879451e-02 -2.500687731440169939e-02
6.800000000000000000e+01 -2.499377355705473952e-02 -2.680697713652704234e-02
6.900000000000000000e+01 -2.699037821025717515e-02 -2.865011308925495895e-02
7.000000000000000000e+01 -2.904164156950710118e-02 -3.052809334217836124e-02
7.100000000000000000e+01 -3.113681226036044136e-02 -3.243218761570342695e-02
7.200000000000000000e+01 -3.326395869790813031e-02 -3.435292802810289980e-02
7.300000000000000000e+01 -3.541008807992854918e-02 -3.627989231481153209e-02
7.400000000000000000e+01 -3.756122838819793419e-02 -3.820167548434683091e-02
7.500000000000000000e+01 -3.970250103153820376e-02 -4.010612417092417059e-02
7.600000000000000000e+01 -4.181824001897146981e-02 -4.198072525026359803e-02
7.700000000000000000e+01 -4.389218609978615127e-02 -4.381294290850020617e-02
7.800000000000000000e+01 -4.590773119029353116e-02 -4.559035469867769863e-02
7.900000000000000000e+01 -4.784816130769312115e-02 -4.730059843734759489e-02
8.000000000000000000e+01 -4.969686705758878664e-02 -4.893128369935057648e-02
8.100000000000000000e+01 -5.143753402764746074e-02 -5.047004027570209383e-02
8.200000000000000000e+01 -5.305434812681684986e-02 -5.190476439145003118e-02
8.300000000000000000e+01 -5.453223499095488647e-02 -5.322397289918924523e-02
8.400000000000000000e+01 -5.585711837627455739e-02 -5.441710174769077979e-02
8.500000000000000000e+01 -5.701616374941102100e-02 -5.547463822314056825e-02
8.600000000000000000e+01 -5.799798372448183165e-02 -5.638810710763821066e-02
8.700000000000000000e+01 -5.879280631720296829e-02 -5.715003366695618758e-02
8.800000000000000000e+01 -5.939262087630377274e-02 -5.775400433160784303e-02
8.900000000000000000e+01 -5.979131093136758751e-02 -5.819484774570718444e-02
9.000000000000000000e+01 -5.998476885776849593e-02 -5.846884765184804517e-02
9.100000000000000000e+01 -5.997097969482236002e-02 -5.857386404137192304e-02
9.200000000000000000e+01 -5.975006505905697263e-02 -5.850930466973879029e-02
9.300000000000000000e+01 -5.932428552074642952e-02 -5.827599861600887832e-02
9.400000000000000000e+01 -5.869800331817406902e-02 -5.787608745471253813e-02
9.500000000000000000e+01 -5.787760708759324968e-02 -5.731301758570932214e-02
9.600000000000000000e+01 -5.687140137886075031e-02 -5.659161691308800535e-02
9.700000000000000000e+01 -5.568946733171144248e-02 -5.571815225526786930e-02
9.800000000000000000e+01 -5.434350221428548705e-02 -5.470026111032046806e-02
9.900000000000000000e+01 -5.284664061339512664e-02 -5.354673584144548776e-02
1.000000000000000000e+02 -5.121325272008173807e-02 -5.226724367875433541e-02
1.010000000000000000e+02 -4.945871438312515744e-02 -5.087210919234529116e-02
1.020000000000000000e+02 -4.759915332163502238e-02 -4.937223253515980737e-02
1.030000000000000000e+02 -4.565118859141088781e-02 -4.777910719534882167e-02
1.040000000000000000e+02 -4.363168325179871132e-02 -4.610481914055719610e-02
1.050000000000000000e+02 -4.155751840822297788e-02 -4.436191796207648863e-02
1.060000000000000000e+02 -3.944538024280394573e-02 -4.256314380170689304e-02
1.070000000000000000e+02 -3.731154626893466719e-02 -4.072110142150173195e-02
1.080000000000000000e+02 -3.517166900464274715e-02 -3.884801441676424827e-02
1.090000000000000000e+02 -3.304057364599793933e-02 -3.695563804077420245e-02
1.100000000000000000e+02 -3.093209295304208059e-02 -3.505529974508531793e-02
1.110000000000000000e+02 -2.885894979696693521e-02 -3.315795297342225695e-02
1.120000000000000000e+02 -2.683267665379353989e-02 -3.127413156051581100e-02
1.130000000000000000e+02 -2.486355118879805121e-02 -2.941377494155353323e-02
1.140000000000000000e+02 -2.296053701650635839e-02 -2.758599560800412825e-02
1.150000000000000000e+02 -2.113123860240303728e-02 -2.579890681888090398e-02
1.160000000000000000e+02 -1.938188963494687223e-02 -2.405959022907119133e-02
1.170000000000000000e+02 -1.771738506601916452e-02 -2.237419160239175267e-02
1.180000000000000000e+02 -1.614134716498426270e-02 -2.074805543042726463e-02
1.190000000000000000e+02 -1.465620388044693370e-02 -1.918579873717610532e-02
1.200000000000000000e+02 -1.326326392357254740e-02 -1.769128252982072463e-02
1.210000000000000000e+02 -1.196279024584506398e-02 -1.626752014692349133e-02
1.220000000000000000e+02 -1.075408527369316712e-02 -1.491660747344663446e-02
1.230000000000000000e+02 -9.635597243515238441e-03 -1.363974271776931604e-02
1.240000000000000000e+02 -8.605042469900524987e-03 -1.243734148033916187e-02
1.250000000000000000e+02 -7.659527674110674575e-03 -1.130919316319384076e-02
1.260000000000000000e+02 -6.795658931563742372e-03 -1.025458743447159662e-02
1.270000000000000000e+02 -6.009635794224608106e-03 -9.272370920346191883e-03
1.280000000000000000e+02 -5.297339045630894763e-03 -8.360947142347531849e-03
1.290000000000000000e+02 -4.654420182636082731e-03 -7.518268771192077038e-03
1.300000000000000000e+02 -4.076392239397692505e-03 -6.741868983372846513e-03
1.310000000000000000e+02 -3.558713969050717948e-03 -6.028945381247159674e-03
1.320000000000000000e+02 -3.096859415791066057e-03 -5.376472494333478860e-03
1.330000000000000000e+02 -2.686371430457239196e-03 -4.781302724651641939e-03
1.340000000000000000e+02 -2.322904095503539306e-03 -4.240227854541334454e-03
1.350000000000000000e+02 -2.002260032089381563e-03 -3.750001047986829990e-03
1.360000000000000000e+02 -1.720424554002264982e-03 -3.307341815281053705e-03
1.370000000000000000e+02 -1.473594206365317575e-03 -2.908950095728378774e-03
1.380000000000000000e+02 -1.258196327827610815e-03 -2.551541741842737465e-03
1.390000000000000000e+02 -1.070898937957489487e-03 -2.231898738182226238e-03
1.400000000000000000e+02 -9.086134521061337357e-04 -1.946916725711179876e-03
1.410000000000000000e+02 -7.684936780020369760e-04 -1.693635058180325767e-03
1.420000000000000000e+02 -6.479330202172025373e-04 -1.469246154019235306e-03
1.430000000000000000e+02 -5.445596997939797235e-04 -1.271092063796206307e-03
1.440000000000000000e+02 -4.562289633269610441e-04 -1.096659987719908295e-03
1.450000000000000000e+02 -3.810120074035990728e-04 -9.435842608105440843e-04
1.460000000000000000e+02 -3.171825766133184532e-04 -8.096546481850325954e-04
1.470000000000000000e+02 -2.632027160499225129e-04 -6.928253208427953601e-04
1.480000000000000000e+02 -2.177087044199231048e-04 -5.912184864655772561e-04
1.490000000000000000e+02 -1.794973723580240593e-04 -5.031202816137410284e-04
1.500000000000000000e+02 -1.475125462057714013e-04 -4.269708839806798202e-04
1.510000000000000000e+02 -1.208314635929135514e-04 -3.613529790151310682e-04
1.520000000000000000e+02 -9.865137269488533057e-05 -3.049819462442393894e-04
1.530000000000000000e+02 -8.027673712643790694e-05 -2.566986855331962643e-04
1.540000000000000000e+02 -6.510737514726146636e-05 -2.154638340496208926e-04
1.550000000000000000e+02 -5.262761118751530767e-05 -1.803514608545117061e-04
1.560000000000000000e+02 -4.239633730201350099e-05 -1.505411166576047671e-04
1.570000000000000000e+02 -3.403786492783013567e-05 -1.253084368372101498e-04
1.580000000000000000e+02 -2.723353271463033407e-05 -1.040153730282719131e-04
1.590000000000000000e+02 -2.171410440425889526e-05 -8.610115580142959984e-05
