0.000000000000000000e+00 -8.577454687048201353e-06 -6.126925040411579171e-06
1.000000000000000000e+00 -1.838852691503199245e-08 -7.589403579110563393e-09
2.000000000000000000e+00 -2.437138219043215709e-08 -1.074544813939539832e-08
3.000000000000000000e+00 -3.445696732165043339e-08 -1.549789703535839227e-08
4.000000000000000000e+00 -4.870909266921353970e-08 -2.229584290320166657e-08
5.000000000000000000e+00 -6.856347633014466633e-08 -3.191801999797492431e-08
6.000000000000000000e+00 -9.605559230187460044e-08 -4.545732007948572804e-08
7.000000000000000000e+00 -1.339289269674368317e-07 -6.440513377399183314e-08
8.000000000000000000e+00 -1.858457195118772517e-07 -9.078051062102027757e-08
9.000000000000000000e+00 -2.566639257554306954e-07 -1.272999818770114208e-07
1.000000000000000000e+01 -3.527899247468717911e-07 -1.775971213999632279e-07
1.100000000000000000e+01 -4.826256725731886757e-07 -2.465044458848376369e-07
1.200000000000000000e+01 -6.571337374597518140e-07 -3.404127544392275054e-07
1.300000000000000000e+01 -8.905455304372318179e-07 -4.677254663107820900e-07
1.400000000000000000e+01 -1.201238608132388822e-06 -6.394286096782471128e-07
1.500000000000000000e+01 -1.612812184834129865e-06 -8.698013386895630666e-07
1.600000000000000000e+01 -2.155399057144346707e-06 -1.177296889372561703e-06
1.700000000000000000e+01 -2.867264515588157425e-06 -1.585628577400531299e-06
1.800000000000000000e+01 -3.796750460070587579e-06 -2.125098889854077598e-06
1.900000000000000000e+01 -5.004619806736404059e-06 -2.834212553550330874e-06
2.000000000000000000e+01 -6.566847268339334428e-06 -3.761618649795440071e-06
2.100000000000000000e+01 -8.577902654130563519e-06 -4.968433575393484152e-06
2.200000000000000000e+01 -1.115459220067883039e-05 -6.531004134795284936e-06
2.300000000000000000e+01 -1.444055145083643162e-05 -8.544174230817688532e-06
2.400000000000000000e+01 -1.861149138848682807e-05 -1.112511719438253269e-05
2.500000000000000000e+01 -2.388126945980682410e-05 -1.441779170399978890e-05
2.600000000000000000e+01 -3.050880830653381740e-05 -1.859807878956165389e-05
2.700000000000000000e+01 -3.880586689418228502e-05 -2.387966307032366348e-05
2.800000000000000000e+01 -4.914571033830675495e-05 -3.052072656300162945e-05
2.900000000000000000e+01 -6.197278873455903817e-05 -3.883151684918445794e-05
3.000000000000000000e+01 -7.781353637013712959e-05 -4.918282937489482966e-05
3.100000000000000000e+01 -9.728829427274403828e-05 -6.201541725584713762e-05
3.200000000000000000e+01 -1.211242061340459501e-04 -7.785032816222564633e-05
3.300000000000000000e+01 -1.501688788221201137e-04 -9.730016983625601403e-05
3.400000000000000000e+01 -1.854047029417576879e-04 -1.210813038458051125e-04
3.500000000000000000e+01 -2.279638864579950068e-04 -1.500269355843546887e-04
3.600000000000000000e+01 -2.791442486060687241e-04 -1.851010057902190684e-04
3.700000000000000000e+01 -3.404255548937077454e-04 -2.274127273189592070e-04
3.800000000000000000e+01 -4.134858244520357240e-04 -2.782315870890873463e-04
3.900000000000000000e+01 -5.002169340926405266e-04 -3.390026440532529269e-04
4.000000000000000000e+01 -6.027391118246246777e-04 -4.113619501330421837e-04
4.100000000000000000e+01 -7.234142862478186572e-04 -4.971518548039486913e-04
4.200000000000000000e+01 -8.648582735159525414e-04 -5.984358391673088012e-04
4.300000000000000000e+01 -1.029951274790443091e-03 -7.175124358945348876e-04
4.400000000000000000e+01 -1.221845523392220021e-03 -8.569277868326993135e-04
4.500000000000000000e+01 -1.443968800746940877e-03 -1.019486441007061818e-03
4.600000000000000000e+01 -1.700023136346372719e-03 -1.208260001334542566e-03
4.700000000000000000e+01 -1.993978766227494197e-03 -1.426593123103402777e-03
4.800000000000000000e+01 -2.330063515602828934e-03 -1.678106206505040020e-03
4.900000000000000000e+01 -2.712746968999025805e-03 -1.966694042371499706e-03
5.000000000000000000e+01 -3.146717836475044876e-03 -2.296519733593069875e-03
5.100000000000000000e+01 -3.636852863129994007e-03 -2.672003340506465957e-03
5.200000000000000000e+01 -4.188176708096722801e-03 -3.097804727403657282e-03
5.300000000000000000e+01 -4.805813504368435830e-03 -3.578799959119383436e-03
5.400000000000000000e+01 -5.494931048014439420e-03 -4.120050432875046673e-03
5.500000000000000000e+01 -6.260677495011607308e-03 -4.726763920963807097e-03
5.600000000000000000e+01 -7.108109189776245541e-03 -5.404246904269200021e-03
5.700000000000000000e+01 -8.042108269524289241e-03 -6.157847853241422108e-03
5.800000000000000000e+01 -9.067290279137876427e-03 -6.992891255131140384e-03
5.900000000000000000e+01 -1.018790392453561983e-02 -7.914602131120107575e-03
6.000000000000000000e+01 -1.140772563307965691e-02 -8.928020691726896302e-03
6.100000000000000000e+01 -1.272995036700374887e-02 -1.003790689780950478e-02
6.200000000000000000e+01 -1.415707846119452704e-02 -1.124863516446332479e-02
6.300000000000000000e+01 -1.569079799282846466e-02 -1.256408013933331402e-02
6.400000000000000000e+01 -1.733186402481172103e-02 -1.398749504642419345e-02
6.500000000000000000e+01 -1.907997879352243964e-02 -1.552138417002559348e-02
6.600000000000000000e+01 -2.093367835281544770e-02 -1.716737071690541475e-02
6.700000000000000000e+01 -2.289022998530424596e-02 -1.892606117961601053e-02
6.800000000000000000e+01 -2.494554162714449769e-02 -2.079690823653854853e-02
6.900000000000000000e+01 -2.709408229544341129e-02 -2.277807616468667529e-02
7.000000000000000000e+01 -2.932881369852115283e-02 -2.486631431563896336e-02
7.100000000000000000e+01 -3.164113790370046836e-02 -2.705684359166579331e-02
7.200000000000000000e+01 -3.402087050431152476e-02 -2.934325806510859613e-02
7.300000000000000000e+01 -3.645624807016832614e-02 -3.171744188908653950e-02
7.400000000000000000e+01 -3.893397114892700739e-02 -3.416950400521123754e-02
7.500000000000000000e+01 -4.143927499918702989e-02 -3.668773926759968246e-02
7.600000000000000000e+01 -4.395601888141113800e-02 -3.925862811182474071e-02
7.700000000000000000e+01 -4.646679531406842922e-02 -4.186688135922192466e-02
7.800000000000000000e+01 -4.895307505311682905e-02 -4.449552460542385152e-02
7.900000000000000000e+01 -5.139540553011726076e-02 -4.712601046466656507e-02
8.000000000000000000e+01 -5.377366198337316799e-02 -4.973835707365814596e-02
8.100000000000000000e+01 -5.606732447467049907e-02 -5.231133044655868203e-02
8.200000000000000000e+01 -5.825574710661043237e-02 -5.482269338896390148e-02
8.300000000000000000e+01 -6.031841175472701932e-02 -5.724952019904170492e-02
8.400000000000000000e+01 -6.223519723006604165e-02 -5.956854191109190594e-02
8.500000000000000000e+01 -6.398670417472054894e-02 -6.175648076158198746e-02
8.600000000000000000e+01 -6.555463529002292233e-02 -6.379037189504557781e-02
8.700000000000000000e+01 -6.692217105041053937e-02 -6.564791847613635212e-02
8.800000000000000000e+01 -6.807426535030272619e-02 -6.730792216576186870e-02
8.900000000000000000e+01 -6.899784306412420909e-02 -6.875076089801118728e-02
9.000000000000000000e+01 -6.968196547830701748e-02 -6.995881802750068823e-02
9.100000000000000000e+01 -7.011805138171856022e-02 -7.091678782519900137e-02
9.200000000000000000e+01 -7.030016277631384591e-02 -7.161189048434567217e-02
9.300000000000000000e+01 -7.022525206710827916e-02 -7.203411231692070926e-02
9.400000000000000000e+01 -6.989324165472454720e-02 -7.217653399773885092e-02
9.500000000000000000e+01 -6.930691358250268275e-02 -7.203565593976345161e-02
9.600000000000000000e+01 -6.847173323691983782e-02 -7.161154477245218475e-02
9.700000000000000000e+01 -6.739576402777781861e-02 -7.090772990393681696e-02
9.800000000000000000e+01 -6.608969760473151767e-02 -6.993098496474277337e-02
9.900000000000000000e+01 -6.456684905570969635e-02 -6.869120515261459281e-02
1.000000000000000000e+02 -6.284293458525933018e-02 -6.720142636627374211e-02
1.010000000000000000e+02 -6.093561293787480571e-02 -6.547779015181295903e-02
1.020000000000000000e+02 -5.886397726051449675e-02 -6.353922183593863071e-02
1.030000000000000000e+02 -5.664821680058794440e-02 -6.140682986723000614e-02
1.040000000000000000e+02 -5.430948002754554943e-02 -5.910330037036230083e-02
1.050000000000000000e+02 -5.186974637136460009e-02 -5.665254281045185858e-02
1.060000000000000000e+02 -4.935148697598432110e-02 -5.407953838972045374e-02
1.070000000000000000e+02 -4.677710278273654321e-02 -5.141008692897822141e-02
1.080000000000000000e+02 -4.416836233389768995e-02 -4.867024045874006333e-02
1.090000000000000000e+02 -4.154607963705850282e-02 -4.588556250764615208e-02
1.100000000000000000e+02 -3.893005239818531082e-02 -4.308056761398230960e-02
1.110000000000000000e+02 -3.633904727556317577e-02 -4.027852615094643096e-02
1.120000000000000000e+02 -3.379060892304790870e-02 -3.750145174205715692e-02
1.130000000000000000e+02 -3.130068780120195959e-02 -3.476993553149723692e-02
1.140000000000000000e+02 -2.888329947548885779e-02 -3.210272006852028792e-02
1.150000000000000000e+02 -2.655042547905107908e-02 -2.951624932837722606e-02
1.160000000000000000e+02 -2.431215567600735622e-02 -2.702450332573173158e-02
1.170000000000000000e+02 -2.217687519489038722e-02 -2.463915796191573637e-02
1.180000000000000000e+02 -2.015130827895233318e-02 -2.236981525081488051e-02
1.190000000000000000e+02 -1.824041990567461594e-02 -2.022404822503641453e-02
1.200000000000000000e+02 -1.644734193874811123e-02 -1.820727389597056808e-02
1.210000000000000000e+02 -1.477347398890077601e-02 -1.632269046842016458e-02
1.220000000000000000e+02 -1.321874618077234498e-02 -1.457145691681538749e-02
1.230000000000000000e+02 -1.178189648392604684e-02 -1.295304769142507917e-02
1.240000000000000000e+02 -1.046063460455568840e-02 -1.146556594423383743e-02
1.250000000000000000e+02 -9.251697753095734778e-03 -1.010588961129000977e-02
1.260000000000000000e+02 -8.150907410483257398e-03 -8.869725778979103623e-03
1.270000000000000000e+02 -7.153317322934659231e-03 -7.751733682213105686e-03
1.280000000000000000e+02 -6.253440059014554395e-03 -6.745777303475830947e-03
1.290000000000000000e+02 -5.445464175082018014e-03 -5.845220397212939553e-03
1.300000000000000000e+02 -4.723391885335372249e-03 -5.043141502464465117e-03
1.310000000000000000e+02 -4.081104019536572342e-03 -4.332438790999745826e-03
1.320000000000000000e+02 -3.512412573959631905e-03 -3.705895525595028286e-03
1.330000000000000000e+02 -3.011147532440422089e-03 -3.156283572574407770e-03
1.340000000000000000e+02 -2.571271402345262982e-03 -2.676509810898897602e-03
1.350000000000000000e+02 -2.186979828637535244e-03 -2.259749813433876379e-03
1.360000000000000000e+02 -1.852757510315864451e-03 -1.899522442156673964e-03
1.370000000000000000e+02 -1.563394760713906215e-03 -1.589711892520123508e-03
1.380000000000000000e+02 -1.313992936011191669e-03 -1.324577403903591088e-03
1.390000000000000000e+02 -1.099979763846421505e-03 -1.098777791113862571e-03
1.400000000000000000e+02 -9.171328218809647343e-04 -9.074038278674013535e-04
1.410000000000000000e+02 -7.615954923484304735e-04 -7.459953614603141020e-04
1.420000000000000000e+02 -6.298744321172760913e-04 -6.105322095362639926e-04
1.430000000000000000e+02 -5.188214450130811117e-04 -4.974082829990370382e-04
1.440000000000000000e+02 -4.256108338290341794e-04 -4.034050077352399838e-04
1.450000000000000000e+02 -3.477203876402192788e-04 -3.256709195207556167e-04
1.460000000000000000e+02 -2.829160059712318908e-04 -2.617029045177543122e-04
1.470000000000000000e+02 -2.292351477561665649e-04 -2.093222400998780619e-04
1.480000000000000000e+02 -1.849657752848432569e-04 -1.666443411773460039e-04
1.490000000000000000e+02 -1.486218209544645503e-04 -1.320466950271917807e-04
1.500000000000000000e+02 -1.189186916976406815e-04 -1.041396381937391343e-04
1.510000000000000000e+02 -9.475139589342465227e-05 -8.174102337492699624e-05
1.520000000000000000e+02 -7.517541747541577990e-05 -6.385299491540762562e-05
1.530000000000000000e+02 -5.938900279875510051e-05 -4.963922499339807519e-05
1.540000000000000000e+02 -4.671585988214904835e-05 -3.840273388565849775e-05
1.550000000000000000e+02 -3.658841151448864596e-05 -2.956551578876654129e-05
1.560000000000000000e+02 -2.853239999659042958e-05 -2.265082267640086737e-05
1.570000000000000000e+02 -2.215341560093420046e-05 -1.726797568002446016e-05
1.580000000000000000e+02 -1.712530298174561502e-05 -1.309905823310346685e-05
1.590000000000000000e+02 -1.318002338025268911e-05 -9.887034062692240697e-06
