0.000000000000000000e+00 -2.998523992052410633e-05 -2.722654467551847700e-05
1.000000000000000000e+00 -1.488379857064275911e-10 -2.684438963453191825e-09
2.000000000000000000e+00 -2.219278982222789576e-10 -3.683143086255069307e-09
3.000000000000000000e+00 -3.492800261133719370e-10 -5.477861096274307262e-09
4.000000000000000000e+00 -5.476272190067416033e-10 -8.140045666565702200e-09
5.000000000000000000e+00 -8.537863934153227177e-10 -1.203750082379715045e-08
6.000000000000000000e+00 -1.323385171465519105e-09 -1.770679650962466728e-08
7.000000000000000000e+00 -2.038977852108899930e-09 -2.591017688673141438e-08
8.000000000000000000e+00 -3.122264387946106655e-09 -3.772370121661970448e-08
9.000000000000000000e+00 -4.751953458384763613e-09 -5.465383386496538643e-08
1.000000000000000000e+01 -7.189242627563915679e-09 -7.878964732186989555e-08
1.100000000000000000e+01 -1.081310372099864382e-08 -1.130062474760375544e-07
1.200000000000000000e+01 -1.616850769760845306e-08 -1.612431989646492823e-07
1.300000000000000000e+01 -2.403292254569652851e-08 -2.288839720430962201e-07
1.400000000000000000e+01 -3.550912959785631064e-08 -3.232574858048773680e-07
1.500000000000000000e+01 -5.215396031995224879e-08 -4.542788093772649108e-07
1.600000000000000000e+01 -7.615254771782016713e-08 -6.352556840201544601e-07
1.700000000000000000e+01 -1.105487681097494617e-07 -8.839146470916821059e-07
1.800000000000000000e+01 -1.595484654249421489e-07 -1.223731273905841464e-06
1.900000000000000000e+01 -2.289223391978638547e-07 -1.685660564546479719e-06
2.000000000000000000e+01 -3.265432754080820836e-07 -2.310347546728221360e-06
2.100000000000000000e+01 -4.630923594929653209e-07 -3.150875999637313572e-06
2.200000000000000000e+01 -6.529642072713618338e-07 -4.276120726742405351e-06
2.300000000000000000e+01 -9.154111240038256941e-07 -5.774821054393745485e-06
2.400000000000000000e+01 -1.275993351036838163e-06 -7.760564830098520494e-06
2.500000000000000000e+01 -1.768429859950352628e-06 -1.037791805755001402e-05
2.600000000000000000e+01 -2.436941680916366739e-06 -1.380993035885596737e-05
2.700000000000000000e+01 -3.339151566657093011e-06 -1.828719945356318928e-05
2.800000000000000000e+01 -4.549600417809022932e-06 -2.409861200266652693e-05
2.900000000000000000e+01 -6.164001714658969454e-06 -3.160382333111717997e-05
3.000000000000000000e+01 -8.304433391926379772e-06 -4.124755509467286388e-05
3.100000000000000000e+01 -1.112565455015343550e-05 -5.357595473738610857e-05
3.200000000000000000e+01 -1.482260877239011651e-05 -6.925554215845609613e-05
3.300000000000000000e+01 -1.963908784473353486e-05 -8.909539606428469464e-05
3.400000000000000000e+01 -2.587765276984594164e-05 -1.140728289069181900e-04
3.500000000000000000e+01 -3.391115545726060444e-05 -1.453618722071405977e-04
3.600000000000000000e+01 -4.419621329307568100e-05 -1.843632071265607453e-04
3.700000000000000000e+01 -5.728856553402936024e-05 -2.327347773133251006e-04
3.800000000000000000e+01 -7.385977692440183267e-05 -2.924242393261582878e-04
3.900000000000000000e+01 -9.471491798519117325e-05 -3.657058309644965624e-04
4.000000000000000000e+01 -1.208116503850481782e-04 -4.552227749030900725e-04
4.100000000000000000e+01 -1.532815518642559381e-04 -5.640319348945165056e-04
4.200000000000000000e+01 -1.934535581449873469e-04 -6.956439222808874241e-04
4.300000000000000000e+01 -2.428777316098762093e-04 -8.540540131932284435e-04
4.400000000000000000e+01 -3.033472522798410414e-04 -1.043767036325031006e-03
4.500000000000000000e+01 -3.769185278444803764e-04 -1.269825491299250014e-03
4.600000000000000000e+01 -4.659315204217014421e-04 -1.537845877203486422e-03
4.700000000000000000e+01 -5.730314419120075258e-04 -1.854054057871045574e-03
4.800000000000000000e+01 -7.011887984767063535e-04 -2.225299583692683623e-03
4.900000000000000000e+01 -8.537120058734964196e-04 -2.659035702993478231e-03
5.000000000000000000e+01 -1.034249831606632837e-03 -3.163274633403927172e-03
5.100000000000000000e+01 -1.246787417786294561e-03 -3.746544721546091194e-03
5.200000000000000000e+01 -1.495641571938481846e-03 -4.417865119737413547e-03
5.300000000000000000e+01 -1.785454211829841983e-03 -5.186718771154593191e-03
5.400000000000000000e+01 -2.121174111882360991e-03 -6.062979861121455850e-03
5.500000000000000000e+01 -2.508017938773512891e-03 -7.056769429564015497e-03
5.600000000000000000e+01 -2.951413568397201655e-03 -8.178263826770025557e-03
5.700000000000000000e+01 -3.456938715176284625e-03 -9.437515273349123338e-03
5.800000000000000000e+01 -4.030262407371557228e-03 -1.084431918723881283e-02
5.900000000000000000e+01 -4.677080031311162123e-03 -1.240809491046422110e-02
6.000000000000000000e+01 -5.403024685840936321e-03 -1.413770374702651676e-02
6.100000000000000000e+01 -6.213550849238268226e-03 -1.604116424263148794e-02
6.200000000000000000e+01 -7.113807766988946950e-03 -1.812531369308319554e-02
6.300000000000000000e+01 -8.108523809508355606e-03 -2.039551765285367232e-02
6.400000000000000000e+01 -9.201902462341279496e-03 -2.285548326774388198e-02
6.500000000000000000e+01 -1.039750896057702739e-02 -2.550712564330750651e-02
6.600000000000000000e+01 -1.169813121433768005e-02 -2.835037853915545539e-02
6.700000000000000000e+01 -1.310562663476111910e-02 -3.138289954620612776e-02
6.800000000000000000e+01 -1.462078543852016535e-02 -3.459974336156537711e-02
6.900000000000000000e+01 -1.624322743039077407e-02 -3.799313843443420657e-02
7.000000000000000000e+01 -1.797131812946839782e-02 -4.155243276914304812e-02
7.100000000000000000e+01 -1.980207838039120191e-02 -4.526414017920037114e-02
7.200000000000000000e+01 -2.173108376780190365e-02 -4.911195671831732057e-02
7.300000000000000000e+01 -2.375238013577572749e-02 -5.307669398595914190e-02
7.400000000000000000e+01 -2.585844373576220295e-02 -5.713621322282498582e-02
7.500000000000000000e+01 -2.804018659411530029e-02 -6.126549944597921293e-02
7.600000000000000000e+01 -3.028698268358949452e-02 -6.543693088526547630e-02
7.700000000000000000e+01 -3.258669682138631146e-02 -6.962066238025244047e-02
7.800000000000000000e+01 -3.492572649146145208e-02 -7.378499085562441329e-02
7.900000000000000000e+01 -3.728908279381940027e-02 -7.789665265146490658e-02
8.000000000000000000e+01 -3.966052272632958342e-02 -8.192112607650076095e-02
8.100000000000000000e+01 -4.202271886828506942e-02 -8.582305021503640330e-02
8.200000000000000000e+01 -4.435744409578420977e-02 -8.956678956899190303e-02
8.300000000000000000e+01 -4.664576491551080534e-02 -9.311706248176913892e-02
8.400000000000000000e+01 -4.886825597893078299e-02 -9.643952159324395423e-02
8.500000000000000000e+01 -5.100524837147752538e-02 -9.950124732409530715e-02
8.600000000000000000e+01 -5.303710740260274281e-02 -1.022712073277660116e-01
8.700000000000000000e+01 -5.494452215187949767e-02 -1.047207526140766093e-01
8.800000000000000000e+01 -5.670879228797185562e-02 -1.068241555412379196e-01
8.900000000000000000e+01 -5.831211058444876749e-02 -1.085591210971218884e-01
9.000000000000000000e+01 -5.973784595121393176e-02 -1.099071954757330494e-01
9.100000000000000000e+01 -6.097082572448650484e-02 -1.108540546535421445e-01
9.200000000000000000e+01 -6.199760617377993166e-02 -1.113897145711651715e-01
9.300000000000000000e+01 -6.280671779055990722e-02 -1.115087059007508485e-01
9.400000000000000000e+01 -6.338887791441383257e-02 -1.112102075787127775e-01
9.500000000000000000e+01 -6.373716957294743579e-02 -1.104980917795800877e-01
9.600000000000000000e+01 -6.384718558205039474e-02 -1.093808427342657097e-01
9.700000000000000000e+01 -6.371713277083378146e-02 -1.078713599336165868e-01
9.800000000000000000e+01 -6.334788907330544949e-02 -1.059866916763023137e-01
9.900000000000000000e+01 -6.274300922782656553e-02 -1.037477336393841376e-01
1.000000000000000000e+02 -6.190867984249019684e-02 -1.011788857409484654e-01
1.010000000000000000e+02 -6.085362680315865858e-02 -9.830763577885694160e-02
1.020000000000000000e+02 -5.958897655680217564e-02 -9.516405734699570629e-02
1.030000000000000000e+02 -5.812807130373872505e-02 -9.178025282047580502e-02
1.040000000000000000e+02 -5.648624007229226252e-02 -8.818979519918573873e-02
1.050000000000000000e+02 -5.468053225031299647e-02 -8.442720209935011821e-02
1.060000000000000000e+02 -5.272942325280281783e-02 -8.052743266488250617e-02
1.070000000000000000e+02 -5.065250089315641302e-02 -7.652537716132742918e-02
1.080000000000000000e+02 -4.847013768438186709e-02 -7.245533046926302956e-02
1.090000000000000000e+02 -4.620315332350360266e-02 -6.835048196763855721e-02
1.100000000000000000e+02 -4.387247489193243921e-02 -6.424247259306983815e-02
1.110000000000000000e+02 -4.149880648236405067e-02 -6.016104569718115636e-02
1.120000000000000000e+02 -3.910231994590403215e-02 -5.613377481089118493e-02
1.130000000000000000e+02 -3.670237333112066208e-02 -5.218583037093716542e-02
1.140000000000000000e+02 -3.431725813341432452e-02 -4.833976730975005076e-02
1.150000000000000000e+02 -3.196397602756040346e-02 -4.461535368524800760e-02
1.160000000000000000e+02 -2.965805000656874038e-02 -4.102947762470514348e-02
1.170000000000000000e+02 -2.741337784113228107e-02 -3.759614880950625654e-02
1.180000000000000000e+02 -2.524213258175304203e-02 -3.432657270616510520e-02
1.190000000000000000e+02 -2.315470740968930338e-02 -3.122925717820294877e-02
1.200000000000000000e+02 -2.115969741695210293e-02 -2.831012729425773713e-02
1.210000000000000000e+02 -1.926391295580297952e-02 -2.557265609753732113e-02
1.220000000000000000e+02 -1.747242461646381431e-02 -2.301803473434754430e-02
1.230000000000000000e+02 -1.578864161599878579e-02 -2.064539141709783449e-02
1.240000000000000000e+02 -1.421442078605134399e-02 -1.845204149866367868e-02
1.250000000000000000e+02 -1.275019713883113019e-02 -1.643373750035651698e-02
1.260000000000000000e+02 -1.139512571513537700e-02 -1.458489921167167511e-02
1.270000000000000000e+02 -1.014722907212882268e-02 -1.289882658734833008e-02
1.280000000000000000e+02 -9.003549968810111576e-03 -1.136791025528570073e-02
1.290000000000000000e+02 -7.960309122512745222e-03 -9.983847254140953628e-03
1.300000000000000000e+02 -7.013063803659169530e-03 -8.737853518185241530e-03
1.310000000000000000e+02 -6.156859818848263270e-03 -7.620856378807805073e-03
1.320000000000000000e+02 -5.386370986752968965e-03 -6.623656583406233381e-03
1.330000000000000000e+02 -4.696024921671136144e-03 -5.737062310004955104e-03
1.340000000000000000e+02 -4.080117058625319301e-03 -4.952005040909742382e-03
1.350000000000000000e+02 -3.532913957613591227e-03 -4.259644086008060847e-03
1.360000000000000000e+02 -3.048744136351755341e-03 -3.651458440187362476e-03
1.370000000000000000e+02 -2.622073717709839415e-03 -3.119320145491030326e-03
1.380000000000000000e+02 -2.247566170187430008e-03 -2.655545808668681538e-03
1.390000000000000000e+02 -1.920128170989062648e-03 -2.252928775836276695e-03
1.400000000000000000e+02 -1.634944495971762946e-03 -1.904757936781724652e-03
1.410000000000000000e+02 -1.387503573868012789e-03 -1.604827942339084879e-03
1.420000000000000000e+02 -1.173613832176832869e-03 -1.347442073301425170e-03
1.430000000000000000e+02 -9.894108731672373279e-04 -1.127406770674573271e-03
1.440000000000000000e+02 -8.313566480389419531e-04 -9.400174104132719664e-04
1.450000000000000000e+02 -6.962327251341970166e-04 -7.810369188764887134e-04
1.460000000000000000e+02 -5.811295682752204992e-04 -6.466700615920074413e-04
1.470000000000000000e+02 -4.834328475679246467e-04 -5.335357944436809998e-04
1.480000000000000000e+02 -4.008071680130808104e-04 -4.386387192222899979e-04
1.490000000000000000e+02 -3.311776589298040486e-04 -3.593397300675608454e-04
1.500000000000000000e+02 -2.727102508792405146e-04 -2.933259174278127972e-04
1.510000000000000000e+02 -2.237915989167599761e-04 -2.385803061032896165e-04
1.520000000000000000e+02 -1.830093349750591474e-04 -1.933523372691056165e-04
1.530000000000000000e+02 -1.491329375389301517e-04 -1.561298531549643953e-04
1.540000000000000000e+02 -1.210953109909465282e-04 -1.256129137545678224e-04
1.550000000000000000e+02 -9.797520545162378177e-05 -1.006894405979034691e-04
1.560000000000000000e+02 -7.898069399454460415e-05 -8.041261115970497217e-05
1.570000000000000000e+02 -6.343390090469932564e-05 -6.398002141263687561e-05
1.580000000000000000e+02 -5.075705368671107792e-05 -5.071470944767195806e-05
1.590000000000000000e+02 -4.045981958864558779e-05 -4.004809580331435809e-05
