0.000000000000000000e+00 -2.548771657204024880e-05 -1.434820407913913552e-05
1.000000000000000000e+00 -1.200075137319375121e-06 -1.663856122380331067e-07
2.000000000000000000e+00 -1.335916122814424960e-06 -2.160695214429996721e-07
3.000000000000000000e+00 -1.710869144365090349e-06 -2.840144053745379628e-07
4.000000000000000000e+00 -2.215585278597358736e-06 -3.746859480159549715e-07
5.000000000000000000e+00 -2.866464211120749929e-06 -4.931327164014026418e-07
6.000000000000000000e+00 -3.698232094054997606e-06 -6.468670865489732091e-07
7.000000000000000000e+00 -4.756421554428129359e-06 -8.455524052255257384e-07
8.000000000000000000e+00 -6.097831039077547481e-06 -1.101350362427212596e-06
9.000000000000000000e+00 -7.792463545275805508e-06 -1.429458510192146127e-06
1.000000000000000000e+01 -9.926096738040293731e-06 -1.848779899508586130e-06
1.100000000000000000e+01 -1.260337857007096980e-05 -2.382728978586436432e-06
1.200000000000000000e+01 -1.595148967274933986e-05 -3.060191266484237111e-06
1.300000000000000000e+01 -2.012444214290979105e-05 -3.916659667844344078e-06
1.400000000000000000e+01 -2.530807191157596997e-05 -4.995573972195399596e-06
1.500000000000000000e+01 -3.172575848454981093e-05 -6.349892865989655324e-06
1.600000000000000000e+01 -3.964489984628931444e-05 -8.043929675311179938e-06
1.700000000000000000e+01 -4.938420093809086671e-05 -1.015548443079257896e-05
1.800000000000000000e+01 -6.132189337521540306e-05 -1.277830652238650014e-05
1.900000000000000000e+01 -7.590505173653615625e-05 -1.602492481942377822e-05
2.000000000000000000e+01 -9.366015673129239464e-05 -2.002988534336627415e-05
2.100000000000000000e+01 -1.152049565109421918e-04 -2.495343896884608483e-05
2.200000000000000000e+01 -1.412615345165940195e-04 -3.098572154321721945e-05
2.300000000000000000e+01 -1.726703976437264437e-04 -3.835146580422244309e-05
2.400000000000000000e+01 -2.104054373483663055e-04 -4.731528003163628358e-05
2.500000000000000000e+01 -2.555897910641312691e-04 -5.818752498734260358e-05
2.600000000000000000e+01 -3.095128281620086025e-04 -7.133081954096645865e-05
2.700000000000000000e+01 -3.736485261861182479e-04 -8.716720435337627613e-05
2.800000000000000000e+01 -4.496752714674625163e-04 -1.061859873731512446e-04
2.900000000000000000e+01 -5.394966694417529943e-04 -1.289522809114892685e-04
3.000000000000000000e+01 -6.452625226561415272e-04 -1.561162189961181495e-04
3.100000000000000000e+01 -7.693890180094616407e-04 -1.884228226039209538e-04
3.200000000000000000e+01 -9.145774951211808933e-04 -2.267224669177710778e-04
3.300000000000000000e+01 -1.083831788217835997e-03 -2.719818989832806905e-04
3.400000000000000000e+01 -1.280474638190037687e-03 -3.252957441828286636e-04
3.500000000000000000e+01 -1.508163631439868356e-03 -3.878984084905239232e-04
3.600000000000000000e+01 -1.770906372559664151e-03 -4.611762239725499695e-04
3.700000000000000000e+01 -2.073073397135006234e-03 -5.466796155622066777e-04
3.800000000000000000e+01 -2.419406290179790600e-03 -6.461350254208433203e-04
3.900000000000000000e+01 -2.815018279356573758e-03 -7.614563438714204695e-04
4.000000000000000000e+01 -3.265385604503956429e-03 -8.947556406722887747e-04
4.100000000000000000e+01 -3.776329991232852887e-03 -1.048352989113596808e-03
4.200000000000000000e+01 -4.353994623326484098e-03 -1.224785047240317714e-03
4.300000000000000000e+01 -5.004816719923772979e-03 -1.426811815221656725e-03
4.400000000000000000e+01 -5.735498044134637249e-03 -1.657420779180295966e-03
4.500000000000000000e+01 -6.552970485609359991e-03 -1.919827700245977558e-03
4.600000000000000000e+01 -7.464349252849087485e-03 -2.217473691007319260e-03
4.700000000000000000e+01 -8.476864641136951442e-03 -2.554018686304316242e-03
4.800000000000000000e+01 -9.597767755594592207e-03 -2.933331446705280364e-03
4.900000000000000000e+01 -1.083421558305791912e-02 -3.359475478744372492e-03
5.000000000000000000e+01 -1.219315116025026548e-02 -3.836689045580798582e-03
5.100000000000000000e+01 -1.368119702918117048e-02 -4.369356860550093445e-03
5.200000000000000000e+01 -1.530456903327967640e-02 -4.961972190183979066e-03
5.300000000000000000e+01 -1.706899597991992645e-02 -5.619090781187961736e-03
5.400000000000000000e+01 -1.897961247116732031e-02 -6.345280262778779656e-03
5.500000000000000000e+01 -2.104079445845017174e-02 -7.145067776208732443e-03
5.600000000000000000e+01 -2.325593692208394181e-02 -8.022883823393682848e-03
5.700000000000000000e+01 -2.562721694902525202e-02 -8.982994913744730275e-03
5.800000000000000000e+01 -2.815541226896009497e-02 -1.002941731780689766e-02
5.900000000000000000e+01 -3.083982608030103045e-02 -1.116581244108996729e-02
6.000000000000000000e+01 -3.367830280507394525e-02 -1.239537678510731211e-02
6.100000000000000000e+01 -3.666724494577942861e-02 -1.372074504445752741e-02
6.200000000000000000e+01 -3.980151819058205115e-02 -1.514391432752763139e-02
6.300000000000000000e+01 -4.307419705342840216e-02 -1.666617449728724498e-02
6.400000000000000000e+01 -4.647623111633271409e-02 -1.828801324192040959e-02
6.500000000000000000e+01 -4.999621611504980606e-02 -2.000897566413703185e-02
6.600000000000000000e+01 -5.362044138836499080e-02 -2.182749784719299410e-02
6.700000000000000000e+01 -5.733323144553861828e-02 -2.374077271188125560e-02
6.800000000000000000e+01 -6.111739064896899026e-02 -2.574470331999787961e-02
6.900000000000000000e+01 -6.495445221658968649e-02 -2.783393965134572587e-02
7.000000000000000000e+01 -6.882454010493857521e-02 -3.000191920539381496e-02
7.100000000000000000e+01 -7.270594083895288995e-02 -3.224081202338490576e-02
7.200000000000000000e+01 -7.657476135868394873e-02 -3.454134861844034010e-02
7.300000000000000000e+01 -8.040509072607654462e-02 -3.689263992569295769e-02
7.400000000000000000e+01 -8.416980093257162010e-02 -3.928216568184747515e-02
7.500000000000000000e+01 -8.784167165967156354e-02 -4.169602088721129085e-02
7.600000000000000000e+01 -9.139423149087920473e-02 -4.411930659262948418e-02
7.700000000000000000e+01 -9.480183731779175116e-02 -4.653639997590558464e-02
7.800000000000000000e+01 -9.803903859308273072e-02 -4.893090780062900325e-02
7.900000000000000000e+01 -1.010798468922374654e-01 -5.128539151786060124e-02
8.000000000000000000e+01 -1.038977099845392882e-01 -5.358122651244980050e-02
8.100000000000000000e+01 -1.064665700885652766e-01 -5.579894554247073757e-02
8.200000000000000000e+01 -1.087626062636935786e-01 -5.791905520734204338e-02
8.300000000000000000e+01 -1.107656793322875782e-01 -5.992287400085687110e-02
8.400000000000000000e+01 -1.124595940446693615e-01 -6.179283449893212266e-02
8.500000000000000000e+01 -1.138310754860665103e-01 -6.351209911415606202e-02
8.600000000000000000e+01 -1.148682983703092769e-01 -6.506397079005665773e-02
8.700000000000000000e+01 -1.155602021544935715e-01 -6.643186852026738975e-02
8.800000000000000000e+01 -1.158973164317822352e-01 -6.760023873975364028e-02
8.900000000000000000e+01 -1.158737165479467729e-01 -6.855594690787068790e-02
9.000000000000000000e+01 -1.154888231224212164e-01 -6.928915653170811262e-02
9.100000000000000000e+01 -1.147477572446702759e-01 -6.979301365768950105e-02
9.200000000000000000e+01 -1.136599264680399624e-01 -7.006244567660910305e-02
9.300000000000000000e+01 -1.122367725825486329e-01 -7.009321219440375894e-02
9.400000000000000000e+01 -1.104902318697343067e-01 -6.988221396124774665e-02
9.500000000000000000e+01 -1.084329522540500024e-01 -6.942898584962664543e-02
9.600000000000000000e+01 -1.060800181249762636e-01 -6.873717516956734386e-02
9.700000000000000000e+01 -1.034507964356950194e-01 -6.781467546319069895e-02
9.800000000000000000e+01 -1.005693885221545375e-01 -6.667215862840633611e-02
9.900000000000000000e+01 -9.746315882185810353e-02 -6.532113339503081706e-02
1.000000000000000000e+02 -9.416018808903074688e-02 -6.377311058132852095e-02
1.010000000000000000e+02 -9.068725091777748992e-02 -6.204051212212767508e-02
1.020000000000000000e+02 -8.706950119428970292e-02 -6.013840926752983540e-02
1.030000000000000000e+02 -8.333178791097836657e-02 -5.808538930020523683e-02
1.040000000000000000e+02 -7.950035841667160708e-02 -5.590255952023232000e-02
1.050000000000000000e+02 -7.560348470250768949e-02 -5.361130048524735681e-02
1.060000000000000000e+02 -7.167039524354992808e-02 -5.123146060655391076e-02
1.070000000000000000e+02 -6.772914536134629071e-02 -4.878128526352307898e-02
1.080000000000000000e+02 -6.380478862584106070e-02 -4.627885880948521408e-02
1.090000000000000000e+02 -5.991892700120846765e-02 -4.374355017994245587e-02
1.100000000000000000e+02 -5.609068766544628160e-02 -4.119600926609010005e-02
1.110000000000000000e+02 -5.233818981249165753e-02 -3.865656989332111326e-02
1.120000000000000000e+02 -4.867932718870806447e-02 -3.614329116298099775e-02
1.130000000000000000e+02 -4.513130765081813794e-02 -3.367112374764420074e-02
1.140000000000000000e+02 -4.170934097340509711e-02 -3.125267068999312142e-02
1.150000000000000000e+02 -3.842544265499399370e-02 -2.889967339200161592e-02
1.160000000000000000e+02 -3.528815601482622466e-02 -2.662384910628732074e-02
1.170000000000000000e+02 -3.230328477322809422e-02 -2.443639331054919817e-02
1.180000000000000000e+02 -2.947503595761564316e-02 -2.234665333192283748e-02
1.190000000000000000e+02 -2.680678457082959903e-02 -2.036112956437988522e-02
1.200000000000000000e+02 -2.430105587577787232e-02 -1.848358594348972761e-02
1.210000000000000000e+02 -2.195893124650695818e-02 -1.671607964253329914e-02
1.220000000000000000e+02 -1.977946059317127817e-02 -1.506002141202802264e-02
1.230000000000000000e+02 -1.775957953427144409e-02 -1.351648905625471575e-02
1.240000000000000000e+02 -1.589461064504637047e-02 -1.208573731429048170e-02
1.250000000000000000e+02 -1.417901758661205443e-02 -1.076650492294492327e-02
1.260000000000000000e+02 -1.260696343228738005e-02 -9.555792975981337867e-03
1.270000000000000000e+02 -1.117243436046407197e-02 -8.449312554200979000e-03
1.280000000000000000e+02 -9.869026017045225835e-03 -7.442243954794910098e-03
1.290000000000000000e+02 -8.689697748078876322e-03 -6.529768934827322353e-03
1.300000000000000000e+02 -7.626759683527533501e-03 -5.707108736874990512e-03
1.310000000000000000e+02 -6.672142633431319379e-03 -4.969228099196223297e-03
1.320000000000000000e+02 -5.817791320121194418e-03 -4.310584676188069196e-03
1.330000000000000000e+02 -5.055960832511735732e-03 -3.725185541394990252e-03
1.340000000000000000e+02 -4.379297550753231960e-03 -3.206917529987796372e-03
1.350000000000000000e+02 -3.780747515925777895e-03 -2.749909626994559170e-03
1.360000000000000000e+02 -3.253434502600500641e-03 -2.348705172774316532e-03
1.370000000000000000e+02 -2.790632466481343058e-03 -1.998205109128043267e-03
1.380000000000000000e+02 -2.385859351731218093e-03 -1.693514781314535986e-03
1.390000000000000000e+02 -2.033024804531990103e-03 -1.429859601472075175e-03
1.400000000000000000e+02 -1.726536506442080199e-03 -1.202637466010698887e-03
1.410000000000000000e+02 -1.461312948493027810e-03 -1.007552071761736194e-03
1.420000000000000000e+02 -1.232719537674894367e-03 -8.407196079085721939e-04
1.430000000000000000e+02 -1.036487514400026046e-03 -6.986823692779795631e-04
1.440000000000000000e+02 -8.686688908710914810e-04 -5.783429228372456666e-04
1.450000000000000000e+02 -7.256411767440462245e-04 -4.768825708995429505e-04
1.460000000000000000e+02 -6.041371000878415854e-04 -3.917192502520773696e-04
1.470000000000000000e+02 -5.012621762563829013e-04 -3.205145172710290578e-04
1.480000000000000000e+02 -4.144786013109546131e-04 -2.611996698464591612e-04
1.490000000000000000e+02 -3.415602668780236707e-04 -2.119843565853479143e-04
1.500000000000000000e+02 -2.805406409789020297e-04 -1.713329542537422195e-04
1.510000000000000000e+02 -2.296740946294067922e-04 -1.379206512075740380e-04
1.520000000000000000e+02 -1.874173853072821721e-04 -1.105920493194931112e-04
1.530000000000000000e+02 -1.524236978318046034e-04 -8.833694607888771934e-05
1.540000000000000000e+02 -1.235361879645285898e-04 -7.028205325951711953e-05
1.550000000000000000e+02 -9.977246760772015641e-05 -5.568725965180438810e-05
1.560000000000000000e+02 -8.030028636479015741e-05 -4.393609988902849345e-05
1.570000000000000000e+02 -6.441094006621023410e-05 -3.451817139055642092e-05
1.580000000000000000e+02 -5.149737410376655199e-05 -2.700844317886166732e-05
1.590000000000000000e+02 -4.103991368418561368e-05 -2.104990929508903776e-05
