0.000000000000000000e+00 -1.225464745862891810e-05 -2.394975147061740586e-05
1.000000000000000000e+00 -2.419834112191294143e-08 -6.328616256893169897e-09
2.000000000000000000e+00 -3.233028287625280085e-08 -8.437014068276375365e-09
3.000000000000000000e+00 -4.515931031941529770e-08 -1.224394202219329391e-08
4.000000000000000000e+00 -6.307077652171104857e-08 -1.777029003164272175e-08
5.000000000000000000e+00 -8.771837354559556847e-08 -2.567664737164496560e-08
6.000000000000000000e+00 -1.214283638527747325e-07 -3.691298065704794511e-08
7.000000000000000000e+00 -1.672950099169119972e-07 -5.279044264243878293e-08
8.000000000000000000e+00 -2.293906572341295075e-07 -7.510686292018889443e-08
9.000000000000000000e+00 -3.130430419933863398e-07 -1.063146656358688231e-07
1.000000000000000000e+01 -4.251853256152904434e-07 -1.497360046552310444e-07
1.100000000000000000e+01 -5.747911414779620941e-07 -2.098362591802955026e-07
1.200000000000000000e+01 -7.734102787336007212e-07 -2.925762174181574337e-07
1.300000000000000000e+01 -1.035825392050063133e-06 -4.058709864428898615e-07
1.400000000000000000e+01 -1.380855419978826559e-06 -5.601844923052569298e-07
1.500000000000000000e+01 -1.832334312812875889e-06 -7.692835511131432009e-07
1.600000000000000000e+01 -2.420292829961501477e-06 -1.051173686058927486e-06
1.700000000000000000e+01 -3.182369430801851870e-06 -1.429248223628366657e-06
1.800000000000000000e+01 -4.165479137305339490e-06 -1.933700462058974661e-06
1.900000000000000000e+01 -5.427778809688482398e-06 -2.603264392740936700e-06
2.000000000000000000e+01 -7.040977687879088130e-06 -3.487354389486230676e-06
2.100000000000000000e+01 -9.093043015064330338e-06 -4.648672112402747769e-06
2.200000000000000000e+01 -1.169133833303977520e-05 -6.166346795374106677e-06
2.300000000000000000e+01 -1.496621704176564350e-05 -8.139670195518781165e-06
2.400000000000000000e+01 -1.907509342937053912e-05 -1.069247366510019149e-05
2.500000000000000000e+01 -2.420703264848270662e-05 -1.397818863619792716e-05
2.600000000000000000e+01 -3.058792089390010053e-05 -1.818567233915419212e-05
2.700000000000000000e+01 -3.848626785193314892e-05 -2.354597059560706567e-05
2.800000000000000000e+01 -4.821964801970908066e-05 -3.034023506992496221e-05
2.900000000000000000e+01 -6.016173801311681436e-05 -3.890887905671034524e-05
3.000000000000000000e+01 -7.474990015142713676e-05 -4.966175810755348355e-05
3.100000000000000000e+01 -9.249330725135507898e-05 -6.308897900550081606e-05
3.200000000000000000e+01 -1.139816466789709301e-04 -7.977220402545829279e-05
3.300000000000000000e+01 -1.398944120664201017e-04 -1.003969459878215433e-04
3.400000000000000000e+01 -1.710106794551824428e-04 -1.257666679826587443e-04
3.500000000000000000e+01 -2.082191542948587024e-04 -1.568188123917760583e-04
3.600000000000000000e+01 -2.525282710422386938e-04 -1.946414448056330362e-04
3.700000000000000000e+01 -3.050762358805724438e-04 -2.404884387360873557e-04
3.800000000000000000e+01 -3.671410012277672645e-04 -2.957923472895735264e-04
3.900000000000000000e+01 -4.401501037321015140e-04 -3.621766500856357369e-04
4.000000000000000000e+01 -5.256900845391726355e-04 -4.414702000802537564e-04
4.100000000000000000e+01 -6.255150202949959258e-04 -5.357242418074464711e-04
4.200000000000000000e+01 -7.415537184454868520e-04 -6.472277969537213339e-04
4.300000000000000000e+01 -8.759153600865705923e-04 -7.785153154132080531e-04
4.400000000000000000e+01 -1.030893565028532599e-03 -9.323646198964919730e-04
4.500000000000000000e+01 -1.208968763968370054e-03 -1.111790421520300306e-03
4.600000000000000000e+01 -1.412808423620146763e-03 -1.320041250533664440e-03
4.700000000000000000e+01 -1.645264399723749341e-03 -1.560600858045585416e-03
4.800000000000000000e+01 -1.909366783551537470e-03 -1.837184263884732160e-03
4.900000000000000000e+01 -2.208314000923861965e-03 -2.153715483990675285e-03
5.000000000000000000e+01 -2.545459226475046098e-03 -2.514284500875560088e-03
5.100000000000000000e+01 -2.924293054708930646e-03 -2.923096504031352273e-03
5.200000000000000000e+01 -3.348421917098276090e-03 -3.384430092908258247e-03
5.300000000000000000e+01 -3.821541415525296810e-03 -3.902606221558446806e-03
5.400000000000000000e+01 -4.347403926962666899e-03 -4.481949584403031872e-03
5.500000000000000000e+01 -4.929780400162678961e-03 -5.126721038501072004e-03
5.600000000000000000e+01 -5.572416698233608259e-03 -5.841020339590771021e-03
5.700000000000000000e+01 -6.278984752688334010e-03 -6.628683793454343692e-03
5.800000000000000000e+01 -7.053028324679660142e-03 -7.493203956141980190e-03
5.900000000000000000e+01 -7.897902855773230105e-03 -8.437672518040654004e-03
6.000000000000000000e+01 -8.816709143117263531e-03 -9.464718406581147658e-03
6.100000000000000000e+01 -9.812221286295167572e-03 -1.057641278579806929e-02
6.200000000000000000e+01 -1.088681002172922629e-02 -1.177414439246915988e-02
6.300000000000000000e+01 -1.204236274531963677e-02 -1.305850094078984426e-02
6.400000000000000000e+01 -1.328020120157031962e-02 -1.442919051265225544e-02
6.500000000000000000e+01 -1.460099736792783154e-02 -1.588500096932556060e-02
6.600000000000000000e+01 -1.600468800097003264e-02 -1.742376217270810712e-02
6.700000000000000000e+01 -1.749038897168365275e-02 -1.904228049641714868e-02
6.800000000000000000e+01 -1.905631177967028606e-02 -2.073625360783065696e-02
6.900000000000000000e+01 -2.069968577897007139e-02 -2.250020582927681617e-02
7.000000000000000000e+01 -2.241668963897210445e-02 -2.432747685045794778e-02
7.100000000000000000e+01 -2.420239397317528601e-02 -2.621025732990726193e-02
7.200000000000000000e+01 -2.605071501297318709e-02 -2.813963487729711360e-02
7.300000000000000000e+01 -2.795437901796389568e-02 -3.010562315648604090e-02
7.400000000000000000e+01 -2.990490017097658867e-02 -3.209718386932121359e-02
7.500000000000000000e+01 -3.189257903144983308e-02 -3.410227690959884150e-02
7.600000000000000000e+01 -3.390652942616224907e-02 -3.610796288791110614e-02
7.700000000000000000e+01 -3.593473588913077832e-02 -3.810054814406234336e-02
7.800000000000000000e+01 -3.796413495603370714e-02 -4.006574074843213124e-02
7.900000000000000000e+01 -3.998071078012950530e-02 -4.198879644114358878e-02
8.000000000000000000e+01 -4.196960439558620332e-02 -4.385466171379832911e-02
8.100000000000000000e+01 -4.391525014815270828e-02 -4.564813724211985724e-02
8.200000000000000000e+01 -4.580155640041443099e-02 -4.735407444904003033e-02
8.300000000000000000e+01 -4.761213089291945616e-02 -4.895759460030029570e-02
8.400000000000000000e+01 -4.933052539829196892e-02 -5.044430744054723137e-02
8.500000000000000000e+01 -5.094046634580479127e-02 -5.180051447263267494e-02
8.600000000000000000e+01 -5.242606318142351007e-02 -5.301339896548059455e-02
8.700000000000000000e+01 -5.377202507110251384e-02 -5.407121295707979780e-02
8.800000000000000000e+01 -5.496392658365083922e-02 -5.496346516003344090e-02
8.900000000000000000e+01 -5.598852218909807638e-02 -5.568110187305091996e-02
9.000000000000000000e+01 -5.683404970478778129e-02 -5.621666773866516864e-02
9.100000000000000000e+01 -5.749044855836882295e-02 -5.656443743695813153e-02
9.200000000000000000e+01 -5.794947935213680401e-02 -5.672051682736691663e-02
9.300000000000000000e+01 -5.820481631171769976e-02 -5.668291564756390566e-02
9.400000000000000000e+01 -5.825220173493760034e-02 -5.645159266723193126e-02
9.500000000000000000e+01 -5.808966560839752546e-02 -5.602847184484680693e-02
9.600000000000000000e+01 -5.771770000145756696e-02 -5.541742735028569455e-02
9.700000000000000000e+01 -5.713926137753400081e-02 -5.462423580182629995e-02
9.800000000000000000e+01 -5.635959393607640339e-02 -5.365649439653958491e-02
9.900000000000000000e+01 -5.538601490958630635e-02 -5.252350443064610075e-02
1.000000000000000000e+02 -5.422781857724481153e-02 -5.123612258773686118e-02
1.010000000000000000e+02 -5.289630201247066260e-02 -4.980658655275727736e-02
1.020000000000000000e+02 -5.140473933282106028e-02 -4.824832335663761101e-02
1.030000000000000000e+02 -4.976812561847098609e-02 -4.657574577088362949e-02
1.040000000000000000e+02 -4.800270510375377608e-02 -4.480403648310032211e-02
1.050000000000000000e+02 -4.612550211449602255e-02 -4.294891780427513572e-02
1.060000000000000000e+02 -4.415406736081906036e-02 -4.102640973093737292e-02
1.070000000000000000e+02 -4.210642526828224652e-02 -3.905258742981702891e-02
1.080000000000000000e+02 -4.000098828177617999e-02 -3.704335234888072453e-02
1.090000000000000000e+02 -3.785622751815227727e-02 -3.501422495621485387e-02
1.100000000000000000e+02 -3.569014297936505542e-02 -3.298015661921171321e-02
1.110000000000000000e+02 -3.351980015544099578e-02 -3.095535342502645643e-02
1.120000000000000000e+02 -3.136115576181394693e-02 -2.895311069378728869e-02
1.130000000000000000e+02 -2.922912453334174793e-02 -2.698566762675374403e-02
1.140000000000000000e+02 -2.713762207443536426e-02 -2.506409564351548547e-02
1.150000000000000000e+02 -2.509937976623029601e-02 -2.319822626084745362e-02
1.160000000000000000e+02 -2.312559787699219882e-02 -2.139661145326658340e-02
1.170000000000000000e+02 -2.122569770845580961e-02 -1.966650342878416974e-02
1.180000000000000000e+02 -1.940735557126862035e-02 -1.801384705912498913e-02
1.190000000000000000e+02 -1.767674243885673790e-02 -1.644328994791938864e-02
1.200000000000000000e+02 -1.603872536209918764e-02 -1.495822009028337576e-02
1.210000000000000000e+02 -1.449687201919712225e-02 -1.356083406919847759e-02
1.220000000000000000e+02 -1.305333179560598696e-02 -1.225222663409596645e-02
1.230000000000000000e+02 -1.170880061762813625e-02 -1.103248707234459440e-02
1.240000000000000000e+02 -1.046268933453545213e-02 -9.900793795135465897e-03
1.250000000000000000e+02 -9.313417346827886772e-03 -8.855509460139706843e-03
1.260000000000000000e+02 -8.258652177087388163e-03 -7.894283973885319813e-03
1.270000000000000000e+02 -7.295397899188404631e-03 -7.014167678580517269e-03
1.280000000000000000e+02 -6.419995565834974750e-03 -6.211727853254291228e-03
1.290000000000000000e+02 -5.628170890254061490e-03 -5.483157705154910813e-03
1.300000000000000000e+02 -4.915193493388903510e-03 -4.824371723708881059e-03
1.310000000000000000e+02 -4.276090305257104068e-03 -4.231089474273327586e-03
1.320000000000000000e+02 -3.705808431337950706e-03 -3.698913832397216113e-03
1.330000000000000000e+02 -3.199281260306387556e-03 -3.223406578656835830e-03
1.340000000000000000e+02 -2.751440514187317686e-03 -2.800158389013939625e-03
1.350000000000000000e+02 -2.357247212057220990e-03 -2.424847703568587878e-03
1.360000000000000000e+02 -2.011770756455039631e-03 -2.093285764040186004e-03
1.370000000000000000e+02 -1.710284804224894862e-03 -1.801449990166678790e-03
1.380000000000000000e+02 -1.448331187388588771e-03 -1.545510190214364381e-03
1.390000000000000000e+02 -1.221734760856554771e-03 -1.321850415730432783e-03
1.400000000000000000e+02 -1.026591884408872835e-03 -1.127086010342227308e-03
1.410000000000000000e+02 -8.592651555903114751e-04 -9.580738874808146814e-04
1.420000000000000000e+02 -7.163959855942435761e-04 -8.119153061441413636e-04
1.430000000000000000e+02 -5.949219457535469746e-04 -6.859526917733806389e-04
1.440000000000000000e+02 -4.920805586134491087e-04 -5.777631099730337356e-04
1.450000000000000000e+02 -4.053944407933260494e-04 -4.851501875034670190e-04
1.460000000000000000e+02 -3.326472405625058846e-04 -4.061347334552814796e-04
1.470000000000000000e+02 -2.718624161087976397e-04 -3.389435214535760355e-04
1.480000000000000000e+02 -2.212889135130812466e-04 -2.819960779579448024e-04
1.490000000000000000e+02 -1.793894527575169565e-04 -2.338901647089860320e-04
1.500000000000000000e+02 -1.448256855852611254e-04 -1.933870333420936770e-04
1.510000000000000000e+02 -1.164388362453811681e-04 -1.593972085127067808e-04
1.520000000000000000e+02 -9.322882457363903315e-05 -1.309669543127135348e-04
1.530000000000000000e+02 -7.433547929071666535e-05 -1.072652390037091955e-04
1.540000000000000000e+02 -5.902302709800779138e-05 -8.757109197747682875e-05
1.550000000000000000e+02 -4.666665942565107741e-05 -7.126150208539361384e-05
1.560000000000000000e+02 -3.673957356425310781e-05 -5.780013302811956875e-05
1.570000000000000000e+02 -2.880002137017386514e-05 -4.672703789141003630e-05
1.580000000000000000e+02 -2.247901983991676739e-05 -3.764937015353715986e-05
1.590000000000000000e+02 -1.746953421279969672e-05 -3.023297589099672363e-05
