0.000000000000000000e+00 -3.739878946102881342e-05 -2.949015034527125036e-05
1.000000000000000000e+00 -6.083807471450898374e-09 -4.554584519790842911e-09
2.000000000000000000e+00 -8.030444856017317226e-09 -6.160375897681704857e-09
3.000000000000000000e+00 -1.158525288356451719e-08 -8.900946867569748192e-09
4.000000000000000000e+00 -1.672424287860329038e-08 -1.284998615573352530e-08
5.000000000000000000e+00 -2.404576887221057930e-08 -1.846725272752003297e-08
6.000000000000000000e+00 -3.441164479836764505e-08 -2.641037818718341315e-08
7.000000000000000000e+00 -4.900485861399347299e-08 -3.758431144751117411e-08
8.000000000000000000e+00 -6.943708319861773658e-08 -5.322282716519061594e-08
9.000000000000000000e+00 -9.789819128707432750e-08 -7.499713624540332201e-08
1.000000000000000000e+01 -1.373531170419037523e-07 -1.051586875335164189e-07
1.100000000000000000e+01 -1.917910189835660415e-07 -1.467256959179224500e-07
1.200000000000000000e+01 -2.665357865093940901e-07 -2.037235799122449946e-07
1.300000000000000000e+01 -3.686382122367068213e-07 -2.814903847164184862e-07
1.400000000000000000e+01 -5.073832137890317206e-07 -3.870616713835241303e-07
1.500000000000000000e+01 -6.949507074635969440e-07 -5.296557147702230034e-07
1.600000000000000000e+01 -9.472614004851482547e-07 -7.212861334322230958e-07
1.700000000000000000e+01 -1.285026081221313018e-06 -9.775309458901120694e-07
1.800000000000000000e+01 -1.735014706206993353e-06 -1.318484320802834383e-06
1.900000000000000000e+01 -2.331580980033612258e-06 -1.769916732342207994e-06
2.000000000000000000e+01 -3.118514068035882940e-06 -2.364679061196678249e-06
2.100000000000000000e+01 -4.151320497152095448e-06 -3.144405061203243393e-06
2.200000000000000000e+01 -5.500042639672583176e-06 -4.161579697103298671e-06
2.300000000000000000e+01 -7.252686076797435703e-06 -5.482032722197189371e-06
2.400000000000000000e+01 -9.519272066567637181e-06 -7.187892695405299025e-06
2.500000000000000000e+01 -1.243649460282203951e-05 -9.381026332713113508e-06
2.600000000000000000e+01 -1.617299579172319215e-05 -1.218701783859410390e-05
2.700000000000000000e+01 -2.093539827367200577e-05 -1.575979629374953551e-05
2.800000000000000000e+01 -2.697538277396513748e-05 -2.028703671910236881e-05
2.900000000000000000e+01 -3.459811601008688889e-05 -2.599639793280444450e-05
3.000000000000000000e+01 -4.417208711476173735e-05 -3.316255645612444983e-05
3.100000000000000000e+01 -5.613998689030714518e-05 -4.211496034364049052e-05
3.200000000000000000e+01 -7.103003915422107352e-05 -5.324632733598450826e-05
3.300000000000000000e+01 -8.946756014989829680e-05 -6.702206288647732609e-05
3.400000000000000000e+01 -1.121873859057702046e-04 -8.399078002452060182e-05
3.500000000000000000e+01 -1.400483707828347314e-04 -1.047958665144824836e-04
3.600000000000000000e+01 -1.740504946313059954e-04 -1.301877337454312273e-04
3.700000000000000000e+01 -2.153532759808317169e-04 -1.610363241440350803e-04
3.800000000000000000e+01 -2.652927229217079364e-04 -1.983437805085186780e-04
3.900000000000000000e+01 -3.253948736748247150e-04 -2.432575829617706048e-04
4.000000000000000000e+01 -3.973871518687515920e-04 -2.970844160596190255e-04
4.100000000000000000e+01 -4.832115039214472598e-04 -3.613043844528363827e-04
4.200000000000000000e+01 -5.850420459036705404e-04 -4.375844811042216504e-04
4.300000000000000000e+01 -7.053044127857099324e-04 -5.277902163985663704e-04
4.400000000000000000e+01 -8.466888838109198033e-04 -6.339952019385569583e-04
4.500000000000000000e+01 -1.012150754317284922e-03 -7.584893996277981875e-04
4.600000000000000000e+01 -1.204900056771831228e-03 -9.037865704326194984e-04
4.700000000000000000e+01 -1.428391109178756306e-03 -1.072630065731360657e-03
4.800000000000000000e+01 -1.686320759299325071e-03 -1.267994786803306037e-03
4.900000000000000000e+01 -1.982631303868139308e-03 -1.493083420085839462e-03
5.000000000000000000e+01 -2.321501200862316917e-03 -1.751316960999439037e-03
5.100000000000000000e+01 -2.707308427620944147e-03 -2.046321231498513318e-03
5.200000000000000000e+01 -3.144569661126237793e-03 -2.381910626408943483e-03
5.300000000000000000e+01 -3.637877204039192090e-03 -2.762067854709553561e-03
5.400000000000000000e+01 -4.191854253208740499e-03 -3.190916449175166918e-03
5.500000000000000000e+01 -4.811124953894281228e-03 -3.672683662159254014e-03
5.600000000000000000e+01 -5.500270654426490241e-03 -4.211654606489292386e-03
5.700000000000000000e+01 -6.263745113673850964e-03 -4.812120989566241042e-03
5.800000000000000000e+01 -7.105752505723038001e-03 -5.478326828048609223e-03
5.900000000000000000e+01 -8.030124574993458691e-03 -6.214409918372857528e-03
6.000000000000000000e+01 -9.040233001579304345e-03 -7.024335359479317448e-03
6.100000000000000000e+01 -1.013893609620124432e-02 -7.911818983012994938e-03
6.200000000000000000e+01 -1.132852011284618890e-02 -8.880242934316747230e-03
6.300000000000000000e+01 -1.261059547377142709e-02 -9.932568567157391490e-03
6.400000000000000000e+01 -1.398595093362158849e-02 -1.107125032223874386e-02
6.500000000000000000e+01 -1.545441360172513517e-02 -1.229814996106411498e-02
6.600000000000000000e+01 -1.701476383925169811e-02 -1.361444800829180075e-02
6.700000000000000000e+01 -1.866470774445878195e-02 -1.502055129433999339e-02
6.800000000000000000e+01 -2.040086123529313150e-02 -1.651600013914860873e-02
6.900000000000000000e+01 -2.221869789428167555e-02 -1.809938138802884289e-02
7.000000000000000000e+01 -2.411246065297400348e-02 -1.976825178112281284e-02
7.100000000000000000e+01 -2.607508755879264437e-02 -2.151907213901529253e-02
7.200000000000000000e+01 -2.809820414766160679e-02 -2.334715078560924834e-02
7.300000000000000000e+01 -3.017218732698006417e-02 -2.524659633180311585e-02
7.400000000000000000e+01 -3.228625586140457249e-02 -2.721028325719767119e-02
7.500000000000000000e+01 -3.442853916198609227e-02 -2.922983522846857654e-02
7.600000000000000000e+01 -3.658612011828234201e-02 -3.129562976360589222e-02
7.700000000000000000e+01 -3.874509357965165435e-02 -3.339682561956044959e-02
7.800000000000000000e+01 -4.089068494832886341e-02 -3.552141324787508325e-02
7.900000000000000000e+01 -4.300743305700051311e-02 -3.765628869059312045e-02
8.000000000000000000e+01 -4.507939964146828044e-02 -3.978735087986841334e-02
8.100000000000000000e+01 -4.709036385095651672e-02 -4.189962131744598417e-02
8.200000000000000000e+01 -4.902399382819831036e-02 -4.397738531808222107e-02
8.300000000000000000e+01 -5.086402225987424197e-02 -4.600435624767978959e-02
8.400000000000000000e+01 -5.259445556592723392e-02 -4.796386581002386185e-02
8.500000000000000000e+01 -5.419981799446379339e-02 -4.983908033939011412e-02
8.600000000000000000e+01 -5.566540257364072791e-02 -5.161323534544986352e-02
8.700000000000000000e+01 -5.697749790452320828e-02 -5.326987493505040000e-02
8.800000000000000000e+01 -5.812358213365866749e-02 -5.479308670443745755e-02
8.900000000000000000e+01 -5.909249866931241130e-02 -5.616773496496772766e-02
9.000000000000000000e+01 -5.987463058550104161e-02 -5.737970351943923880e-02
9.100000000000000000e+01 -6.046207305149321060e-02 -5.841615153833753377e-02
9.200000000000000000e+01 -6.084878495130330994e-02 -5.926576542697037375e-02
9.300000000000000000e+01 -6.103069948636870995e-02 -5.991897570338686890e-02
9.400000000000000000e+01 -6.100578853342566304e-02 -6.036811908782557801e-02
9.500000000000000000e+01 -6.077409137278675516e-02 -6.060755685025703832e-02
9.600000000000000000e+01 -6.033772069449389042e-02 -6.063378144508222573e-02
9.700000000000000000e+01 -5.970084727476531600e-02 -6.044552877584916106e-02
9.800000000000000000e+01 -5.886965208435755020e-02 -6.004387180026429793e-02
9.900000000000000000e+01 -5.785223369806007793e-02 -5.943224414014389168e-02
1.000000000000000000e+02 -5.665847087057040293e-02 -5.861636423869966139e-02
1.010000000000000000e+02 -5.529985397987626644e-02 -5.760408802777124831e-02
1.020000000000000000e+02 -5.378930207973871280e-02 -5.640525549649174492e-02
1.030000000000000000e+02 -5.214097212688680733e-02 -5.503157071998561467e-02
1.040000000000000000e+02 -5.037005366605960127e-02 -5.349648512492399810e-02
1.050000000000000000e+02 -4.849253915765225353e-02 -5.181501044733333172e-02
1.060000000000000000e+02 -4.652497106833680673e-02 -5.000342226307452620e-02
1.070000000000000000e+02 -4.448418209582528926e-02 -4.807890042224714083e-02
1.080000000000000000e+02 -4.238704990392271749e-02 -4.605920410351539707e-02
1.090000000000000000e+02 -4.025027701157830179e-02 -4.396243904633911209e-02
1.100000000000000000e+02 -3.809018946080489076e-02 -4.180687773166632398e-02
1.110000000000000000e+02 -3.592254054467020757e-02 -3.961073755323270273e-02
1.120000000000000000e+02 -3.376231537580634545e-02 -3.739186799125925748e-02
1.130000000000000000e+02 -3.162354936410788353e-02 -3.516740224752434169e-02
1.140000000000000000e+02 -2.951918169465431868e-02 -3.295348515350027263e-02
1.150000000000000000e+02 -2.746095503242610217e-02 -3.076513727775264870e-02
1.160000000000000000e+02 -2.545935341221917600e-02 -2.861620567186455924e-02
1.170000000000000000e+02 -2.352355927633456231e-02 -2.651929513619426249e-02
1.180000000000000000e+02 -2.166141772257410350e-02 -2.448562640859244105e-02
1.190000000000000000e+02 -1.987941369541314229e-02 -2.252487341650689229e-02
1.200000000000000000e+02 -1.818267862485546671e-02 -2.064508200067725202e-02
1.210000000000000000e+02 -1.657503644014698962e-02 -1.885271830170238624e-02
1.220000000000000000e+02 -1.505908135234323465e-02 -1.715279457885682604e-02
1.230000000000000000e+02 -1.363626786472344095e-02 -1.554897512312084992e-02
1.240000000000000000e+02 -1.230699768918524367e-02 -1.404361521803422323e-02
1.250000000000000000e+02 -1.107070353511798236e-02 -1.263777452006071243e-02
1.260000000000000000e+02 -9.925941147678215767e-03 -1.133128287339669332e-02
1.270000000000000000e+02 -8.870498407929625073e-03 -1.012289092945697737e-02
1.280000000000000000e+02 -7.901517521520799031e-03 -9.010463101777894945e-03
1.290000000000000000e+02 -7.015616152730558795e-03 -7.991141852544157015e-03
1.300000000000000000e+02 -6.208994937046648406e-03 -7.061451586773870651e-03
1.310000000000000000e+02 -5.477529553047682381e-03 -6.217371046469210606e-03
1.320000000000000000e+02 -4.816854913764706016e-03 -5.454424865189303265e-03
1.330000000000000000e+02 -4.222449161086590762e-03 -4.767813860935837464e-03
1.340000000000000000e+02 -3.689717556297707028e-03 -4.152558037360529371e-03
1.350000000000000000e+02 -3.214069248882110621e-03 -3.603611587204557168e-03
1.360000000000000000e+02 -2.790979715692836448e-03 -3.115933704446855433e-03
1.370000000000000000e+02 -2.416037598498253346e-03 -2.684532832742369309e-03
1.380000000000000000e+02 -2.084980648961573015e-03 -2.304512489294616422e-03
1.390000000000000000e+02 -1.793726490926581115e-03 -1.971129631958663201e-03
1.400000000000000000e+02 -1.538400196997661553e-03 -1.679853643721849511e-03
1.410000000000000000e+02 -1.315356528985042999e-03 -1.426407596163193660e-03
1.420000000000000000e+02 -1.121193835540478098e-03 -1.206785510649047285e-03
1.430000000000000000e+02 -9.527590836135955022e-04 -1.017254619806432728e-03
1.440000000000000000e+02 -8.071464724769166540e-04 -8.543557843022624599e-04
1.450000000000000000e+02 -6.816929153401855021e-04 -7.149075399753815514e-04
1.460000000000000000e+02 -5.739721845430058355e-04 -5.960097341856379497e-04
1.470000000000000000e+02 -4.817875109190229775e-04 -4.950401939480325239e-04
1.480000000000000000e+02 -4.031616740823700798e-04 -4.096424877546920424e-04
1.490000000000000000e+02 -3.363243588537600083e-04 -3.377084221063953416e-04
1.500000000000000000e+02 -2.796977103755704627e-04 -2.773602908499612357e-04
1.510000000000000000e+02 -2.318814704672790918e-04 -2.269351404900123322e-04
1.520000000000000000e+02 -1.916386053216883874e-04 -1.849700374050876122e-04
1.530000000000000000e+02 -1.578815484859287012e-04 -1.501864039407362625e-04
1.540000000000000000e+02 -1.296587668449444483e-04 -1.214728438288195954e-04
1.550000000000000000e+02 -1.061414875045314121e-04 -9.786751947121975954e-05
1.560000000000000000e+02 -8.661077863355304556e-05 -7.854154924930011343e-05
1.570000000000000000e+02 -7.044536461961136667e-05 -6.278411850300198108e-05
1.580000000000000000e+02 -5.711044912379304730e-05 -4.998907190295985564e-05
1.590000000000000000e+02 -4.614757918156486751e-05 -3.964244902396904611e-05
