0.000000000000000000e+00 -3.278168431061509409e-05 -8.250999318390628441e-06
1.000000000000000000e+00 -3.508051828801277905e-07 -7.208998672922440161e-10
2.000000000000000000e+00 -4.066291134534928049e-07 -1.042826911172540609e-09
3.000000000000000000e+00 -5.351079881873653150e-07 -1.605996473998361361e-09
4.000000000000000000e+00 -7.102088408610537569e-07 -2.465235891921481990e-09
5.000000000000000000e+00 -9.407638716548083237e-07 -3.762065429704205722e-09
6.000000000000000000e+00 -1.241617602136471414e-06 -5.706755427204009133e-09
7.000000000000000000e+00 -1.632341079931569020e-06 -8.605911976763442277e-09
8.000000000000000000e+00 -2.138001218432576422e-06 -1.290248661677412425e-08
9.000000000000000000e+00 -2.790230046813843152e-06 -1.923072091590252476e-08
1.000000000000000000e+01 -3.628328017426762666e-06 -2.849237714231617858e-08
1.100000000000000000e+01 -4.700524312698483940e-06 -4.196311251223883307e-08
1.200000000000000000e+01 -6.065737767768866733e-06 -6.143862392311942283e-08
1.300000000000000000e+01 -7.796171215556855000e-06 -8.943012261781879732e-08
1.400000000000000000e+01 -9.980765080979648419e-06 -1.294214254640277147e-07
1.500000000000000000e+01 -1.272908857841650102e-05 -1.862080966977780125e-07
1.600000000000000000e+01 -1.617502139150177673e-05 -2.663493320198323880e-07
1.700000000000000000e+01 -2.047989981825228979e-05 -3.787678658375877695e-07
1.800000000000000000e+01 -2.583562223974818030e-05 -5.355298361563724654e-07
1.900000000000000000e+01 -3.246898205766007492e-05 -7.528360862134290621e-07
2.000000000000000000e+01 -4.064846817646205676e-05 -1.052273377034789714e-06
2.100000000000000000e+01 -5.069360657819435448e-05 -1.462404821535373299e-06
2.200000000000000000e+01 -6.298520127156254816e-05 -2.020796152406865296e-06
2.300000000000000000e+01 -7.797393787294225212e-05 -2.776557935074525561e-06
2.400000000000000000e+01 -9.618591287725507223e-05 -3.793458634232127530e-06
2.500000000000000000e+01 -1.182265183263180806e-04 -5.153685001163509128e-06
2.600000000000000000e+01 -1.447867602293098079e-04 -6.962403987029706073e-06
2.700000000000000000e+01 -1.766559521070231950e-04 -9.353332099415609800e-06
2.800000000000000000e+01 -2.147408373773022038e-04 -1.249545262543334591e-05
2.900000000000000000e+01 -2.600857316272526653e-04 -1.660088721444099007e-05
3.000000000000000000e+01 -3.138857016392119755e-04 -2.193391596956750951e-05
3.100000000000000000e+01 -3.774884808053566711e-04 -2.882134178548434523e-05
3.200000000000000000e+01 -4.523894694145157570e-04 -3.766458630244584664e-05
3.300000000000000000e+01 -5.402314606364972197e-04 -4.895373027362812600e-05
3.400000000000000000e+01 -6.428195263430969142e-04 -6.328319665694238233e-05
3.500000000000000000e+01 -7.621501883075768469e-04 -8.136850779330069170e-05
3.600000000000000000e+01 -9.004398028985916361e-04 -1.040640325157418742e-04
3.700000000000000000e+01 -1.060132057718222434e-03 -1.323824282522296386e-04
3.800000000000000000e+01 -1.243875734392641723e-03 -1.675163807845261844e-04
3.900000000000000000e+01 -1.454485644859092276e-03 -2.108618122502961155e-04
4.000000000000000000e+01 -1.694915056412884743e-03 -2.640403638413613900e-04
4.100000000000000000e+01 -1.968261565413493598e-03 -3.289196288016477945e-04
4.200000000000000000e+01 -2.277800677913960174e-03 -4.076320962032525070e-04
4.300000000000000000e+01 -2.627012127344931225e-03 -5.025950087161301346e-04
4.400000000000000000e+01 -3.019558942488407075e-03 -6.165308090738357135e-04
4.500000000000000000e+01 -3.459208030502515518e-03 -7.524835444212925242e-04
4.600000000000000000e+01 -3.949724947405346825e-03 -9.138259067656459133e-04
4.700000000000000000e+01 -4.494798941826909366e-03 -1.104256734510734427e-03
4.800000000000000000e+01 -5.098033128960751878e-03 -1.327794489188871682e-03
4.900000000000000000e+01 -5.762979776387392415e-03 -1.588770637938439903e-03
5.000000000000000000e+01 -6.493154718211073193e-03 -1.891817941722444014e-03
5.100000000000000000e+01 -7.291969258268208610e-03 -2.241842535198275421e-03
5.200000000000000000e+01 -8.162575941945244065e-03 -2.643974628423730478e-03
5.300000000000000000e+01 -9.107693422905413852e-03 -3.103505989333811381e-03
5.400000000000000000e+01 -1.012949775438211700e-02 -3.625827310362827755e-03
5.500000000000000000e+01 -1.122961875440616278e-02 -4.216366966605085073e-03
5.600000000000000000e+01 -1.240919492679218479e-02 -4.880516649614862444e-03
5.700000000000000000e+01 -1.366888786759014665e-02 -5.623529340726755345e-03
5.800000000000000000e+01 -1.500878442267357393e-02 -6.450394386538388890e-03
5.900000000000000000e+01 -1.642820496597014596e-02 -7.365711894348509793e-03
6.000000000000000000e+01 -1.792551762016594830e-02 -8.373582242730277791e-03
6.100000000000000000e+01 -1.949806258027254185e-02 -9.477501603482044873e-03
6.200000000000000000e+01 -2.114221058694430028e-02 -1.068024046283738357e-02
6.300000000000000000e+01 -2.285347822369506246e-02 -1.198369802746747197e-02
6.400000000000000000e+01 -2.462658332083863741e-02 -1.338875443255662691e-02
6.500000000000000000e+01 -2.645537997695338733e-02 -1.489515049353732322e-02
6.600000000000000000e+01 -2.833271944821004126e-02 -1.650140077367693442e-02
6.700000000000000000e+01 -3.025035333344187199e-02 -1.820471759207983181e-02
6.800000000000000000e+01 -3.219897192142891218e-02 -2.000092492810753853e-02
6.900000000000000000e+01 -3.416837315112272733e-02 -2.188437089532201812e-02
7.000000000000000000e+01 -3.614766639744450283e-02 -2.384787042450217665e-02
7.100000000000000000e+01 -3.812540347979068156e-02 -2.588269885414230809e-02
7.200000000000000000e+01 -4.008960338483847502e-02 -2.797862540309552226e-02
7.300000000000000000e+01 -4.202773409701555940e-02 -3.012396001184941899e-02
7.400000000000000000e+01 -4.392675605594854177e-02 -3.230560436541359687e-02
7.500000000000000000e+01 -4.577328706006938974e-02 -3.450912578594853009e-02
7.600000000000000000e+01 -4.755385810481976144e-02 -3.671887811751249620e-02
7.700000000000000000e+01 -4.925516791497888680e-02 -3.891817177815809492e-02
7.800000000000000000e+01 -5.086425734785725988e-02 -4.108947226614187431e-02
7.900000000000000000e+01 -5.236859708788088597e-02 -4.321460737090338650e-02
8.000000000000000000e+01 -5.375615179344389594e-02 -4.527498349731171046e-02
8.100000000000000000e+01 -5.501549664725433053e-02 -4.725182550381749197e-02
8.200000000000000000e+01 -5.613601260916067232e-02 -4.912644720323208064e-02
8.300000000000000000e+01 -5.710811835098192346e-02 -5.088054161798143821e-02
8.400000000000000000e+01 -5.792346462241138721e-02 -5.249647177006059456e-02
8.500000000000000000e+01 -5.857504281218699205e-02 -5.395755076585786320e-02
8.600000000000000000e+01 -5.905721905493770824e-02 -5.524831218290881391e-02
8.700000000000000000e+01 -5.936574996788182568e-02 -5.635477424865503043e-02
8.800000000000000000e+01 -5.949783271605246782e-02 -5.726469345678023709e-02
8.900000000000000000e+01 -5.945219658501781079e-02 -5.796779566088011704e-02
9.000000000000000000e+01 -5.922919348546221152e-02 -5.845597321011728603e-02
9.100000000000000000e+01 -5.883082976431895650e-02 -5.872344290563159125e-02
9.200000000000000000e+01 -5.826071176349909703e-02 -5.876686403963311128e-02
9.300000000000000000e+01 -5.752392829645337768e-02 -5.858541539189648928e-02
9.400000000000000000e+01 -5.662692523672101241e-02 -5.818082792236457107e-02
9.500000000000000000e+01 -5.557741661746040673e-02 -5.755736990909322143e-02
9.600000000000000000e+01 -5.438433212629655705e-02 -5.672178348544835297e-02
9.700000000000000000e+01 -5.305775766221058898e-02 -5.568317352003077092e-02
9.800000000000000000e+01 -5.160881770261702139e-02 -5.445285070352452045e-02
9.900000000000000000e+01 -5.004948239334228166e-02 -5.304413200877765994e-02
1.000000000000000000e+02 -4.839233255989671550e-02 -5.147210418395173348e-02
1.010000000000000000e+02 -4.665034318918323542e-02 -4.975335792773918214e-02
1.020000000000000000e+02 -4.483672845860239148e-02 -4.790569984871061865e-02
1.030000000000000000e+02 -4.296484199112136915e-02 -4.594784713601480358e-02
1.040000000000000000e+02 -4.104808302225929767e-02 -4.389910946874964193e-02
1.050000000000000000e+02 -3.909975655028220809e-02 -4.177906574075707091e-02
1.060000000000000000e+02 -3.713287584623355814e-02 -3.960724687063756771e-02
1.070000000000000000e+02 -3.515994745621686679e-02 -3.740283575934407606e-02
1.080000000000000000e+02 -3.319280111036840286e-02 -3.518439057631714273e-02
1.090000000000000000e+02 -3.124250188945821086e-02 -3.296959256399922822e-02
1.100000000000000000e+02 -2.931932914246640487e-02 -3.077501947190371123e-02
1.110000000000000000e+02 -2.743276740710534969e-02 -2.861595005137437461e-02
1.120000000000000000e+02 -2.559145917174355730e-02 -2.650620785895468901e-02
1.130000000000000000e+02 -2.380311291730891760e-02 -2.445804927349948601e-02
1.140000000000000000e+02 -2.207440716122813576e-02 -2.248209331945434306e-02
1.150000000000000000e+02 -2.041094507785395917e-02 -2.058728646614262428e-02
1.160000000000000000e+02 -1.881728512063269437e-02 -1.878089784278155761e-02
1.170000000000000000e+02 -1.729702530811980804e-02 -1.706854563649387244e-02
1.180000000000000000e+02 -1.585289006590461999e-02 -1.545425688968825144e-02
1.190000000000000000e+02 -1.448677944148490937e-02 -1.394055816032886697e-02
1.200000000000000000e+02 -1.319977985016059126e-02 -1.252858838937042675e-02
1.210000000000000000e+02 -1.199217100711146185e-02 -1.121822419958849737e-02
1.220000000000000000e+02 -1.086346870554539927e-02 -1.000821246645953663e-02
1.230000000000000000e+02 -9.812516660071875924e-03 -8.896309950324556709e-03
1.240000000000000000e+02 -8.837605854287937379e-03 -7.879429853921635085e-03
1.250000000000000000e+02 -7.936583780581769887e-03 -6.953791025885383212e-03
1.260000000000000000e+02 -7.106928572297526413e-03 -6.115062416928070295e-03
1.270000000000000000e+02 -6.345791496258123068e-03 -5.358496981275370774e-03
1.280000000000000000e+02 -5.650032511587198963e-03 -4.679053788670003294e-03
1.290000000000000000e+02 -5.016272999376491723e-03 -4.071510045912581435e-03
1.300000000000000000e+02 -4.440971034298161688e-03 -3.530563770404845404e-03
1.310000000000000000e+02 -3.920504325065771178e-03 -3.050925153545913301e-03
1.320000000000000000e+02 -3.451239377432927836e-03 -2.627393778772449742e-03
1.330000000000000000e+02 -3.029575188083797298e-03 -2.254920835647172654e-03
1.340000000000000000e+02 -2.651966077466109874e-03 -1.928658133795303157e-03
1.350000000000000000e+02 -2.314938243711212561e-03 -1.643996552440978379e-03
1.360000000000000000e+02 -2.015112335864636343e-03 -1.396595351137694049e-03
1.370000000000000000e+02 -1.749233875596362120e-03 -1.182402353200456878e-03
1.380000000000000000e+02 -1.514203890830979286e-03 -9.976649698415903864e-04
1.390000000000000000e+02 -1.307100256998259321e-03 -8.389331432930350295e-04
1.400000000000000000e+02 -1.125185723423992052e-03 -7.030561894287587835e-04
1.410000000000000000e+02 -9.659059654137265843e-04 -5.871753612194546314e-04
1.420000000000000000e+02 -8.268846442500801027e-04 -4.887131174240227569e-04
1.430000000000000000e+02 -7.059206859621328708e-04 -4.053594888575645021e-04
1.440000000000000000e+02 -6.009883369321854935e-04 -3.350559988209418725e-04
1.450000000000000000e+02 -5.102369640353197379e-04 -2.759779637215840388e-04
1.460000000000000000e+02 -4.319872549154619447e-04 -2.265161279952137229e-04
1.470000000000000000e+02 -3.647227933295182304e-04 -1.852583292420333972e-04
1.480000000000000000e+02 -3.070786172233138712e-04 -1.509715144555544525e-04
1.490000000000000000e+02 -2.578293965995697009e-04 -1.225842400522268391e-04
1.500000000000000000e+02 -2.158790069752231718e-04 -9.916981945483535328e-05
1.510000000000000000e+02 -1.802516224682057565e-04 -7.993035829025144654e-05
1.520000000000000000e+02 -1.500833383266729850e-04 -6.418189280360161173e-05
1.530000000000000000e+02 -1.246133309760108206e-04 -5.134072928562321024e-05
1.540000000000000000e+02 -1.031743189780954682e-04 -4.091097204159725801e-05
1.550000000000000000e+02 -8.518284155364534488e-05 -3.247318718578608957e-05
1.560000000000000000e+02 -7.013009933579729968e-05 -2.567416329697190722e-05
1.570000000000000000e+02 -5.757380612090014048e-05 -2.021774331067443831e-05
1.580000000000000000e+02 -4.713103340517347725e-05 -1.585668896599289101e-05
1.590000000000000000e+02 -3.847174742192298259e-05 -1.238551206371675893e-05
