0.000000000000000000e+00 -1.843848255043894352e-03 -4.138890510032687818e-05
1.000000000000000000e+00 -3.089366293074982000e-04 -3.126354643839315360e-08
2.000000000000000000e+00 -2.758248179392220299e-04 -3.870495606131143502e-08
3.000000000000000000e+00 -2.883641765043580508e-04 -5.358936484295778029e-08
4.000000000000000000e+00 -3.155842503844981210e-04 -7.454456911191622172e-08
5.000000000000000000e+00 -3.514748553358452857e-04 -1.034051890284848338e-07
6.000000000000000000e+00 -3.941984956991388634e-04 -1.428561961713425247e-07
7.000000000000000000e+00 -4.430944096944269264e-04 -1.964767044573485888e-07
8.000000000000000000e+00 -4.980308926261418391e-04 -2.690142749648082106e-07
9.000000000000000000e+00 -5.592213446470432631e-04 -3.667680735240954877e-07
1.000000000000000000e+01 -6.271643375774877066e-04 -4.980487969633376810e-07
1.100000000000000000e+01 -7.026029349406784580e-04 -6.736942397594865508e-07
1.200000000000000000e+01 -7.864595690581382709e-04 -9.076594209590464667e-07
1.300000000000000000e+01 -8.797368199100733151e-04 -1.217765698017377824e-06
1.400000000000000000e+01 -9.834009196092959905e-04 -1.626738325233612142e-06
1.500000000000000000e+01 -1.098282085967320840e-03 -2.163633494845403336e-06
1.600000000000000000e+01 -1.225028795242123422e-03 -2.865646166531229951e-06
1.700000000000000000e+01 -1.364139840578208057e-03 -3.780170145374762366e-06
1.800000000000000000e+01 -1.516072756576872802e-03 -4.966973960468954317e-06
1.900000000000000000e+01 -1.681399366248234519e-03 -6.500536012936177699e-06
2.000000000000000000e+01 -1.860959090551652685e-03 -8.472876583093221149e-06
2.100000000000000000e+01 -2.055955341241293838e-03 -1.099740439371078526e-05
2.200000000000000000e+01 -2.267952459623977061e-03 -1.421412763706528780e-05
2.300000000000000000e+01 -2.498758844986112559e-03 -1.829605523543416577e-05
2.400000000000000000e+01 -2.750220161943186560e-03 -2.345607615176806848e-05
2.500000000000000000e+01 -3.023983327714928164e-03 -2.995358327192398061e-05
2.600000000000000000e+01 -3.321312151446436864e-03 -3.810088165157806967e-05
2.700000000000000000e+01 -3.643026798922539833e-03 -4.827060706121849727e-05
2.800000000000000000e+01 -3.989600721916220644e-03 -6.090599928849143251e-05
2.900000000000000000e+01 -4.361393478105074495e-03 -7.653503586752718113e-05
3.000000000000000000e+01 -4.758947112431459459e-03 -9.578726713611494196e-05
3.100000000000000000e+01 -5.183246037918590871e-03 -1.194102115946047766e-04
3.200000000000000000e+01 -5.635844806768843668e-03 -1.482823875181383611e-04
3.300000000000000000e+01 -6.118804325780977972e-03 -1.834231951639267357e-04
3.400000000000000000e+01 -6.634436891445992177e-03 -2.260040513936700270e-04
3.500000000000000000e+01 -7.184928293405584698e-03 -2.773666955011867266e-04
3.600000000000000000e+01 -7.771958081590127701e-03 -3.390507841956434546e-04
3.700000000000000000e+01 -8.396452516072855018e-03 -4.128252973705372848e-04
3.800000000000000000e+01 -9.058566153864818990e-03 -5.007127851548830036e-04
3.900000000000000000e+01 -9.757907966083327611e-03 -6.049982222926616375e-04
4.000000000000000000e+01 -1.049393775841318474e-02 -7.282254969358196300e-04
4.100000000000000000e+01 -1.126639461767284245e-02 -8.731963587906804540e-04
4.200000000000000000e+01 -1.207560408862469979e-02 -1.042987628108636711e-03
4.300000000000000000e+01 -1.292254790761791783e-02 -1.240987932822273888e-03
4.400000000000000000e+01 -1.380865711611303781e-02 -1.470934136114357112e-03
4.500000000000000000e+01 -1.473538454691198513e-02 -1.736918238466496388e-03
4.600000000000000000e+01 -1.570369695855081821e-02 -2.043350455716221904e-03
4.700000000000000000e+01 -1.671366769201087718e-02 -2.394896116959256607e-03
4.800000000000000000e+01 -1.776432362519420396e-02 -2.796427198059747189e-03
4.900000000000000000e+01 -1.885380766258042129e-02 -3.253019250139783242e-03
5.000000000000000000e+01 -1.997979528281144945e-02 -3.769982197333889961e-03
5.100000000000000000e+01 -2.114000376261359823e-02 -4.352871209269621941e-03
5.200000000000000000e+01 -2.233259762205883764e-02 -5.007421716563870487e-03
5.300000000000000000e+01 -2.355633454247887254e-02 -5.739401753973523250e-03
5.400000000000000000e+01 -2.481039337444514506e-02 -6.554440172862449968e-03
5.500000000000000000e+01 -2.609394480887707035e-02 -7.457913300513028566e-03
5.600000000000000000e+01 -2.740562688213583203e-02 -8.454925269877209409e-03
5.700000000000000000e+01 -2.874313511698462983e-02 -9.550329787735418324e-03
5.800000000000000000e+01 -3.010310510462086558e-02 -1.074868792342218576e-02
5.900000000000000000e+01 -3.148135445195514304e-02 -1.205409225477156385e-02
6.000000000000000000e+01 -3.287339972088214324e-02 -1.346989296945878649e-02
6.100000000000000000e+01 -3.427503831555726160e-02 -1.499845006034493736e-02
6.200000000000000000e+01 -3.568274571959073604e-02 -1.664102529481208820e-02
6.300000000000000000e+01 -3.709370598933703356e-02 -1.839781629495574472e-02
6.400000000000000000e+01 -3.850543989111304688e-02 -2.026801272077924376e-02
6.500000000000000000e+01 -3.991516156956377570e-02 -2.224973020630134982e-02
6.600000000000000000e+01 -4.131911846755085410e-02 -2.433978156360742245e-02
6.700000000000000000e+01 -4.271220310489470817e-02 -2.653339419703212507e-02
6.800000000000000000e+01 -4.408804804065770411e-02 -2.882404844673071634e-02
6.900000000000000000e+01 -4.543964121188667771e-02 -3.120353087996155517e-02
7.000000000000000000e+01 -4.676028382690072122e-02 -3.366213305270569084e-02
7.100000000000000000e+01 -4.804454364919335391e-02 -3.618881952196320584e-02
7.200000000000000000e+01 -4.928881449761422784e-02 -3.877123300121571720e-02
7.300000000000000000e+01 -5.049121108091021715e-02 -4.139556375771404756e-02
7.400000000000000000e+01 -5.165076957241983291e-02 -4.404644842485479217e-02
7.500000000000000000e+01 -5.276619742140170599e-02 -4.670706168859468932e-02
7.600000000000000000e+01 -5.383461644442793376e-02 -4.935942466406770951e-02
7.700000000000000000e+01 -5.485079265615113581e-02 -5.198479613421552736e-02
7.800000000000000000e+01 -5.580721516313043307e-02 -5.456396989927288915e-02
7.900000000000000000e+01 -5.669510447634873440e-02 -5.707740480539874595e-02
8.000000000000000000e+01 -5.750608534679015060e-02 -5.950527106458453064e-02
8.100000000000000000e+01 -5.823397633748139679e-02 -6.182757444468389707e-02
8.200000000000000000e+01 -5.887604760983915914e-02 -6.402445878408061231e-02
8.300000000000000000e+01 -5.943323880285870942e-02 -6.607664525460094085e-02
8.400000000000000000e+01 -5.990917411223802697e-02 -6.796586414994208736e-02
8.500000000000000000e+01 -6.030824080636278811e-02 -6.967515073101857026e-02
8.600000000000000000e+01 -6.063335484582321744e-02 -7.118898817719035432e-02
8.700000000000000000e+01 -6.088419192684558362e-02 -7.249339169908738945e-02
8.800000000000000000e+01 -6.105655009991724919e-02 -7.357605211661204236e-02
8.900000000000000000e+01 -6.114315348409510298e-02 -7.442658471617254190e-02
9.000000000000000000e+01 -6.113571303688290770e-02 -7.503682535890926486e-02
9.100000000000000000e+01 -6.102759745009384701e-02 -7.540106251699370266e-02
9.200000000000000000e+01 -6.081620918049032709e-02 -7.551612600440264778e-02
9.300000000000000000e+01 -6.050421804210983495e-02 -7.538133879964425965e-02
9.400000000000000000e+01 -6.009917157247338104e-02 -7.499841054703861032e-02
9.500000000000000000e+01 -5.961155165015624008e-02 -7.437135983976425613e-02
9.600000000000000000e+01 -5.905188622378269164e-02 -7.350649708533874005e-02
9.700000000000000000e+01 -5.842786623826966980e-02 -7.241242548573026405e-02
9.800000000000000000e+01 -5.774244326343175998e-02 -7.109997925175234879e-02
9.900000000000000000e+01 -5.699357745354453886e-02 -6.958204198775191918e-02
1.000000000000000000e+02 -5.617575984783607090e-02 -6.787325544256185561e-02
1.010000000000000000e+02 -5.528282540019756330e-02 -6.598968999103715927e-02
1.020000000000000000e+02 -5.431111607468243341e-02 -6.394855853661969569e-02
1.030000000000000000e+02 -5.326191748998779923e-02 -6.176800771108394150e-02
1.040000000000000000e+02 -5.214233388125095320e-02 -5.946695059893204738e-02
1.050000000000000000e+02 -5.096429808458093069e-02 -5.706486720001242852e-02
1.060000000000000000e+02 -4.974204353571919091e-02 -5.458152228783672011e-02
1.070000000000000000e+02 -4.848887552727779160e-02 -5.203661723505285247e-02
1.080000000000000000e+02 -4.721430343163962595e-02 -4.944944988372278888e-02
1.090000000000000000e+02 -4.592246769616284419e-02 -4.683865857332451810e-02
1.100000000000000000e+02 -4.461235961924724103e-02 -4.422207123896863823e-02
1.110000000000000000e+02 -4.327973025250578254e-02 -4.161661248724950884e-02
1.120000000000000000e+02 -4.192001915028104042e-02 -3.903819515514440203e-02
1.130000000000000000e+02 -4.053130157240031339e-02 -3.650155779662242472e-02
1.140000000000000000e+02 -3.911627130696945093e-02 -3.402007519723009715e-02
1.150000000000000000e+02 -3.768263148534550799e-02 -3.160561073677753408e-02
1.160000000000000000e+02 -3.624181898031011984e-02 -2.926846419665848908e-02
1.170000000000000000e+02 -3.480653833280810544e-02 -2.701741128783338719e-02
1.180000000000000000e+02 -3.338794654193573408e-02 -2.485977993835574232e-02
1.190000000000000000e+02 -3.199340548340529056e-02 -2.280150342454213136e-02
1.200000000000000000e+02 -3.062549655116342598e-02 -2.084713173584740870e-02
1.210000000000000000e+02 -2.928255418619268857e-02 -1.899983293169730733e-02
1.220000000000000000e+02 -2.796046806624257267e-02 -1.726143458875170622e-02
1.230000000000000000e+02 -2.665509832161879269e-02 -1.563253036010728986e-02
1.240000000000000000e+02 -2.536448107121849413e-02 -1.411263269252403460e-02
1.250000000000000000e+02 -2.409012188957285888e-02 -1.270032671258836815e-02
1.260000000000000000e+02 -2.283702327567276036e-02 -1.139339041701745159e-02
1.270000000000000000e+02 -2.161253039949668012e-02 -1.018887995128710082e-02
1.280000000000000000e+02 -2.042445204319574131e-02 -9.083206552950506482e-03
1.290000000000000000e+02 -1.927910740423056934e-02 -8.072233150458570788e-03
1.300000000000000000e+02 -1.817992201569873512e-02 -7.151396870844002780e-03
1.310000000000000000e+02 -1.712697529465227742e-02 -6.315839566799062721e-03
1.320000000000000000e+02 -1.611756957418876424e-02 -5.560521087492877219e-03
1.330000000000000000e+02 -1.514755738458161728e-02 -4.880302268919362030e-03
1.340000000000000000e+02 -1.421293977700537579e-02 -4.270003752223978932e-03
1.350000000000000000e+02 -1.331120346905011360e-02 -3.724457118050288323e-03
1.360000000000000000e+02 -1.244200085708711476e-02 -3.238560547341890264e-03
1.370000000000000000e+02 -1.160703005551985342e-02 -2.807338708864555530e-03
1.380000000000000000e+02 -1.080924253881655230e-02 -2.425997118542432430e-03
1.390000000000000000e+02 -1.005170265593707812e-02 -2.089961324200192722e-03
1.400000000000000000e+02 -9.336494675374378688e-03 -1.794898778873558164e-03
1.410000000000000000e+02 -8.664014399622534113e-03 -1.536728952701195937e-03
1.420000000000000000e+02 -8.032826721434556047e-03 -1.311629440098688315e-03
1.430000000000000000e+02 -7.440074155704834956e-03 -1.116042324482589051e-03
1.440000000000000000e+02 -6.882248778443522848e-03 -9.466799003666924103e-04
1.450000000000000000e+02 -6.356045232236502002e-03 -8.005262268918620413e-04
1.460000000000000000e+02 -5.859020507406611025e-03 -6.748321116460831047e-04
1.470000000000000000e+02 -5.389883349941663147e-03 -5.671041328889685164e-04
1.480000000000000000e+02 -4.948377625308518837e-03 -4.750904758462282584e-04
1.490000000000000000e+02 -4.534855697426275548e-03 -3.967663391033000213e-04
1.500000000000000000e+02 -4.149719049302974527e-03 -3.303200817305035450e-04
1.510000000000000000e+02 -3.792917840121305673e-03 -2.741396903650046503e-04
1.520000000000000000e+02 -3.463655816286119373e-03 -2.267986339519021560e-04
1.530000000000000000e+02 -3.160364039872043309e-03 -1.870407235749573275e-04
1.540000000000000000e+02 -2.880915375553740401e-03 -1.537644382951431537e-04
1.550000000000000000e+02 -2.622980426422472002e-03 -1.260075943623363407e-04
1.560000000000000000e+02 -2.384395243528967048e-03 -1.029330411476278112e-04
1.570000000000000000e+02 -2.163426957171428900e-03 -8.381557531851035743e-05
1.580000000000000000e+02 -1.958873776331622983e-03 -6.802988869954161870e-05
1.590000000000000000e+02 -1.769997975728871548e-03 -5.503929864408685623e-05
