0.000000000000000000e+00 -4.921729900541028859e-05 -4.921384497656415292e-05
1.000000000000000000e+00 -7.494927180651258051e-08 -1.140110758850151570e-07
2.000000000000000000e+00 -9.198582081982740983e-08 -1.365958205126880755e-07
3.000000000000000000e+00 -1.240858550465762708e-07 -1.819033659204263255e-07
4.000000000000000000e+00 -1.681262844918405639e-07 -2.437020504144769547e-07
5.000000000000000000e+00 -2.271664769949024968e-07 -3.257681363337046698e-07
6.000000000000000000e+00 -3.057854529468435047e-07 -4.339784656792841231e-07
7.000000000000000000e+00 -4.099880861020832718e-07 -5.760123142334579080e-07
8.000000000000000000e+00 -5.475075667593507126e-07 -7.616842388783666509e-07
9.000000000000000000e+00 -7.282345298243574199e-07 -1.003446384718198721e-06
1.000000000000000000e+01 -9.647568345007093070e-07 -1.317019959693824944e-06
1.100000000000000000e+01 -1.273022794556723440e-06 -1.722164718321458876e-06
1.200000000000000000e+01 -1.673145019999199724e-06 -2.243604575769443219e-06
1.300000000000000000e+01 -2.190365399614379868e-06 -2.912133533746367339e-06
1.400000000000000000e+01 -2.856209646265726005e-06 -3.765934868803171123e-06
1.500000000000000000e+01 -3.709870086041059876e-06 -4.852155215534288650e-06
1.600000000000000000e+01 -4.799860115987961271e-06 -6.228776811148507991e-06
1.700000000000000000e+01 -6.185976787526120446e-06 -7.966821902734454370e-06
1.800000000000000000e+01 -7.941594107695906413e-06 -1.015290982262140378e-05
1.900000000000000000e+01 -1.015630550267964940e-05 -1.289218585268364190e-05
2.000000000000000000e+01 -1.293895399995337265e-05 -1.631166442398352409e-05
2.100000000000000000e+01 -1.642112579120084788e-05 -2.056406886279908420e-05
2.200000000000000000e+01 -2.076120352358170213e-05 -2.583227229292600592e-05
2.300000000000000000e+01 -2.614904562470024910e-05 -3.233441396218530328e-05
2.400000000000000000e+01 -3.281128250384644188e-05 -4.032968328324557593e-05
2.500000000000000000e+01 -4.101715959269697177e-05 -5.012468692776809564e-05
2.600000000000000000e+01 -5.108488385252634513e-05 -6.208032214092057605e-05
2.700000000000000000e+01 -6.338855228231291027e-05 -7.661920025717097304e-05
2.800000000000000000e+01 -7.836585926514764077e-05 -9.423381870620352980e-05
2.900000000000000000e+01 -9.652674997989400135e-05 -1.154957126036517778e-04
3.000000000000000000e+01 -1.184629607189688751e-04 -1.410656252493847974e-04
3.100000000000000000e+01 -1.448581068391262380e-04 -1.717043994804442293e-04
3.200000000000000000e+01 -1.764979043832560969e-04 -2.082840664583286813e-04
3.300000000000000000e+01 -2.142803821339680386e-04 -2.517987418120328251e-04
3.400000000000000000e+01 -2.592263793067809048e-04 -3.033754126085830304e-04
3.500000000000000000e+01 -3.124908050603738456e-04 -3.642851460478798440e-04
3.600000000000000000e+01 -3.753747494060317926e-04 -4.359551958628420272e-04
3.700000000000000000e+01 -4.493377544453618262e-04 -5.199817727776818868e-04
3.800000000000000000e+01 -5.360090184145846872e-04 -6.181423135239559477e-04
3.900000000000000000e+01 -6.371966013663727443e-04 -7.324057148098947522e-04
4.000000000000000000e+01 -7.548947462130971590e-04 -8.649396809248916743e-04
4.100000000000000000e+01 -8.912903542673503588e-04 -1.018115693763456397e-03
4.200000000000000000e+01 -1.048769474239336563e-03 -1.194513030332569267e-03
4.300000000000000000e+01 -1.229923242443687476e-03 -1.396922719359674136e-03
4.400000000000000000e+01 -1.437551120036700434e-03 -1.628350444264009241e-03
4.500000000000000000e+01 -1.674659008875235182e-03 -1.892015559431090141e-03
4.600000000000000000e+01 -1.944451426068867722e-03 -2.191343287968184131e-03
4.700000000000000000e+01 -2.250319212247437698e-03 -2.529949293810435269e-03
4.800000000000000000e+01 -2.595825171030781073e-03 -2.911618712096965527e-03
4.900000000000000000e+01 -2.984688465989209991e-03 -3.340282915330006208e-03
5.000000000000000000e+01 -3.420765628554194460e-03 -3.819995387364171630e-03
5.100000000000000000e+01 -3.908024281431553802e-03 -4.354904240990934393e-03
5.200000000000000000e+01 -4.450507027918008431e-03 -4.949216315831065499e-03
5.300000000000000000e+01 -5.052286606466005470e-03 -5.607149078798281776e-03
5.400000000000000000e+01 -5.717416301922386736e-03 -6.332871337644286128e-03
5.500000000000000000e+01 -6.449879044319200595e-03 -7.130438463564575842e-03
5.600000000000000000e+01 -7.253534888191148951e-03 -8.003728272540332200e-03
5.700000000000000000e+01 -8.132062949723257300e-03 -8.956378922881404192e-03
5.800000000000000000e+01 -9.088893868522724892e-03 -9.991723696545421265e-03
5.900000000000000000e+01 -1.012713282955755335e-02 -1.111271504486331663e-02
6.000000000000000000e+01 -1.124947778972734853e-02 -1.232183490343493303e-02
6.100000000000000000e+01 -1.245813866389781921e-02 -1.362099729536804180e-02
6.200000000000000000e+01 -1.375475981157315078e-02 -1.501145548666137086e-02
6.300000000000000000e+01 -1.514034350402020980e-02 -1.649372340557007238e-02
6.400000000000000000e+01 -1.661517079062423477e-02 -1.806751037950109912e-02
6.500000000000000000e+01 -1.817871982985089924e-02 -1.973165758157321287e-02
6.600000000000000000e+01 -1.982958692482425511e-02 -2.148406370947607974e-02
6.700000000000000000e+01 -2.156541698232506549e-02 -2.332159944247467337e-02
6.800000000000000000e+01 -2.338284608442016410e-02 -2.524002728829211062e-02
6.900000000000000000e+01 -2.527745326283089428e-02 -2.723395123979969329e-02
7.000000000000000000e+01 -2.724371767611868250e-02 -2.929680975777708071e-02
7.100000000000000000e+01 -2.927498333308404393e-02 -3.142090109201032405e-02
7.200000000000000000e+01 -3.136344100490597031e-02 -3.359741061560428399e-02
7.300000000000000000e+01 -3.350013746357399791e-02 -3.581641463562623695e-02
7.400000000000000000e+01 -3.567501254322098803e-02 -3.806686599574696239e-02
7.500000000000000000e+01 -3.787695209896059512e-02 -4.033660224043900122e-02
7.600000000000000000e+01 -4.009384260824255808e-02 -4.261242558132728731e-02
7.700000000000000000e+01 -4.231262690563603740e-02 -4.488026995944491282e-02
7.800000000000000000e+01 -4.451938074262222489e-02 -4.712541348981172384e-02
7.900000000000000000e+01 -4.669943661391730283e-02 -4.933266023836815894e-02
8.000000000000000000e+01 -4.883756229289386297e-02 -5.148644058522658384e-02
8.100000000000000000e+01 -5.091816748652724239e-02 -5.357085614187422073e-02
8.200000000000000000e+01 -5.292549273436507329e-02 -5.556976576485353481e-02
8.300000000000000000e+01 -5.484375402510992259e-02 -5.746700740599874901e-02
8.400000000000000000e+01 -5.665726629268265369e-02 -5.924676040431135771e-02
8.500000000000000000e+01 -5.835060755311641950e-02 -6.089393542289026073e-02
8.600000000000000000e+01 -5.990887094435501381e-02 -6.239443436267161358e-02
8.700000000000000000e+01 -6.131798387436264430e-02 -6.373520596855306031e-02
8.800000000000000000e+01 -6.256500447394330866e-02 -6.490418572140183029e-02
8.900000000000000000e+01 -6.363830251033439356e-02 -6.589032058698066074e-02
9.000000000000000000e+01 -6.452761340903535869e-02 -6.668383071181656352e-02
9.100000000000000000e+01 -6.522406061908161967e-02 -6.727666583454436355e-02
9.200000000000000000e+01 -6.572027642699934669e-02 -6.766292184212810423e-02
9.300000000000000000e+01 -6.601066658603875481e-02 -6.783896303845227127e-02
9.400000000000000000e+01 -6.609171729749414859e-02 -6.780319216393043691e-02
9.500000000000000000e+01 -6.596216203211349716e-02 -6.755568179510831883e-02
9.600000000000000000e+01 -6.562289865980236447e-02 -6.709800058124568145e-02
9.700000000000000000e+01 -6.507673169082658915e-02 -6.643341341046943294e-02
9.800000000000000000e+01 -6.432815578895728637e-02 -6.556730934751189843e-02
9.900000000000000000e+01 -6.338335831797753395e-02 -6.450747870760059621e-02
1.000000000000000000e+02 -6.225041293929558378e-02 -6.326393028532828477e-02
1.010000000000000000e+02 -6.093943291323911104e-02 -6.184827844694610471e-02
1.020000000000000000e+02 -5.946243915361044269e-02 -6.027306968491698974e-02
1.030000000000000000e+02 -5.783290662536716420e-02 -5.855147083600441282e-02
1.040000000000000000e+02 -5.606521484155621571e-02 -5.669744545342313841e-02
1.050000000000000000e+02 -5.417431164827642837e-02 -5.472613331169981499e-02
1.060000000000000000e+02 -5.217571642757889983e-02 -5.265396194569019889e-02
1.070000000000000000e+02 -5.008568713251722315e-02 -5.049822155395061740e-02
1.080000000000000000e+02 -4.792121865959275001e-02 -4.827626599132504165e-02
1.090000000000000000e+02 -4.569967389736646207e-02 -4.600480805486208136e-02
1.100000000000000000e+02 -4.343816465460938886e-02 -4.369970321388259860e-02
1.110000000000000000e+02 -4.115302329024200789e-02 -4.137622420304289117e-02
1.120000000000000000e+02 -3.885963909820314838e-02 -3.904944427215238656e-02
1.130000000000000000e+02 -3.657263255647409672e-02 -3.673428318214284893e-02
1.140000000000000000e+02 -3.430606783794565989e-02 -3.444506973968691765e-02
1.150000000000000000e+02 -3.207339522491466782e-02 -3.219488119914456353e-02
1.160000000000000000e+02 -2.988707178005670095e-02 -2.999509956076040068e-02
1.170000000000000000e+02 -2.775810160167061294e-02 -2.785544450479625345e-02
1.180000000000000000e+02 -2.569581337345772792e-02 -2.578436850571776823e-02
1.190000000000000000e+02 -2.370799723966261763e-02 -2.378944330619187086e-02
1.200000000000000000e+02 -2.180123622365692099e-02 -2.187742274409183382e-02
1.210000000000000000e+02 -1.998113750414622775e-02 -2.005396388608664607e-02
1.220000000000000000e+02 -1.825229342512829644e-02 -1.832326953460105406e-02
1.230000000000000000e+02 -1.661805564553407027e-02 -1.668796067254886550e-02
1.240000000000000000e+02 -1.508036477212550130e-02 -1.514928697483585232e-02
1.250000000000000000e+02 -1.363981900779806522e-02 -1.370752202255179006e-02
1.260000000000000000e+02 -1.229596046355571799e-02 -1.236227799874088824e-02
1.270000000000000000e+02 -1.104759249577477905e-02 -1.111257932682782959e-02
1.280000000000000000e+02 -9.892946698875719133e-03 -9.956745218823032095e-03
1.290000000000000000e+02 -8.829667558547901751e-03 -8.892270230290173078e-03
1.300000000000000000e+02 -7.854734801479823850e-03 -7.915864124174130934e-03
1.310000000000000000e+02 -6.964474570407663823e-03 -7.023665847818981803e-03
1.320000000000000000e+02 -6.154714292418789201e-03 -6.211512751603352235e-03
1.330000000000000000e+02 -5.421010686157792455e-03 -5.475124447745207713e-03
1.340000000000000000e+02 -4.758831443438483674e-03 -4.810147063551561443e-03
1.350000000000000000e+02 -4.163624497342372464e-03 -4.212112882820783985e-03
1.360000000000000000e+02 -3.630803475479973258e-03 -3.676416295132165293e-03
1.370000000000000000e+02 -3.155731303469188308e-03 -3.198368330680110942e-03
1.380000000000000000e+02 -2.733762247556811246e-03 -2.773315604500461128e-03
1.390000000000000000e+02 -2.360338553718587060e-03 -2.396760306596506813e-03
1.400000000000000000e+02 -2.031090596204598864e-03 -2.064426294978597386e-03
1.410000000000000000e+02 -1.741892327342658715e-03 -1.772262994315335072e-03
1.420000000000000000e+02 -1.488863355874604950e-03 -1.516420455044911134e-03
1.430000000000000000e+02 -1.268346170796614538e-03 -1.293236380613049449e-03
1.440000000000000000e+02 -1.076893869212526165e-03 -1.099252380125987976e-03
1.450000000000000000e+02 -9.112825056501584840e-04 -9.312473146763829970e-04
1.460000000000000000e+02 -7.685362157523616166e-04 -7.862632485063586561e-04
1.470000000000000000e+02 -6.459435685738227403e-04 -6.616085187810100653e-04
1.480000000000000000e+02 -5.410531831623274258e-04 -5.548404128342740568e-04
1.490000000000000000e+02 -4.516530077168652807e-04 -4.637414216171694987e-04
1.500000000000000000e+02 -3.757465865709145518e-04 -3.863016411621562180e-04
1.510000000000000000e+02 -3.115365289350045808e-04 -3.207103925712558685e-04
1.520000000000000000e+02 -2.574160265181475987e-04 -2.653517164770794216e-04
1.530000000000000000e+02 -2.119624287123731115e-04 -2.187966827663360601e-04
1.540000000000000000e+02 -1.739268289753044723e-04 -1.797895227058413613e-04
1.550000000000000000e+02 -1.422182467903581682e-04 -1.472296822988567052e-04
1.560000000000000000e+02 -1.158853908966908902e-04 -1.201540457024032082e-04
1.570000000000000000e+02 -9.409997423927113326e-05 -9.772220071907850795e-05
1.580000000000000000e+02 -7.614347760527156756e-05 -7.920483682797878810e-05
1.590000000000000000e+02 -6.139661764081721376e-05 -6.397358452924705949e-05
