0.000000000000000000e+00 -1.422852289410350181e-04 -1.587878740208454337e-05
1.000000000000000000e+00 -5.633603803733689853e-07 -1.284638719359991446e-09
2.000000000000000000e+00 -6.288312183569720544e-07 -1.827072878199816746e-09
3.000000000000000000e+00 -8.114363662094940830e-07 -2.728404102036767517e-09
4.000000000000000000e+00 -1.060269040690082575e-06 -4.063224915626489257e-09
5.000000000000000000e+00 -1.385658635727936416e-06 -6.019747483301424612e-09
6.000000000000000000e+00 -1.807596664430028074e-06 -8.869996278309980828e-09
7.000000000000000000e+00 -2.351712199646420144e-06 -1.299865211337119203e-08
8.000000000000000000e+00 -3.049242721103733402e-06 -1.894599045382901655e-08
9.000000000000000000e+00 -3.938306391587560547e-06 -2.746603550478115586e-08
1.000000000000000000e+01 -5.066379058562584407e-06 -3.960417816498231035e-08
1.100000000000000000e+01 -6.493684993451472224e-06 -5.680046865626926513e-08
1.200000000000000000e+01 -8.296671245995757845e-06 -8.102699933425136176e-08
1.300000000000000000e+01 -1.057056592920409897e-05 -1.149696449392408568e-07
1.400000000000000000e+01 -1.343062658960620157e-05 -1.622656662387236214e-07
1.500000000000000000e+01 -1.701295738165983939e-05 -2.278103316096513114e-07
1.600000000000000000e+01 -2.147697303838705951e-05 -3.181495162936499823e-07
1.700000000000000000e+01 -2.701167941986115390e-05 -4.419815673500375411e-07
1.800000000000000000e+01 -3.384633337042900733e-05 -6.107981024996461411e-07
1.900000000000000000e+01 -4.226329529136224280e-05 -8.396964100386889533e-07
2.000000000000000000e+01 -5.260876499181477617e-05 -1.148395900646045624e-06
2.100000000000000000e+01 -6.529763193261711003e-05 -1.562493430576046314e-06
2.200000000000000000e+01 -8.081257237650721857e-05 -2.115003492173309334e-06
2.300000000000000000e+01 -9.970298612714821639e-05 -2.848246758571967147e-06
2.400000000000000000e+01 -1.225925519656416039e-04 -3.816161320901056991e-06
2.500000000000000000e+01 -1.502015710162780244e-04 -5.087104421487673940e-06
2.600000000000000000e+01 -1.833816704533464169e-04 -6.747196678486257455e-06
2.700000000000000000e+01 -2.231504949971141016e-04 -8.904260971343325756e-06
2.800000000000000000e+01 -2.707102573390724842e-04 -1.169243894142954372e-05
2.900000000000000000e+01 -3.274417425911629160e-04 -1.527760613159256939e-05
3.000000000000000000e+01 -3.948824266629346290e-04 -1.986370392033250776e-05
3.100000000000000000e+01 -4.747133443567359769e-04 -2.570004480234276554e-05
3.200000000000000000e+01 -5.687810965516520642e-04 -3.308957911656853698e-05
3.300000000000000000e+01 -6.791627191047546657e-04 -4.239811700934594777e-05
3.400000000000000000e+01 -8.082501460474725589e-04 -5.406458885847766126e-05
3.500000000000000000e+01 -9.588083207070388463e-04 -6.861249280139695224e-05
3.600000000000000000e+01 -1.133967107239314698e-03 -8.666259133548592645e-05
3.700000000000000000e+01 -1.337145726480643308e-03 -1.089466983352996180e-04
3.800000000000000000e+01 -1.571958577865101726e-03 -1.363222420332776974e-04
3.900000000000000000e+01 -1.842177136747968815e-03 -1.697873798627749353e-04
4.000000000000000000e+01 -2.151797323958154137e-03 -2.104966914028905730e-04
4.100000000000000000e+01 -2.505191240418022224e-03 -2.597775505524480217e-04
4.200000000000000000e+01 -2.907249455185945998e-03 -3.191469514268112742e-04
4.300000000000000000e+01 -3.363400917220361625e-03 -3.903280538173692425e-04
4.400000000000000000e+01 -3.879459541088862550e-03 -4.752655465434853254e-04
4.500000000000000000e+01 -4.461360650822051785e-03 -5.761393424422857172e-04
4.600000000000000000e+01 -5.114941295796269008e-03 -6.953766837397027051e-04
4.700000000000000000e+01 -5.845911891327771649e-03 -8.356627113880341290e-04
4.800000000000000000e+01 -6.660047240913372253e-03 -9.999487553056694237e-04
4.900000000000000000e+01 -7.563460725666082927e-03 -1.191456786665317114e-03
5.000000000000000000e+01 -8.562732331580471395e-03 -1.413678604301856628e-03
5.100000000000000000e+01 -9.664722543335316565e-03 -1.670369425314314473e-03
5.200000000000000000e+01 -1.087610062319977096e-02 -1.965536463251000426e-03
5.300000000000000000e+01 -1.220282325602308621e-02 -2.303422672415892779e-03
5.400000000000000000e+01 -1.364986568271576300e-02 -2.688484397810721530e-03
5.500000000000000000e+01 -1.522136157590571817e-02 -3.125360802201670313e-03
5.600000000000000000e+01 -1.692102735617663500e-02 -3.618833837488645826e-03
5.700000000000000000e+01 -1.875252096421081704e-02 -4.173779466020413956e-03
5.800000000000000000e+01 -2.071938792588012140e-02 -4.795111787572952505e-03
5.900000000000000000e+01 -2.282450371345586676e-02 -5.487720608483500316e-03
6.000000000000000000e+01 -2.506927222550349790e-02 -6.256401057959538187e-03
6.100000000000000000e+01 -2.745304126432000086e-02 -7.105773456219759143e-03
6.200000000000000000e+01 -2.997308688671330296e-02 -8.040193544890333541e-03
6.300000000000000000e+01 -3.262514954832727160e-02 -9.063655588697427934e-03
6.400000000000000000e+01 -3.540412067868368290e-02 -1.017969129140131046e-02
6.500000000000000000e+01 -3.830435400876325280e-02 -1.139126563948287575e-02
6.600000000000000000e+01 -4.131931717496164364e-02 -1.270066897296727101e-02
6.700000000000000000e+01 -4.444075537198756420e-02 -1.410940508949281441e-02
6.800000000000000000e+01 -4.765789916327415471e-02 -1.561807771226652458e-02
6.900000000000000000e+01 -5.095725486245440000e-02 -1.722627962232056026e-02
7.000000000000000000e+01 -5.432314886950554561e-02 -1.893248827544083412e-02
7.100000000000000000e+01 -5.773870151096920783e-02 -2.073396971434141728e-02
7.200000000000000000e+01 -6.118662404094633855e-02 -2.262669163066558659e-02
7.300000000000000000e+01 -6.464936265476603494e-02 -2.460524771654288081e-02
7.400000000000000000e+01 -6.810856857146865839e-02 -2.666279741907086331e-02
7.500000000000000000e+01 -7.154434295566416968e-02 -2.879102553046829910e-02
7.600000000000000000e+01 -7.493487030613876776e-02 -3.098012445623792022e-02
7.700000000000000000e+01 -7.825680408925883569e-02 -3.321880061465837947e-02
7.800000000000000000e+01 -8.148627787716922199e-02 -3.549430696708948119e-02
7.900000000000000000e+01 -8.460001851208986956e-02 -3.779250509838467942e-02
8.000000000000000000e+01 -8.757599575247253243e-02 -4.009795982771433009e-02
8.100000000000000000e+01 -9.039336922700219601e-02 -4.239406628148469774e-02
8.200000000000000000e+01 -9.303195927351430583e-02 -4.466320658966039386e-02
8.300000000000000000e+01 -9.547176515445053580e-02 -4.688693430843158400e-02
8.400000000000000000e+01 -9.769299894222002734e-02 -4.904618847146117316e-02
8.500000000000000000e+01 -9.967675004608894662e-02 -5.112154030084639644e-02
8.600000000000000000e+01 -1.014059865036600894e-01 -5.309346992080683780e-02
8.700000000000000000e+01 -1.028663960385849535e-01 -5.494266152672099002e-02
8.800000000000000000e+01 -1.040466846332177980e-01 -5.665030284930155230e-02
8.900000000000000000e+01 -1.049382902005561446e-01 -5.819838320649021318e-02
9.000000000000000000e+01 -1.055348115077663351e-01 -5.956999594854200941e-02
9.100000000000000000e+01 -1.058315902536985237e-01 -6.074965091424811697e-02
9.200000000000000000e+01 -1.058257476823536991e-01 -6.172358615941479082e-02
9.300000000000000000e+01 -1.055166665137756699e-01 -6.248005080792953803e-02
9.400000000000000000e+01 -1.049066209813089151e-01 -6.300953394848460287e-02
9.500000000000000000e+01 -1.040011617715493469e-01 -6.330494046053297685e-02
9.600000000000000000e+01 -1.028090052202163401e-01 -6.336173813552550826e-02
9.700000000000000000e+01 -1.013414626769572335e-01 -6.317809261337505033e-02
9.800000000000000000e+01 -9.961170161245393173e-02 -6.275497038753186096e-02
9.900000000000000000e+01 -9.763420356104354769e-02 -6.209616438125706989e-02
1.000000000000000000e+02 -9.542463668473211147e-02 -6.120821652299030663e-02
1.010000000000000000e+02 -9.300008733949699513e-02 -6.010026454211168240e-02
1.020000000000000000e+02 -9.037936436121747630e-02 -5.878387078588164644e-02
1.030000000000000000e+02 -8.758304227063910818e-02 -5.727286069915526329e-02
1.040000000000000000e+02 -8.463307206766601531e-02 -5.558313526166224622e-02
1.050000000000000000e+02 -8.155205692448096177e-02 -5.373239644677745702e-02
1.060000000000000000e+02 -7.836249466150876919e-02 -5.173977392827656258e-02
1.070000000000000000e+02 -7.508630109688864407e-02 -4.962541800324450636e-02
1.080000000000000000e+02 -7.174474433584411559e-02 -4.741014312000901149e-02
1.090000000000000000e+02 -6.835866178977596797e-02 -4.511514115086018295e-02
1.100000000000000000e+02 -6.494866634274645834e-02 -4.276170146657504167e-02
1.110000000000000000e+02 -6.153507862929277067e-02 -4.037086813444603489e-02
1.120000000000000000e+02 -5.813752169667115582e-02 -3.796304479421314104e-02
1.130000000000000000e+02 -5.477434611039325857e-02 -3.555763787567603473e-02
1.140000000000000000e+02 -5.146216583788564003e-02 -3.317281807265740068e-02
1.150000000000000000e+02 -4.821571148729354717e-02 -3.082538719133284116e-02
1.160000000000000000e+02 -4.504800646689918753e-02 -2.853066331421748661e-02
1.170000000000000000e+02 -4.197068168723529918e-02 -2.630232188157098638e-02
1.180000000000000000e+02 -3.899418735301662248e-02 -2.415222386399645815e-02
1.190000000000000000e+02 -3.612776235137307723e-02 -2.209031949920635396e-02
1.200000000000000000e+02 -3.337920303739552036e-02 -2.012467505787957078e-02
1.210000000000000000e+02 -3.075460928204936870e-02 -1.826157864156002786e-02
1.220000000000000000e+02 -2.825829300502475522e-02 -1.650563914524136311e-02
1.230000000000000000e+02 -2.589292164854033532e-02 -1.485984044676087051e-02
1.240000000000000000e+02 -2.365982177188297869e-02 -1.332559172694854598e-02
1.250000000000000000e+02 -2.155928449171448311e-02 -1.190283817707952357e-02
1.260000000000000000e+02 -1.959074035651601695e-02 -1.059024538480624056e-02
1.270000000000000000e+02 -1.775277584204588630e-02 -9.385407140357324846e-03
1.280000000000000000e+02 -1.604306979621360554e-02 -8.285017896301779747e-03
1.290000000000000000e+02 -1.445836827409488663e-02 -7.284999170608787850e-03
1.300000000000000000e+02 -1.299457470546049563e-02 -6.380616614303506046e-03
1.310000000000000000e+02 -1.164694808104384596e-02 -5.566623528042127095e-03
1.320000000000000000e+02 -1.041033484520644675e-02 -4.837426951395894931e-03
1.330000000000000000e+02 -9.279349810266809481e-03 -4.187241530038968845e-03
1.340000000000000000e+02 -8.248464626013515821e-03 -3.610204111810293333e-03
1.350000000000000000e+02 -7.312022810084347312e-03 -3.100453594956134248e-03
1.360000000000000000e+02 -6.464237371890505651e-03 -2.652200206946828988e-03
1.370000000000000000e+02 -5.699222182819855057e-03 -2.259799814764590700e-03
1.380000000000000000e+02 -5.011072742567827636e-03 -1.917827287609022522e-03
1.390000000000000000e+02 -4.393974024935579786e-03 -1.621132796778726503e-03
1.400000000000000000e+02 -3.842296641221714867e-03 -1.364873506515948062e-03
1.410000000000000000e+02 -3.350653286977850649e-03 -1.144527536113370929e-03
1.420000000000000000e+02 -2.913912972845303720e-03 -9.559021199352761306e-04
1.430000000000000000e+02 -2.527192072268589704e-03 -7.951414125778320015e-04
1.440000000000000000e+02 -2.185846597681579545e-03 -6.587308218440109803e-04
1.450000000000000000e+02 -1.885479872811384816e-03 -5.434927690872360826e-04
1.460000000000000000e+02 -1.621963847369839147e-03 -4.465732022210850598e-04
1.470000000000000000e+02 -1.391461698381112576e-03 -3.654228500159994401e-04
1.480000000000000000e+02 -1.190439141582312448e-03 -2.977776414383100111e-04
1.490000000000000000e+02 -1.015659533057869900e-03 -2.416398207403539162e-04
1.500000000000000000e+02 -8.641667493889650326e-04 -1.952587352519930442e-04
1.510000000000000000e+02 -7.332643354093585633e-04 -1.571101543075366564e-04
1.520000000000000000e+02 -6.204979926535854340e-04 -1.258744380665081388e-04
1.530000000000000000e+02 -5.236435867451631580e-04 -1.004149400132876320e-04
1.540000000000000000e+02 -4.406983197217194241e-04 -7.975781494392526522e-05
1.550000000000000000e+02 -3.698710821265362809e-04 -6.307351102535499129e-05
1.560000000000000000e+02 -3.095693650512011718e-04 -4.965963033403617406e-05
1.570000000000000000e+02 -2.583827659390090293e-04 -3.892488046480605272e-05
1.580000000000000000e+02 -2.150651030501582656e-04 -3.037417076618059559e-05
1.590000000000000000e+02 -1.785174850454900725e-04 -2.359508530783938573e-05
