0.000000000000000000e+00 -2.397368817492315685e-04 -3.780690286889068020e-04
1.000000000000000000e+00 -1.187014779790628558e-06 -1.194745697352545779e-05
2.000000000000000000e+00 -1.286781094850104855e-06 -1.163179202790267215e-05
3.000000000000000000e+00 -1.618637643642275776e-06 -1.366403968979265622e-05
4.000000000000000000e+00 -2.065118633811948495e-06 -1.655594764182920087e-05
5.000000000000000000e+00 -2.634470982147771588e-06 -2.019289780901753552e-05
6.000000000000000000e+00 -3.351985066939161845e-06 -2.463059627869769889e-05
7.000000000000000000e+00 -4.252914817049018896e-06 -2.997049550600454351e-05
8.000000000000000000e+00 -5.382554180832386214e-06 -3.634155547808499379e-05
9.000000000000000000e+00 -6.796606306144839323e-06 -4.390896094692500621e-05
1.000000000000000000e+01 -8.561068451744601341e-06 -5.289010424299986254e-05
1.100000000000000000e+01 -1.075236352666553475e-05 -6.356590582636575774e-05
1.200000000000000000e+01 -1.345908403069059645e-05 -7.627910575957601606e-05
1.300000000000000000e+01 -1.678639061328980942e-05 -9.141760023696821112e-05
1.400000000000000000e+01 -2.086280306163771454e-05 -1.093898566550476179e-04
1.500000000000000000e+01 -2.584746191769325845e-05 -1.306070537528154090e-04
1.600000000000000000e+01 -3.193507504634455747e-05 -1.554878410291842808e-04
1.700000000000000000e+01 -3.935670436055761215e-05 -1.844935642053927298e-04
1.800000000000000000e+01 -4.837730840993493425e-05 -2.181864390805667063e-04
1.900000000000000000e+01 -5.929414172082960957e-05 -2.572875617779043925e-04
2.000000000000000000e+01 -7.244144277066962251e-05 -3.027049612626824568e-04
2.100000000000000000e+01 -8.820457790799394527e-05 -3.555105739795509710e-04
2.200000000000000000e+01 -1.070413063909781207e-04 -4.168685746852290180e-04
2.300000000000000000e+01 -1.295020796839352123e-04 -4.879466802075686630e-04
2.400000000000000000e+01 -1.562395631754203535e-04 -5.698611547697678137e-04
2.500000000000000000e+01 -1.880025821394547443e-04 -6.637006422946451281e-04
2.600000000000000000e+01 -2.256199618144491667e-04 -7.706399924558612457e-04
2.700000000000000000e+01 -2.699892967187286818e-04 -8.921058937998633566e-04
2.800000000000000000e+01 -3.220871469631359776e-04 -1.029916680119786088e-03
2.900000000000000000e+01 -3.830067994260187353e-04 -1.186314129296742311e-03
3.000000000000000000e+01 -4.540115470962464398e-04 -1.363846118515099149e-03
3.100000000000000000e+01 -5.365765794837642306e-04 -1.565133344828557871e-03
3.200000000000000000e+01 -6.323930347188326008e-04 -1.792626561887449618e-03
3.300000000000000000e+01 -7.433275354910419234e-04 -2.048489794737000293e-03
3.400000000000000000e+01 -8.713604087796325993e-04 -2.334701900134710916e-03
3.500000000000000000e+01 -1.018546629797068177e-03 -2.653363048266590973e-03
3.600000000000000000e+01 -1.187037699827748647e-03 -3.007073373789069873e-03
3.700000000000000000e+01 -1.379167499327989916e-03 -3.399183957686222491e-03
3.800000000000000000e+01 -1.597558959836051142e-03 -3.833752280673604750e-03
3.900000000000000000e+01 -1.845182151809867960e-03 -4.315165390355087810e-03
4.000000000000000000e+01 -2.125311669765087095e-03 -4.847570112652239797e-03
4.100000000000000000e+01 -2.441389135470117301e-03 -5.434380337461373021e-03
4.200000000000000000e+01 -2.796862420525375592e-03 -6.078133063419207706e-03
4.300000000000000000e+01 -3.195101486722729065e-03 -6.780813038886264986e-03
4.400000000000000000e+01 -3.639453724147569125e-03 -7.544523019904148670e-03
4.500000000000000000e+01 -4.133412916663859772e-03 -8.372167792708801182e-03
4.600000000000000000e+01 -4.680789139436836513e-03 -9.267765581225148597e-03
4.700000000000000000e+01 -5.285744098172426991e-03 -1.023614897041170285e-02
4.800000000000000000e+01 -5.952624452873542596e-03 -1.128211473800657533e-02
4.900000000000000000e+01 -6.685651227819289395e-03 -1.240938684421396578e-02
5.000000000000000000e+01 -7.488627650532186583e-03 -1.361990213498531430e-02
5.100000000000000000e+01 -8.364834814883946590e-03 -1.491381071526871188e-02
5.200000000000000000e+01 -9.317175512140816324e-03 -1.629023650851938246e-02
5.300000000000000000e+01 -1.034846183066695860e-02 -1.774843894203709249e-02
5.400000000000000000e+01 -1.146162964558245477e-02 -1.928877190510490391e-02
5.500000000000000000e+01 -1.265968707585421460e-02 -2.091289431684426048e-02
5.600000000000000000e+01 -1.394536246863146110e-02 -2.262303816520301603e-02
5.700000000000000000e+01 -1.532061550092006855e-02 -2.442062222468968993e-02
5.800000000000000000e+01 -1.678628120569092969e-02 -2.630486776878518743e-02
5.900000000000000000e+01 -1.834205007503204518e-02 -2.827211758045451717e-02
6.000000000000000000e+01 -1.998677847120029424e-02 -3.031623115401462648e-02
6.100000000000000000e+01 -2.171890431474038027e-02 -3.242988451377340486e-02
6.200000000000000000e+01 -2.353666237413364407e-02 -3.460612964463246483e-02
6.300000000000000000e+01 -2.543791415508491957e-02 -3.683941959286851642e-02
6.400000000000000000e+01 -2.741965821625919411e-02 -3.912556257309197927e-02
6.500000000000000000e+01 -2.947750548474758342e-02 -4.146060635296631991e-02
6.600000000000000000e+01 -3.160544278490911435e-02 -4.383920437751085558e-02
6.700000000000000000e+01 -3.379603321467344879e-02 -4.625329293142418918e-02
6.800000000000000000e+01 -3.604092467031181496e-02 -4.869175967671195149e-02
6.900000000000000000e+01 -3.833134187697731510e-02 -5.114128080172573865e-02
7.000000000000000000e+01 -4.065825506442997256e-02 -5.358791649163151261e-02
7.100000000000000000e+01 -4.301213903631754404e-02 -5.601869246237923400e-02
7.200000000000000000e+01 -4.538251339394921285e-02 -5.842243328175914657e-02
7.300000000000000000e+01 -4.775760443372208119e-02 -6.078951142045231626e-02
7.400000000000000000e+01 -5.012439276055984799e-02 -6.311072197203305978e-02
7.500000000000000000e+01 -5.246906055570553506e-02 -6.537591236203603440e-02
7.600000000000000000e+01 -5.477759829810111003e-02 -6.757308361309441458e-02
7.700000000000000000e+01 -5.703624244764195217e-02 -6.968840468596726456e-02
7.800000000000000000e+01 -5.923154673729542907e-02 -7.170710865956098079e-02
7.900000000000000000e+01 -6.135014505214590741e-02 -7.361482796840897180e-02
8.000000000000000000e+01 -6.337846910359601349e-02 -7.539877226400774901e-02
8.100000000000000000e+01 -6.530270443831519278e-02 -7.704829418564096422e-02
8.200000000000000000e+01 -6.710909691510591468e-02 -7.855471690349528913e-02
8.300000000000000000e+01 -6.878448159680822238e-02 -7.991063741748469229e-02
8.400000000000000000e+01 -7.031676277814766229e-02 -8.110911486563980588e-02
8.500000000000000000e+01 -7.169512036516800801e-02 -8.214313357290950468e-02
8.600000000000000000e+01 -7.290991300024249333e-02 -8.300554187226023839e-02
8.700000000000000000e+01 -7.395245222292934351e-02 -8.368943462413404311e-02
8.800000000000000000e+01 -7.481489529121192195e-02 -8.418878704859934781e-02
8.900000000000000000e+01 -7.549040212970026253e-02 -8.449910280663527895e-02
9.000000000000000000e+01 -7.597350105222519523e-02 -8.461788271692706476e-02
9.100000000000000000e+01 -7.626045138371440046e-02 -8.454480298884142764e-02
9.200000000000000000e+01 -7.634938706827730515e-02 -8.428157859828235010e-02
9.300000000000000000e+01 -7.624017251296913433e-02 -8.383156323823143241e-02
9.400000000000000000e+01 -7.593409394971809001e-02 -8.319919946350951001e-02
9.500000000000000000e+01 -7.543361205188638119e-02 -8.238948058958245335e-02
9.600000000000000000e+01 -7.474234461706527610e-02 -8.140760611653229117e-02
9.700000000000000000e+01 -7.386527292351389995e-02 -8.025897509930433882e-02
9.800000000000000000e+01 -7.280899449805516843e-02 -7.894954694659439554e-02
9.900000000000000000e+01 -7.158179764228578268e-02 -7.748643364936080857e-02
1.000000000000000000e+02 -7.019344231418503388e-02 -7.587844955336829622e-02
1.010000000000000000e+02 -6.865472277015999270e-02 -7.413631991188170123e-02
1.020000000000000000e+02 -6.697702919352255257e-02 -7.227237290660047664e-02
1.030000000000000000e+02 -6.517212186661761053e-02 -7.029976889599892642e-02
1.040000000000000000e+02 -6.325218459848855335e-02 -6.823155009542190841e-02
1.050000000000000000e+02 -6.123003293112264794e-02 -6.607990433570792854e-02
1.060000000000000000e+02 -5.911924552409820316e-02 -6.385595664050533471e-02
1.070000000000000000e+02 -5.693403550236977861e-02 -6.157015616399919011e-02
1.080000000000000000e+02 -5.468884939020567798e-02 -5.923303203212840207e-02
1.090000000000000000e+02 -5.239786044912080054e-02 -5.685590306103940894e-02
1.100000000000000000e+02 -5.007459290381041650e-02 -5.445114532925644096e-02
1.110000000000000000e+02 -4.773182992332369867e-02 -5.203184144125577032e-02
1.120000000000000000e+02 -4.538177872482000025e-02 -4.961094440655931803e-02
1.130000000000000000e+02 -4.303630920151185757e-02 -4.720033019718299777e-02
1.140000000000000000e+02 -4.070704841699148563e-02 -4.481016457493441213e-02
1.150000000000000000e+02 -3.840521964447023151e-02 -4.244884791898336646e-02
1.160000000000000000e+02 -3.614128768127713998e-02 -4.012351292529698493e-02
1.170000000000000000e+02 -3.392459865865204288e-02 -3.784078456520807709e-02
1.180000000000000000e+02 -3.176320451515449172e-02 -3.560740304291022673e-02
1.190000000000000000e+02 -2.966394521026036873e-02 -3.343040543457183322e-02
1.200000000000000000e+02 -2.763270629892447885e-02 -3.131680054648487699e-02
1.210000000000000000e+02 -2.567467543604078084e-02 -2.927292596326550034e-02
1.220000000000000000e+02 -2.379444292398884622e-02 -2.730381931911953636e-02
1.230000000000000000e+02 -2.199590614706889782e-02 -2.541290542250811135e-02
1.240000000000000000e+02 -2.028206675512956442e-02 -2.360212582615523955e-02
1.250000000000000000e+02 -1.865487174361931191e-02 -2.187241621079036649e-02
1.260000000000000000e+02 -1.711521300496962605e-02 -2.022428259565015735e-02
1.270000000000000000e+02 -1.566309674852345984e-02 -1.865820913602844744e-02
1.280000000000000000e+02 -1.429789448458236578e-02 -1.717474264212435001e-02
1.290000000000000000e+02 -1.301855141698115767e-02 -1.577427245901506792e-02
1.300000000000000000e+02 -1.182367044705168874e-02 -1.445666763579049607e-02
1.310000000000000000e+02 -1.071147540591475822e-02 -1.322098101316908011e-02
1.320000000000000000e+02 -9.679728594432630145e-03 -1.206537123127945747e-02
1.330000000000000000e+02 -8.725694122502378886e-03 -1.098727076246303752e-02
1.340000000000000000e+02 -7.846197748585352627e-03 -9.983708529976506249e-03
1.350000000000000000e+02 -7.037768644909687954e-03 -9.051636357574617542e-03
1.360000000000000000e+02 -6.296801402886431122e-03 -8.188129086265996670e-03
1.370000000000000000e+02 -5.619672885261175165e-03 -7.390406754769003779e-03
1.380000000000000000e+02 -5.002783510235558895e-03 -6.655717267073636007e-03
1.390000000000000000e+02 -4.442539201626080972e-03 -5.981175012472760705e-03
1.400000000000000000e+02 -3.935319147790159074e-03 -5.363653666784914086e-03
1.410000000000000000e+02 -3.477471899717193317e-03 -4.799787917166082468e-03
1.420000000000000000e+02 -3.065355535324843991e-03 -4.286077569032833122e-03
1.430000000000000000e+02 -2.695406854496327012e-03 -3.819040291115855489e-03
1.440000000000000000e+02 -2.364208551042442600e-03 -3.395345695912356954e-03
1.450000000000000000e+02 -2.068528430808614510e-03 -3.011883600899804662e-03
1.460000000000000000e+02 -1.805323778584007766e-03 -2.665757269172279020e-03
1.470000000000000000e+02 -1.571723070230732818e-03 -2.354227017621143229e-03
1.480000000000000000e+02 -1.365005408417876639e-03 -2.074645519553182122e-03
1.490000000000000000e+02 -1.182593037328042579e-03 -1.824419984610297241e-03
1.500000000000000000e+02 -1.022059898616737303e-03 -1.601015658118277877e-03
1.510000000000000000e+02 -8.811481812311538911e-04 -1.401992357110743662e-03
1.520000000000000000e+02 -7.577811170325329847e-04 -1.225051879429149299e-03
1.530000000000000000e+02 -6.500642256615355753e-04 -1.068073483635119262e-03
1.540000000000000000e+02 -5.562747124462138343e-04 -9.291245371388093732e-04
1.550000000000000000e+02 -4.748446589189870095e-04 -8.064469031341279723e-04
1.560000000000000000e+02 -4.043450693200512373e-04 -6.984297159423549653e-04
1.570000000000000000e+02 -3.434751051881135232e-04 -6.035821513654970362e-04
1.580000000000000000e+02 -2.910565598166219188e-04 -5.205160554498384617e-04
1.590000000000000000e+02 -2.460305780219778304e-04 -4.479411870439939944e-04
