0.000000000000000000e+00 -4.187886827590741879e-06 -4.061840380529287679e-05
1.000000000000000000e+00 -6.905333168071581052e-10 -9.294788800709679632e-08
2.000000000000000000e+00 -1.001891496772981905e-09 -1.122300011197548516e-07
3.000000000000000000e+00 -1.543376843009191133e-09 -1.518176826036237638e-07
4.000000000000000000e+00 -2.369772237054927475e-09 -2.064430242903571492e-07
5.000000000000000000e+00 -3.618480921014806333e-09 -2.800192273045391989e-07
6.000000000000000000e+00 -5.493277703411027289e-09 -3.784645527999432199e-07
7.000000000000000000e+00 -8.291604313264658701e-09 -5.095903942995251957e-07
8.000000000000000000e+00 -1.244480087713667261e-08 -6.835139325958459952e-07
9.000000000000000000e+00 -1.857376412410567491e-08 -9.132503912375520220e-07
1.000000000000000000e+01 -2.756534249186293232e-08 -1.215469262322578880e-06
1.100000000000000000e+01 -4.067780070831745626e-08 -1.611437639242524373e-06
1.200000000000000000e+01 -5.968681283703961615e-08 -2.128179856461240776e-06
1.300000000000000000e+01 -8.708539723917746037e-08 -2.799884501649950480e-06
1.400000000000000000e+01 -1.263523941168057296e-07 -3.669594264721713505e-06
1.500000000000000000e+01 -1.823075795944835643e-07 -4.791224205382357024e-06
1.600000000000000000e+01 -2.615803662883291629e-07 -6.231971118402543360e-06
1.700000000000000000e+01 -3.732315660443987445e-07 -8.075197962728776361e-06
1.800000000000000000e+01 -5.295768773810009867e-07 -1.042389312050098513e-05
1.900000000000000000e+01 -7.472619428486646895e-07 -1.340479989802337326e-05
2.000000000000000000e+01 -1.048639080427511395e-06 -1.717327897440545576e-05
2.100000000000000000e+01 -1.463510980082501077e-06 -2.191892030695873211e-05
2.200000000000000000e+01 -2.031342073139134035e-06 -2.787190366859981376e-05
2.300000000000000000e+01 -2.804073010808515926e-06 -3.531016283891337976e-05
2.400000000000000000e+01 -3.849676462738172401e-06 -4.456753386106885245e-05
2.500000000000000000e+01 -5.256564525229726933e-06 -5.604317774755321980e-05
2.600000000000000000e+01 -7.138951636204259523e-06 -7.021253197205574602e-05
2.700000000000000000e+01 -9.643343619901291764e-06 -8.763979980150725531e-05
2.800000000000000000e+01 -1.295643075167346193e-05 -1.089916487352384622e-04
2.900000000000000000e+01 -1.731469193019477158e-05 -1.350516391774674561e-04
3.000000000000000000e+01 -2.301589653809110018e-05 -1.667351796494589327e-04
3.100000000000000000e+01 -3.043253401603915510e-05 -2.051054234687044338e-04
3.200000000000000000e+01 -4.002723573210774496e-05 -2.513909972119292334e-04
3.300000000000000000e+01 -5.237052890667104565e-05 -3.070061926204415911e-04
3.400000000000000000e+01 -6.816146990706550249e-05 -3.735731278775456660e-04
3.500000000000000000e+01 -8.825145104704212916e-05 -4.529440696899770342e-04
3.600000000000000000e+01 -1.136708341827995109e-04 -5.472217674425560894e-04
3.700000000000000000e+01 -1.456577065274898249e-04 -6.587769628458139525e-04
3.800000000000000000e+01 -1.856885416172465372e-04 -7.902645119220140513e-04
3.900000000000000000e+01 -2.355114391238513649e-04 -9.446408759156961574e-04
4.000000000000000000e+01 -2.971826317763352960e-04 -1.125184399694224326e-03
4.100000000000000000e+01 -3.731054566617139634e-04 -1.335516072167404348e-03
4.200000000000000000e+01 -4.660692271684749484e-04 -1.579615037185762858e-03
4.300000000000000000e+01 -5.792855474319311875e-04 -1.861823291858045190e-03
4.400000000000000000e+01 -7.164219436548315391e-04 -2.186838684253574784e-03
4.500000000000000000e+01 -8.816345987485619705e-04 -2.559701411451795108e-03
4.600000000000000000e+01 -1.079600374786549239e-03 -2.985781393358890885e-03
4.700000000000000000e+01 -1.315543822773530477e-03 -3.470769034110232285e-03
4.800000000000000000e+01 -1.595252352054959749e-03 -4.020662636911712107e-03
4.900000000000000000e+01 -1.925076021930023076e-03 -4.641739565197203037e-03
5.000000000000000000e+01 -2.311914825090967754e-03 -5.340501613816135175e-03
5.100000000000000000e+01 -2.763198201870786710e-03 -6.123597188547121213e-03
5.200000000000000000e+01 -3.286855063707030088e-03 -6.997734823048662456e-03
5.300000000000000000e+01 -3.891264053745749785e-03 -7.969603602337491099e-03
5.400000000000000000e+01 -4.585173864370208768e-03 -9.045803237970153829e-03
5.500000000000000000e+01 -5.377594450945175596e-03 -1.023276884847941839e-02
5.600000000000000000e+01 -6.277670772171495966e-03 -1.153666803062669034e-02
5.700000000000000000e+01 -7.294548063875887743e-03 -1.296325925584413188e-02
5.800000000000000000e+01 -8.437222899681294172e-03 -1.451772439858090014e-02
5.900000000000000000e+01 -9.714364355053640640e-03 -1.620450575474858060e-02
6.000000000000000000e+01 -1.113409846290679128e-02 -1.802717323145404740e-02
6.100000000000000000e+01 -1.270376976777942354e-02 -1.998832144870792485e-02
6.200000000000000000e+01 -1.442970358631515994e-02 -2.208946884754846990e-02
6.300000000000000000e+01 -1.631697926072553026e-02 -2.433092532724456455e-02
6.400000000000000000e+01 -1.836920262411212423e-02 -2.671161952692880509e-02
6.500000000000000000e+01 -2.058826155546921929e-02 -2.922891505359694747e-02
6.600000000000000000e+01 -2.297406947400653168e-02 -3.187846640487572436e-02
6.700000000000000000e+01 -2.552432574095665069e-02 -3.465414977627093163e-02
6.800000000000000000e+01 -2.823432157856988617e-02 -3.754805944369228599e-02
6.900000000000000000e+01 -3.109679474729665563e-02 -4.055052021717144711e-02
7.000000000000000000e+01 -3.410181441851608403e-02 -4.365006461096183898e-02
7.100000000000000000e+01 -3.723668463144950980e-02 -4.683336667326891412e-02
7.200000000000000000e+01 -4.048588260601992256e-02 -5.008518315320794473e-02
7.300000000000000000e+01 -4.383106460235507151e-02 -5.338837993997055942e-02
7.400000000000000000e+01 -4.725115726882403444e-02 -5.672408948020182112e-02
7.500000000000000000e+01 -5.072252221507714959e-02 -6.007197007460508831e-02
7.600000000000000000e+01 -5.421916877828153458e-02 -6.341047559560053504e-02
7.700000000000000000e+01 -5.771300697018464515e-02 -6.671704802641913179e-02
7.800000000000000000e+01 -6.117415766206352190e-02 -6.996822274809215425e-02
7.900000000000000000e+01 -6.457133984840481011e-02 -7.313973435925846811e-02
8.000000000000000000e+01 -6.787233081253724043e-02 -7.620674890658821199e-02
8.100000000000000000e+01 -7.104446978020689807e-02 -7.914428307227826254e-02
8.200000000000000000e+01 -7.405517541768542877e-02 -8.192773903241010180e-02
8.300000000000000000e+01 -7.687247011606261615e-02 -8.453338607805505056e-02
8.400000000000000000e+01 -7.946552214642230161e-02 -8.693864594899111675e-02
8.500000000000000000e+01 -8.180520892447842862e-02 -8.912218650782788298e-02
8.600000000000000000e+01 -8.386467862082276625e-02 -9.106399050019593766e-02
8.700000000000000000e+01 -8.561987156703750046e-02 -9.274560494830079438e-02
8.800000000000000000e+01 -8.704997513374303220e-02 -9.415063949160400181e-02
8.900000000000000000e+01 -8.813781352852216588e-02 -9.526536101145918756e-02
9.000000000000000000e+01 -8.887018751497463565e-02 -9.607910614521503190e-02
9.100000000000000000e+01 -8.923816356081024082e-02 -9.658432461268158520e-02
9.200000000000000000e+01 -8.923728473580527787e-02 -9.677632455468714034e-02
9.300000000000000000e+01 -8.886766898488168698e-02 -9.665301516109411906e-02
9.400000000000000000e+01 -8.813398608496703091e-02 -9.621493631017649650e-02
9.500000000000000000e+01 -8.704533900657587808e-02 -9.546561117362131754e-02
9.600000000000000000e+01 -8.561508292666729358e-02 -9.441194931106605681e-02
9.700000000000000000e+01 -8.386058763922515924e-02 -9.306432348119617060e-02
9.800000000000000000e+01 -8.180291776670056692e-02 -9.143614921206980051e-02
9.900000000000000000e+01 -7.946640826151016301e-02 -8.954316107071944031e-02
1.000000000000000000e+02 -7.687815205628384385e-02 -8.740280640330183592e-02
1.010000000000000000e+02 -7.406745242267870344e-02 -8.503406836107832434e-02
1.020000000000000000e+02 -7.106528542202762699e-02 -8.245766179117137995e-02
1.030000000000000000e+02 -6.790377438189626469e-02 -7.969621654751134210e-02
1.040000000000000000e+02 -6.461564637340751205e-02 -7.677404851710002698e-02
1.050000000000000000e+02 -6.123365672782857955e-02 -7.371643784855494430e-02
1.060000000000000000e+02 -5.779001485341930811e-02 -7.054872684519217230e-02
1.070000000000000000e+02 -5.431587005556322290e-02 -6.729569323585285479e-02
1.080000000000000000e+02 -5.084088980045364109e-02 -6.398143150396157219e-02
1.090000000000000000e+02 -4.739291209718125147e-02 -6.062957251495042915e-02
1.100000000000000000e+02 -4.399763245267701572e-02 -5.726342100449653694e-02
1.110000000000000000e+02 -4.067831458587686105e-02 -5.390568993302451151e-02
1.120000000000000000e+02 -3.745555761987617860e-02 -5.057786608187572058e-02
1.130000000000000000e+02 -3.434716076158249309e-02 -4.729955396708683535e-02
1.140000000000000000e+02 -3.136809034692648879e-02 -4.408816596584561043e-02
1.150000000000000000e+02 -2.853051320434582191e-02 -4.095905641762902921e-02
1.160000000000000000e+02 -2.584385679950927661e-02 -3.792587120473107226e-02
1.170000000000000000e+02 -2.331488953599070157e-02 -3.500076427590486511e-02
1.180000000000000000e+02 -2.094784448185005310e-02 -3.219429512470654148e-02
1.190000000000000000e+02 -1.874460483408264475e-02 -2.951511134555255891e-02
1.200000000000000000e+02 -1.670493845840904934e-02 -2.696969719041128477e-02
1.210000000000000000e+02 -1.482674716188711952e-02 -2.456240656740687339e-02
1.220000000000000000e+02 -1.310630510250000366e-02 -2.229577362550023978e-02
1.230000000000000000e+02 -1.153848667282628485e-02 -2.017090063486179363e-02
1.240000000000000000e+02 -1.011699862277505753e-02 -1.818770613499936031e-02
1.250000000000000000e+02 -8.834622138540866587e-03 -1.634496428422355790e-02
1.260000000000000000e+02 -7.683452262906691546e-03 -1.464024136077310759e-02
1.270000000000000000e+02 -6.655115456559225831e-03 -1.306989978423976975e-02
1.280000000000000000e+02 -5.740956347611128434e-03 -1.162926306788116849e-02
1.290000000000000000e+02 -4.932198946012635900e-03 -1.031289934263188678e-02
1.300000000000000000e+02 -4.220091726096494161e-03 -9.114899564595655909e-03
1.310000000000000000e+02 -3.596039056574087955e-03 -8.029050701640321613e-03
1.320000000000000000e+02 -3.051713576356408948e-03 -7.048895969230506951e-03
1.330000000000000000e+02 -2.579143746127968324e-03 -6.167751909910102956e-03
1.340000000000000000e+02 -2.170776839332767480e-03 -5.378761192217000262e-03
1.350000000000000000e+02 -1.819522946467994323e-03 -4.675008670173550797e-03
1.360000000000000000e+02 -1.518785574376365841e-03 -4.049667959863501900e-03
1.370000000000000000e+02 -1.262480836709054324e-03 -3.496123123275138647e-03
1.380000000000000000e+02 -1.045044610252768204e-03 -3.008032977365765904e-03
1.390000000000000000e+02 -8.614275740173216352e-04 -2.579346503817726410e-03
1.400000000000000000e+02 -7.070802320147279727e-04 -2.204302688538324877e-03
1.410000000000000000e+02 -5.779312216465244375e-04 -1.877443084347096272e-03
1.420000000000000000e+02 -4.703615445495223685e-04 -1.593642046930875567e-03
1.430000000000000000e+02 -3.811759425302310364e-04 -1.348139745743063373e-03
1.440000000000000000e+02 -3.075718803224031630e-04 -1.136560012483837315e-03
1.450000000000000000e+02 -2.471067846306897685e-04 -9.549062997899370646e-04
1.460000000000000000e+02 -1.976646491639378115e-04 -7.995423613269320075e-04
1.470000000000000000e+02 -1.574231814155142438e-04 -6.671695929584539391e-04
1.480000000000000000e+02 -1.248222893636247415e-04 -5.548089109851671351e-04
1.490000000000000000e+02 -9.853426334639784560e-05 -4.597873317971386676e-04
1.500000000000000000e+02 -7.743579317805908760e-05 -3.797245981055183579e-04
1.510000000000000000e+02 -6.058196056093571180e-05 -3.125156712459164609e-04
1.520000000000000000e+02 -4.718237999963956653e-05 -2.563085420051783281e-04
1.530000000000000000e+02 -3.657961028782334581e-05 -2.094799453102589356e-04
1.540000000000000000e+02 -2.822984563613958707e-05 -1.706121201115688561e-04
1.550000000000000000e+02 -2.168579494429226051e-05 -1.384721970785682797e-04
1.560000000000000000e+02 -1.658161109441126202e-05 -1.119939083420084857e-04
1.570000000000000000e+02 -1.261972444564663354e-05 -9.026048350834565883e-05
1.580000000000000000e+02 -9.559435305382297274e-06 -7.248796702330312077e-05
1.590000000000000000e+02 -7.207115034258429015e-06 -5.800902222707686148e-05
