0.000000000000000000e+00 -3.837211213903750479e-06 -1.262932077738223529e-06
1.000000000000000000e+00 -7.142301746141754767e-09 -1.006969560852043780e-11
2.000000000000000000e+00 -9.749075461292542545e-09 -1.679623548769013820e-11
3.000000000000000000e+00 -1.447437849954592019e-08 -2.894220017114207497e-11
4.000000000000000000e+00 -2.146316845413456960e-08 -4.954196356250979683e-11
5.000000000000000000e+00 -3.166562154070748750e-08 -8.418330340202695531e-11
6.000000000000000000e+00 -4.647101609657821836e-08 -1.420452122494575541e-10
7.000000000000000000e+00 -6.784950083207676889e-08 -2.380733490628791418e-10
8.000000000000000000e+00 -9.856660237974409787e-08 -3.963401593794209158e-10
9.000000000000000000e+00 -1.424660821426471573e-07 -6.552142426130256308e-10
1.000000000000000000e+01 -2.048486335431279836e-07 -1.075422366095824146e-09
1.100000000000000000e+01 -2.929910024504810927e-07 -1.752643669734346676e-09
1.200000000000000000e+01 -4.168545824886678411e-07 -2.836779612657713027e-09
1.300000000000000000e+01 -5.900227210802355226e-07 -4.560641730729235535e-09
1.400000000000000000e+01 -8.308979542122989071e-07 -7.282154813098273482e-09
1.500000000000000000e+01 -1.164209208019636506e-06 -1.154691216371616173e-08
1.600000000000000000e+01 -1.622931731005408908e-06 -1.818158439490425325e-08
1.700000000000000000e+01 -2.250780305634345234e-06 -2.843181318963767298e-08
1.800000000000000000e+01 -3.105453571219182045e-06 -4.416067209208172148e-08
1.900000000000000000e+01 -4.262770655320795982e-06 -6.812897167130329803e-08
2.000000000000000000e+01 -5.821798102130281287e-06 -1.043911757352611375e-07
2.100000000000000000e+01 -7.911087949752672378e-06 -1.588591506738767231e-07
2.200000000000000000e+01 -1.069625813688676658e-05 -2.401011458077800214e-07
2.300000000000000000e+01 -1.438927892271987553e-05 -3.604499642301754893e-07
2.400000000000000000e+01 -1.925988829622586211e-05 -5.375061648963703483e-07
2.500000000000000000e+01 -2.564951296574006638e-05 -7.961643475412081510e-07
2.600000000000000000e+01 -3.398797002344309214e-05 -1.171362320672914975e-06
2.700000000000000000e+01 -4.481313111933681623e-05 -1.711808897333310478e-06
2.800000000000000000e+01 -5.879367717499570209e-05 -2.484947435896557627e-06
2.900000000000000000e+01 -7.675511310704123604e-05 -3.583406913613987769e-06
3.000000000000000000e+01 -9.970945453400237269e-05 -5.133292990547183102e-06
3.100000000000000000e+01 -1.288894064728281393e-04 -7.304893081762999582e-06
3.200000000000000000e+01 -1.657879938223686962e-04 -1.032652672987832575e-05
3.300000000000000000e+01 -2.122038452425965642e-04 -1.450217737283496052e-05
3.400000000000000000e+01 -2.702907152740473642e-04 -2.023334576788704382e-05
3.500000000000000000e+01 -3.426087282066766506e-04 -2.804570873673787007e-05
3.600000000000000000e+01 -4.321760478092662476e-04 -3.862175184310328636e-05
3.700000000000000000e+01 -5.425230625425926829e-04 -5.284091128529347088e-05
3.800000000000000000e+01 -6.777532846985673612e-04 -7.182818353129101258e-05
3.900000000000000000e+01 -8.426118694794946422e-04 -9.701110990047604539e-05
4.000000000000000000e+01 -1.042554575726201528e-03 -1.301850471138307145e-04
4.100000000000000000e+01 -1.283804619062047653e-03 -1.735881442849857253e-04
4.200000000000000000e+01 -1.573390386482815834e-03 -2.299883665691592578e-04
4.300000000000000000e+01 -1.919171528247373259e-03 -3.027828427213133345e-04
4.400000000000000000e+01 -2.329869838803135060e-03 -3.961061242001563090e-04
4.500000000000000000e+01 -2.815110138483639928e-03 -5.149433646436831066e-04
4.600000000000000000e+01 -3.385449903703776318e-03 -6.652485784413192686e-04
4.700000000000000000e+01 -4.052361145248897095e-03 -8.540711134975973633e-04
4.800000000000000000e+01 -4.828147329771158812e-03 -1.089688297418310581e-03
4.900000000000000000e+01 -5.725821306076486067e-03 -1.381732259674404908e-03
5.000000000000000000e+01 -6.758993193790811121e-03 -1.741297034277378402e-03
5.100000000000000000e+01 -7.941785629775197086e-03 -2.181023221157104598e-03
5.200000000000000000e+01 -9.288728708688529304e-03 -2.715167284505565042e-03
5.300000000000000000e+01 -1.081455673253201716e-02 -3.359653046126095336e-03
5.400000000000000000e+01 -1.253388010348569642e-02 -4.132080781707847539e-03
5.500000000000000000e+01 -1.446080085286322384e-02 -5.051664425133854316e-03
5.600000000000000000e+01 -1.660858049609766074e-02 -6.139093136272229592e-03
5.700000000000000000e+01 -1.898939619619597827e-02 -7.416339881428222168e-03
5.800000000000000000e+01 -2.161409647764921116e-02 -8.906426779482171791e-03
5.900000000000000000e+01 -2.449182484728701370e-02 -1.063311465385429443e-02
6.000000000000000000e+01 -2.762948416308630417e-02 -1.262047138838833481e-02
6.100000000000000000e+01 -3.103117516477262375e-02 -1.489232078376177652e-02
6.200000000000000000e+01 -3.469778934043207808e-02 -1.747162871780524526e-02
6.300000000000000000e+01 -3.862680226147983953e-02 -2.037987111578487207e-02
6.400000000000000000e+01 -4.281212504451986645e-02 -2.363635777113212710e-02
6.500000000000000000e+01 -4.724383063886616191e-02 -2.725745490410353550e-02
6.600000000000000000e+01 -5.190773805987563411e-02 -3.125571553829914473e-02
6.700000000000000000e+01 -5.678504836743386575e-02 -3.563901651331746745e-02
6.800000000000000000e+01 -6.185225597301739764e-02 -4.040979488061392788e-02
6.900000000000000000e+01 -6.708136348716228770e-02 -4.556437526698446649e-02
7.000000000000000000e+01 -7.244020414403282149e-02 -5.109231824840377439e-02
7.100000000000000000e+01 -7.789265831956423969e-02 -5.697578967608112055e-02
7.200000000000000000e+01 -8.339876106117875831e-02 -6.318906726845038846e-02
7.300000000000000000e+01 -8.891491454790398374e-02 -6.969830628230250236e-02
7.400000000000000000e+01 -9.439441258007177926e-02 -7.646156454714728157e-02
7.500000000000000000e+01 -9.978825960821915975e-02 -8.342899304806440652e-02
7.600000000000000000e+01 -1.050460590907228986e-01 -9.054315181282220071e-02
7.700000000000000000e+01 -1.101167665794145212e-01 -9.773953446646765908e-02
7.800000000000000000e+01 -1.149493183142037411e-01 -1.049474061240507627e-01
7.900000000000000000e+01 -1.194933221924609906e-01 -1.120909422036051734e-01
8.000000000000000000e+01 -1.236999542179271494e-01 -1.190905458147673845e-01
8.100000000000000000e+01 -1.275229981186198347e-01 -1.258642489087659910e-01
8.200000000000000000e+01 -1.309198201924003657e-01 -1.323292138753879299e-01
8.300000000000000000e+01 -1.338521289484105037e-01 -1.384033912931401378e-01
8.400000000000000000e+01 -1.362865526036153296e-01 -1.440073051697197126e-01
8.500000000000000000e+01 -1.381951778623211058e-01 -1.490658396943345954e-01
8.600000000000000000e+01 -1.395561265642487891e-01 -1.535099082725353281e-01
8.700000000000000000e+01 -1.403540923782222172e-01 -1.572779737380195220e-01
8.800000000000000000e+01 -1.405806892791804097e-01 -1.603174415023423949e-01
8.900000000000000000e+01 -1.402345441674600623e-01 -1.625859098349126397e-01
9.000000000000000000e+01 -1.393212010346312202e-01 -1.640521969556028858e-01
9.100000000000000000e+01 -1.378529504430373864e-01 -1.646970601375994936e-01
9.200000000000000000e+01 -1.358486201835955032e-01 -1.645135813601539820e-01
9.300000000000000000e+01 -1.333332592662406779e-01 -1.635072485757786687e-01
9.400000000000000000e+01 -1.303376341306221597e-01 -1.616957623285562862e-01
9.500000000000000000e+01 -1.268975431274807775e-01 -1.591085651923760391e-01
9.600000000000000000e+01 -1.230530452654621382e-01 -1.557860787142067993e-01
9.700000000000000000e+01 -1.188476983840065504e-01 -1.517786594990867821e-01
9.800000000000000000e+01 -1.143278189883211865e-01 -1.471453262623083069e-01
9.900000000000000000e+01 -1.095417051690440735e-01 -1.419523268072481192e-01
1.000000000000000000e+02 -1.045387801103730002e-01 -1.362716001129229970e-01
1.010000000000000000e+02 -9.936869501172798658e-02 -1.301791669649332572e-01
1.020000000000000000e+02 -9.408048763091239608e-02 -1.237534789020515308e-01
1.030000000000000000e+02 -8.872186643870488831e-02 -1.170737723299655753e-01
1.040000000000000000e+02 -8.333861024652346183e-02 -1.102184910316695160e-01
1.050000000000000000e+02 -7.797402187490143355e-02 -1.032638345984144418e-01
1.060000000000000000e+02 -7.266839966833334163e-02 -9.628246481007970980e-02
1.070000000000000000e+02 -6.745855916630036364e-02 -8.934237994125772409e-02
1.080000000000000000e+02 -6.237747458054142269e-02 -8.250596578423281813e-02
1.090000000000000000e+02 -5.745407849544849344e-02 -7.582924357545878236e-02
1.100000000000000000e+02 -5.271319234297455053e-02 -6.936133596242430310e-02
1.110000000000000000e+02 -4.817552488852280823e-02 -6.314415341243088953e-02
1.120000000000000000e+02 -4.385770027695173184e-02 -5.721228036657135391e-02
1.130000000000000000e+02 -3.977232935257498520e-02 -5.159303317039658221e-02
1.140000000000000000e+02 -3.592816319958922616e-02 -4.630667098897750522e-02
1.150000000000000000e+02 -3.233034432172687128e-02 -4.136674879534287669e-02
1.160000000000000000e+02 -2.898072663595626167e-02 -3.678059528205502443e-02
1.170000000000000000e+02 -2.587821475586745898e-02 -3.254988504082309553e-02
1.180000000000000000e+02 -2.301909173047392981e-02 -2.867126934807666741e-02
1.190000000000000000e+02 -2.039733910341457943e-02 -2.513703800438902083e-02
1.200000000000000000e+02 -1.800496955968739279e-02 -2.193579552161749671e-02
1.210000000000000000e+02 -1.583237935305673721e-02 -1.905313766483777982e-02
1.220000000000000000e+02 -1.386870345077994768e-02 -1.647231014074961031e-02
1.230000000000000000e+02 -1.210214615425626167e-02 -1.417482944553076496e-02
1.240000000000000000e+02 -1.052027130182840199e-02 -1.214105141490816678e-02
1.250000000000000000e+02 -9.110255338806431957e-03 -1.035068144694792532e-02
1.260000000000000000e+02 -7.859115657443601147e-03 -8.783224967128164945e-03
1.270000000000000000e+02 -6.753920774986938401e-03 -7.418376476521999774e-03
1.280000000000000000e+02 -5.781977712969794091e-03 -6.236344800865883595e-03
1.290000000000000000e+02 -4.930987365223330268e-03 -5.218114312846483353e-03
1.300000000000000000e+02 -4.189163730759012418e-03 -4.345645811793352568e-03
1.310000000000000000e+02 -3.545321244809505716e-03 -3.602023281398011000e-03
1.320000000000000000e+02 -2.988938363401709777e-03 -2.971552794791875243e-03
1.330000000000000000e+02 -2.510203201755511950e-03 -2.439818935485648429e-03
1.340000000000000000e+02 -2.100042427719898009e-03 -1.993703985511558092e-03
1.350000000000000000e+02 -1.750132493523991802e-03 -1.621375838903369067e-03
1.360000000000000000e+02 -1.452893761183306079e-03 -1.312251036438691213e-03
1.370000000000000000e+02 -1.201470765859739831e-03 -1.056938859194408650e-03
1.380000000000000000e+02 -9.897030367442133381e-04 -8.471714532280922878e-04
1.390000000000000000e+02 -8.120899351880025551e-04 -6.757241585232430861e-04
1.400000000000000000e+02 -6.637512285784386967e-04 -5.363297736932803352e-04
1.410000000000000000e+02 -5.403841268428275640e-04 -4.235901217389721491e-04
1.420000000000000000e+02 -4.382176406242289262e-04 -3.328877442530674049e-04
1.430000000000000000e+02 -3.539656800504679002e-04 -2.602998862442377419e-04
1.440000000000000000e+02 -2.847805037821805169e-04 -2.025163349199169652e-04
1.450000000000000000e+02 -2.282077543808773380e-04 -1.567622379923387687e-04
1.460000000000000000e+02 -1.821437281793818717e-04 -1.207266953069006336e-04
1.470000000000000000e+02 -1.447951295328479880e-04 -9.249761463375616856e-05
1.480000000000000000e+02 -1.146414633420211659e-04 -7.050303130846460897e-05
1.490000000000000000e+02 -9.040026675889148086e-05 -5.345884648783669603e-05
1.500000000000000000e+02 -7.099537987837675485e-05 -4.032276597283569394e-05
1.510000000000000000e+02 -5.552834802850315291e-05 -3.025410764022197718e-05
1.520000000000000000e+02 -4.325289855589790623e-05 -2.257906888210772220e-05
1.530000000000000000e+02 -3.355232689769990187e-05 -1.676099125628051419e-05
1.540000000000000000e+02 -2.591958703727721130e-05 -1.237512876198701355e-05
1.550000000000000000e+02 -1.993988406386119341e-05 -9.087418817490960186e-06
1.560000000000000000e+02 -1.527557361933538612e-05 -6.636769135212000577e-06
1.570000000000000000e+02 -1.165316813247801256e-05 -4.820398368986921763e-06
1.580000000000000000e+02 -8.852240023226045723e-06 -3.481801820116185492e-06
1.590000000000000000e+02 -6.696007274233004207e-06 -2.500950303669894746e-06
