0.000000000000000000e+00 -1.514233252482873721e-04 -9.479249801869314848e-05
1.000000000000000000e+00 1.117159476769072682e-04 7.060611257777787779e-05
2.000000000000000000e+00 1.052200934676498242e-04 7.101732633556332320e-05
3.000000000000000000e+00 1.257175117575166966e-04 8.575285700367644070e-05
4.000000000000000000e+00 1.514005856768425482e-04 1.035657197220262414e-04
5.000000000000000000e+00 1.819503392872740075e-04 1.247370324063958806e-04
6.000000000000000000e+00 2.181194268710877565e-04 1.498277223622339403e-04
7.000000000000000000e+00 2.608289129229388005e-04 1.795023517645045997e-04
8.000000000000000000e+00 3.111303267251670605e-04 2.145378369430595846e-04
9.000000000000000000e+00 3.702121143135501881e-04 2.558263076237795989e-04
1.000000000000000000e+01 4.394089604327462641e-04 3.043688962203214363e-04
1.100000000000000000e+01 5.202138677166151959e-04 3.612665501376142356e-04
1.200000000000000000e+01 6.142950621779730020e-04 4.277185791181495941e-04
1.300000000000000000e+01 7.235185024588266416e-04 5.050395059951238259e-04
1.400000000000000000e+01 8.499740684849303772e-04 5.946981807064920375e-04
1.500000000000000000e+01 9.960004892138633534e-04 6.983715488871861761e-04
1.600000000000000000e+01 1.164202414968749065e-03 8.179940036358257461e-04
1.700000000000000000e+01 1.357454378498148964e-03 9.557787850872055419e-04
1.800000000000000000e+01 1.578891326773835656e-03 1.114195676005244303e-03
1.900000000000000000e+01 1.831892669343862783e-03 1.295909084687521789e-03
2.000000000000000000e+01 2.120073037588359171e-03 1.503704934594445909e-03
2.100000000000000000e+01 2.447293771395725199e-03 1.740450515907480088e-03
2.200000000000000000e+01 2.817701442216203472e-03 2.009126146914695654e-03
2.300000000000000000e+01 3.235784473805986428e-03 2.312937213941652741e-03
2.400000000000000000e+01 3.706422415040138557e-03 2.655469702363650892e-03
2.500000000000000000e+01 4.234894304143346257e-03 3.040813666068101998e-03
2.600000000000000000e+01 4.826821160822486641e-03 3.473572164374344722e-03
2.700000000000000000e+01 5.488044448907607349e-03 3.958712173164061730e-03
2.800000000000000000e+01 6.224478376299773762e-03 4.501290253533795326e-03
2.900000000000000000e+01 7.042000618897005342e-03 5.106165672333596965e-03
3.000000000000000000e+01 7.946443079474434928e-03 5.777850941412157604e-03
3.100000000000000000e+01 8.943702136058473071e-03 6.520609958918793456e-03
3.200000000000000000e+01 1.003991861122409054e-02 7.338798876764257226e-03
3.300000000000000000e+01 1.124161481099941913e-02 8.237301126141771332e-03
3.400000000000000000e+01 1.255565986699975004e-02 9.221811430858675024e-03
3.500000000000000000e+01 1.398899040776611230e-02 1.029874255476054788e-02
3.600000000000000000e+01 1.554813149672773509e-02 1.147468251284457751e-02
3.700000000000000000e+01 1.723869198153239052e-02 1.275556479834634438e-02
3.800000000000000000e+01 1.906507346032385378e-02 1.414591367085287626e-02
3.900000000000000000e+01 2.103057235360808117e-02 1.564856600345453791e-02
4.000000000000000000e+01 2.313786914101992331e-02 1.726509039923540545e-02
4.100000000000000000e+01 2.538966538453819866e-02 1.899677809602405565e-02
4.200000000000000000e+01 2.778907582658996997e-02 2.084573051435977681e-02
4.300000000000000000e+01 3.033942227195223634e-02 2.281541303274804006e-02
4.400000000000000000e+01 3.304333543128915029e-02 2.491021281226714693e-02
4.500000000000000000e+01 3.590145459432397823e-02 2.713400242883316077e-02
4.600000000000000000e+01 3.891132587550311800e-02 2.948826688131028079e-02
4.700000000000000000e+01 4.206713060165290230e-02 3.197069986355770277e-02
4.800000000000000000e+01 4.536053777092033390e-02 3.457507864812486842e-02
4.900000000000000000e+01 4.878238722003690186e-02 3.729266213447871708e-02
5.000000000000000000e+01 5.232437084988035558e-02 4.011456317325182847e-02
5.100000000000000000e+01 5.597971634900569121e-02 4.303392993235682917e-02
5.200000000000000000e+01 5.974226227269069378e-02 4.604670176042463536e-02
5.300000000000000000e+01 6.360413201455167309e-02 4.915030672408018247e-02
5.400000000000000000e+01 6.755307639439479817e-02 5.234070897299464287e-02
5.500000000000000000e+01 7.157095833166912668e-02 5.560917752907404421e-02
5.600000000000000000e+01 7.563446666879486413e-02 5.894048409363328300e-02
5.700000000000000000e+01 7.971805526839628731e-02 6.231367858912584962e-02
5.800000000000000000e+01 8.379783682584648896e-02 6.570534210575634804e-02
5.900000000000000000e+01 8.785443271759070527e-02 6.909388713182615382e-02
6.000000000000000000e+01 9.187309002706603445e-02 7.246277884216291432e-02
6.100000000000000000e+01 9.584069820700120979e-02 7.580093064122275792e-02
6.200000000000000000e+01 9.974106273200281092e-02 7.909988423732587648e-02
6.300000000000000000e+01 1.035509835284232766e-01 8.234907348818262807e-02
6.400000000000000000e+01 1.072395659933946255e-01 8.553159699003824723e-02
6.500000000000000000e+01 1.107716515430905158e-01 8.862282708357510641e-02
6.600000000000000000e+01 1.141140218028844494e-01 9.159283480054124238e-02
6.700000000000000000e+01 1.172413274713392795e-01 9.441166751534231516e-02
6.800000000000000000e+01 1.201385464303067890e-01 9.705498504630022394e-02
6.900000000000000000e+01 1.227984146161216622e-01 9.950727020580561744e-02
7.000000000000000000e+01 1.252149447756714939e-01 1.017609898646074651e-01
7.100000000000000000e+01 1.273764417850490605e-01 1.038121367441664777e-01
7.200000000000000000e+01 1.292619870470718413e-01 1.056544647206516668e-01
7.300000000000000000e+01 1.308437087054919457e-01 1.072754290318845838e-01
7.400000000000000000e+01 1.320940557619454392e-01 1.086559703843480024e-01
7.500000000000000000e+01 1.329944408459194372e-01 1.097743008919638691e-01
7.600000000000000000e+01 1.335406450839977111e-01 1.106118068839945651e-01
7.700000000000000000e+01 1.337419226403934736e-01 1.111581375382013903e-01
7.800000000000000000e+01 1.336140614165760299e-01 1.114130213588229168e-01
7.900000000000000000e+01 1.331699961183276382e-01 1.113840708568648308e-01
8.000000000000000000e+01 1.324130598784699075e-01 1.110818740520079367e-01
8.100000000000000000e+01 1.313366578645105143e-01 1.105149512468154432e-01
8.200000000000000000e+01 1.299306706039566883e-01 1.096870446893968426e-01
8.300000000000000000e+01 1.281911635727067678e-01 1.085978564319442508e-01
8.400000000000000000e+01 1.261280995538634209e-01 1.072465491755347361e-01
8.500000000000000000e+01 1.237667806539646392e-01 1.056360287568305911e-01
8.600000000000000000e+01 1.211421267354060305e-01 1.037758402004917146e-01
8.700000000000000000e+01 1.182887890847735546e-01 1.016824190814137191e-01
8.800000000000000000e+01 1.152323707963866239e-01 9.937687162046893175e-02
8.900000000000000000e+01 1.119863966879560552e-01 9.688161449407997616e-02
9.000000000000000000e+01 1.085564733284999500e-01 9.421752600377653053e-02
9.100000000000000000e+01 1.049491160573460813e-01 9.140271029930233104e-02
9.200000000000000000e+01 1.011802342192865689e-01 8.845299640832869625e-02
9.300000000000000000e+01 9.727859415296585821e-02 8.538346728396224716e-02
9.400000000000000000e+01 9.328243734589176939e-02 8.221002262846208164e-02
9.500000000000000000e+01 8.923117893286099112e-02 7.895024705123127040e-02
9.600000000000000000e+01 8.515670032246691612e-02 7.562340626646769925e-02
9.700000000000000000e+01 8.107880555833106573e-02 7.224985218959616151e-02
9.800000000000000000e+01 7.700697061965236512e-02 6.885024436109779544e-02
9.900000000000000000e+01 7.294701512074167060e-02 6.544482481320579303e-02
1.000000000000000000e+02 6.890876074645922722e-02 6.205275288492095864e-02
1.010000000000000000e+02 6.491046955241611127e-02 5.869143656106329959e-02
1.020000000000000000e+02 6.097786262716265587e-02 5.537592312806280392e-02
1.030000000000000000e+02 5.713855831555412351e-02 5.211858877192755701e-02
1.040000000000000000e+02 5.341515160794777645e-02 4.892940110362443279e-02
1.050000000000000000e+02 4.982066134476759861e-02 4.581682405721273360e-02
1.060000000000000000e+02 4.635854591252690921e-02 4.278906956104974041e-02
1.070000000000000000e+02 4.302688937079619802e-02 3.985510176391714871e-02
1.080000000000000000e+02 3.982418776038771507e-02 3.702480329495788647e-02
1.090000000000000000e+02 3.675356881643260937e-02 3.430808485845251998e-02
1.100000000000000000e+02 3.382342260272214879e-02 3.171327991393738110e-02
1.110000000000000000e+02 3.104450885509797350e-02 2.924559464352076768e-02
1.120000000000000000e+02 2.842544158380791441e-02 2.690642102137869029e-02
1.130000000000000000e+02 2.596910535075590276e-02 2.469392393127400886e-02
1.140000000000000000e+02 2.367180674529965542e-02 2.260467695918609229e-02
1.150000000000000000e+02 2.152534129839436469e-02 2.063557984249043270e-02
1.160000000000000000e+02 1.952061532778270186e-02 1.878514090674397036e-02
1.170000000000000000e+02 1.765082151817153056e-02 1.705353892150755779e-02
1.180000000000000000e+02 1.591265582415569979e-02 1.544151036072329702e-02
1.190000000000000000e+02 1.430526944768495748e-02 1.394869607081379234e-02
1.200000000000000000e+02 1.282784604711076359e-02 1.257232100420284035e-02
1.210000000000000000e+02 1.147727139712381716e-02 1.130686885925660107e-02
1.220000000000000000e+02 1.024711199384256352e-02 1.014488385254465677e-02
1.230000000000000000e+02 9.128278239775359376e-03 9.078469151282787114e-03
1.240000000000000000e+02 8.110830214030131588e-03 8.100741149530226587e-03
1.250000000000000000e+02 7.185880448240073923e-03 7.206581049100052247e-03
1.260000000000000000e+02 6.346660542467066554e-03 6.392427005837753029e-03
1.270000000000000000e+02 5.588388106766704541e-03 5.655337891463157497e-03
1.280000000000000000e+02 4.907226898356153999e-03 4.991880432006711409e-03
1.290000000000000000e+02 4.299030731945404152e-03 4.397407480268722239e-03
1.300000000000000000e+02 3.758548226345543013e-03 3.866036652005581681e-03
1.310000000000000000e+02 3.279416956587856077e-03 3.391264239154581292e-03
1.320000000000000000e+02 2.854822096012068870e-03 2.966854126452571176e-03
1.330000000000000000e+02 2.478383696602419646e-03 2.587558806947817380e-03
1.340000000000000000e+02 2.144802247766421002e-03 2.249371643094865997e-03
1.350000000000000000e+02 1.849999735954714446e-03 1.949274368422228461e-03
1.360000000000000000e+02 1.590789919737132163e-03 1.684683574090659530e-03
1.370000000000000000e+02 1.364331358288185239e-03 1.452903825886039425e-03
1.380000000000000000e+02 1.167668696943231603e-03 1.250837588740789496e-03
1.390000000000000000e+02 9.975613130709655267e-04 1.075038443317824022e-03
1.400000000000000000e+02 8.506171063087105506e-04 9.220190442422306976e-04
1.410000000000000000e+02 7.235967224687130713e-04 7.886229693067978034e-04
1.420000000000000000e+02 6.136995047933260566e-04 6.722755354528367564e-04
1.430000000000000000e+02 5.186928389719657525e-04 5.710199708881218269e-04
1.440000000000000000e+02 4.368527599039703671e-04 4.833619822817340024e-04
1.450000000000000000e+02 3.667805452987434782e-04 4.080276493927146664e-04
1.460000000000000000e+02 3.072032199779879528e-04 3.437561759140681092e-04
1.470000000000000000e+02 2.568479588529905939e-04 2.892069523779926808e-04
1.480000000000000000e+02 2.144242960705331402e-04 2.429915308642542670e-04
1.490000000000000000e+02 1.786892773860749347e-04 2.037825775824209183e-04
1.500000000000000000e+02 1.485379874160459184e-04 1.704282332200080592e-04
1.510000000000000000e+02 1.230647993665518326e-04 1.420147608342737968e-04
1.520000000000000000e+02 1.015688847782970152e-04 1.178574374794049090e-04
1.530000000000000000e+02 8.351076948677576249e-05 9.743678389588909827e-05
1.540000000000000000e+02 6.844787371731818467e-05 8.031743829321614354e-05
1.550000000000000000e+02 5.597949417835694117e-05 6.608548027351456337e-05
1.560000000000000000e+02 4.571951553838297342e-05 5.432304608079556647e-05
1.570000000000000000e+02 3.729782281167962917e-05 4.461811499472084341e-05
1.580000000000000000e+02 3.037830222971410436e-05 3.659272120036980119e-05
1.590000000000000000e+02 2.467745256952683824e-05 2.992949214564181307e-05
