0.000000000000000000e+00 -1.215160203107233079e-06 -2.029992656287306463e-06
1.000000000000000000e+00 1.979767661174164358e-06 5.434390120238888449e-06
2.000000000000000000e+00 2.215848464201842094e-06 5.792926843264973203e-06
3.000000000000000000e+00 2.884862473942014811e-06 7.322913092058076250e-06
4.000000000000000000e+00 3.777591770095743153e-06 9.365727347460834371e-06
5.000000000000000000e+00 4.933370745805018558e-06 1.196295887586967124e-05
6.000000000000000000e+00 6.420674863262966645e-06 1.523611029193609578e-05
7.000000000000000000e+00 8.327069696384839726e-06 1.934384729762258460e-05
8.000000000000000000e+00 1.076159091302786736e-05 2.448100922943230722e-05
9.000000000000000000e+00 1.385909685044817552e-05 3.088399198800068990e-05
1.000000000000000000e+01 1.778563050803033452e-05 3.883811217008253144e-05
1.100000000000000000e+01 2.274477356143104790e-05 4.868627515167114932e-05
1.200000000000000000e+01 2.898509350045276307e-05 6.083889326212555895e-05
1.300000000000000000e+01 3.680879487235470848e-05 7.578515024525390802e-05
1.400000000000000000e+01 4.658168480482359242e-05 9.410576466278286196e-05
1.500000000000000000e+01 5.874457681210908865e-05 1.164874143822319628e-04
1.600000000000000000e+01 7.382628609015156305e-05 1.437389409256027305e-04
1.700000000000000000e+01 9.245839172529802022e-05 1.768093586233802808e-04
1.800000000000000000e+01 1.153919261088724312e-04 2.168075896548130542e-04
1.900000000000000000e+01 1.435160778217940659e-04 2.650237958301591783e-04
2.000000000000000000e+01 1.778788862707907992e-04 3.229522328966909130e-04
2.100000000000000000e+01 2.197098260418646096e-04 3.923156963431129597e-04
2.200000000000000000e+01 2.704441931182033419e-04 4.750917565495331126e-04
2.300000000000000000e+01 3.317493147223418270e-04 5.735409276401312552e-04
2.400000000000000000e+01 4.055527027624886605e-04 6.902365646910284171e-04
2.500000000000000000e+01 4.940721879022108489e-04 8.280957022145850289e-04
2.600000000000000000e+01 5.998477031303298167e-04 9.904095412777693883e-04
2.700000000000000000e+01 7.257738456395990134e-04 1.180872281131964624e-03
2.800000000000000000e+01 8.751319761969741885e-04 1.403607698709261747e-03
2.900000000000000000e+01 1.051620785178395464e-03 1.663194008470724339e-03
3.000000000000000000e+01 1.259384994199182293e-03 1.964688229078736473e-03
3.100000000000000000e+01 1.503042638531089338e-03 2.313650559003746499e-03
3.200000000000000000e+01 1.787711297143080528e-03 2.716166861824746877e-03
3.300000000000000000e+01 2.119032152887264341e-03 3.178864412401291497e-03
3.400000000000000000e+01 2.503188429311314304e-03 3.708914844964333966e-03
3.500000000000000000e+01 2.946913296798385571e-03 4.314020740225789526e-03
3.600000000000000000e+01 3.457483596488965336e-03 5.002388164813157886e-03
3.700000000000000000e+01 4.042699835696398659e-03 5.782693174934652042e-03
3.800000000000000000e+01 4.710857263997849341e-03 6.664050570672283222e-03
3.900000000000000000e+01 5.470713242893412293e-03 7.655985025196915435e-03
4.000000000000000000e+01 6.331450130079359362e-03 8.768391323661060138e-03
4.100000000000000000e+01 7.302623206664571147e-03 1.001146141473042289e-02
4.200000000000000000e+01 8.394077534880908451e-03 1.139556156729709668e-02
4.300000000000000000e+01 9.615823665783135993e-03 1.293106505643924937e-02
4.400000000000000000e+01 1.097787973194334910e-02 1.462817252767283950e-02
4.500000000000000000e+01 1.249010531693676811e-02 1.649676213642171582e-02
4.600000000000000000e+01 1.416205385801368524e-02 1.854628895236402897e-02
4.700000000000000000e+01 1.600284698796669569e-02 2.078570453823036512e-02
4.800000000000000000e+01 1.802103828556238241e-02 2.322332560156686182e-02
4.900000000000000000e+01 2.022441483468275306e-02 2.586658495376147060e-02
5.000000000000000000e+01 2.261970828187943872e-02 2.872166312826143070e-02
5.100000000000000000e+01 2.521224819548832999e-02 3.179309175088577272e-02
5.200000000000000000e+01 2.800564739211097720e-02 3.508347064192569864e-02
5.300000000000000000e+01 3.100160733672789257e-02 3.859339123946073369e-02
5.400000000000000000e+01 3.419985235466158069e-02 4.232151737851057999e-02
5.500000000000000000e+01 3.759809083307614347e-02 4.626463170395234137e-02
5.600000000000000000e+01 4.119185166875155568e-02 5.041743362964092728e-02
5.700000000000000000e+01 4.497412109128291063e-02 5.477202913226588560e-02
5.800000000000000000e+01 4.893487927389765513e-02 5.931730701626932584e-02
5.900000000000000000e+01 5.306077981962849244e-02 6.403856656552127380e-02
6.000000000000000000e+01 5.733518891773314863e-02 6.891768106484935652e-02
6.100000000000000000e+01 6.173857894370570615e-02 7.393374867359683855e-02
6.200000000000000000e+01 6.624899814530918474e-02 7.906380740949475738e-02
6.300000000000000000e+01 7.084224348095254087e-02 8.428307396888735925e-02
6.400000000000000000e+01 7.549157624658477117e-02 8.956446353758663881e-02
6.500000000000000000e+01 8.016722670985024224e-02 9.487771079677614905e-02
6.600000000000000000e+01 8.483622225470179024e-02 1.001888411802107359e-01
6.700000000000000000e+01 8.946296312656583372e-02 1.054606582124574671e-01
6.800000000000000000e+01 9.401046943573392045e-02 1.106542787668497868e-01
6.900000000000000000e+01 9.844168542502229613e-02 1.157309679456124119e-01
7.000000000000000000e+01 1.027201067723756966e-01 1.206531977949357459e-01
7.100000000000000000e+01 1.068094718976217716e-01 1.253843152479532375e-01
7.200000000000000000e+01 1.106730272759541694e-01 1.298872151500268524e-01
7.300000000000000000e+01 1.142733357544336026e-01 1.341232625011455348e-01
7.400000000000000000e+01 1.175733082753205178e-01 1.380527034700470279e-01
7.500000000000000000e+01 1.205382348141189885e-01 1.416368320361330313e-01
7.600000000000000000e+01 1.231377410695443514e-01 1.448408748794600964e-01
7.700000000000000000e+01 1.253465145613827658e-01 1.476358953108314886e-01
7.800000000000000000e+01 1.271434852227212309e-01 1.499985720506431530e-01
7.900000000000000000e+01 1.285103237682454214e-01 1.519091714297662321e-01
8.000000000000000000e+01 1.294307097290090247e-01 1.533493730119799836e-01
8.100000000000000000e+01 1.298912867418028083e-01 1.543018043177800946e-01
8.200000000000000000e+01 1.298839040417528734e-01 1.547519579277210622e-01
8.300000000000000000e+01 1.294076423788007024e-01 1.546914079341411008e-01
8.400000000000000000e+01 1.284691324333945284e-01 1.541201966925968836e-01
8.500000000000000000e+01 1.270808526717820963e-01 1.530467284396779259e-01
8.600000000000000000e+01 1.252585761803970965e-01 1.514851898274354181e-01
8.700000000000000000e+01 1.230197744560793394e-01 1.494522274508962856e-01
8.800000000000000000e+01 1.203840503360908004e-01 1.469651113491362293e-01
8.900000000000000000e+01 1.173750952190837776e-01 1.440425250988995043e-01
9.000000000000000000e+01 1.140224476845110996e-01 1.407072293321379175e-01
9.100000000000000000e+01 1.103614101995968738e-01 1.369885077530981488e-01
9.200000000000000000e+01 1.064308112065231737e-01 1.329224542530091924e-01
9.300000000000000000e+01 1.022698806628899587e-01 1.285496508235480229e-01
9.400000000000000000e+01 9.791614259879341531e-02 1.239115479673788545e-01
9.500000000000000000e+01 9.340544543277892742e-02 1.190476708162911401e-01
9.600000000000000000e+01 8.877365585454252694e-02 1.139951160498988425e-01
9.700000000000000000e+01 8.405833768440913734e-02 1.087902010765902927e-01
9.800000000000000000e+01 7.929880453687906949e-02 1.034707191375297541e-01
9.900000000000000000e+01 7.453419127827105861e-02 9.807696241249758140e-02
1.000000000000000000e+02 6.980067344082707681e-02 9.265060734682349641e-02
1.010000000000000000e+02 6.512957405368965946e-02 8.723201800141157369e-02
1.020000000000000000e+02 6.054741923632745576e-02 8.185752797134834835e-02
1.030000000000000000e+02 5.607759074559275081e-02 7.655819060705555679e-02
1.040000000000000000e+02 5.174213833225793646e-02 7.136047397093467359e-02
1.050000000000000000e+02 4.756232630013566137e-02 6.628814995335391425e-02
1.060000000000000000e+02 4.355752877708921750e-02 6.136397360010723001e-02
1.070000000000000000e+02 3.974334092885634107e-02 5.661002341887066275e-02
1.080000000000000000e+02 3.613031383558895637e-02 5.204653262143890680e-02
1.090000000000000000e+02 3.272420625094844826e-02 4.769003417487256008e-02
1.100000000000000000e+02 2.952752736854975454e-02 4.355203998605730598e-02
1.110000000000000000e+02 2.654127415245038230e-02 3.963907301241474668e-02
1.120000000000000000e+02 2.376575121950402422e-02 3.595398784627008848e-02
1.130000000000000000e+02 2.120013908202349195e-02 3.249773781338313738e-02
1.140000000000000000e+02 1.884141363353816073e-02 2.927055162252467299e-02
1.150000000000000000e+02 1.668362419345973194e-02 2.627195482291553100e-02
1.160000000000000000e+02 1.471817470241462353e-02 2.349986442362721542e-02
1.170000000000000000e+02 1.293496842961108784e-02 2.094956321353721659e-02
1.180000000000000000e+02 1.132368117380944117e-02 1.861336774011680337e-02
1.190000000000000000e+02 9.874425834280491088e-03 1.648128636875172137e-02
1.200000000000000000e+02 8.577590448822306965e-03 1.454230081326458000e-02
1.210000000000000000e+02 7.423231844843036428e-03 1.278553727611561608e-02
1.220000000000000000e+02 6.400648168793256383e-03 1.120073601520535887e-02
1.230000000000000000e+02 5.498517487361007094e-03 9.777939169340560052e-03
1.240000000000000000e+02 4.705517386194383103e-03 8.506820029434689068e-03
1.250000000000000000e+02 4.011004279470230249e-03 7.376242416695289253e-03
1.260000000000000000e+02 3.405347430786150216e-03 6.374400474898767564e-03
1.270000000000000000e+02 2.879810621070033085e-03 5.489454625865082364e-03
1.280000000000000000e+02 2.426193770744733327e-03 4.710258731973060442e-03
1.290000000000000000e+02 2.036558961421381254e-03 4.026762687053091205e-03
1.300000000000000000e+02 1.703231461371827390e-03 3.429937274743095118e-03
1.310000000000000000e+02 1.419028610637253131e-03 2.911389276879306712e-03
1.320000000000000000e+02 1.177514588906523321e-03 2.462994024935174619e-03
1.330000000000000000e+02 9.730978695639552626e-04 2.076793726364670623e-03
1.340000000000000000e+02 8.009302586131119813e-04 1.745186054675510563e-03
1.350000000000000000e+02 6.567058013430052393e-04 1.461229971118680132e-03
1.360000000000000000e+02 5.364987516218638680e-04 1.218848380982628498e-03
1.370000000000000000e+02 4.367171821552180331e-04 1.012812377856629970e-03
1.380000000000000000e+02 3.541503546215868858e-04 8.385504577797823697e-04
1.390000000000000000e+02 2.860296675765150996e-04 6.919240713607363417e-04
1.400000000000000000e+02 2.300344801594670914e-04 5.690982081063600305e-04
1.410000000000000000e+02 1.842294592055682926e-04 4.665449304305331266e-04
1.420000000000000000e+02 1.469699960521230462e-04 3.811243814733331113e-04
1.430000000000000000e+02 1.168243304715077757e-04 3.101520336237850793e-04
1.440000000000000000e+02 9.253755559820886381e-05 2.513920797185737778e-04
1.450000000000000000e+02 7.302933619996773544e-05 2.029785957370289966e-04
1.460000000000000000e+02 5.739902286661072200e-05 1.633113244182480390e-04
1.470000000000000000e+02 4.491651716790214628e-05 1.309772676263860620e-04
1.480000000000000000e+02 3.499476709334520139e-05 1.047207549584161903e-04
1.490000000000000000e+02 2.715455310254672879e-05 8.344988198807034002e-05
1.500000000000000000e+02 2.099532114696302460e-05 6.624960861332466339e-05
1.510000000000000000e+02 1.617887418885138688e-05 5.237761686766696312e-05
1.520000000000000000e+02 1.242351058131929234e-05 4.123792597447733686e-05
1.530000000000000000e+02 9.501461136801034029e-06 3.234361299489236629e-05
1.540000000000000000e+02 7.233832135757865246e-06 2.528440183957594779e-05
1.550000000000000000e+02 5.481775751601248968e-06 1.970826178020239567e-05
1.560000000000000000e+02 4.136273254551751615e-06 1.531594148775622044e-05
1.570000000000000000e+02 3.109666529449418828e-06 1.186092060582002394e-05
1.580000000000000000e+02 2.330466263989177867e-06 9.147345691063755649e-06
1.590000000000000000e+02 1.740881716602688810e-06 7.022981436082495431e-06
