0.000000000000000000e+00 7.584145053944736029e-08 -2.029548446552277327e-07
1.000000000000000000e+00 1.059299628595468837e-07 2.730544965659941159e-07
2.000000000000000000e+00 1.341693671862308043e-07 3.408052746890420340e-07
3.000000000000000000e+00 1.894874722291792424e-07 4.754470569240079666e-07
4.000000000000000000e+00 2.677115715642819551e-07 6.635426654988272884e-07
5.000000000000000000e+00 3.766009749989496399e-07 9.221006137798914300e-07
6.000000000000000000e+00 5.272966832577803442e-07 1.275465987732218346e-06
7.000000000000000000e+00 7.347949482478895187e-07 1.756026798601521520e-06
8.000000000000000000e+00 1.019078753848857053e-06 2.406418844148063596e-06
9.000000000000000000e+00 1.406629767670246469e-06 3.282415611798553964e-06
1.000000000000000000e+01 1.932366467798051500e-06 4.456556404203522181e-06
1.100000000000000000e+01 2.642083485131937023e-06 6.022678055550610876e-06
1.200000000000000000e+01 3.595485198021643401e-06 8.101546427133264776e-06
1.300000000000000000e+01 4.869946266492052096e-06 1.084778102076249303e-05
1.400000000000000000e+01 6.565180792676964021e-06 1.445825817816505944e-05
1.500000000000000000e+01 8.809025722223701177e-06 1.918220585820382894e-05
1.600000000000000000e+01 1.176452239666764927e-05 2.533328387265684623e-05
1.700000000000000000e+01 1.563844612380699601e-05 3.330403298300291704e-05
1.800000000000000000e+01 2.069145615943328436e-05 4.358309074752369838e-05
1.900000000000000000e+01 2.725014813767178502e-05 5.677547261060464091e-05
2.000000000000000000e+01 3.572140891054898177e-05 7.362607886915818257e-05
2.100000000000000000e+01 4.660945939021658225e-05 9.504656445389714041e-05
2.200000000000000000e+01 6.053577222037236614e-05 1.221458726653300980e-04
2.300000000000000000e+01 7.826183369321843897e-05 1.562649404675911535e-04
2.400000000000000000e+01 1.007147526111361845e-04 1.990160397112068367e-04
2.500000000000000000e+01 1.290160703826754088e-04 2.523267754554043532e-04
2.600000000000000000e+01 1.645144475948205458e-04 3.184881597744808812e-04
2.700000000000000000e+01 2.088226688815048721e-04 4.002059305820192606e-04
2.800000000000000000e+01 2.638585189671208576e-04 5.006546662318751232e-04
2.900000000000000000e+01 3.318882161894665204e-04 6.235348533117489756e-04
3.000000000000000000e+01 4.155712099526180040e-04 7.731330100646493760e-04
3.100000000000000000e+01 5.180063931420206746e-04 9.543837459855420563e-04
3.200000000000000000e+01 6.427808836183398697e-04 1.172930895525351770e-03
3.300000000000000000e+01 7.940217726607159054e-04 1.435184085297685304e-03
3.400000000000000000e+01 9.764484246396773568e-04 1.748368191318622330e-03
3.500000000000000000e+01 1.195420289409663758e-03 2.120565157962755760e-03
3.600000000000000000e+01 1.456975717114776959e-03 2.560748221810702462e-03
3.700000000000000000e+01 1.767861266193328142e-03 3.078806181281643680e-03
3.800000000000000000e+01 2.135554722230175416e-03 3.685551374784749260e-03
3.900000000000000000e+01 2.568283658622785414e-03 4.392703201435681909e-03
4.000000000000000000e+01 3.075034375552850464e-03 5.212841952613836947e-03
4.100000000000000000e+01 3.665539472609727605e-03 6.159333603745591190e-03
4.200000000000000000e+01 4.350233817031119200e-03 7.246229474681193522e-03
4.300000000000000000e+01 5.140179140824358180e-03 8.488141065734920374e-03
4.400000000000000000e+01 6.046967833595946057e-03 9.900082167845259545e-03
4.500000000000000000e+01 7.082615111433162615e-03 1.149726572916063075e-02
4.600000000000000000e+01 8.259434183313501057e-03 1.329484881148480617e-02
4.700000000000000000e+01 9.589874525226900134e-03 1.530763290994384060e-02
4.800000000000000000e+01 1.108630578771762319e-02 1.754973723998398336e-02
4.900000000000000000e+01 1.276075166401358964e-02 2.003425834975174069e-02
5.000000000000000000e+01 1.462460091902332941e-02 2.277291241498231172e-02
5.100000000000000000e+01 1.668832302166583029e-02 2.577564304466550826e-02
5.200000000000000000e+01 1.896118929354437960e-02 2.905018452829842904e-02
5.300000000000000000e+01 2.145097141575657423e-02 3.260159804547196200e-02
5.400000000000000000e+01 2.416358960527835442e-02 3.643182420113247333e-02
5.500000000000000000e+01 2.710271944950496531e-02 4.053929258024226157e-02
5.600000000000000000e+01 3.026940836223397657e-02 4.491859392337654161e-02
5.700000000000000000e+01 3.366175748980676508e-02 4.956018256211831841e-02
5.800000000000000000e+01 3.727468183327205253e-02 5.445007657777166388e-02
5.900000000000000000e+01 4.109970799014878162e-02 5.956957179518918705e-02
6.000000000000000000e+01 4.512475970518527862e-02 6.489504427690437338e-02
6.100000000000000000e+01 4.933393318819223605e-02 7.039792357151888891e-02
6.200000000000000000e+01 5.370733261278048259e-02 7.604485254610407474e-02
6.300000000000000000e+01 5.822105256182549815e-02 8.179795933250032236e-02
6.400000000000000000e+01 6.284733263325074926e-02 8.761514145418997090e-02
6.500000000000000000e+01 6.755482007327684446e-02 9.345034273668577363e-02
6.600000000000000000e+01 7.230884469720610941e-02 9.925392672842350827e-02
6.700000000000000000e+01 7.707167490264002496e-02 1.049732906999456122e-01
6.800000000000000000e+01 8.180282970424841704e-02 1.105537556696627732e-01
6.900000000000000000e+01 8.645956462257146924e-02 1.159395893595610155e-01
7.000000000000000000e+01 9.099757384067908017e-02 1.210749424273575986e-01
7.100000000000000000e+01 9.537181493032630131e-02 1.259046029283880375e-01
7.200000000000000000e+01 9.953729279230003057e-02 1.303747037653732455e-01
7.300000000000000000e+01 1.034497130054826963e-01 1.344336262445284258e-01
7.400000000000000000e+01 1.070660732141869576e-01 1.380331914500639301e-01
7.500000000000000000e+01 1.103453529959927959e-01 1.411299344290798952e-01
7.600000000000000000e+01 1.132493855926446497e-01 1.436861022241702202e-01
7.700000000000000000e+01 1.157438062068111839e-01 1.456701880683322348e-01
7.800000000000000000e+01 1.177988488740608630e-01 1.470571777111535916e-01
7.900000000000000000e+01 1.193898382972016364e-01 1.478288884768683975e-01
8.000000000000000000e+01 1.204974405869388560e-01 1.479745997602758267e-01
8.100000000000000000e+01 1.211078942687951604e-01 1.474917551075808353e-01
8.200000000000000000e+01 1.212133793053112307e-01 1.463862717240704825e-01
8.300000000000000000e+01 1.208124457284255604e-01 1.446721921614744499e-01
8.400000000000000000e+01 1.199102409222302379e-01 1.423708904723980373e-01
8.500000000000000000e+01 1.185183342754037861e-01 1.395103401776746355e-01
8.600000000000000000e+01 1.166541980673920786e-01 1.361247611576681671e-01
8.700000000000000000e+01 1.143406200506897341e-01 1.322544611514911705e-01
8.800000000000000000e+01 1.116052843135948297e-01 1.279453697280832913e-01
8.900000000000000000e+01 1.084804959542059188e-01 1.232479525553484001e-01
9.000000000000000000e+01 1.050027952581068513e-01 1.182157129933125994e-01
9.100000000000000000e+01 1.012122354977999794e-01 1.129038274544121728e-01
9.200000000000000000e+01 9.715136066617745259e-02 1.073682893838260044e-01
9.300000000000000000e+01 9.286416199505230507e-02 1.016654299779112397e-01
9.400000000000000000e+01 8.839528227718791709e-02 9.585134294106881225e-02
9.500000000000000000e+01 8.378949007477450028e-02 8.998088900363930553e-02
9.600000000000000000e+01 7.909120474022546254e-02 8.410642700355122625e-02
9.700000000000000000e+01 7.434384571372214257e-02 7.827673991219892546e-02
9.800000000000000000e+01 6.958899945976543266e-02 7.253649497960683312e-02
9.900000000000000000e+01 6.486562202131709864e-02 6.692614882064878978e-02
1.000000000000000000e+02 6.020951144835409025e-02 6.148190722579321976e-02
1.010000000000000000e+02 5.565309097256876392e-02 5.623544521795240808e-02
1.020000000000000000e+02 5.122533594171341936e-02 5.121345352084979985e-02
1.030000000000000000e+02 4.695164594110770584e-02 4.643733451953058894e-02
1.040000000000000000e+02 4.285361619932271521e-02 4.192329357061026079e-02
1.050000000000000000e+02 3.894883643668980988e-02 3.768277018270191348e-02
1.060000000000000000e+02 3.525087785949417712e-02 3.372293381624397873e-02
1.070000000000000000e+02 3.176950752429160557e-02 3.004702038992676169e-02
1.080000000000000000e+02 2.851102331504860518e-02 2.665452041208623765e-02
1.090000000000000000e+02 2.547856553312222161e-02 2.354140494339827805e-02
1.100000000000000000e+02 2.267234792946557984e-02 2.070054163410725914e-02
1.110000000000000000e+02 2.008986410522589638e-02 1.812227636390654345e-02
1.120000000000000000e+02 1.772616039102062335e-02 1.579502178871335788e-02
1.130000000000000000e+02 1.557420724661542216e-02 1.370571611857387094e-02
1.140000000000000000e+02 1.362531779105197183e-02 1.184014540186854522e-02
1.150000000000000000e+02 1.186953208175927331e-02 1.018322469584043502e-02
1.160000000000000000e+02 1.029592489733441481e-02 8.719324350555187828e-03
1.170000000000000000e+02 8.892855710487418755e-03 7.432640372504794278e-03
1.180000000000000000e+02 7.648206561329243779e-03 6.307537777381072922e-03
1.190000000000000000e+02 6.549632543004777971e-03 5.328801839381441287e-03
1.200000000000000000e+02 5.584810589518202431e-03 4.481792463556460646e-03
1.210000000000000000e+02 4.741653201446922698e-03 3.752547144325206474e-03
1.220000000000000000e+02 4.008466395433807686e-03 3.127877990141746199e-03
1.230000000000000000e+02 3.374057662126817968e-03 2.595471460207003384e-03
1.240000000000000000e+02 2.827815237300425853e-03 2.143967475929175939e-03
1.250000000000000000e+02 2.359775295936690671e-03 1.762993865608741611e-03
1.260000000000000000e+02 1.960678558081975584e-03 1.443154980184032342e-03
1.270000000000000000e+02 1.622007716293270103e-03 1.175993895588250873e-03
1.280000000000000000e+02 1.335998911762942623e-03 9.539491511931532091e-04
1.290000000000000000e+02 1.095629344514731287e-03 7.703135989108482245e-04
1.300000000000000000e+02 8.945898400797674651e-04 6.191900790683182304e-04
1.310000000000000000e+02 7.272510428144034374e-04 4.954365917735289743e-04
1.320000000000000000e+02 5.886269925032231332e-04 3.946004476257356820e-04
1.330000000000000000e+02 4.743353670604415488e-04 3.128478296657725478e-04
1.340000000000000000e+02 3.805528225275758196e-04 2.468962399807868454e-04
1.350000000000000000e+02 3.039659289009020602e-04 1.939532521573085336e-04
1.360000000000000000e+02 2.417204182215996415e-04 1.516605749952892781e-04
1.370000000000000000e+02 1.913718571610222496e-04 1.180410891186976275e-04
1.380000000000000000e+02 1.508395414355217937e-04 9.144802350005232314e-05
1.390000000000000000e+02 1.183637987792880258e-04 7.051738347175584391e-05
1.400000000000000000e+02 9.246615823376396056e-05 5.412526715652976898e-05
1.410000000000000000e+02 7.191210353813784657e-05 4.135079937316325956e-05
1.420000000000000000e+02 5.567670375318697196e-05 3.144422101069778593e-05
1.430000000000000000e+02 4.291364703784614746e-05 2.379915242996784530e-05
1.440000000000000000e+02 3.292795501980705646e-05 1.792828133910047940e-05
1.450000000000000000e+02 2.515222557683062079e-05 1.344219511123215434e-05
1.460000000000000000e+02 1.912598651007731961e-05 1.003131390476686766e-05
1.470000000000000000e+02 1.447774624085607621e-05 7.450798074967942972e-06
1.480000000000000000e+02 1.090947097062435545e-05 5.508100446256842378e-06
1.490000000000000000e+02 8.183324035768652023e-06 4.052720300592847378e-06
1.500000000000000000e+02 6.110501568678117591e-06 2.967748280415229305e-06
1.510000000000000000e+02 4.541935973434457203e-06 2.162898903579936370e-06
1.520000000000000000e+02 3.360595329817263080e-06 1.568819828452740222e-06
1.530000000000000000e+02 2.475118956520993841e-06 1.132507126217053435e-06
1.540000000000000000e+02 1.814577692384722079e-06 8.136593749229949153e-07
1.550000000000000000e+02 1.324194050557930625e-06 5.818022311671291577e-07
1.560000000000000000e+02 9.618823487775669036e-07 4.140277665682704387e-07
1.570000000000000000e+02 6.954776708439373029e-07 2.932188655472902086e-07
1.580000000000000000e+02 5.005302036676071140e-07 2.066585475426063371e-07
1.590000000000000000e+02 3.585564116522312579e-07 1.449484424436318888e-07
