0.000000000000000000e+00 -9.100194804822616464e-05 -2.387320215250281967e-05
1.000000000000000000e+00 8.358517735736800246e-05 1.948232953829045523e-05
2.000000000000000000e+00 7.608539129233134169e-05 1.965268246627795601e-05
3.000000000000000000e+00 9.054603972216777180e-05 2.444394391695421177e-05
4.000000000000000000e+00 1.096866064045351539e-04 3.063625617424183608e-05
5.000000000000000000e+00 1.325500357360562818e-04 3.831268696938100010e-05
6.000000000000000000e+00 1.595918093297989766e-04 4.777075069391851136e-05
7.000000000000000000e+00 1.916126787174949882e-04 5.937005537727435604e-05
8.000000000000000000e+00 2.296589328677698912e-04 7.353382744827537316e-05
9.000000000000000000e+00 2.749517879726859652e-04 9.076676840045436742e-05
1.000000000000000000e+01 3.287735496274592456e-04 1.116760683916989265e-04
1.100000000000000000e+01 3.923578423313356205e-04 1.369885821255659825e-04
1.200000000000000000e+01 4.668589453709303641e-04 1.675589424765147975e-04
1.300000000000000000e+01 5.534537554277296767e-04 2.043688267097979144e-04
1.400000000000000000e+01 6.535664619194114225e-04 2.485249089545411589e-04
1.500000000000000000e+01 7.691284101174944345e-04 3.012676228397254607e-04
1.600000000000000000e+01 9.027374056617236409e-04 3.640003191663100375e-04
1.700000000000000000e+01 1.057599790403873641e-03 4.383379358791947397e-04
1.800000000000000000e+01 1.237233802715150769e-03 5.261606410201900711e-04
1.900000000000000000e+01 1.445049830632079511e-03 6.296498408783898423e-04
2.000000000000000000e+01 1.684030944153706811e-03 7.512891770365294616e-04
2.100000000000000000e+01 1.956739523729854931e-03 8.938322620025941027e-04
2.200000000000000000e+01 2.265740766263381334e-03 1.060262639453368044e-03
2.300000000000000000e+01 2.614307634740344662e-03 1.253784237399889652e-03
2.400000000000000000e+01 3.007068887310343584e-03 1.477869848168880109e-03
2.500000000000000000e+01 3.450208914228575837e-03 1.736361415229751692e-03
2.600000000000000000e+01 3.950992559389970502e-03 2.033576345522212017e-03
2.700000000000000000e+01 4.516726632505677595e-03 2.374355063471557739e-03
2.800000000000000000e+01 5.153625124387639297e-03 2.764005573536059725e-03
2.900000000000000000e+01 5.866207554945953792e-03 3.208156883447500253e-03
3.000000000000000000e+01 6.657684121345319728e-03 3.712594650025687840e-03
3.100000000000000000e+01 7.531297644229501508e-03 4.283177830803694061e-03
3.200000000000000000e+01 8.492026830307862137e-03 4.925898040688287544e-03
3.300000000000000000e+01 9.547725365250390658e-03 5.647054869018626466e-03
3.400000000000000000e+01 1.070891183425825080e-02 6.453430370544632755e-03
3.500000000000000000e+01 1.198704400305896159e-02 7.352316089482838907e-03
3.600000000000000000e+01 1.339194369762697519e-02 8.351309068374513853e-03
3.700000000000000000e+01 1.492964270959590105e-02 9.457924504300066482e-03
3.800000000000000000e+01 1.660189611947832100e-02 1.067919589677802233e-02
3.900000000000000000e+01 1.840785820050074018e-02 1.202146409589945585e-02
4.000000000000000000e+01 2.034726104431489047e-02 1.349045826711675958e-02
4.100000000000000000e+01 2.242348809066477960e-02 1.509158999044547811e-02
4.200000000000000000e+01 2.464476229490984716e-02 1.683022594358267454e-02
4.300000000000000000e+01 2.702247178654268445e-02 1.871168236157574188e-02
4.400000000000000000e+01 2.956711824229317151e-02 2.074082772236122280e-02
4.500000000000000000e+01 3.228376429511434220e-02 2.292141479540676582e-02
4.600000000000000000e+01 3.516937316391700874e-02 2.525544647539790938e-02
4.700000000000000000e+01 3.821366174711088304e-02 2.774288740800676112e-02
4.800000000000000000e+01 4.140331728251962773e-02 3.038184430702640243e-02
4.900000000000000000e+01 4.472756325224214180e-02 3.316905836715771522e-02
5.000000000000000000e+01 4.818213852032332545e-02 3.610035614081563704e-02
5.100000000000000000e+01 5.176935974063078677e-02 3.917071977981750885e-02
5.200000000000000000e+01 5.549386710055917438e-02 4.237386322203626210e-02
5.300000000000000000e+01 5.935597075082136437e-02 4.570150433687085456e-02
5.400000000000000000e+01 6.334597858627775968e-02 4.914271928696589686e-02
5.500000000000000000e+01 6.744260536903287639e-02 5.268373370125239985e-02
5.600000000000000000e+01 7.161656206781366607e-02 5.630826621679950461e-02
5.700000000000000000e+01 7.583771283010458386e-02 5.999824093334772679e-02
5.800000000000000000e+01 8.008222159773567550e-02 6.373450335822294921e-02
5.900000000000000000e+01 8.433597610777131270e-02 6.749720544957894808e-02
6.000000000000000000e+01 8.859240424813037695e-02 7.126573496977127442e-02
6.100000000000000000e+01 9.284569185754074083e-02 7.501832247228311379e-02
6.200000000000000000e+01 9.708287771248662323e-02 7.873162524814432406e-02
6.300000000000000000e+01 1.012789971247098769e-01 8.238058957629285084e-02
6.400000000000000000e+01 1.053979340280028487e-01 8.593875459641103776e-02
6.500000000000000000e+01 1.093986992388331636e-01 8.937896762107991333e-02
6.600000000000000000e+01 1.132440512124709697e-01 9.267431667907263804e-02
6.700000000000000000e+01 1.169071864808165634e-01 9.579900250045435273e-02
6.800000000000000000e+01 1.203732395215449946e-01 9.872888921320344124e-02
6.900000000000000000e+01 1.236350007250590216e-01 1.014415910527233095e-01
7.000000000000000000e+01 1.266852100274095672e-01 1.039161467813429079e-01
7.100000000000000000e+01 1.295094887380572046e-01 1.061325418245165769e-01
7.200000000000000000e+01 1.320835545255039378e-01 1.080714625898250569e-01
7.300000000000000000e+01 1.343760877927204500e-01 1.097146115548187223e-01
7.400000000000000000e+01 1.363557323723843251e-01 1.110456490175537464e-01
7.500000000000000000e+01 1.379987218032378005e-01 1.120514590854289894e-01
7.600000000000000000e+01 1.392934667066524079e-01 1.127231715789978883e-01
7.700000000000000000e+01 1.402400904152802663e-01 1.130564044136190827e-01
7.800000000000000000e+01 1.408454582221931872e-01 1.130505625419315902e-01
7.900000000000000000e+01 1.411164069446136926e-01 1.127075610874442024e-01
8.000000000000000000e+01 1.410545864919548475e-01 1.120307146466958947e-01
8.100000000000000000e+01 1.406553036741443330e-01 1.110244863488337036e-01
8.200000000000000000e+01 1.399106449705911359e-01 1.096952957688636793e-01
8.300000000000000000e+01 1.388150801699532810e-01 1.080529163486984301e-01
8.400000000000000000e+01 1.373707036801719295e-01 1.061115684271781434e-01
8.500000000000000000e+01 1.355896508005364764e-01 1.038899263394106876e-01
8.600000000000000000e+01 1.334927333542039463e-01 1.014098698765624751e-01
8.700000000000000000e+01 1.311051779022224251e-01 9.869455887641466474e-02
8.800000000000000000e+01 1.284516210385929225e-01 9.576682595044516688e-02
8.900000000000000000e+01 1.255526583034624333e-01 9.264869123646267413e-02
9.000000000000000000e+01 1.224242967814090643e-01 8.936211161720117313e-02
9.100000000000000000e+01 1.190801890274240937e-01 8.593031628347416739e-02
9.200000000000000000e+01 1.155352642521265127e-01 8.237872891748598825e-02
9.300000000000000000e+01 1.118088675073346389e-01 7.873474892667373104e-02
9.400000000000000000e+01 1.079259190131889312e-01 7.502637852900528870e-02
9.500000000000000000e+01 1.039156494306351097e-01 7.128038558570901073e-02
9.600000000000000000e+01 9.980861717962119517e-02 6.752095070623413686e-02
9.700000000000000000e+01 9.563342722809052565e-02 6.376942008452661514e-02
9.800000000000000000e+01 9.141456138879748561e-02 6.004510246640026166e-02
9.900000000000000000e+01 8.717208347709119731e-02 5.636644824706492363e-02
1.000000000000000000e+02 8.292306402413172906e-02 5.275179006588782971e-02
1.010000000000000000e+02 7.868381856331063684e-02 4.921916888059132272e-02
1.020000000000000000e+02 7.447178853952042543e-02 4.578536781162337310e-02
1.030000000000000000e+02 7.030618815083126971e-02 4.246474671094301045e-02
1.040000000000000000e+02 6.620720652099811032e-02 3.926854374909913292e-02
1.050000000000000000e+02 6.219424654452106876e-02 3.620498244852645570e-02
1.060000000000000000e+02 5.828407493023429753e-02 3.328003215330528619e-02
1.070000000000000000e+02 5.448970519686183178e-02 3.049832631560807708e-02
1.080000000000000000e+02 5.082041391353026016e-02 2.786372992351797070e-02
1.090000000000000000e+02 4.728273572626416621e-02 2.537932882101559540e-02
1.100000000000000000e+02 4.388186326460256914e-02 2.304698524424537986e-02
1.110000000000000000e+02 4.062277221188871634e-02 2.086683704271860562e-02
1.120000000000000000e+02 3.751061329222490220e-02 1.883709797433986283e-02
1.130000000000000000e+02 3.455031821031911976e-02 1.695429365158023644e-02
1.140000000000000000e+02 3.174574126507302696e-02 1.521380325885219112e-02
1.150000000000000000e+02 2.909883096121511706e-02 1.361042975645753751e-02
1.160000000000000000e+02 2.660924449891447288e-02 1.213875453223236742e-02
1.170000000000000000e+02 2.427455660950246855e-02 1.079319513168130844e-02
1.180000000000000000e+02 2.209092014893570058e-02 9.567861393897324901e-03
1.190000000000000000e+02 2.005385136380412325e-02 8.456394237578993694e-03
1.200000000000000000e+02 1.815880841115632971e-02 7.451939778499896798e-03
1.210000000000000000e+02 1.640138186063034090e-02 6.547301368881135869e-03
1.220000000000000000e+02 1.477712478722790525e-02 5.735201287187664809e-03
1.230000000000000000e+02 1.328120965657935901e-02 5.008533851136172735e-03
1.240000000000000000e+02 1.190814345961338852e-02 4.360516910635051785e-03
1.250000000000000000e+02 1.065170127969333400e-02 3.784718561740796523e-03
1.260000000000000000e+02 9.505105668527892571e-03 3.275002429482498124e-03
1.270000000000000000e+02 8.461358218044810059e-03 2.825462762921458586e-03
1.280000000000000000e+02 7.513575136207891088e-03 2.430403956189985514e-03
1.290000000000000000e+02 6.655203388190525024e-03 2.084377783615127752e-03
1.300000000000000000e+02 5.880070747187415500e-03 1.782253981917517483e-03
1.310000000000000000e+02 5.182305468098249296e-03 1.519284980065741322e-03
1.320000000000000000e+02 4.556209843058268462e-03 1.291135517146431693e-03
1.330000000000000000e+02 3.996171364718503413e-03 1.093870889166963191e-03
1.340000000000000000e+02 3.496656482521629319e-03 9.239181148548489654e-04
1.350000000000000000e+02 3.052281352955369797e-03 7.780223144026682464e-04
1.360000000000000000e+02 2.657917718229380576e-03 6.532152931025879492e-04
1.370000000000000000e+02 2.308783670953477255e-03 5.468011529574745653e-04
1.380000000000000000e+02 2.000485892604989251e-03 4.563529105101781966e-04
1.390000000000000000e+02 1.729008145441004269e-03 3.797097004284108479e-04
1.400000000000000000e+02 1.490664610113190272e-03 3.149665064258400310e-04
1.410000000000000000e+02 1.282046280735538776e-03 2.604542750221288468e-04
1.420000000000000000e+02 1.099983221593462887e-03 2.147136791230037933e-04
1.430000000000000000e+02 9.415313493032331565e-04 1.764681139341569682e-04
1.440000000000000000e+02 8.039782636522087951e-04 1.446004815176192527e-04
1.450000000000000000e+02 6.848549781357548324e-04 1.181354660889845799e-04
1.460000000000000000e+02 5.819409372618250921e-04 9.622627308304507871e-05
1.470000000000000000e+02 4.932559168188868203e-04 7.814347391871162064e-05
1.480000000000000000e+02 4.170398570400073385e-04 6.326385222854123030e-05
1.490000000000000000e+02 3.517266427257816812e-04 5.105834733022847349e-05
1.500000000000000000e+02 2.959187818800201961e-04 4.107944464835104799e-05
1.510000000000000000e+02 2.483675731098124715e-04 3.294903863969657115e-05
1.520000000000000000e+02 2.079597109565328413e-04 2.634774583299423159e-05
1.530000000000000000e+02 1.737083728058007813e-04 2.100612711762458128e-05
1.540000000000000000e+02 1.447457377822684355e-04 1.669768532292376581e-05
1.550000000000000000e+02 1.203145242418753475e-04 1.323313730189028253e-05
1.560000000000000000e+02 9.975765567201387574e-05 1.045541525777789183e-05
1.570000000000000000e+02 8.250660378368733961e-05 8.235044168965129728e-06
1.580000000000000000e+02 6.806969337335627755e-05 6.465802752301114097e-06
1.590000000000000000e+02 5.602158130803187332e-05 5.060760178894355055e-06
