0.000000000000000000e+00 -6.686296302519698094e-07 -1.505802885823330865e-11
1.000000000000000000e+00 7.769916122668115624e-07 4.653882201348080170e-11
2.000000000000000000e+00 9.413598154451567069e-07 8.539509819906498024e-11
3.000000000000000000e+00 1.275832832209112542e-06 1.563167270061941485e-10
4.000000000000000000e+00 1.731911996874152602e-06 2.832379844024524439e-10
5.000000000000000000e+00 2.342167516516227728e-06 5.080056383491352696e-10
6.000000000000000000e+00 3.153898798885538296e-06 9.019750526928197881e-10
7.000000000000000000e+00 4.228545186074300516e-06 1.585466682626081312e-09
8.000000000000000000e+00 5.644814708097430103e-06 2.759103265916608020e-09
9.000000000000000000e+00 7.502918885954618399e-06 4.753963176315034543e-09
1.000000000000000000e+01 9.929785912050865943e-06 8.110471386448853455e-09
1.100000000000000000e+01 1.308537167597938434e-05 1.370133056618089526e-08
1.200000000000000000e+01 1.717023753957087846e-05 2.292085549255523139e-08
1.300000000000000000e+01 2.243458666393500061e-05 3.797316368477758662e-08
1.400000000000000000e+01 2.918896873493252128e-05 6.230565438018183568e-08
1.500000000000000000e+01 3.781687710262685492e-05 1.012535007515497958e-07
1.600000000000000000e+01 4.878947145790136109e-05 1.629867365566963879e-07
1.700000000000000000e+01 6.268266018617396510e-05 2.598857700488339257e-07
1.800000000000000000e+01 8.019676982876886321e-05 4.105155898657297035e-07
1.900000000000000000e+01 1.021790132342910624e-04 6.424260712133652744e-07
2.000000000000000000e+01 1.296489459491718065e-04 9.960772487453357687e-07
2.100000000000000000e+01 1.638270683343726270e-04 1.530276229597102371e-06
2.200000000000000000e+01 2.061666840290357291e-04 2.329618207666751493e-06
2.300000000000000000e+01 2.583890581827085245e-04 3.514548223230187656e-06
2.400000000000000000e+01 3.225218202231075709e-04 5.254802598414977076e-06
2.500000000000000000e+01 4.009404288257648486e-04 7.787146036112664778e-06
2.600000000000000000e+01 4.964123667767557802e-04 1.143848955003786856e-05
2.700000000000000000e+01 6.121435813729084706e-04 1.665564537784321706e-05
2.800000000000000000e+01 7.518265421602341684e-04 2.404313993782472184e-05
2.900000000000000000e+01 9.196891365741412206e-04 3.441064785385123119e-05
3.000000000000000000e+01 1.120543413530055571e-03 4.883171193789517318e-05
3.100000000000000000e+01 1.359832869836505396e-03 6.871545287873482059e-05
3.200000000000000000e+01 1.643676578324311998e-03 9.589292293371728081e-05
3.300000000000000000e+01 1.978908121134778132e-03 1.327195909676670560e-04
3.400000000000000000e+01 2.373107183193400721e-03 1.821951326347515565e-04
3.500000000000000000e+01 2.834621784736124882e-03 2.481012094705977973e-04
3.600000000000000000e+01 3.372579188820783343e-03 3.351572265868154351e-04
3.700000000000000000e+01 3.996883096588546742e-03 4.491931387407494328e-04
3.800000000000000000e+01 4.718193789174471298e-03 5.973372133520292709e-04
3.900000000000000000e+01 5.547887085952074061e-03 7.882152520960694847e-04
4.000000000000000000e+01 6.497988433646722378e-03 1.032156129224264971e-03
4.100000000000000000e+01 7.581080410274981980e-03 1.341396648847837129e-03
4.200000000000000000e+01 8.810184006416124994e-03 1.730276699219604735e-03
4.300000000000000000e+01 1.019861385616159348e-02 2.215413554570025163e-03
4.400000000000000000e+01 1.175980433856732045e-02 2.815842030687749041e-03
4.500000000000000000e+01 1.350710006551074371e-02 3.553105152718524871e-03
4.600000000000000000e+01 1.545350582261216174e-02 4.451278179903167369e-03
4.700000000000000000e+01 1.761139946791570599e-02 5.536907414316043913e-03
4.800000000000000000e+01 1.999222092275531465e-02 6.838844384651111483e-03
4.900000000000000000e+01 2.260615088565913824e-02 8.387955946384931250e-03
5.000000000000000000e+01 2.546178009105684245e-02 1.021669179899216927e-02
5.100000000000000000e+01 2.856575453649742857e-02 1.235849311132825035e-02
5.200000000000000000e+01 3.192238379316184038e-02 1.484702957130315353e-02
5.300000000000000000e+01 3.553322628398275507e-02 1.771525741279717653e-02
5.400000000000000000e+01 3.939669750067086029e-02 2.099429796006486992e-02
5.500000000000000000e+01 4.350774865795476593e-02 2.471214501636396013e-02
5.600000000000000000e+01 4.785761990507514385e-02 2.889221989312975442e-02
5.700000000000000000e+01 5.243361871681614245e-02 3.355180476922610400e-02
5.800000000000000000e+01 5.721887225855635389e-02 3.870039804840447184e-02
5.900000000000000000e+01 6.219207563848277304e-02 4.433804890773379581e-02
6.000000000000000000e+01 6.732734641672702414e-02 5.045374134235101199e-02
6.100000000000000000e+01 7.259429810233319902e-02 5.702390954309710658e-02
6.200000000000000000e+01 7.795832672214858539e-02 6.401117550558944880e-02
6.300000000000000000e+01 8.338096283659877928e-02 7.136340547394584566e-02
6.400000000000000000e+01 8.882013469542522632e-02 7.901318247788463589e-02
6.500000000000000000e+01 9.423036418161594152e-02 8.687778606868171161e-02
6.600000000000000000e+01 9.956312094527421108e-02 9.485975740612455354e-02
6.700000000000000000e+01 1.047675581304383652e-01 1.028481089608159205e-01
6.800000000000000000e+01 1.097915876305440713e-01 1.107202120912225418e-01
6.900000000000000000e+01 1.145829585768529391e-01 1.183443612428612540e-01
7.000000000000000000e+01 1.190900077000646706e-01 1.255829740631719260e-01
7.100000000000000000e+01 1.232621148798179189e-01 1.322963479938956965e-01
7.200000000000000000e+01 1.270502815998102997e-01 1.383468553758581687e-01
7.300000000000000000e+01 1.304082191511531930e-01 1.436034183889512150e-01
7.400000000000000000e+01 1.332938391909390119e-01 1.479460701409835988e-01
7.500000000000000000e+01 1.356705518961836276e-01 1.512703899189418999e-01
7.600000000000000000e+01 1.375078432664108008e-01 1.534915950898346482e-01
7.700000000000000000e+01 1.387812370393644301e-01 1.545480704104312264e-01
7.800000000000000000e+01 1.394723282790522600e-01 1.544041273222914179e-01
7.900000000000000000e+01 1.395694572213385942e-01 1.530518249013136933e-01
8.000000000000000000e+01 1.390688212376679223e-01 1.505117375067750729e-01
8.100000000000000000e+01 1.379751764122193469e-01 1.468326020887975591e-01
8.200000000000000000e+01 1.363014813938790981e-01 1.420898310188793978e-01
8.300000000000000000e+01 1.340677461045284846e-01 1.363829492226857898e-01
8.400000000000000000e+01 1.313000404872655125e-01 1.298320859594473409e-01
8.500000000000000000e+01 1.280303365920560377e-01 1.225736965207920304e-01
8.600000000000000000e+01 1.242968537191684181e-01 1.147557218549027092e-01
8.700000000000000000e+01 1.201438978010715558e-01 1.065324318978589091e-01
8.800000000000000000e+01 1.156205738019878415e-01 9.805921982826215633e-02
8.900000000000000000e+01 1.107788228646203466e-01 8.948760053553793392e-02
9.000000000000000000e+01 1.056718700733272759e-01 8.096063716861706672e-02
9.100000000000000000e+01 1.003536919670917071e-01 7.260899170083986998e-02
9.200000000000000000e+01 9.487902998641765950e-02 6.454775495277116637e-02
9.300000000000000000e+01 8.930293068983771732e-02 5.687415228014436330e-02
9.400000000000000000e+01 8.367934586663226815e-02 4.966616161418150460e-02
9.500000000000000000e+01 7.805936647634127701e-02 4.298202977545666909e-02
9.600000000000000000e+01 7.249008994766685532e-02 3.686062469118338292e-02
9.700000000000000000e+01 6.701451313322187575e-02 3.132251884783410212e-02
9.800000000000000000e+01 6.167188108060694951e-02 2.637167078509034673e-02
9.900000000000000000e+01 5.649761418803842666e-02 2.199755292399815931e-02
1.000000000000000000e+02 5.152255171969629538e-02 1.817756432420396598e-02
1.010000000000000000e+02 4.677208452581765180e-02 1.487957332552308429e-02
1.020000000000000000e+02 4.226592967992081479e-02 1.206445331114328577e-02
1.030000000000000000e+02 3.801869627011932040e-02 9.688492787768811926e-03
1.040000000000000000e+02 3.404068867471642806e-02 7.705581349816554605e-03
1.050000000000000000e+02 3.033830964718873396e-02 6.069104045228078739e-03
1.060000000000000000e+02 2.691397594182386860e-02 4.733509068963767316e-03
1.070000000000000000e+02 2.376601728689666307e-02 3.655535431556919228e-03
1.080000000000000000e+02 2.088903618972652587e-02 2.795104219631749931e-03
1.090000000000000000e+02 1.827472553917223325e-02 2.115897432527896575e-03
1.100000000000000000e+02 1.591271522487383572e-02 1.585664659834027344e-03
1.110000000000000000e+02 1.379106091165073836e-02 1.176302588617007946e-03
1.120000000000000000e+02 1.189638871578634766e-02 8.637521701910698619e-04
1.130000000000000000e+02 1.021402383806937521e-02 6.277598553889604874e-04
1.140000000000000000e+02 8.728369562954767583e-03 4.515483603483506805e-04
1.150000000000000000e+02 7.423489627082183184e-03 3.214354068629458557e-04
1.160000000000000000e+02 6.283628298515571940e-03 2.264305602938724812e-04
1.170000000000000000e+02 5.293472065224106952e-03 1.578345591864938014e-04
1.180000000000000000e+02 4.438196209173582256e-03 1.088601237014001004e-04
1.190000000000000000e+02 3.703491250213171090e-03 7.428640332025806398e-05
1.200000000000000000e+02 3.075704767919666509e-03 5.015321384596423062e-05
1.210000000000000000e+02 2.542063670344775136e-03 3.349756598677332601e-05
1.220000000000000000e+02 2.090843009364649462e-03 2.213241601256869719e-05
1.230000000000000000e+02 1.711395869540455368e-03 1.446509830273728605e-05
1.240000000000000000e+02 1.394077187448829105e-03 9.351215652660736479e-06
1.250000000000000000e+02 1.130158824942108578e-03 5.979260695321532768e-06
1.260000000000000000e+02 9.117986500946099939e-04 3.781272567853517644e-06
1.270000000000000000e+02 7.320482582064756320e-04 2.364923273411186259e-06
1.280000000000000000e+02 5.848428225382479306e-04 1.462727970938404526e-06
1.290000000000000000e+02 4.649388953493839615e-04 8.946616127491914997e-07
1.300000000000000000e+02 3.678147778397329983e-04 5.411076867075778957e-07
1.310000000000000000e+02 2.895730549333824962e-04 3.236063437793295967e-07
1.320000000000000000e+02 2.268707044486197185e-04 1.913545171117679066e-07
1.330000000000000000e+02 1.768720058406991909e-04 1.118749479755941725e-07
1.340000000000000000e+02 1.372035478919377319e-04 6.466713406115468261e-08
1.350000000000000000e+02 1.058979400920785299e-04 3.695479056533659124e-08
1.360000000000000000e+02 8.132976914242614759e-05 2.087728031665054746e-08
1.370000000000000000e+02 6.215640145461056806e-05 1.165949534573430266e-08
1.380000000000000000e+02 4.727215749211374876e-05 6.436906399190215766e-09
1.390000000000000000e+02 3.577467635034426113e-05 3.512750355306762745e-09
1.400000000000000000e+02 2.693671283402622978e-05 1.894816080545216444e-09
1.410000000000000000e+02 2.017825703330003843e-05 1.010238931321557315e-09
1.420000000000000000e+02 1.503884364833790670e-05 5.323713288577564489e-10
1.430000000000000000e+02 1.115297593331975116e-05 2.772832979843236625e-10
1.440000000000000000e+02 8.230913693686908839e-06 1.427323606339226319e-10
1.450000000000000000e+02 6.044544986864118265e-06 7.260963888320987839e-11
1.460000000000000000e+02 4.416381554880283626e-06 3.650439723499575821e-11
1.470000000000000000e+02 3.209921977537980229e-06 1.813726880817395490e-11
1.480000000000000000e+02 2.320862329351411228e-06 8.905098261482215949e-12
1.490000000000000000e+02 1.669557299895235341e-06 4.320291175651073773e-12
1.500000000000000000e+02 1.195167269638354702e-06 2.071128851415713180e-12
1.510000000000000000e+02 8.514176802924512392e-07 9.811711397491935475e-13
1.520000000000000000e+02 6.034816129981178161e-07 4.592974803138607902e-13
1.530000000000000000e+02 4.254816704915277585e-07 2.124167070194122498e-13
1.540000000000000000e+02 2.983625030625242730e-07 9.705640108114571923e-14
1.550000000000000000e+02 2.081226368031253732e-07 4.381938700242385365e-14
1.560000000000000000e+02 1.444568723950099173e-07 1.954906427916944997e-14
1.570000000000000000e+02 9.978945678830164891e-08 8.615881746066369129e-15
1.580000000000000000e+02 6.859726497780736341e-08 3.750673157706828767e-15
1.590000000000000000e+02 4.690749850836436384e-08 1.613014706153547057e-15
