0.000000000000000000e+00 -2.277868540954676911e-06 -3.096602964677527044e-05
1.000000000000000000e+00 3.727941112369418570e-06 3.219572617992125517e-05
2.000000000000000000e+00 4.091990863356303089e-06 3.108978361534862818e-05
3.000000000000000000e+00 5.313899968394310725e-06 3.754341255635488541e-05
4.000000000000000000e+00 6.964809287606669689e-06 4.636750023443479230e-05
5.000000000000000000e+00 9.107148178195920919e-06 5.728270772836152944e-05
6.000000000000000000e+00 1.186563241709828262e-05 7.056401618600428925e-05
7.000000000000000000e+00 1.540308730820014719e-05 8.665321014741182693e-05
8.000000000000000000e+00 1.992304792238053343e-05 1.061113373942688964e-04
9.000000000000000000e+00 2.567621505209558670e-05 1.296116109426407865e-04
1.000000000000000000e+01 3.296861076152304214e-05 1.579287237233595580e-04
1.100000000000000000e+01 4.217217916126801745e-05 1.919251514008494749e-04
1.200000000000000000e+01 5.373882858200334248e-05 2.325489806127364217e-04
1.300000000000000000e+01 6.821799311747203545e-05 2.808579888009202913e-04
1.400000000000000000e+01 8.627641395415090394e-05 3.380727184081192059e-04
1.500000000000000000e+01 1.087180862995783622e-04 4.056426639180079762e-04
1.600000000000000000e+01 1.365031538598688329e-04 4.852956409091364800e-04
1.700000000000000000e+01 1.707669541702550530e-04 5.790425393453134091e-04
1.800000000000000000e+01 2.128429857351588148e-04 6.891318836264696823e-04
1.900000000000000000e+01 2.642940541710504451e-04 8.179818170109950590e-04
2.000000000000000000e+01 3.269528564119526218e-04 9.681414502631323880e-04
2.100000000000000000e+01 4.029678388584500485e-04 1.142329044569384078e-03
2.200000000000000000e+01 4.948459921994417983e-04 1.343555410686478498e-03
2.300000000000000000e+01 6.054854517209514505e-04 1.575284092287012380e-03
2.400000000000000000e+01 7.381984176742426539e-04 1.841539825407391851e-03
2.500000000000000000e+01 8.967347610417824872e-04 2.146886025983501135e-03
2.600000000000000000e+01 1.085320837555906002e-03 2.496257784694815626e-03
2.700000000000000000e+01 1.308720514219827288e-03 2.894728873351539149e-03
2.800000000000000000e+01 1.572308258486144290e-03 3.347353237812778978e-03
2.900000000000000000e+01 1.882128698769738959e-03 3.859203034824489498e-03
3.000000000000000000e+01 2.244917305839113503e-03 4.435618822769589985e-03
3.100000000000000000e+01 2.668077823819650987e-03 5.082544529934085800e-03
3.200000000000000000e+01 3.159642364682455073e-03 5.806729491179253577e-03
3.300000000000000000e+01 3.728256306343557831e-03 6.615615551071414233e-03
3.400000000000000000e+01 4.383213714580919129e-03 7.516892323270005227e-03
3.500000000000000000e+01 5.134524092418520438e-03 8.517914464789484372e-03
3.600000000000000000e+01 5.992948152975735923e-03 9.625299173304891626e-03
3.700000000000000000e+01 6.969936574969247921e-03 1.084495900569812030e-02
3.800000000000000000e+01 8.077455235175928089e-03 1.218258003183330523e-02
3.900000000000000000e+01 9.327754953776860175e-03 1.364425842146207990e-02
4.000000000000000000e+01 1.073318645894200118e-02 1.523684921403297039e-02
4.100000000000000000e+01 1.230612859250620680e-02 1.696768897890348765e-02
4.200000000000000000e+01 1.405900044102199181e-02 1.884370203677408762e-02
4.300000000000000000e+01 1.600423433769563794e-02 2.087029720202413299e-02
4.400000000000000000e+01 1.815407618056964420e-02 2.305065529319079431e-02
4.500000000000000000e+01 2.052017750701318199e-02 2.538583896514069391e-02
4.600000000000000000e+01 2.311308927224857770e-02 2.787568388819111273e-02
4.700000000000000000e+01 2.594184902579226709e-02 3.051992238006765584e-02
4.800000000000000000e+01 2.901379450475980934e-02 3.331877504028568637e-02
4.900000000000000000e+01 3.233456539494968668e-02 3.627249850124369263e-02
5.000000000000000000e+01 3.590809582812921202e-02 3.937998900775034616e-02
5.100000000000000000e+01 3.973638384809249913e-02 4.263715857743158311e-02
5.200000000000000000e+01 4.381897993272773628e-02 4.603602673923025412e-02
5.300000000000000000e+01 4.815235764728298395e-02 4.956511949172780901e-02
5.400000000000000000e+01 5.272944639246720383e-02 5.321100666780771704e-02
5.500000000000000000e+01 5.753951945772239895e-02 5.696009000721681537e-02
5.600000000000000000e+01 6.256839589396351320e-02 6.079953981485616832e-02
5.700000000000000000e+01 6.779870751327164713e-02 6.471674300599587759e-02
5.800000000000000000e+01 7.320996268373385074e-02 6.869752486639263411e-02
5.900000000000000000e+01 7.877832391498065800e-02 7.272420459958287009e-02
6.000000000000000000e+01 8.447626627429143109e-02 7.677473141863305761e-02
6.100000000000000000e+01 9.027241036713481992e-02 8.082356636593704402e-02
6.200000000000000000e+01 9.613173686295246878e-02 8.484394588375919477e-02
6.300000000000000000e+01 1.020161624035424708e-01 8.881030924917358849e-02
6.400000000000000000e+01 1.078852604422000094e-01 9.269953447323628359e-02
6.500000000000000000e+01 1.136968779473362806e-01 9.649031944979474806e-02
6.600000000000000000e+01 1.194075308645810851e-01 1.001611687950906271e-01
6.700000000000000000e+01 1.249726453619594418e-01 1.036883235135679787e-01
6.800000000000000000e+01 1.303468220271685463e-01 1.070450512797394976e-01
6.900000000000000000e+01 1.354842859009685041e-01 1.102029260626144203e-01
7.000000000000000000e+01 1.403395846125063962e-01 1.131345320933916238e-01
7.100000000000000000e+01 1.448684817501120214e-01 1.158161554086876155e-01
7.200000000000000000e+01 1.490289111188523585e-01 1.182290141723288251e-01
7.300000000000000000e+01 1.527818253327762332e-01 1.203584416151588371e-01
7.400000000000000000e+01 1.560917983297271938e-01 1.221916551786399185e-01
7.500000000000000000e+01 1.589273366220271544e-01 1.237155853114212112e-01
7.600000000000000000e+01 1.612610005454324646e-01 1.249161869308380024e-01
7.700000000000000000e+01 1.630695590474990908e-01 1.257797458377022115e-01
7.800000000000000000e+01 1.643343951262649927e-01 1.262954768865811039e-01
7.900000000000000000e+01 1.650421986651773032e-01 1.264579284752959110e-01
8.000000000000000000e+01 1.651857183530224260e-01 1.262678245477540373e-01
8.100000000000000000e+01 1.647641891328660568e-01 1.257309060775094467e-01
8.200000000000000000e+01 1.637831622966355316e-01 1.248555071328873861e-01
8.300000000000000000e+01 1.622538093434867656e-01 1.236503102883369787e-01
8.400000000000000000e+01 1.601921123627624288e-01 1.221235585503380738e-01
8.500000000000000000e+01 1.576184180491040920e-01 1.202840791191222003e-01
8.600000000000000000e+01 1.545575324862811795e-01 1.181433725096441151e-01
8.700000000000000000e+01 1.510390701943655212e-01 1.157174031057743441e-01
8.800000000000000000e+01 1.470974990604698163e-01 1.130269429630427203e-01
8.900000000000000000e+01 1.427714742516631441e-01 1.100962065287350855e-01
9.000000000000000000e+01 1.381025368006327803e-01 1.069505156096989956e-01
9.100000000000000000e+01 1.331337045240209294e-01 1.036142535842337759e-01
9.200000000000000000e+01 1.279085514739069507e-01 1.001101222137739388e-01
9.300000000000000000e+01 1.224709960080940796e-01 9.645988982295716774e-02
9.400000000000000000e+01 1.168654827871785651e-01 9.268593733830664261e-02
9.500000000000000000e+01 1.111369615830111873e-01 8.881249307936138482e-02
9.600000000000000000e+01 1.053302480497785854e-01 8.486571117940615305e-02
9.700000000000000000e+01 9.948884820716512312e-02 8.087248814169786804e-02
9.800000000000000000e+01 9.365375165010492164e-02 7.685865819461985826e-02
9.900000000000000000e+01 8.786273132577165912e-02 7.284752362805466119e-02
1.000000000000000000e+02 8.215032459586898983e-02 6.885941156327556045e-02
1.010000000000000000e+02 7.654820565582989844e-02 6.491230771811375144e-02
1.020000000000000000e+02 7.108544508894690250e-02 6.102300861169901447e-02
1.030000000000000000e+02 6.578832641253026803e-02 5.720800795032768282e-02
1.040000000000000000e+02 6.067978838038596417e-02 5.348358280478329729e-02
1.050000000000000000e+02 5.577886981582129422e-02 4.986507535190443097e-02
1.060000000000000000e+02 5.110053386244176737e-02 4.636583913642854105e-02
1.070000000000000000e+02 4.665597394761803601e-02 4.299646837349038048e-02
1.080000000000000000e+02 4.245318563702916298e-02 3.976470618919809158e-02
1.090000000000000000e+02 3.849746194849616721e-02 3.667600588352808860e-02
1.100000000000000000e+02 3.479159984726658966e-02 3.373436575327042053e-02
1.110000000000000000e+02 3.133586276832248108e-02 3.094296645540152088e-02
1.120000000000000000e+02 2.812792555257510180e-02 2.830432666578511225e-02
1.130000000000000000e+02 2.516301677726690000e-02 2.582001182471966097e-02
1.140000000000000000e+02 2.243430855105773072e-02 2.349018144724553461e-02
1.150000000000000000e+02 1.993342795522611011e-02 2.131331103118676989e-02
1.160000000000000000e+02 1.765090342778718666e-02 1.928627724691970441e-02
1.170000000000000000e+02 1.557643565997609766e-02 1.740476449652487642e-02
1.180000000000000000e+02 1.369901738366599911e-02 1.566378094767704662e-02
1.190000000000000000e+02 1.200701519000107326e-02 1.405804840583735685e-02
1.200000000000000000e+02 1.048831758358417451e-02 1.258214082334415361e-02
1.210000000000000000e+02 9.130573735576982472e-03 1.123040513106908327e-02
1.220000000000000000e+02 7.921467186267107385e-03 9.996808109319594432e-03
1.230000000000000000e+02 6.848943499571805496e-03 8.874862336139531863e-03
1.240000000000000000e+02 5.901345805006217617e-03 7.857707062230181311e-03
1.250000000000000000e+02 5.067469975298086009e-03 6.938315955986281043e-03
1.260000000000000000e+02 4.336587666451363968e-03 6.109736022412198125e-03
1.270000000000000000e+02 3.698481465603063473e-03 5.365260633376232706e-03
1.280000000000000000e+02 3.143504872429590466e-03 4.698491367115698036e-03
1.290000000000000000e+02 2.662648994840791875e-03 4.103308477962655521e-03
1.300000000000000000e+02 2.247588146217927105e-03 3.573809886993370086e-03
1.310000000000000000e+02 1.890688875610250716e-03 3.104277462403276164e-03
1.320000000000000000e+02 1.584987241553658961e-03 2.689197064101672696e-03
1.330000000000000000e+02 1.324151804784992094e-03 2.323320137137653910e-03
1.340000000000000000e+02 1.102448662909340064e-03 2.001732071347230198e-03
1.350000000000000000e+02 9.147145239600354720e-04 1.719894440267692335e-03
1.360000000000000000e+02 7.563336313500256284e-04 1.473647546929629428e-03
1.370000000000000000e+02 6.232107891545830619e-04 1.259181694354529228e-03
1.380000000000000000e+02 5.117360084182794684e-04 1.072997822284955200e-03
1.390000000000000000e+02 4.187421022597162621e-04 9.118766068399468318e-04
1.400000000000000000e+02 3.414602872119116162e-04 7.728642113888363994e-04
1.410000000000000000e+02 2.774786776073147158e-04 6.532708651701939076e-04
1.420000000000000000e+02 2.247057565006532558e-04 5.506719837372771580e-04
1.430000000000000000e+02 1.813380219802724106e-04 4.629025069790193743e-04
1.440000000000000000e+02 1.458298179806010212e-04 3.880409050996519969e-04
1.450000000000000000e+02 1.168639791374036794e-04 3.243854610792166419e-04
1.460000000000000000e+02 9.332328628614610321e-05 2.704286215528674091e-04
1.470000000000000000e+02 7.426368013991711413e-05 2.248345966921409648e-04
1.480000000000000000e+02 5.889022607925561097e-05 1.864223922029537603e-04
1.490000000000000000e+02 4.653622075273267924e-05 1.541533187446486217e-04
1.500000000000000000e+02 3.664515965235791547e-05 1.271203991631797122e-04
1.510000000000000000e+02 2.875496390237703353e-05 1.045373442595833702e-04
1.520000000000000000e+02 2.248394856877064497e-05 8.572616572267816005e-05
1.530000000000000000e+02 1.751829203381142353e-05 7.010394627275977830e-05
1.540000000000000000e+02 1.360098892602613494e-05 5.717002027554604973e-05
1.550000000000000000e+02 1.052232108193286000e-05 4.649467967761490231e-05
1.560000000000000000e+02 8.111797630916767551e-06 3.770985413807741274e-05
1.570000000000000000e+02 6.231403001402109775e-06 3.050152495300190698e-05
1.580000000000000000e+02 4.769934084532501909e-06 2.460327278467508519e-05
1.590000000000000000e+02 3.638223020574388103e-06 1.979039789916067746e-05
