0.000000000000000000e+00 -1.523140177823648511e-06 -8.287752883627866405e-08
1.000000000000000000e+00 1.544284855489462638e-06 2.709721803724839203e-07
2.000000000000000000e+00 1.783753889639829094e-06 3.361986656109817865e-07
3.000000000000000000e+00 2.370574186803547939e-06 4.707083399483709840e-07
4.000000000000000000e+00 3.154778020435846469e-06 6.603901647211347995e-07
5.000000000000000000e+00 4.183242989896522554e-06 9.227058355199293248e-07
6.000000000000000000e+00 5.525565969622695201e-06 1.283209355557115596e-06
7.000000000000000000e+00 7.270308396720210988e-06 1.776093063474537673e-06
8.000000000000000000e+00 9.528847351043532904e-06 2.446394751322813263e-06
9.000000000000000000e+00 1.244058254530409547e-05 3.353054859393988450e-06
1.000000000000000000e+01 1.617921398439917523e-05 4.572960407518020934e-06
1.100000000000000000e+01 2.096016495368478114e-05 6.206110257696516896e-06
1.200000000000000000e+01 2.704926004006305508e-05 8.381909204946951590e-06
1.300000000000000000e+01 3.477282709599248281e-05 1.126657420956998180e-05
1.400000000000000000e+01 4.452947637196265574e-05 1.507182947683821368e-05
1.500000000000000000e+01 5.680385115357405900e-05 2.006540390237368992e-05
1.600000000000000000e+01 7.218257057523648013e-05 2.658407158535631699e-05
1.700000000000000000e+01 9.137240760574596825e-05 3.504984221742618079e-05
1.800000000000000000e+01 1.152205854869226139e-04 4.598939966066402949e-05
1.900000000000000000e+01 1.447370991208544620e-04 6.005633475650559895e-05
2.000000000000000000e+01 1.811192228006580889e-04 7.805563804237247336e-05
2.100000000000000000e+01 2.257786691799086348e-04 1.009706205235487946e-04
2.200000000000000000e+01 2.803718655747250844e-04 1.299936155517227802e-04
2.300000000000000000e+01 3.468332821524505510e-04 1.665625003705477661e-04
2.400000000000000000e+01 4.274108708495548241e-04 2.124041727234390344e-04
2.500000000000000000e+01 5.247020821293737688e-04 2.695835289901377693e-04
2.600000000000000000e+01 6.416892548535486126e-04 3.405539090106666556e-04
2.700000000000000000e+01 7.817744133558723711e-04 4.282051614608549644e-04
2.800000000000000000e+01 9.488147041472892772e-04 5.359097205674952062e-04
2.900000000000000000e+01 1.147159483578897654e-03 6.675726341436515011e-04
3.000000000000000000e+01 1.381687816914542021e-03 8.276923408544548935e-04
3.100000000000000000e+01 1.657841993119029463e-03 1.021431184419342372e-03
3.200000000000000000e+01 1.981651128000354312e-03 1.254682300148559672e-03
3.300000000000000000e+01 2.359741075220847181e-03 1.534114422247313770e-03
3.400000000000000000e+01 2.799332054544683302e-03 1.867187600057698162e-03
3.500000000000000000e+01 3.308229789511970761e-03 2.262154942881077196e-03
3.600000000000000000e+01 3.894814856616236193e-03 2.728077045541060699e-03
3.700000000000000000e+01 4.568027101789258991e-03 3.274858278454492386e-03
3.800000000000000000e+01 5.337332097399635419e-03 3.913275505768401899e-03
3.900000000000000000e+01 6.212653323248966061e-03 4.654946035875268985e-03
4.000000000000000000e+01 7.204262876888686135e-03 5.512205695730068231e-03
4.100000000000000000e+01 8.322641438667413571e-03 6.497929830085327242e-03
4.200000000000000000e+01 9.578331694785403513e-03 7.625372702266787310e-03
4.300000000000000000e+01 1.098180449324634780e-02 8.908070051054491068e-03
4.400000000000000000e+01 1.254333190347376240e-02 1.035975773986155639e-02
4.500000000000000000e+01 1.427283266676379787e-02 1.199419207624267611e-02
4.600000000000000000e+01 1.617964924060446424e-02 1.382479726655859616e-02
4.700000000000000000e+01 1.827224604709298469e-02 1.586419782663003528e-02
4.800000000000000000e+01 2.055787077148219302e-02 1.812379719427419100e-02
4.900000000000000000e+01 2.304225449704930262e-02 2.061351978577883465e-02
5.000000000000000000e+01 2.572940557381414237e-02 2.334165941485018964e-02
5.100000000000000000e+01 2.862147865333387886e-02 2.631463584386067173e-02
5.200000000000000000e+01 3.171862577592047400e-02 2.953651283910940784e-02
5.300000000000000000e+01 3.501872922919519598e-02 3.300835552916808052e-02
5.400000000000000000e+01 3.851700331507770803e-02 3.672769277410485589e-02
5.500000000000000000e+01 4.220558263333264171e-02 4.068829842227675297e-02
5.600000000000000000e+01 4.607328212735515433e-02 4.488023601747197222e-02
5.700000000000000000e+01 5.010564045088011786e-02 4.928987957926931479e-02
5.800000000000000000e+01 5.428517176186684057e-02 5.389967375196935001e-02
5.900000000000000000e+01 5.859159016447368362e-02 5.868770516385418690e-02
6.000000000000000000e+01 6.300178589022524533e-02 6.362742787610151107e-02
6.100000000000000000e+01 6.748955120571685506e-02 6.868783805965299194e-02
6.200000000000000000e+01 7.202532828355909245e-02 7.383405233195029782e-02
6.300000000000000000e+01 7.657634833549108178e-02 7.902793674969786630e-02
6.400000000000000000e+01 8.110732554678108663e-02 8.422846719096344081e-02
6.500000000000000000e+01 8.558147845859634395e-02 8.939185153153661467e-02
6.600000000000000000e+01 8.996138138048380417e-02 9.447176664060363827e-02
6.700000000000000000e+01 9.420925694589271648e-02 9.942003694447480722e-02
6.800000000000000000e+01 9.828677930471935165e-02 1.041877278577095917e-01
6.900000000000000000e+01 1.021549249605471360e-01 1.087262910768333896e-01
7.000000000000000000e+01 1.057744797813096188e-01 1.129884032864132970e-01
7.100000000000000000e+01 1.091073628364412074e-01 1.169284706652823774e-01
7.200000000000000000e+01 1.121182703978116091e-01 1.205030995144414502e-01
7.300000000000000000e+01 1.147758109609683386e-01 1.236718450236518191e-01
7.400000000000000000e+01 1.170526178804094652e-01 1.263982491625811888e-01
7.500000000000000000e+01 1.189246970961242572e-01 1.286508656324558963e-01
7.600000000000000000e+01 1.203708911428887363e-01 1.304039392246704454e-01
7.700000000000000000e+01 1.213732783275158489e-01 1.316376695194902968e-01
7.800000000000000000e+01 1.219185692578529101e-01 1.323382824604197316e-01
7.900000000000000000e+01 1.219996886587873253e-01 1.324981883208023181e-01
8.000000000000000000e+01 1.216164576928771418e-01 1.321162932935594225e-01
8.100000000000000000e+01 1.207748855555541845e-01 1.311982724396532629e-01
8.200000000000000000e+01 1.194856001581258154e-01 1.297565459908608665e-01
8.300000000000000000e+01 1.177625824971315488e-01 1.278098733674237486e-01
8.400000000000000000e+01 1.156230876646126005e-01 1.253827162575807674e-01
8.500000000000000000e+01 1.130886405520229870e-01 1.225046095277699532e-01
8.600000000000000000e+01 1.101860761405945854e-01 1.192096563051293218e-01
8.700000000000000000e+01 1.069474926705084872e-01 1.155360625182887402e-01
8.800000000000000000e+01 1.034087874302205418e-01 1.115255336191041113e-01
8.900000000000000000e+01 9.960751138116005765e-02 1.072224444832630130e-01
9.000000000000000000e+01 9.558126484909569565e-02 1.026728680730079335e-01
9.100000000000000000e+01 9.136739002063866411e-02 9.792364759346432190e-02
9.200000000000000000e+01 8.700368724478164950e-02 9.302164046036602574e-02
9.300000000000000000e+01 8.252911184457974170e-02 8.801311466601650924e-02
9.400000000000000000e+01 7.798348230546670035e-02 8.294317717977175985e-02
9.500000000000000000e+01 7.340605103204037030e-02 7.785514262864248747e-02
9.600000000000000000e+01 6.883368434837604244e-02 7.278986822237283605e-02
9.700000000000000000e+01 6.429967904901882914e-02 6.778517213760504312e-02
9.800000000000000000e+01 5.983373557659437542e-02 6.287543715163408653e-02
9.900000000000000000e+01 5.546275447176653162e-02 5.809140240083857099e-02
1.000000000000000000e+02 5.121159231498292885e-02 5.346005864872705599e-02
1.010000000000000000e+02 4.710307301147707848e-02 4.900456022068397366e-02
1.020000000000000000e+02 4.315721486265725743e-02 4.474413896677334468e-02
1.030000000000000000e+02 3.939025884589304749e-02 4.069407678081848889e-02
1.040000000000000000e+02 3.581421004691660859e-02 3.686579905813332225e-02
1.050000000000000000e+02 3.243719381028872806e-02 3.326709499499878181e-02
1.060000000000000000e+02 2.926434378014946408e-02 2.990240999066002409e-02
1.070000000000000000e+02 2.629862710083056415e-02 2.677314393367516768e-02
1.080000000000000000e+02 2.354116332892608465e-02 2.387792854529076705e-02
1.090000000000000000e+02 2.099103686904107979e-02 2.121290408293931631e-02
1.100000000000000000e+02 1.864497842850080730e-02 1.877202838722537986e-02
1.110000000000000000e+02 1.649733929508867894e-02 1.654742535229435443e-02
1.120000000000000000e+02 1.454051772793321998e-02 1.452974595476877288e-02
1.130000000000000000e+02 1.276565636043012694e-02 1.270850468817062186e-02
1.140000000000000000e+02 1.116326705679269136e-02 1.107237242794214399e-02
1.150000000000000000e+02 9.723541375776807716e-03 9.609432626443870085e-03
1.160000000000000000e+02 8.436355263705525714e-03 8.307418456996489703e-03
1.170000000000000000e+02 7.291174663884947976e-03 7.153939389566244499e-03
1.180000000000000000e+02 6.277085475389482944e-03 6.136690010386508694e-03
1.190000000000000000e+02 5.383028823555812727e-03 5.243627301407432703e-03
1.200000000000000000e+02 4.598150568396072030e-03 4.463109028196399902e-03
1.210000000000000000e+02 3.912097945272915295e-03 3.783997193844576556e-03
1.220000000000000000e+02 3.315150404246297675e-03 3.195736488186579072e-03
1.230000000000000000e+02 2.798192803799806790e-03 2.688415204643509158e-03
1.240000000000000000e+02 2.352630091619439118e-03 2.252809902739717762e-03
1.250000000000000000e+02 1.970347519355106561e-03 1.880411530353387093e-03
1.260000000000000000e+02 1.643754776128650372e-03 1.563432042206707546e-03
1.270000000000000000e+02 1.365876824897039156e-03 1.294794248602410729e-03
1.280000000000000000e+02 1.130422527319608836e-03 1.068109944879883349e-03
1.290000000000000000e+02 9.317857767283427468e-04 8.776507949097522810e-04
1.300000000000000000e+02 7.649836715741254161e-04 7.183142489613134323e-04
1.310000000000000000e+02 6.255721144716025733e-04 5.855851080817367146e-04
1.320000000000000000e+02 5.095802586340325221e-04 4.754931945709163000e-04
1.330000000000000000e+02 4.134794163858961026e-04 3.845683822775391135e-04
1.340000000000000000e+02 3.341734917951204699e-04 3.097948480179394076e-04
1.350000000000000000e+02 2.689864144598444039e-04 2.485662393640019588e-04
1.360000000000000000e+02 2.156305266959439326e-04 1.986427555416944615e-04
1.370000000000000000e+02 1.721571845873494865e-04 1.581104927116865435e-04
1.380000000000000000e+02 1.369029044371821010e-04 1.253431561710223853e-04
1.390000000000000000e+02 1.084445978110781269e-04 9.896631138974409589e-05
1.400000000000000000e+02 8.556896646061230914e-05 7.782445247018917017e-05
1.410000000000000000e+02 6.725200677182551759e-05 6.095112387607100140e-05
1.420000000000000000e+02 5.264091709474165762e-05 4.754215548996930222e-05
1.430000000000000000e+02 4.103319789624372907e-05 3.693188929843654249e-05
1.440000000000000000e+02 3.185281515740361969e-05 2.857218313621481140e-05
1.450000000000000000e+02 2.462680807334401842e-05 2.201397383745411503e-05
1.460000000000000000e+02 1.896585417108344869e-05 1.689121117361950627e-05
1.470000000000000000e+02 1.455004137901986451e-05 1.290698515022974410e-05
1.480000000000000000e+02 1.111866838276521870e-05 9.821653862803114341e-06
1.490000000000000000e+02 8.461913381983166788e-06 7.442758025531139433e-06
1.500000000000000000e+02 6.412819221788246306e-06 5.616502604813382925e-06
1.510000000000000000e+02 4.839310446356929067e-06 4.220599872633020167e-06
1.520000000000000000e+02 3.636852394778600904e-06 3.158291795014262228e-06
1.530000000000000000e+02 2.722452137552451934e-06 2.353391600704960335e-06
1.540000000000000000e+02 2.030222518372671421e-06 1.746200237517691098e-06
1.550000000000000000e+02 1.508199459635432327e-06 1.290165608003506631e-06
1.560000000000000000e+02 1.115882260095233823e-06 9.491650528724363318e-07
1.570000000000000000e+02 8.220898537192668888e-07 6.953061737313262198e-07
1.580000000000000000e+02 6.029956457957821247e-07 5.071565436112168601e-07
1.590000000000000000e+02 4.404034338053369153e-07 3.683270375303791182e-07
