0.000000000000000000e+00 -1.286650701032588122e-08 -5.490052903336719848e-07
1.000000000000000000e+00 1.849623428909580331e-08 9.028384029540741188e-07
2.000000000000000000e+00 2.586683062168436593e-08 1.062865633320221205e-06
3.000000000000000000e+00 3.848655537200159693e-08 1.429111500562220030e-06
4.000000000000000000e+00 5.702223296563088791e-08 1.923060875260018694e-06
5.000000000000000000e+00 8.403144336739887207e-08 2.578112472792476683e-06
6.000000000000000000e+00 1.231653047631609052e-07 3.442681409485067701e-06
7.000000000000000000e+00 1.795515597320486023e-07 4.579054918000888608e-06
8.000000000000000000e+00 2.603449403734887361e-07 6.066544919166737862e-06
9.000000000000000000e+00 3.754673712400489310e-07 8.005610560708991389e-06
1.000000000000000000e+01 5.385951565118562096e-07 1.052288521915871061e-05
1.100000000000000000e+01 7.684664586315983899e-07 1.377726972909571979e-05
1.200000000000000000e+01 1.090599974669413205e-06 1.796726642118503262e-05
1.300000000000000000e+01 1.539536624456744427e-06 2.333970205184312415e-05
1.400000000000000000e+01 2.161741501374658421e-06 3.019997008492645755e-05
1.500000000000000000e+01 3.019334905732444984e-06 3.892396243682677451e-05
1.600000000000000000e+01 4.194857016289593992e-06 4.997196114176047279e-05
1.700000000000000000e+01 5.797308361080380574e-06 6.390485267176150238e-05
1.800000000000000000e+01 7.969746365747019170e-06 8.140300038707836956e-05
1.900000000000000000e+01 1.089875792312931704e-05 1.032879165522412104e-04
2.000000000000000000e+01 1.482617458843461108e-05 1.305466207108464303e-04
2.100000000000000000e+01 2.006344958467640020e-05 1.643584855772684179e-04
2.200000000000000000e+01 2.700916640371290008e-05 2.061246195339046401e-04
2.300000000000000000e+01 3.617018518265785785e-05 2.575002853301302077e-04
2.400000000000000000e+01 4.818694606048169325e-05 3.204310633028965979e-04
2.500000000000000000e+01 6.386344698428211549e-05 3.971929851451439430e-04
2.600000000000000000e+01 8.420240937309894148e-05 4.904357281220567914e-04
2.700000000000000000e+01 1.104461365811406498e-04 6.032269094343109539e-04
2.800000000000000000e+01 1.441235299730197496e-04 7.390955671488224233e-04
2.900000000000000000e+01 1.871036118383341887e-04 9.020744054675704313e-04
3.000000000000000000e+01 2.416556979393805953e-04 1.096742301657628290e-03
3.100000000000000000e+01 3.105161033477186138e-04 1.328268950709634135e-03
3.200000000000000000e+01 3.969610112099245729e-04 1.602461032719273157e-03
3.300000000000000000e+01 5.048848908708476182e-04 1.925804914116782847e-03
3.400000000000000000e+01 6.388835327667258387e-04 2.305497987822641929e-03
3.500000000000000000e+01 8.043402507010663114e-04 2.749462669660310971e-03
3.600000000000000000e+01 1.007513088159491454e-03 3.266343784545729708e-03
3.700000000000000000e+01 1.255620137856723476e-03 3.865496806058900565e-03
3.800000000000000000e+01 1.556919577817728051e-03 4.556974409258098858e-03
3.900000000000000000e+01 1.920780750682063139e-03 5.351509253361041302e-03
4.000000000000000000e+01 2.357742229772055893e-03 6.260477324919815414e-03
4.100000000000000000e+01 2.879551959331285577e-03 7.295820185171952160e-03
4.200000000000000000e+01 3.499183371791256096e-03 8.469914860647270727e-03
4.300000000000000000e+01 4.230820662772650717e-03 9.795403228814850149e-03
4.400000000000000000e+01 5.089806894065795895e-03 1.128501146413059958e-02
4.500000000000000000e+01 6.092549969914312982e-03 1.295138548701460675e-02
4.600000000000000000e+01 7.256382310240585415e-03 1.480693714878252715e-02
4.700000000000000000e+01 8.599369110997906115e-03 1.686365905694207912e-02
4.800000000000000000e+01 1.014005855408669360e-02 1.913285694409136428e-02
4.900000000000000000e+01 1.189716825503328405e-02 2.162478565802971459e-02
5.000000000000000000e+01 1.388920734614501606e-02 2.434823920981817741e-02
5.100000000000000000e+01 1.613404011745884353e-02 2.731018648358339573e-02
5.200000000000000000e+01 1.864839934235967833e-02 3.051551782379283845e-02
5.300000000000000000e+01 2.144735313839546409e-02 3.396687875036689258e-02
5.400000000000000000e+01 2.454372471400370972e-02 3.766447997350161336e-02
5.500000000000000000e+01 2.794746960888049025e-02 4.160576899638556564e-02
5.600000000000000000e+01 3.166503143235610551e-02 4.578495531003316799e-02
5.700000000000000000e+01 3.569871121227546212e-02 5.019253163686895891e-02
5.800000000000000000e+01 4.004608068734700349e-02 5.481500278434087853e-02
5.900000000000000000e+01 4.469944779565231119e-02 5.963493779069770767e-02
6.000000000000000000e+01 4.964536852371029957e-02 6.463124556208132976e-02
6.100000000000000000e+01 5.486421726778950569e-02 6.977940428307130571e-02
6.200000000000000000e+01 6.032986727185923881e-02 7.505141340202449440e-02
6.300000000000000000e+01 6.600954888874495385e-02 8.041549546926650416e-02
6.400000000000000000e+01 7.186391502340878923e-02 8.583586909277207688e-02
6.500000000000000000e+01 7.784727880843737846e-02 9.127298760142965595e-02
6.600000000000000000e+01 8.390796935471653284e-02 9.668437910483318465e-02
6.700000000000000000e+01 8.998881058811881994e-02 1.020257957050190872e-01
6.800000000000000000e+01 9.602780588654172278e-02 1.072521273942593917e-01
6.900000000000000000e+01 1.019591055411766395e-01 1.123177105388138697e-01
7.000000000000000000e+01 1.077142219396495793e-01 1.171761784270700935e-01
7.100000000000000000e+01 1.132233454276880130e-01 1.217804628421899904e-01
7.200000000000000000e+01 1.184166338512421812e-01 1.260835491008779896e-01
7.300000000000000000e+01 1.232254959382938497e-01 1.300400500194632547e-01
7.400000000000000000e+01 1.275839987223897354e-01 1.336079890205689458e-01
7.500000000000000000e+01 1.314304540929139287e-01 1.367499322508813064e-01
7.600000000000000000e+01 1.347090358841848967e-01 1.394330470456536519e-01
7.700000000000000000e+01 1.373711719455960323e-01 1.416284892341383994e-01
7.800000000000000000e+01 1.393765866922914154e-01 1.433110719569200275e-01
7.900000000000000000e+01 1.406941115220995686e-01 1.444599545444113231e-01
8.000000000000000000e+01 1.413024607252237885e-01 1.450602318163133064e-01
8.100000000000000000e+01 1.411909863629160211e-01 1.451044778071167718e-01
8.200000000000000000e+01 1.403601822351787098e-01 1.445931974236261963e-01
8.300000000000000000e+01 1.388216938057205141e-01 1.435338892491938578e-01
8.400000000000000000e+01 1.365978416718123256e-01 1.419394432136295292e-01
8.500000000000000000e+01 1.337209089114979044e-01 1.398270605106982922e-01
8.600000000000000000e+01 1.302324112645704690e-01 1.372183967785232661e-01
8.700000000000000000e+01 1.261823130720185204e-01 1.341405740060609975e-01
8.800000000000000000e+01 1.216279754340822833e-01 1.306269350398297502e-01
8.900000000000000000e+01 1.166327276385830669e-01 1.267165522634519648e-01
9.000000000000000000e+01 1.112642107076238090e-01 1.224524341038022296e-01
9.100000000000000000e+01 1.055927608129856587e-01 1.178793449157711781e-01
9.200000000000000000e+01 9.968996709568800352e-02 1.130423931943334154e-01
9.300000000000000000e+01 9.362732906380002995e-02 1.079868835923120940e-01
9.400000000000000000e+01 8.747488847404022438e-02 1.027589240280254168e-01
9.500000000000000000e+01 8.129984376445151262e-02 9.740573192312024231e-02
9.600000000000000000e+01 7.516529028749865948e-02 9.197489283013451922e-02
9.700000000000000000e+01 6.912921657005324794e-02 8.651269653253214342e-02
9.800000000000000000e+01 6.324376753915836313e-02 8.106239924764431504e-02
9.900000000000000000e+01 5.755470700577980381e-02 7.566329241069132128e-02
1.000000000000000000e+02 5.210103703944581749e-02 7.035083148211274118e-02
1.010000000000000000e+02 4.691479097867420206e-02 6.515732580148277109e-02
1.020000000000000000e+02 4.202102386912823923e-02 6.011238887570481693e-02
1.030000000000000000e+02 3.743798464820375510e-02 5.524267288558860900e-02
1.040000000000000000e+02 3.317743245899169163e-02 5.057104835261873321e-02
1.050000000000000000e+02 2.924507731870400543e-02 4.611583064123670611e-02
1.060000000000000000e+02 2.564114063593604664e-02 4.189059889727132779e-02
1.070000000000000000e+02 2.236100913427246234e-02 3.790470555229387417e-02
1.080000000000000000e+02 1.939592359662769411e-02 3.416411366757658719e-02
1.090000000000000000e+02 1.673365070874128363e-02 3.067205859840014398e-02
1.100000000000000000e+02 1.435913162970507001e-02 2.742926222626071442e-02
1.110000000000000000e+02 1.225513168379461712e-02 2.443380940126778367e-02
1.120000000000000000e+02 1.040289500656830200e-02 2.168103287049224712e-02
1.130000000000000000e+02 8.782763218543550299e-03 1.916370171673106859e-02
1.140000000000000000e+02 7.374704815647296387e-03 1.687255431949462314e-02
1.150000000000000000e+02 6.158738610335609716e-03 1.479697326733956861e-02
1.160000000000000000e+02 5.115279690751346232e-03 1.292553439099689526e-02
1.170000000000000000e+02 4.225443313982620019e-03 1.124628851436548956e-02
1.180000000000000000e+02 3.471310924188710390e-03 9.746830725999326359e-03
1.190000000000000000e+02 2.836133748367622442e-03 8.414330701543558735e-03
1.200000000000000000e+02 2.304454523208061996e-03 7.235673250109537005e-03
1.210000000000000000e+02 1.862157040168490848e-03 6.197736338042248404e-03
1.220000000000000000e+02 1.496473204277072155e-03 5.287717408742991648e-03
1.230000000000000000e+02 1.195970665211523211e-03 4.493386160305686515e-03
1.240000000000000000e+02 9.505235162034191953e-04 3.803198298529843462e-03
1.250000000000000000e+02 7.512573263435080645e-04 3.206293819571173331e-03
1.260000000000000000e+02 5.904659747431285303e-04 2.692458433469134722e-03
1.270000000000000000e+02 4.615102985804994543e-04 2.252118489626999537e-03
1.280000000000000000e+02 3.587132167677865337e-04 1.876388020702086847e-03
1.290000000000000000e+02 2.772600186276782692e-04 1.557135850617219312e-03
1.300000000000000000e+02 2.131039310386304919e-04 1.287024759430950311e-03
1.310000000000000000e+02 1.628738486666844916e-04 1.059495989550600674e-03
1.320000000000000000e+02 1.237837656202277832e-04 8.687077956080251290e-04
1.330000000000000000e+02 9.354707955182740983e-05 7.094591838459260707e-04
1.340000000000000000e+02 7.029952662987933878e-05 5.771276515919217817e-04
1.350000000000000000e+02 5.253220408766335220e-05 4.676302932211960422e-04
1.360000000000000000e+02 3.903363458262760610e-05 3.773981888830591847e-04
1.370000000000000000e+02 2.883905864832020521e-05 3.033472293141604688e-04
1.380000000000000000e+02 2.118590607593871580e-05 2.428353915741527703e-04
1.390000000000000000e+02 1.547534484385219394e-05 1.936086114815660996e-04
1.400000000000000000e+02 1.124000932022049611e-05 1.537452402183801261e-04
1.410000000000000000e+02 8.117548267774442713e-06 1.216085746023004788e-04
1.420000000000000000e+02 5.829119688817819701e-06 9.581071579192153634e-05
1.430000000000000000e+02 4.161827825044821744e-06 7.518467518041425381e-05
1.440000000000000000e+02 2.954326389682185237e-06 5.875927954432282068e-05
1.450000000000000000e+02 2.085117847013745437e-06 4.573330743225141333e-05
1.460000000000000000e+02 1.463234808096071408e-06 3.544884633499387108e-05
1.470000000000000000e+02 1.020976515446331397e-06 2.736623604698132698e-05
1.480000000000000000e+02 7.083110256274579002e-07 2.104297173404677751e-05
1.490000000000000000e+02 4.885535464641311900e-07 1.611731270435526358e-05
1.500000000000000000e+02 3.350108633990704549e-07 1.229563991909788834e-05
1.510000000000000000e+02 2.283849138151517044e-07 9.341933549650741444e-06
1.520000000000000000e+02 1.547976155898454356e-07 7.068184010965630008e-06
1.530000000000000000e+02 1.043214556440526528e-07 5.325450319667459392e-06
1.540000000000000000e+02 6.990177448777809752e-08 3.995916524615298657e-06
1.550000000000000000e+02 4.656566703579734407e-08 2.986368230419956882e-06
1.560000000000000000e+02 3.083625805314276290e-08 2.223181167052818570e-06
1.570000000000000000e+02 2.029880396955802204e-08 1.648543561897106482e-06
1.580000000000000000e+02 1.328426165773546046e-08 1.217481137449251944e-06
1.590000000000000000e+02 8.644094712579061231e-09 8.953445058868054908e-07
