0.000000000000000000e+00 -2.371244950765423923e-06 -8.790065351047538148e-06
1.000000000000000000e+00 3.164470498502248047e-06 7.302603920045709289e-06
2.000000000000000000e+00 3.544392081529123980e-06 7.938597103895374680e-06
3.000000000000000000e+00 4.599108558114527812e-06 1.028397042317467354e-05
4.000000000000000000e+00 5.967258761189204540e-06 1.337075645507472278e-05
5.000000000000000000e+00 7.717779392058383259e-06 1.732238781685750673e-05
6.000000000000000000e+00 9.946664319002344423e-06 2.235898117996630043e-05
7.000000000000000000e+00 1.277158397836374215e-05 2.875914349064565559e-05
8.000000000000000000e+00 1.633754779970338138e-05 3.686389955286430864e-05
9.000000000000000000e+00 2.082436324866077096e-05 4.708341619279308879e-05
1.000000000000000000e+01 2.645446279322458461e-05 5.990726285460774359e-05
1.100000000000000000e+01 3.349976672640702692e-05 7.592190122301345988e-05
1.200000000000000000e+01 4.228714607101680378e-05 9.583650098364781796e-05
1.300000000000000000e+01 5.320379830735482411e-05 1.205132139756642166e-04
1.400000000000000000e+01 6.670545535696705041e-05 1.509943053382706703e-04
1.500000000000000000e+01 8.333044479042781363e-05 1.885199230444098157e-04
1.600000000000000000e+01 1.037204362933373308e-04 2.345378130920591168e-04
1.700000000000000000e+01 1.286449277387493998e-04 2.907159412259342529e-04
1.800000000000000000e+01 1.590234571359590765e-04 3.589731312783754386e-04
1.900000000000000000e+01 1.959399121098200276e-04 4.415354641038836403e-04
2.000000000000000000e+01 2.406483053240362265e-04 5.410089394307499282e-04
2.100000000000000000e+01 2.945769492005413073e-04 6.604427761105973555e-04
2.200000000000000000e+01 3.593431513818478445e-04 8.033571214374745370e-04
2.300000000000000000e+01 4.367882628671183377e-04 9.737302067483907765e-04
2.400000000000000000e+01 5.290318885553934453e-04 1.175972729472282447e-03
2.500000000000000000e+01 6.385294691494780399e-04 1.414937249495082155e-03
2.600000000000000000e+01 7.681092584134665158e-04 1.695995766907525387e-03
2.700000000000000000e+01 9.209716959109831656e-04 2.025169756332309556e-03
2.800000000000000000e+01 1.100656404170201200e-03 2.409243948834403123e-03
2.900000000000000000e+01 1.311007717919119436e-03 2.855781990592936616e-03
3.000000000000000000e+01 1.556180074580970846e-03 3.373012612234200722e-03
3.100000000000000000e+01 1.840706332868499804e-03 3.969645734788624855e-03
3.200000000000000000e+01 2.169609367808403820e-03 4.654744076504138683e-03
3.300000000000000000e+01 2.548494760110634697e-03 5.437754139410469652e-03
3.400000000000000000e+01 2.983552667452498645e-03 6.328684316236903203e-03
3.500000000000000000e+01 3.481437772832871903e-03 7.338279293013504588e-03
3.600000000000000000e+01 4.049072028072085369e-03 8.477989740145595865e-03
3.700000000000000000e+01 4.693478766941056729e-03 9.759639255971098992e-03
3.800000000000000000e+01 5.421756842240605181e-03 1.119489825531298430e-02
3.900000000000000000e+01 6.241221423013143532e-03 1.279483893808766072e-02
4.000000000000000000e+01 7.159612916368856758e-03 1.456982058057806027e-02
4.100000000000000000e+01 8.185189605359015352e-03 1.652971988145766208e-02
4.200000000000000000e+01 9.326547779746115902e-03 1.868422783950990373e-02
4.300000000000000000e+01 1.059216365304812418e-02 2.104281385813373470e-02
4.400000000000000000e+01 1.198984298114929951e-02 2.361414204711721060e-02
4.500000000000000000e+01 1.352636529020513623e-02 2.640511784807843612e-02
4.600000000000000000e+01 1.520752433387836944e-02 2.942005961856029861e-02
4.700000000000000000e+01 1.703851552965292976e-02 3.266045968678568667e-02
4.800000000000000000e+01 1.902435288335064048e-02 3.612539483319467115e-02
4.900000000000000000e+01 2.116990536401221201e-02 3.981214310240503707e-02
5.000000000000000000e+01 2.347932971674142680e-02 4.371635793696682093e-02
5.100000000000000000e+01 2.595506324116896024e-02 4.783144522700826656e-02
5.200000000000000000e+01 2.859688486739400681e-02 5.214740303672694977e-02
5.300000000000000000e+01 3.140159935206664893e-02 5.664985689560238930e-02
5.400000000000000000e+01 3.436356057048182283e-02 6.131996225443332726e-02
5.500000000000000000e+01 3.747570252806814439e-02 6.613525208550219414e-02
5.600000000000000000e+01 4.073034823836871321e-02 7.107081495656225600e-02
5.700000000000000000e+01 4.411912507665562838e-02 7.609994376603057553e-02
5.800000000000000000e+01 4.763185906291567823e-02 8.119381855686993998e-02
5.900000000000000000e+01 5.125503595645208854e-02 8.632057312817562056e-02
6.000000000000000000e+01 5.497082261767431699e-02 9.144463322087598156e-02
6.100000000000000000e+01 5.875740905331042208e-02 9.652706727778836981e-02
6.200000000000000000e+01 6.259063971697360895e-02 1.015269575253215234e-01
6.300000000000000000e+01 6.644603722416694835e-02 1.064030514042382247e-01
6.400000000000000000e+01 7.029997859275208261e-02 1.111147843858507067e-01
6.500000000000000000e+01 7.412926097542549275e-02 1.156223069454086205e-01
6.600000000000000000e+01 7.790934676583254059e-02 1.198859616673902395e-01
6.700000000000000000e+01 8.161253521566722013e-02 1.238660882792083917e-01
6.800000000000000000e+01 8.520749653485212849e-02 1.275237488291865173e-01
6.900000000000000000e+01 8.866082238955827477e-02 1.308222115010971298e-01
7.000000000000000000e+01 9.193994785679709958e-02 1.337284316573206788e-01
7.100000000000000000e+01 9.501583535355595522e-02 1.362138001087448425e-01
7.200000000000000000e+01 9.786386777613446941e-02 1.382540359106871064e-01
7.300000000000000000e+01 1.004625090358564898e-01 1.398287604562085673e-01
7.400000000000000000e+01 1.027907653777088842e-01 1.409214601870860950e-01
7.500000000000000000e+01 1.048263359804891270e-01 1.415201155265375932e-01
7.600000000000000000e+01 1.065459588585744855e-01 1.416181348427509312e-01
7.700000000000000000e+01 1.079280355119128787e-01 1.412149302470482315e-01
7.800000000000000000e+01 1.089560748452509387e-01 1.403157433179388347e-01
7.900000000000000000e+01 1.096208753133171426e-01 1.389309154043170402e-01
8.000000000000000000e+01 1.099201163210881682e-01 1.370751876503527311e-01
8.100000000000000000e+01 1.098556881482523062e-01 1.347674899117363434e-01
8.200000000000000000e+01 1.094305588612133479e-01 1.320311670422742167e-01
8.300000000000000000e+01 1.086472650919702160e-01 1.288941473260553916e-01
8.400000000000000000e+01 1.075090122421917815e-01 1.253885576798470791e-01
8.500000000000000000e+01 1.060226083565774802e-01 1.215497202785769809e-01
8.600000000000000000e+01 1.042012147812746148e-01 1.174149492099277325e-01
8.700000000000000000e+01 1.020650042518542605e-01 1.130226961592391971e-01
8.800000000000000000e+01 9.963918908143513942e-02 1.084122746178553809e-01
8.900000000000000000e+01 9.695058695518332659e-02 1.036239029513670029e-01
9.000000000000000000e+01 9.402479011373995887e-02 9.869855499868443460e-02
9.100000000000000000e+01 9.088552022474370717e-02 9.367728679884257392e-02
9.200000000000000000e+01 8.755625040253633973e-02 8.860015416207839278e-02
9.300000000000000000e+01 8.406268914425599204e-02 8.350517758719724903e-02
9.400000000000000000e+01 8.043422890588725060e-02 7.842778329880009669e-02
9.500000000000000000e+01 7.670323891395275373e-02 7.340079644525518421e-02
9.600000000000000000e+01 7.290254745331857522e-02 6.845468060149288714e-02
9.700000000000000000e+01 6.906261119708946572e-02 6.361760139909569678e-02
9.800000000000000000e+01 6.520997460292478343e-02 5.891510596382638215e-02
9.900000000000000000e+01 6.136768649289255084e-02 5.436956010502713710e-02
1.000000000000000000e+02 5.755705380631141732e-02 4.999969399986026880e-02
1.010000000000000000e+02 5.379933934249177263e-02 4.582053305222079376e-02
1.020000000000000000e+02 5.011620502031300523e-02 4.184372039082151495e-02
1.030000000000000000e+02 4.652864601518151566e-02 3.807799319683355388e-02
1.040000000000000000e+02 4.305517008536836887e-02 3.452953093997764011e-02
1.050000000000000000e+02 3.971039429808626009e-02 3.120205333511907875e-02
1.060000000000000000e+02 3.650485526009973614e-02 2.809676422195604012e-02
1.070000000000000000e+02 3.344599222426122148e-02 2.521234906124885516e-02
1.080000000000000000e+02 3.053955559691742122e-02 2.254517610846992759e-02
1.090000000000000000e+02 2.779054892384997394e-02 2.008969397691653253e-02
1.100000000000000000e+02 2.520324587410512768e-02 1.783888985500570873e-02
1.110000000000000000e+02 2.278048006441226250e-02 1.578465811317027179e-02
1.120000000000000000e+02 2.052283849457061174e-02 1.391801724537368619e-02
1.130000000000000000e+02 1.842835993854704049e-02 1.222922305702372342e-02
1.140000000000000000e+02 1.649293831700406748e-02 1.070787789207629757e-02
1.150000000000000000e+02 1.471116922027169462e-02 9.343106575444440690e-03
1.160000000000000000e+02 1.307715370601529245e-02 8.123797668726260440e-03
1.170000000000000000e+02 1.158488562802389120e-02 7.038852811918818592e-03
1.180000000000000000e+02 1.022816815615198646e-02 6.077381864980985898e-03
1.190000000000000000e+02 9.000297046007422683e-03 5.228818963744307977e-03
1.200000000000000000e+02 7.893838193370571535e-03 4.482979280023568353e-03
1.210000000000000000e+02 6.900698880094008336e-03 3.830096808521636642e-03
1.220000000000000000e+02 6.012467831398641410e-03 3.260872683485985853e-03
1.230000000000000000e+02 5.220835534664408292e-03 2.766537034979866128e-03
1.240000000000000000e+02 4.517890365756629945e-03 2.338907166956847097e-03
1.250000000000000000e+02 3.896196252420493569e-03 1.970422579156067607e-03
1.260000000000000000e+02 3.348700041015834419e-03 1.654149497366123054e-03
1.270000000000000000e+02 2.868598614631718332e-03 1.383762015718659633e-03
1.280000000000000000e+02 2.449281838419482479e-03 1.153513588145386667e-03
1.290000000000000000e+02 2.084388335663628789e-03 9.582094494561110148e-04
1.300000000000000000e+02 1.767929684219190969e-03 7.931826104826044874e-04
1.310000000000000000e+02 1.494403907330039060e-03 6.542699160660052447e-04
1.320000000000000000e+02 1.258840163857107355e-03 5.377835845882656101e-04
1.330000000000000000e+02 1.056766897017136567e-03 4.404765875354655128e-04
1.340000000000000000e+02 8.841382460495295168e-04 3.595038605896155783e-04
1.350000000000000000e+02 7.372653095387606947e-04 2.923830164817081516e-04
1.360000000000000000e+02 6.127810908671238975e-04 2.369574697929965391e-04
1.370000000000000000e+02 5.076389329175569343e-04 1.913629370017529499e-04
1.380000000000000000e+02 4.191238578104489534e-04 1.539967174030501540e-04
1.390000000000000000e+02 3.448537995006806115e-04 1.234887608247267003e-04
1.400000000000000000e+02 2.827595106153363031e-04 9.867404455569359122e-05
1.410000000000000000e+02 2.310470326081625204e-04 7.856648996344974228e-05
1.420000000000000000e+02 1.881553755970697393e-04 6.233498554332846846e-05
1.430000000000000000e+02 1.527212876672926324e-04 4.928194261168593532e-05
1.440000000000000000e+02 1.235559446616228435e-04 3.882443588172553592e-05
1.450000000000000000e+02 9.963092058880353174e-05 3.047767503716021246e-05
1.460000000000000000e+02 8.006721235682214043e-05 2.384045980465035035e-05
1.470000000000000000e+02 6.412215943333401437e-05 1.858234831161039520e-05
1.480000000000000000e+02 5.117272377859732185e-05 1.443239024406871879e-05
1.490000000000000000e+02 4.069691517791607316e-05 1.116934504836038190e-05
1.500000000000000000e+02 3.225639524117878581e-05 8.613300747292372518e-06
1.510000000000000000e+02 2.548244043848440767e-05 6.618566893309687645e-06
1.520000000000000000e+02 2.006564558344063720e-05 5.067681147507333876e-06
1.530000000000000000e+02 1.574830220469917107e-05 3.866365024808124615e-06
1.540000000000000000e+02 1.231795918018091544e-05 2.939285342440599376e-06
1.550000000000000000e+02 9.601146884065264413e-06 2.226506377628011757e-06
1.560000000000000000e+02 7.457051012366646575e-06 1.680539814400938651e-06
1.570000000000000000e+02 5.771507025349483357e-06 1.263911491211562945e-06
1.580000000000000000e+02 4.451813917013525283e-06 9.471695353453523108e-07
1.590000000000000000e+02 3.422632815072348668e-06 7.072631551266592236e-07
