0.000000000000000000e+00 -2.102878827698870183e-08 -3.205495254712856569e-07
1.000000000000000000e+00 3.382205065321325966e-08 4.279667138967597381e-07
2.000000000000000000e+00 4.720588359893381243e-08 5.290164930150832667e-07
3.000000000000000000e+00 6.968452459252095944e-08 7.249451948846969817e-07
4.000000000000000000e+00 1.024265395975919516e-07 9.940888798767755958e-07
5.000000000000000000e+00 1.497028478003048673e-07 1.357739028446512202e-06
6.000000000000000000e+00 2.175517402144250122e-07 1.846263939875647796e-06
7.000000000000000000e+00 3.143528228217039874e-07 2.499420041030382132e-06
8.000000000000000000e+00 4.516533878590469999e-07 3.368652373918680881e-06
9.000000000000000000e+00 6.452643635688181929e-07 4.520138021842024332e-06
1.000000000000000000e+01 9.166979181926636932e-07 6.038561769653002899e-06
1.100000000000000000e+01 1.295039049005868641e-06 8.031740249800989404e-06
1.200000000000000000e+01 1.819363890766144460e-06 1.063624344679749016e-05
1.300000000000000000e+01 2.541842231876989480e-06 1.402418322101619223e-05
1.400000000000000000e+01 3.531687871696276483e-06 1.841135667883927603e-05
1.500000000000000000e+01 4.880151698056202541e-06 2.406695167151574126e-05
1.600000000000000000e+01 6.706784593969445525e-06 3.132503734139303490e-05
1.700000000000000000e+01 9.167233856855469472e-06 4.059807624480216555e-05
1.800000000000000000e+01 1.246287403602034486e-05 5.239270157031120014e-05
1.900000000000000000e+01 1.685261102753794098e-05 6.732800358947053443e-05
2.000000000000000000e+01 2.266723516449022845e-05 8.615656305099571332e-05
2.100000000000000000e+01 3.032673287649989506e-05 1.097884544364380511e-04
2.200000000000000000e+01 4.036099484989164846e-05 1.393184167139777064e-04
2.300000000000000000e+01 5.343437739438613131e-05 1.760563493459532441e-04
2.400000000000000000e+01 7.037458151819231086e-05 2.215612341274290887e-04
2.500000000000000000e+01 9.220630354932378360e-05 2.776785063592337923e-04
2.600000000000000000e+01 1.201900802497554623e-04 3.465808004744314551e-04
2.700000000000000000e+01 1.558666946694292404e-04 4.308118701894649927e-04
2.800000000000000000e+01 2.011074201902717754e-04 5.333333315053097323e-04
2.900000000000000000e+01 2.581702532333891224e-04 6.575737014353402049e-04
3.000000000000000000e+01 3.297621160450144636e-04 8.074790240516801880e-04
3.100000000000000000e+01 4.191067955368562616e-04 9.875641921605782681e-04
3.200000000000000000e+01 5.300181235828464775e-04 1.202963867575982228e-03
3.300000000000000000e+01 6.669775886919460149e-04 1.459481627367267831e-03
3.400000000000000000e+01 8.352151958413777744e-04 1.763635595160732705e-03
3.500000000000000000e+01 1.040791959896775459e-03 2.122698435397627360e-03
3.600000000000000000e+01 1.290681945561162475e-03 2.544729356894883353e-03
3.700000000000000000e+01 1.592851273210159086e-03 3.038595789708107339e-03
3.800000000000000000e+01 1.956331000427423677e-03 3.613982502798812960e-03
3.900000000000000000e+01 2.391280243275212877e-03 4.281385722943164933e-03
4.000000000000000000e+01 2.909035318187086841e-03 5.052089062014840370e-03
4.100000000000000000e+01 3.522140132880016879e-03 5.938117188312327238e-03
4.200000000000000000e+01 4.244352655289513471e-03 6.952163209125111244e-03
4.300000000000000000e+01 5.090622096175815951e-03 8.107487321295073907e-03
4.400000000000000000e+01 6.077031336239852033e-03 9.417786537874825448e-03
4.500000000000000000e+01 7.220698943207916505e-03 1.089703592866773582e-02
4.600000000000000000e+01 8.539634968028456813e-03 1.255929936225276024e-02
4.700000000000000000e+01 1.005254508631706414e-02 1.441850416377494018e-02
4.800000000000000000e+01 1.177857897295388201e-02 1.648817435818621807e-02
4.900000000000000000e+01 1.373702064095300678e-02 1.878112437144279986e-02
5.000000000000000000e+01 1.594691970225498717e-02 2.130912513729218277e-02
5.100000000000000000e+01 1.842666273126523577e-02 2.408255738562001258e-02
5.200000000000000000e+01 2.119348476712024781e-02 2.711005629344422074e-02
5.300000000000000000e+01 2.426292482729877978e-02 3.039813581441602047e-02
5.400000000000000000e+01 2.764823563573853837e-02 3.395077936641906907e-02
5.500000000000000000e+01 3.135976203067174922e-02 3.776900730542244455e-02
5.600000000000000000e+01 3.540430090019547338e-02 4.185046465013469996e-02
5.700000000000000000e+01 3.978445169353810734e-02 4.618907886125313972e-02
5.800000000000000000e+01 4.449797021933885044e-02 5.077479814835071659e-02
5.900000000000000000e+01 4.953715261593534536e-02 5.559336594329334497e-02
6.000000000000000000e+01 5.488828831809869357e-02 6.062607944195980841e-02
6.100000000000000000e+01 6.053121351001365669e-02 6.584954879506085823e-02
6.200000000000000000e+01 6.643897363713101301e-02 7.123556373018670451e-02
6.300000000000000000e+01 7.257759427429477661e-02 7.675118244672436696e-02
6.400000000000000000e+01 7.890598479285727829e-02 8.235904200707674927e-02
6.500000000000000000e+01 8.537603378516842034e-02 8.801774525895007806e-02
6.600000000000000000e+01 9.193294607387464401e-02 9.368216900102906142e-02
6.700000000000000000e+01 9.851580784684774161e-02 9.930371424397395341e-02
6.800000000000000000e+01 1.050583157250662703e-01 1.048307247454249441e-01
6.900000000000000000e+01 1.114896400899125228e-01 1.102092941309994606e-01
7.000000000000000000e+01 1.177354824324411964e-01 1.153844082284376099e-01
7.100000000000000000e+01 1.237194055871819048e-01 1.203010751111875665e-01
7.200000000000000000e+01 1.293644007072053126e-01 1.249051172101136170e-01
7.300000000000000000e+01 1.345945205333917427e-01 1.291436842160577358e-01
7.400000000000000000e+01 1.393364343518924131e-01 1.329659237612646205e-01
7.500000000000000000e+01 1.435209440558574134e-01 1.363241767219877387e-01
7.600000000000000000e+01 1.470846115687154121e-01 1.391755338922321672e-01
7.700000000000000000e+01 1.499715025657881728e-01 1.414831208649602601e-01
7.800000000000000000e+01 1.521347936394006894e-01 1.432166153185265856e-01
7.900000000000000000e+01 1.535379593573585333e-01 1.443521896653285064e-01
8.000000000000000000e+01 1.541555436974222093e-01 1.448726181980367345e-01
8.100000000000000000e+01 1.539737906178259841e-01 1.447680592562798352e-01
8.200000000000000000e+01 1.529912925925649980e-01 1.440371803048619836e-01
8.300000000000000000e+01 1.512194248310320399e-01 1.426877106246731142e-01
8.400000000000000000e+01 1.486821759828346190e-01 1.407358632437313017e-01
8.500000000000000000e+01 1.454153208155743171e-01 1.382050634943076672e-01
8.600000000000000000e+01 1.414653257523194874e-01 1.351250175504502826e-01
8.700000000000000000e+01 1.368883640118633560e-01 1.315316737114950729e-01
8.800000000000000000e+01 1.317493387290657458e-01 1.274675363852071364e-01
8.900000000000000000e+01 1.261204833040540652e-01 1.229812504669228757e-01
9.000000000000000000e+01 1.200793806338733838e-01 1.181259966528439426e-01
9.100000000000000000e+01 1.137067963642795360e-01 1.129573929266060456e-01
9.200000000000000000e+01 1.070848523040905248e-01 1.075320562788587148e-01
9.300000000000000000e+01 1.002956002227500809e-01 1.019072445044543057e-01
9.400000000000000000e+01 9.341958546851766854e-02 9.614085222911415707e-02
9.500000000000000000e+01 8.653410989014646837e-02 9.029069794492186607e-02
9.600000000000000000e+01 7.971144618186519482e-02 8.441285169353568429e-02
9.700000000000000000e+01 7.301751782144230707e-02 7.855982662775914949e-02
9.800000000000000000e+01 6.651121313524804846e-02 7.277965231292142512e-02
9.900000000000000000e+01 6.024399717315602476e-02 6.711599421272142207e-02
1.000000000000000000e+02 5.425944232920121985e-02 6.160852165218454884e-02
1.010000000000000000e+02 4.859272536065540465e-02 5.629265671200574944e-02
1.020000000000000000e+02 4.327046364268772455e-02 5.119866591558201729e-02
1.030000000000000000e+02 3.831109159615140453e-02 4.635085772971285489e-02
1.040000000000000000e+02 3.372555923446680926e-02 4.176759832880844181e-02
1.050000000000000000e+02 2.951799276831359661e-02 3.746208229435769171e-02
1.060000000000000000e+02 2.568622297154728173e-02 3.344315251462948863e-02
1.070000000000000000e+02 2.222238827578794373e-02 2.971558908755586245e-02
1.080000000000000000e+02 1.911379482039483879e-02 2.627996421010787842e-02
1.090000000000000000e+02 1.634394446303920681e-02 2.313263997905854602e-02
1.100000000000000000e+02 1.389348293816160956e-02 2.026631374434563482e-02
1.110000000000000000e+02 1.174094266668974235e-02 1.767095179719149062e-02
1.120000000000000000e+02 9.863370566031738618e-03 1.533461248929268543e-02
1.130000000000000000e+02 8.236980013508464829e-03 1.324384704718308166e-02
1.140000000000000000e+02 6.837830909680147652e-03 1.138381507678481140e-02
1.150000000000000000e+02 5.642419866320370556e-03 9.738482272188177941e-03
1.160000000000000000e+02 4.628093466568670641e-03 8.291095448001899529e-03
1.170000000000000000e+02 3.773315978311641075e-03 7.024795198092421283e-03
1.180000000000000000e+02 3.057879673616346623e-03 5.923083260906407584e-03
1.190000000000000000e+02 2.463096596148404635e-03 4.970012061932392589e-03
1.200000000000000000e+02 1.971939389066061730e-03 4.150207936407207358e-03
1.210000000000000000e+02 1.569091128654611809e-03 3.448928464737752164e-03
1.220000000000000000e+02 1.240911577572602516e-03 2.852238814031943844e-03
1.230000000000000000e+02 9.753630872711145216e-04 2.347225918668379308e-03
1.240000000000000000e+02 7.619285598636166626e-04 1.922119309837818941e-03
1.250000000000000000e+02 5.915218999820058207e-04 1.566273065301968014e-03
1.260000000000000000e+02 4.563779987372929524e-04 1.270073666163585701e-03
1.270000000000000000e+02 3.499213799969829895e-04 1.024866819825516213e-03
1.280000000000000000e+02 2.666278591552807939e-04 8.229376841449036369e-04
1.290000000000000000e+02 2.018940302797798112e-04 6.575087328625981971e-04
1.300000000000000000e+02 1.519189082935213059e-04 5.227034648926161698e-04
1.310000000000000000e+02 1.135942904218101735e-04 4.134613907124764826e-04
1.320000000000000000e+02 8.440117154554349751e-05 3.254319460909012003e-04
1.330000000000000000e+02 6.231393614045394448e-05 2.548832322447442886e-04
1.340000000000000000e+02 4.571566063447314349e-05 1.986381270640800198e-04
1.350000000000000000e+02 3.332579806734203295e-05 1.540247266666284825e-04
1.360000000000000000e+02 2.413893094116564887e-05 1.188226743467756533e-04
1.370000000000000000e+02 1.737253799598542710e-05 9.119972861434324921e-05
1.380000000000000000e+02 1.242249311293913388e-05 6.964693221018068855e-05
1.390000000000000000e+02 8.825806870531015957e-06 5.292347094490326784e-05
1.400000000000000000e+02 6.230184426692270838e-06 4.001499233632341740e-05
1.410000000000000000e+02 4.369598164325169346e-06 3.010113893313074227e-05
1.420000000000000000e+02 3.044811945243640213e-06 2.252613356972526804e-05
1.430000000000000000e+02 2.107854793942812880e-06 1.676981808659540964e-05
1.440000000000000000e+02 1.449687754620784212e-06 1.242066880677356985e-05
1.450000000000000000e+02 9.905282841253225333e-07 9.153386352067253507e-06
1.460000000000000000e+02 6.723970627745999262e-07 6.711904312508071147e-06
1.470000000000000000e+02 4.534675304802731705e-07 4.896544087926704006e-06
1.480000000000000000e+02 3.038119196435616490e-07 3.553415742077782054e-06
1.490000000000000000e+02 2.021970812374007266e-07 2.564984325264099581e-06
1.500000000000000000e+02 1.336747764187519056e-07 1.841802141636354597e-06
1.510000000000000000e+02 8.779063012125136643e-08 1.315816951454990885e-06
1.520000000000000000e+02 5.727881627723061511e-08 9.353731171045140934e-07
1.530000000000000000e+02 3.712612654514577084e-08 6.615657912866229716e-07
1.540000000000000000e+02 2.390344246695601667e-08 4.654380258767710033e-07
1.550000000000000000e+02 1.528591723364027624e-08 3.256669728946464210e-07
1.560000000000000000e+02 9.709009512173755217e-09 2.266334195503674394e-07
1.570000000000000000e+02 6.125808843463934793e-09 1.568976991428960462e-07
1.580000000000000000e+02 3.839756156633817283e-09 1.080826968842386426e-07
1.590000000000000000e+02 2.390957783223095834e-09 7.408773805771000636e-08
