0.000000000000000000e+00 -5.416166298600716855e-08 -7.043507051847038881e-05
1.000000000000000000e+00 1.123781853548674029e-07 5.750549184200629693e-05
2.000000000000000000e+00 1.474227072878463117e-07 5.490044398369163498e-05
3.000000000000000000e+00 2.140020117496159788e-07 6.497780515359250484e-05
4.000000000000000000e+00 3.104217152487655534e-07 7.895672686196690407e-05
5.000000000000000000e+00 4.479700885639236283e-07 9.614645563148354885e-05
6.000000000000000000e+00 6.429312013905284740e-07 1.168645739503514498e-04
7.000000000000000000e+00 9.177372190662185290e-07 1.416849020757499479e-04
8.000000000000000000e+00 1.302950721829008853e-06 1.713148990459015752e-04
9.000000000000000000e+00 1.839855134827603536e-06 2.065789361921832243e-04
1.000000000000000000e+01 2.583836136447615772e-06 2.484238545512656364e-04
1.100000000000000000e+01 3.608812916689281872e-06 2.979304172128800364e-04
1.200000000000000000e+01 5.012953253552816741e-06 3.563273437453310603e-04
1.300000000000000000e+01 6.925846322656779965e-06 4.250071791840750535e-04
1.400000000000000000e+01 9.517340143591051919e-06 5.055433445276629172e-04
1.500000000000000000e+01 1.300841604444144309e-05 5.997072546306179107e-04
1.600000000000000000e+01 1.768465985566299812e-05 7.094841798258588739e-04
1.700000000000000000e+01 2.391291584973512845e-05 8.370870242450096765e-04
1.800000000000000000e+01 3.216157112302355436e-05 9.849684002629327355e-04
1.900000000000000000e+01 4.302482645944027213e-05 1.155832699051830828e-03
2.000000000000000000e+01 5.725143236732402969e-05 1.352650280333555360e-03
2.100000000000000000e+01 7.577853985969090561e-05 1.578674591662744802e-03
2.200000000000000000e+01 9.977120900085505173e-05 1.837460094952293819e-03
2.300000000000000000e+01 1.306677858534623831e-04 2.132875794847637584e-03
2.400000000000000000e+01 1.702313521180364060e-04 2.469108238438696111e-03
2.500000000000000000e+01 2.206080333705243471e-04 2.850650803986765763e-03
2.600000000000000000e+01 2.843932528869952793e-04 3.282282444483210736e-03
2.700000000000000000e+01 3.647057312150341589e-04 3.769045458813391307e-03
2.800000000000000000e+01 4.652665125137563562e-04 4.316233356930528585e-03
2.900000000000000000e+01 5.904793719245465897e-04 4.929393022920906288e-03
3.000000000000000000e+01 7.455119876964541635e-04 5.614331776098042785e-03
3.100000000000000000e+01 9.363818086199995373e-04 6.377107236325672487e-03
3.200000000000000000e+01 1.170049857787378716e-03 7.223976303535424234e-03
3.300000000000000000e+01 1.454516492017693830e-03 8.161294910739580466e-03
3.400000000000000000e+01 1.798902892579033914e-03 9.195387828608774655e-03
3.500000000000000000e+01 2.213504323344150752e-03 1.033243173348556351e-02
3.600000000000000000e+01 2.709818912160787130e-03 1.157839531298460699e-02
3.700000000000000000e+01 3.300571286903906422e-03 1.293904784712378818e-02
3.800000000000000000e+01 3.999740474363673234e-03 1.441999481005634513e-02
3.900000000000000000e+01 4.822567219848313859e-03 1.602665836568377411e-02
4.000000000000000000e+01 5.785492639771466425e-03 1.776412719517215036e-02
4.100000000000000000e+01 6.906003528705922760e-03 1.963686544576318319e-02
4.200000000000000000e+01 8.202417340722264680e-03 2.164836644234166899e-02
4.300000000000000000e+01 9.693669637227021393e-03 2.380090236609276946e-02
4.400000000000000000e+01 1.139912125147461014e-02 2.609549743821067136e-02
4.500000000000000000e+01 1.333831656296572375e-02 2.853212818986171351e-02
4.600000000000000000e+01 1.553059651283638862e-02 3.110999160372133684e-02
4.700000000000000000e+01 1.799455421611954528e-02 3.382758916745046140e-02
4.800000000000000000e+01 2.074744485138334954e-02 3.668243987375072179e-02
4.900000000000000000e+01 2.380468431603025709e-02 3.967045463848338505e-02
5.000000000000000000e+01 2.717944390959105283e-02 4.278526234753633056e-02
5.100000000000000000e+01 3.088219605647705285e-02 4.601789732512814174e-02
5.200000000000000000e+01 3.492007061617531660e-02 4.935711546572302960e-02
5.300000000000000000e+01 3.929606920801569092e-02 5.279023842033202241e-02
5.400000000000000000e+01 4.400836647640328503e-02 5.630404411197031944e-02
5.500000000000000000e+01 4.904988909750795240e-02 5.988509725060476435e-02
5.600000000000000000e+01 5.440812081194645183e-02 6.351918899424063847e-02
5.700000000000000000e+01 6.006489192848304959e-02 6.719012146484648618e-02
5.800000000000000000e+01 6.599599953163805266e-02 7.087859337376062330e-02
5.900000000000000000e+01 7.217079552689356636e-02 7.456204003932687119e-02
6.000000000000000000e+01 7.855205800582300280e-02 7.821580025699084726e-02
6.100000000000000000e+01 8.509631544071059872e-02 8.181515476815851007e-02
6.200000000000000000e+01 9.175446479285503942e-02 8.533712655215509868e-02
6.300000000000000000e+01 9.847236688946163496e-02 8.876093263222598062e-02
6.400000000000000000e+01 1.051912896058601887e-01 9.206673080407284937e-02
6.500000000000000000e+01 1.118483969342718570e-01 9.523341275418582830e-02
6.600000000000000000e+01 1.183775890915901852e-01 9.823695370898723189e-02
6.700000000000000000e+01 1.247107663398154820e-01 1.010506652167915687e-01
6.800000000000000000e+01 1.307792674174657055e-01 1.036475971564669446e-01
6.900000000000000000e+01 1.365151614565434934e-01 1.060039356484108880e-01
7.000000000000000000e+01 1.418523098856688813e-01 1.081014604187282568e-01
7.100000000000000000e+01 1.467273933356944282e-01 1.099275422678759467e-01
7.200000000000000000e+01 1.510811254479391963e-01 1.114726163074344079e-01
7.300000000000000000e+01 1.548596423859915083e-01 1.127266976831024503e-01
7.400000000000000000e+01 1.580158232532020979e-01 1.136772486414566741e-01
7.500000000000000000e+01 1.605102970088341241e-01 1.143099854266840243e-01
7.600000000000000000e+01 1.623121007151998030e-01 1.146123989310194602e-01
7.700000000000000000e+01 1.633991451169105047e-01 1.145779866483338516e-01
7.800000000000000000e+01 1.637586395375121018e-01 1.142086149894753766e-01
7.900000000000000000e+01 1.633874659763327186e-01 1.135134728781933000e-01
8.000000000000000000e+01 1.622923530646206980e-01 1.125051434869231426e-01
8.100000000000000000e+01 1.604897140247878162e-01 1.111951362874702698e-01
8.200000000000000000e+01 1.580051473595590061e-01 1.095916084773971289e-01
8.300000000000000000e+01 1.548727207222732327e-01 1.077006664597896790e-01
8.400000000000000000e+01 1.511341685363462028e-01 1.055304028733252963e-01
8.500000000000000000e+01 1.468380463948536496e-01 1.030951078025519191e-01
8.600000000000000000e+01 1.420387931345690746e-01 1.004169635622231410e-01
8.700000000000000000e+01 1.367956361339504323e-01 9.752406034731693485e-02
8.800000000000000000e+01 1.311713426416779016e-01 9.444581077868322017e-02
8.900000000000000000e+01 1.252309055482625499e-01 9.120840800605846399e-02
9.000000000000000000e+01 1.190402811914890446e-01 8.783289183369472064e-02
9.100000000000000000e+01 1.126652473312013819e-01 8.433673995425639003e-02
9.200000000000000000e+01 1.061703684744539911e-01 8.073775568414900961e-02
9.300000000000000000e+01 9.961801615865359394e-02 7.705770343567103220e-02
9.400000000000000000e+01 9.306742524013114637e-02 7.332339668455940818e-02
9.500000000000000000e+01 8.657383510240403146e-02 6.956455152961620036e-02
9.600000000000000000e+01 8.018779655167139475e-02 6.580967316160939162e-02
9.700000000000000000e+01 7.395468816856547167e-02 6.208235372589852863e-02
9.800000000000000000e+01 6.791441587273830405e-02 5.839999552105593766e-02
9.900000000000000000e+01 6.210123242146360634e-02 5.477544313538775661e-02
1.000000000000000000e+02 5.654363850594758961e-02 5.122030424852268282e-02
1.010000000000000000e+02 5.126438003620548134e-02 4.774786489505192244e-02
1.020000000000000000e+02 4.628057945777940690e-02 4.437390072697727783e-02
1.030000000000000000e+02 4.160401091306948490e-02 4.111503776861819004e-02
1.040000000000000000e+02 3.724148167361918810e-02 3.798577436858743134e-02
1.050000000000000000e+02 3.319526282171713499e-02 3.499597243072897351e-02
1.060000000000000000e+02 2.946353455652003447e-02 3.215021182028558050e-02
1.070000000000000000e+02 2.604084741118172994e-02 2.944922434390081015e-02
1.080000000000000000e+02 2.291861384815319092e-02 2.689243515158656200e-02
1.090000000000000000e+02 2.008562760804818645e-02 2.448011300463720855e-02
1.100000000000000000e+02 1.752858411375066844e-02 2.221400424064161327e-02
1.110000000000000000e+02 1.523256987487948098e-02 2.009630784282117819e-02
1.120000000000000000e+02 1.318150499678675570e-02 1.812781573056461773e-02
1.130000000000000000e+02 1.135854247002798453e-02 1.630642963365492096e-02
1.140000000000000000e+02 9.746433633316793632e-03 1.462691482514427710e-02
1.150000000000000000e+02 8.327860765065635273e-03 1.308195318887555789e-02
1.160000000000000000e+02 7.085728054679664781e-03 1.166381899218740109e-02
1.170000000000000000e+02 6.003401927490369452e-03 1.036572958426523750e-02
1.180000000000000000e+02 5.064899875595541695e-03 9.182222397667590130e-03
1.190000000000000000e+02 4.255034894966884008e-03 8.108542778958343841e-03
1.200000000000000000e+02 3.559524066946571225e-03 7.139585310047437752e-03
1.210000000000000000e+02 2.965065983764798591e-03 6.269100697472282727e-03
1.220000000000000000e+02 2.459388066315040550e-03 5.489621255622446905e-03
1.230000000000000000e+02 2.031264838099460131e-03 4.793082355480819852e-03
1.240000000000000000e+02 1.670510868861965065e-03 4.171724836058804571e-03
1.250000000000000000e+02 1.367954199283706943e-03 3.618764026072813188e-03
1.260000000000000000e+02 1.115395831354448752e-03 3.128519533169238538e-03
1.270000000000000000e+02 9.055590972467191489e-04 2.696049610042919233e-03
1.280000000000000000e+02 7.320312106079355629e-04 2.316599408121195608e-03
1.290000000000000000e+02 5.891989694803965484e-04 1.985216249128724311e-03
1.300000000000000000e+02 4.721809674046293271e-04 1.696723220792056754e-03
1.310000000000000000e+02 3.767588586925235401e-04 1.446003844558648018e-03
1.320000000000000000e+02 2.993098069440792010e-04 1.228382876547913114e-03
1.330000000000000000e+02 2.367414974989792979e-04 1.039873327413913442e-03
1.340000000000000000e+02 1.864304871642315784e-04 8.771779345607846976e-04
1.350000000000000000e+02 1.461643959189466669e-04 7.374910472268383834e-04
1.360000000000000000e+02 1.140883816233106935e-04 6.182459409439614332e-04
1.370000000000000000e+02 8.865625991800931555e-05 5.169497237616250138e-04
1.380000000000000000e+02 6.858644918339625864e-05 4.311674182430801842e-04
1.390000000000000000e+02 5.282269627093490010e-05 3.586203387467098058e-04
1.400000000000000000e+02 4.049936963611193381e-05 2.973085353057757603e-04
1.410000000000000000e+02 3.091102834452386073e-05 2.455747302376038149e-04
1.420000000000000000e+02 2.348595704540760076e-05 2.020792087118470411e-04
1.430000000000000000e+02 1.776335108991326157e-05 1.657116063049882300e-04
1.440000000000000000e+02 1.337382086162844671e-05 1.354936695936748169e-04
1.450000000000000000e+02 1.002286728659911182e-05 1.105185128247482577e-04
1.460000000000000000e+02 7.476976608351242122e-06 8.994083194999497499e-05
1.470000000000000000e+02 5.551997428441542121e-06 7.300171008005062751e-05
1.480000000000000000e+02 4.103490652238842270e-06 5.905786385896563700e-05
1.490000000000000000e+02 3.018773760374801391e-06 4.759160067638901225e-05
1.500000000000000000e+02 2.210409113013643547e-06 3.819539651633592893e-05
1.510000000000000000e+02 1.610911492683722324e-06 3.054095970176846274e-05
1.520000000000000000e+02 1.168474841299595995e-06 2.434863531557860270e-05
1.530000000000000000e+02 8.435433125357951826e-07 1.936870579946461040e-05
1.540000000000000000e+02 6.060766691972502285e-07 1.537690110772307306e-05
1.550000000000000000e+02 4.333831744666230453e-07 1.217865393179565344e-05
1.560000000000000000e+02 3.084133856561461753e-07 9.614080951420679789e-06
1.570000000000000000e+02 2.184255669077568854e-07 7.558168063437418604e-06
1.580000000000000000e+02 1.539483265950618357e-07 5.915277863455778890e-06
1.590000000000000000e+02 1.079791015501324006e-07 4.610686268368443573e-06
