0.000000000000000000e+00 1.777235749307525988e-07 -1.234952140193088424e-06
1.000000000000000000e+00 2.324479121140612030e-06 1.516654094432507245e-06
2.000000000000000000e+00 2.628044632949980260e-06 1.822133782139255425e-06
3.000000000000000000e+00 3.428600036210464614e-06 2.420528254406335419e-06
4.000000000000000000e+00 4.475992994254738173e-06 3.206619934254610509e-06
5.000000000000000000e+00 5.824418130304333854e-06 4.232416264876211582e-06
6.000000000000000000e+00 7.553489433292606549e-06 5.565894385498925915e-06
7.000000000000000000e+00 9.762759521474396004e-06 7.292723020801256468e-06
8.000000000000000000e+00 1.257557306196045991e-05 9.520289219438285444e-06
9.000000000000000000e+00 1.614411697888222516e-05 1.238254613562015410e-05
1.000000000000000000e+01 2.065540187312844828e-05 1.604583732235084553e-05
1.100000000000000000e+01 2.633826085636917696e-05 2.071591166236955571e-05
1.200000000000000000e+01 3.347148787698951163e-05 2.664632892733189012e-05
1.300000000000000000e+01 4.239327680622359155e-05 3.414836995275508851e-05
1.400000000000000000e+01 5.351216121544188046e-05 4.360244089528743567e-05
1.500000000000000000e+01 6.731965394362561994e-05 5.547090562177698779e-05
1.600000000000000000e+01 8.440471802618608899e-05 7.031240654680762580e-05
1.700000000000000000e+01 1.054700919384367135e-04 8.879806178911231875e-05
1.800000000000000000e+01 1.313504214077866985e-04 1.117302758195175781e-04
1.900000000000000000e+01 1.630322127016960664e-04 1.400649273325219079e-04
2.000000000000000000e+01 2.016758269419727527e-04 1.749371371025889752e-04
2.100000000000000000e+01 2.486399400656301461e-04 2.176897823301301711e-04
2.200000000000000000e+01 3.055088495333475483e-04 2.699030631064385801e-04
2.300000000000000000e+01 3.741225422837929642e-04 3.334236192800071668e-04
2.400000000000000000e+01 4.566086872169930044e-04 4.103933439912464025e-04
2.500000000000000000e+01 5.554151791613349317e-04 5.032803838723496443e-04
2.600000000000000000e+01 6.733421363178662342e-04 6.149159811232445547e-04
2.700000000000000000e+01 8.135734893348605529e-04 7.485389466417944476e-04
2.800000000000000000e+01 9.797097852474096792e-04 9.078445958226803551e-04
2.900000000000000000e+01 1.175804155105028993e-03 1.097029694734359684e-03
3.000000000000000000e+01 1.406401436247420615e-03 1.320823865423730991e-03
3.100000000000000000e+01 1.676576619432398321e-03 1.584503953869724219e-03
3.200000000000000000e+01 1.991965548136840659e-03 1.893898998186318954e-03
3.300000000000000000e+01 2.358781374233645707e-03 2.255401947246401737e-03
3.400000000000000000e+01 2.783816086784014592e-03 2.676001178317619685e-03
3.500000000000000000e+01 3.274434761277732805e-03 3.163327433461661595e-03
3.600000000000000000e+01 3.838574526868795533e-03 3.725688961010634355e-03
3.700000000000000000e+01 4.484754482207005746e-03 4.372057134436229883e-03
3.800000000000000000e+01 5.222087056523982800e-03 5.111981073966258282e-03
3.900000000000000000e+01 6.060265033711218288e-03 5.955449720810810157e-03
4.000000000000000000e+01 7.009496082747907961e-03 6.912758234701863597e-03
4.100000000000000000e+01 8.080376829559955676e-03 7.994438587464274687e-03
4.200000000000000000e+01 9.283733640082874466e-03 9.211265631805399395e-03
4.300000000000000000e+01 1.063048292926912879e-02 1.057427251880287133e-02
4.400000000000000000e+01 1.213155325250579210e-02 1.209465955865574559e-02
4.500000000000000000e+01 1.379785881455350069e-02 1.378351150205702966e-02
4.600000000000000000e+01 1.564024848843705365e-02 1.565135192749460280e-02
4.700000000000000000e+01 1.766932843533177214e-02 1.770769160910557610e-02
4.800000000000000000e+01 1.989510854912801552e-02 1.996076663174300991e-02
4.900000000000000000e+01 2.232653867749998661e-02 2.241755032086406585e-02
5.000000000000000000e+01 2.497110459570624566e-02 2.508390881304368991e-02
5.100000000000000000e+01 2.783465277975167435e-02 2.796460386483305000e-02
5.200000000000000000e+01 3.092147087667932240e-02 3.106288319870587761e-02
5.300000000000000000e+01 3.423444034593091378e-02 3.437966625949608751e-02
5.400000000000000000e+01 3.777495546790213266e-02 3.791267231219534045e-02
5.500000000000000000e+01 4.154240136677557482e-02 4.165598457349070638e-02
5.600000000000000000e+01 4.553329057337610064e-02 4.560032590668883917e-02
5.700000000000000000e+01 4.974048059965631430e-02 4.973382805689377517e-02
5.800000000000000000e+01 5.415296889259198221e-02 5.404265051790130281e-02
5.900000000000000000e+01 5.875645164855912428e-02 5.851081564842748606e-02
6.000000000000000000e+01 6.353428835217792003e-02 6.311916349190886677e-02
6.100000000000000000e+01 6.846812160519331891e-02 6.784406501405365608e-02
6.200000000000000000e+01 7.353752499015438204e-02 7.265690236918492806e-02
6.300000000000000000e+01 7.871872003209305635e-02 7.752495031449355145e-02
6.400000000000000000e+01 8.398320458338036365e-02 8.241333518095125821e-02
6.500000000000000000e+01 8.929744675661430153e-02 8.728688092179248681e-02
6.600000000000000000e+01 9.462425221152989674e-02 9.211059757157935568e-02
6.700000000000000000e+01 9.992525902305171570e-02 9.684850553606770551e-02
6.800000000000000000e+01 1.051630561651868551e-01 1.014618165631748226e-01
6.900000000000000000e+01 1.103014692252761580e-01 1.059081922289461103e-01
7.000000000000000000e+01 1.153037675264955292e-01 1.101432140996430886e-01
7.100000000000000000e+01 1.201301717014304354e-01 1.141236214084140888e-01
7.200000000000000000e+01 1.247368601846250702e-01 1.178104443599413409e-01
7.300000000000000000e+01 1.290778936711504676e-01 1.211700482492598374e-01
7.400000000000000000e+01 1.331094489253310809e-01 1.241725435113663900e-01
7.500000000000000000e+01 1.367938835402448539e-01 1.267890226819234911e-01
7.600000000000000000e+01 1.401009367984094867e-01 1.289901129284076187e-01
7.700000000000000000e+01 1.430052094543357855e-01 1.307474741108629324e-01
7.800000000000000000e+01 1.454817957188599131e-01 1.320376521254520985e-01
7.900000000000000000e+01 1.475035525763831457e-01 1.328457751706156320e-01
8.000000000000000000e+01 1.490425983700961743e-01 1.331664992751312449e-01
8.100000000000000000e+01 1.500756433752554742e-01 1.330015457359269293e-01
8.200000000000000000e+01 1.505897623124213824e-01 1.323557128751762235e-01
8.300000000000000000e+01 1.505845290529411740e-01 1.312344223947951027e-01
8.400000000000000000e+01 1.500687800068210009e-01 1.296446979498073471e-01
8.500000000000000000e+01 1.490541107554842759e-01 1.275988036361155320e-01
8.600000000000000000e+01 1.475497338329087860e-01 1.251176431113757981e-01
8.700000000000000000e+01 1.455625292460274722e-01 1.222311074511288065e-01
8.800000000000000000e+01 1.431023995565615659e-01 1.189748223528544896e-01
8.900000000000000000e+01 1.401890507264528518e-01 1.153854427818421652e-01
9.000000000000000000e+01 1.368550550910854202e-01 1.114976886962892877e-01
9.100000000000000000e+01 1.331425707106691503e-01 1.073449102434820696e-01
9.200000000000000000e+01 1.290956334806410422e-01 1.029622286459684621e-01
9.300000000000000000e+01 1.247531796661288245e-01 9.838935789418923328e-02
9.400000000000000000e+01 1.201474662462266307e-01 9.367054377811311061e-02
9.500000000000000000e+01 1.153086421299572423e-01 8.885133477005867364e-02
9.600000000000000000e+01 1.102717501652489135e-01 8.397431131181049002e-02
9.700000000000000000e+01 1.050807047068743338e-01 7.907660202122229753e-02
9.800000000000000000e+01 9.978604608613275695e-02 7.419055327192539129e-02
9.900000000000000000e+01 9.443781546585687525e-02 6.934651637188599116e-02
1.000000000000000000e+02 8.907837103358062780e-02 6.457524885816343097e-02
1.010000000000000000e+02 8.373988504933571608e-02 5.990793915717362861e-02
1.020000000000000000e+02 7.844778775258193226e-02 5.537382773671663261e-02
1.030000000000000000e+02 7.322718971303066038e-02 5.099722713089518966e-02
1.040000000000000000e+02 6.810740120320303570e-02 4.679607986649309687e-02
1.050000000000000000e+02 6.312132850786600358e-02 4.278291397014852282e-02
1.060000000000000000e+02 5.830036658393196458e-02 3.896725970059250477e-02
1.070000000000000000e+02 5.366855499064393520e-02 3.535766131203714469e-02
1.080000000000000000e+02 4.924003852215316085e-02 3.196195139781812800e-02
1.090000000000000000e+02 4.502129411332926601e-02 2.878589867857317408e-02
1.100000000000000000e+02 4.101619622259339293e-02 2.583152962869832495e-02
1.110000000000000000e+02 3.723024716993124372e-02 2.309652094436231637e-02
1.120000000000000000e+02 3.367126709226585246e-02 2.057512856950158980e-02
1.130000000000000000e+02 3.034657191551513866e-02 1.825996909258706044e-02
1.140000000000000000e+02 2.725908067413530117e-02 1.614346334873945424e-02
1.150000000000000000e+02 2.440525383495192185e-02 1.421816482682904462e-02
1.160000000000000000e+02 2.177618190859298766e-02 1.247609643625539021e-02
1.170000000000000000e+02 1.936085399250225825e-02 1.090789098258814101e-02
1.180000000000000000e+02 1.714930051837413802e-02 9.502531920280421138e-03
1.190000000000000000e+02 1.513371032602701949e-02 8.247929430037125031e-03
1.200000000000000000e+02 1.330724822765417051e-02 7.131933379346321739e-03
1.210000000000000000e+02 1.166186409123234208e-02 6.143138156708684468e-03
1.220000000000000000e+02 1.018684240812737368e-02 5.271079329617692211e-03
1.230000000000000000e+02 8.869058557155789363e-03 4.505897866176251411e-03
1.240000000000000000e+02 7.694609602629789644e-03 3.837880850574007172e-03
1.250000000000000000e+02 6.650628688335958986e-03 3.257276133763306776e-03
1.260000000000000000e+02 5.726171087635446161e-03 2.754498880561995038e-03
1.270000000000000000e+02 4.911856439535591118e-03 2.320546838490900564e-03
1.280000000000000000e+02 4.198805431516778805e-03 1.947328702090222888e-03
1.290000000000000000e+02 3.577747482302207765e-03 1.627722217386818682e-03
1.300000000000000000e+02 3.038878261834456092e-03 1.355390125173417792e-03
1.310000000000000000e+02 2.572433962154765420e-03 1.124527891511357307e-03
1.320000000000000000e+02 2.169486700545134907e-03 9.297148741049322037e-04
1.330000000000000000e+02 1.822422305564257248e-03 7.659265688828080466e-04
1.340000000000000000e+02 1.524875278797264543e-03 6.286424491979932579e-04
1.350000000000000000e+02 1.271283753487096073e-03 5.139353341564569314e-04
1.360000000000000000e+02 1.056423364141034511e-03 4.184673733075118052e-04
1.370000000000000000e+02 8.752024825414357915e-04 3.393962154247602255e-04
1.380000000000000000e+02 7.227655613124455217e-04 2.742510215683295746e-04
1.390000000000000000e+02 5.947445875271776487e-04 2.208411145524942487e-04
1.400000000000000000e+02 4.874449692043330185e-04 1.772225296040974660e-04
1.410000000000000000e+02 3.978468720041964291e-04 1.417049094737383823e-04
1.420000000000000000e+02 3.234478420537985777e-04 1.128619887186185495e-04
1.430000000000000000e+02 2.620632442676743804e-04 8.951875722328841848e-05
1.440000000000000000e+02 2.116955218452507936e-04 7.071242845397921470e-05
1.450000000000000000e+02 1.705111906211422240e-04 5.564302211133473824e-05
1.460000000000000000e+02 1.368888641311633209e-04 4.363248164005216679e-05
1.470000000000000000e+02 1.094702065071849353e-04 3.410158594448697915e-05
1.480000000000000000e+02 8.716520877793203204e-05 2.656149217197126410e-05
1.490000000000000000e+02 6.910659924959883466e-05 2.061017044225107303e-05
1.500000000000000000e+02 5.458171075986830378e-05 1.592545563972827633e-05
1.510000000000000000e+02 4.297628943170987118e-05 1.225239792436912879e-05
1.520000000000000000e+02 3.374820728942879556e-05 9.387868255961726374e-06
1.530000000000000000e+02 2.642686538466218493e-05 7.166956870839183264e-06
1.540000000000000000e+02 2.062139828439781724e-05 5.453888759820585171e-06
1.550000000000000000e+02 1.602221359537093009e-05 4.137255901776868322e-06
1.560000000000000000e+02 1.239046762378994395e-05 3.127502466620520633e-06
1.570000000000000000e+02 9.539883674018058521e-06 2.354554938841238491e-06
1.580000000000000000e+02 7.319109315127706265e-06 1.764643200822184407e-06
1.590000000000000000e+02 5.600397418219699534e-06 1.316587323486965478e-06
