0.000000000000000000e+00 -1.250774601538910138e-07 -1.702965388163127383e-06
1.000000000000000000e+00 1.510348470756921642e-07 1.942130973787216774e-06
2.000000000000000000e+00 1.956909470155370408e-07 2.267870409133886732e-06
3.000000000000000000e+00 2.762873970381101582e-07 3.003666141916130963e-06
4.000000000000000000e+00 3.893532704952432559e-07 3.995096711265328532e-06
5.000000000000000000e+00 5.461425459262212231e-07 5.297196554156677239e-06
6.000000000000000000e+00 7.623743031684324572e-07 6.995930147157031857e-06
7.000000000000000000e+00 1.059080527424283605e-06 9.201820517264994604e-06
8.000000000000000000e+00 1.464179793226712355e-06 1.205389111138622369e-05
9.000000000000000000e+00 2.014520845506325866e-06 1.572574332335370463e-05
1.000000000000000000e+01 2.758471462294414213e-06 2.043301631848457058e-05
1.100000000000000000e+01 3.759170549488659386e-06 2.644225263810861970e-05
1.200000000000000000e+01 5.098586175883510545e-06 3.408132166501994534e-05
1.300000000000000000e+01 6.882545244687334173e-06 4.375158504656515718e-05
1.400000000000000000e+01 9.246925680193951398e-06 5.594199477336146822e-05
1.500000000000000000e+01 1.236522709703537309e-05 7.124531387670472412e-05
1.600000000000000000e+01 1.645776095050238987e-05 9.037664161428535952e-05
1.700000000000000000e+01 2.180272532699192834e-05 1.141944131973386743e-04
1.800000000000000000e+01 2.874945287314255673e-05 1.437240232461556191e-04
1.900000000000000000e+01 3.773414015024214837e-05 1.801841885852435395e-04
2.000000000000000000e+01 4.929838015226522516e-05 2.250161180383313626e-04
2.100000000000000000e+01 6.411082403012590769e-05 2.799154916761494938e-04
2.200000000000000000e+01 8.299228777673788558e-05 3.468671696709936698e-04
2.300000000000000000e+01 1.069445954670334543e-04 4.281824473226002268e-04
2.400000000000000000e+01 1.371834108196601145e-04 5.265385501197011008e-04
2.500000000000000000e+01 1.751752538166838867e-04 6.450199290237604126e-04
2.600000000000000000e+01 2.226788205920594431e-04 7.871607891822548836e-04
2.700000000000000000e+01 2.817906123024118683e-04 9.569881613081416280e-04
2.800000000000000000e+01 3.549947210017483459e-04 1.159064669880088046e-03
2.900000000000000000e+01 4.452164215056762429e-04 1.398529905134576583e-03
3.000000000000000000e+01 5.558789979190399298e-04 1.681138962122185731e-03
3.100000000000000000e+01 6.909630107731905583e-04 2.013296377817289096e-03
3.200000000000000000e+01 8.550669728113996070e-04 2.402083570492133738e-03
3.300000000000000000e+01 1.053468099045558109e-03 2.855278046203985239e-03
3.400000000000000000e+01 1.292181382908770548e-03 3.381362854175805344e-03
3.500000000000000000e+01 1.578014769931703875e-03 3.989524564056295963e-03
3.600000000000000000e+01 1.918617796299342503e-03 4.689637139908612445e-03
3.700000000000000000e+01 2.322520865776427339e-03 5.492227996267672226e-03
3.800000000000000000e+01 2.799162282603255471e-03 6.408422432762250938e-03
3.900000000000000000e+01 3.358899933117187077e-03 7.449864384434522896e-03
4.000000000000000000e+01 4.013003868242763506e-03 8.628614116202526496e-03
4.100000000000000000e+01 4.773625239706064984e-03 9.957024530881604385e-03
4.200000000000000000e+01 5.653736876998997213e-03 1.144759506656198300e-02
4.300000000000000000e+01 6.667041853722747297e-03 1.311279720930110838e-02
4.400000000000000000e+01 7.827848098557559781e-03 1.496486385347497658e-02
4.500000000000000000e+01 9.150907757047245863e-03 1.701554096599859969e-02
4.600000000000000000e+01 1.065121851629516683e-02 1.927581204417673152e-02
4.700000000000000000e+01 1.234378199709337993e-02 2.175561311420553048e-02
4.800000000000000000e+01 1.424331527841772929e-02 2.446354809579514081e-02
4.900000000000000000e+01 1.636391758810892480e-02 2.740659410040753238e-02
5.000000000000000000e+01 1.871870153356891206e-02 3.058977318735759190e-02
5.100000000000000000e+01 2.131939952548446426e-02 3.401578192690374314e-02
5.200000000000000000e+01 2.417594825340422388e-02 3.768460967172113790e-02
5.300000000000000000e+01 2.729604527358826804e-02 4.159320613151604173e-02
5.400000000000000000e+01 3.068467587835029334e-02 4.573524000738127954e-02
5.500000000000000000e+01 3.434362893478434819e-02 5.010092515710625610e-02
5.600000000000000000e+01 3.827104014816475747e-02 5.467683708022809397e-02
5.700000000000000000e+01 4.246099555733328507e-02 5.944566847794695991e-02
5.800000000000000000e+01 4.690319471255081918e-02 6.438597918535771125e-02
5.900000000000000000e+01 5.158264527978643349e-02 6.947208928279891005e-02
6.000000000000000000e+01 5.647937856131143852e-02 7.467423128172713531e-02
6.100000000000000000e+01 6.156823418687663169e-02 7.995891052483115879e-02
6.200000000000000000e+01 6.681880101302102581e-02 8.528926658111897485e-02
6.300000000000000000e+01 7.219556094862079887e-02 9.062526179426509676e-02
6.400000000000000000e+01 7.765818428410577179e-02 9.592376449637911306e-02
6.500000000000000000e+01 8.316187201614674840e-02 1.011388302334415151e-01
6.600000000000000000e+01 8.865771127003983787e-02 1.062224457703315195e-01
6.700000000000000000e+01 9.409314876710109243e-02 1.111256540478763599e-01
6.800000000000000000e+01 9.941273433762279343e-02 1.157996268622819847e-01
6.900000000000000000e+01 1.045591513201121481e-01 1.201962803350330178e-01
7.000000000000000000e+01 1.094743477642539237e-01 1.242684896263236694e-01
7.100000000000000000e+01 1.141005409683008565e-01 1.279704398681880406e-01
7.200000000000000000e+01 1.183810718880975721e-01 1.312586277588645434e-01
7.300000000000000000e+01 1.222613338666508620e-01 1.340934282083558748e-01
7.400000000000000000e+01 1.256899934236965777e-01 1.364405054117786287e-01
7.500000000000000000e+01 1.286204153317318799e-01 1.382713550460278884e-01
7.600000000000000000e+01 1.310119148426487079e-01 1.395630081449332205e-01
7.700000000000000000e+01 1.328305380311403938e-01 1.402977229598330322e-01
7.800000000000000000e+01 1.340494792368702448e-01 1.404635025084906286e-01
7.900000000000000000e+01 1.346495417680744211e-01 1.400553955086923374e-01
8.000000000000000000e+01 1.346198698183670439e-01 1.390765955625414829e-01
8.100000000000000000e+01 1.339586891754256937e-01 1.375383341664119241e-01
8.200000000000000000e+01 1.326735469180809757e-01 1.354585764748862386e-01
8.300000000000000000e+01 1.307808555471950684e-01 1.328606082177878067e-01
8.400000000000000000e+01 1.283051038313109404e-01 1.297726381771037996e-01
8.500000000000000000e+01 1.252782656478182988e-01 1.262284365014481602e-01
8.600000000000000000e+01 1.217395096109622210e-01 1.222678653748909272e-01
8.700000000000000000e+01 1.177347686890286432e-01 1.179361285628711259e-01
8.800000000000000000e+01 1.133157053822086424e-01 1.132817396996875919e-01
8.900000000000000000e+01 1.085381474833855830e-01 1.083544213739427442e-01
9.000000000000000000e+01 1.034605573016974950e-01 1.032041725326088705e-01
9.100000000000000000e+01 9.814297302330175776e-02 9.788155129426415191e-02
9.200000000000000000e+01 9.264627518620445479e-02 9.243801706320382838e-02
9.300000000000000000e+01 8.703126706075411945e-02 8.692516553302025162e-02
9.400000000000000000e+01 8.135732708921165901e-02 8.139285504435145313e-02
9.500000000000000000e+01 7.568096110997195314e-02 7.588736474685989220e-02
9.600000000000000000e+01 7.005478210065441136e-02 7.045071031708094456e-02
9.700000000000000000e+01 6.452705888306770055e-02 6.512113824078170909e-02
9.800000000000000000e+01 5.914147046142856357e-02 5.993376966955396568e-02
9.900000000000000000e+01 5.393665739047689284e-02 5.492039382257628277e-02
1.000000000000000000e+02 4.894559164523562544e-02 5.010841119627749279e-02
1.010000000000000000e+02 4.419516289677796056e-02 4.551984399165150824e-02
1.020000000000000000e+02 3.970627264384871125e-02 4.117127876208063336e-02
1.030000000000000000e+02 3.549429222246396065e-02 3.707472249174580126e-02
1.040000000000000000e+02 3.156949100659547230e-02 3.323857088911027352e-02
1.050000000000000000e+02 2.793723740214926893e-02 2.966794610035313265e-02
1.060000000000000000e+02 2.459815290724394130e-02 2.636440774063200654e-02
1.070000000000000000e+02 2.154851856809246111e-02 2.332568006443421285e-02
1.080000000000000000e+02 1.878098892162843869e-02 2.054597576192479513e-02
1.090000000000000000e+02 1.628537055362937538e-02 1.801688608282936421e-02
1.100000000000000000e+02 1.404920320750378121e-02 1.572830036226182879e-02
1.110000000000000000e+02 1.205812807091175519e-02 1.366887661303336707e-02
1.120000000000000000e+02 1.029624171995657117e-02 1.182606858356652357e-02
1.130000000000000000e+02 8.746594129101057866e-03 1.018610688320570334e-02
1.140000000000000000e+02 7.391777973087735806e-03 8.734285839008265259e-03
1.150000000000000000e+02 6.214425264159006285e-03 7.455542789048415914e-03
1.160000000000000000e+02 5.197502057185205901e-03 6.335025453382103766e-03
1.170000000000000000e+02 4.324462115528730950e-03 5.358379342972375246e-03
1.180000000000000000e+02 3.579396759019173348e-03 4.511756720050855325e-03
1.190000000000000000e+02 2.947242954349383031e-03 3.781762883496436745e-03
1.200000000000000000e+02 2.413992363276135956e-03 3.155534131547024779e-03
1.210000000000000000e+02 1.966809907762179579e-03 2.620954013513532733e-03
1.220000000000000000e+02 1.594037611734787797e-03 2.166863885648452788e-03
1.230000000000000000e+02 1.285139878751457264e-03 1.783135820003064727e-03
1.240000000000000000e+02 1.030659013233506697e-03 1.460603196662998158e-03
1.250000000000000000e+02 8.221989580746366655e-04 1.190948571606815750e-03
1.260000000000000000e+02 6.524052488699339913e-04 9.666445355495027585e-04
1.270000000000000000e+02 5.149069105816940104e-04 7.809612684548079093e-04
1.280000000000000000e+02 4.042204102267799026e-04 6.279845114356088663e-04
1.290000000000000000e+02 3.156441718818377715e-04 5.025862661990033401e-04
1.300000000000000000e+02 2.451694671953496239e-04 4.003404409302491326e-04
1.310000000000000000e+02 1.894107039723294224e-04 3.174204524659380959e-04
1.320000000000000000e+02 1.455414945186552270e-04 2.505189416756945908e-04
1.330000000000000000e+02 1.112250808482103488e-04 1.968001614648665011e-04
1.340000000000000000e+02 8.454043230464527460e-05 1.538670613921114966e-04
1.350000000000000000e+02 6.391352696612974545e-05 1.197206372858842193e-04
1.360000000000000000e+02 4.806091083661233451e-05 9.270490667228923416e-05
1.370000000000000000e+02 3.594500329406998191e-05 7.144756944732533514e-05
1.380000000000000000e+02 2.673599977035836622e-05 5.480998966263547583e-05
1.390000000000000000e+02 1.977641950857707520e-05 4.185174250037260375e-05
1.400000000000000000e+02 1.454817434450689840e-05 3.180512706208789991e-05
1.410000000000000000e+02 1.064421185709169281e-05 2.405201283682867927e-05
1.420000000000000000e+02 7.746025114305769870e-06 1.809922398816210141e-05
1.430000000000000000e+02 5.606334616377123002e-06 1.355394294748875155e-05
1.440000000000000000e+02 4.035168147466033818e-06 1.010265163306196390e-05
1.450000000000000000e+02 2.887967337473022287e-06 7.495458993891814168e-06
1.460000000000000000e+02 2.055357627146357523e-06 5.534912434694561237e-06
1.470000000000000000e+02 1.454794816301793252e-06 4.067090661636211840e-06
1.480000000000000000e+02 1.024177987114600335e-06 2.973407650883730431e-06
1.490000000000000000e+02 7.171127415090379334e-07 2.162930391995269955e-06
1.500000000000000000e+02 4.993014634996395801e-07 1.565815541220431907e-06
1.510000000000000000e+02 3.456488300255964017e-07 1.128330902187449168e-06
1.520000000000000000e+02 2.379084775444414632e-07 8.093391509686631265e-07
1.530000000000000000e+02 1.628424937830657982e-07 5.777243904662932827e-07
1.540000000000000000e+02 1.108644536755882193e-07 4.102770683266718585e-07
1.550000000000000000e+02 7.507308715006018281e-08 2.898356770265771361e-07
1.560000000000000000e+02 5.055254502306340351e-08 2.037174936482079096e-07
1.570000000000000000e+02 3.384122634830929604e-08 1.425158020735737055e-07
1.580000000000000000e+02 2.251972392076426045e-08 9.925512347156423944e-08
1.590000000000000000e+02 1.490038913298413898e-08 6.880798918955525624e-08
