0.000000000000000000e+00 -9.880200052036361907e-07 -2.903336487580359148e-06
1.000000000000000000e+00 -1.156214498782282676e-09 -8.039149287641781628e-11
2.000000000000000000e+00 -1.706144431970744936e-09 -1.218702186102749323e-10
3.000000000000000000e+00 -2.613005532847728075e-09 -1.948954971485238967e-10
4.000000000000000000e+00 -3.984929640157998796e-09 -3.100951457067594807e-10
5.000000000000000000e+00 -6.043619368964945743e-09 -4.906163612334643552e-10
6.000000000000000000e+00 -9.114506069838551985e-09 -7.723053526947167868e-10
7.000000000000000000e+00 -1.366868551037611275e-08 -1.209684690513092596e-09
8.000000000000000000e+00 -2.038365639717987865e-08 -1.884530034741936767e-09
9.000000000000000000e+00 -3.022787984299574560e-08 -2.918507654270264658e-09
1.000000000000000000e+01 -4.457733083776414567e-08 -4.492438401393091012e-09
1.100000000000000000e+01 -6.537482018344623693e-08 -6.875280180559354252e-09
1.200000000000000000e+01 -9.534629601463236246e-08 -1.046563507609799287e-08
1.300000000000000000e+01 -1.382928498735583807e-07 -1.584847767719043086e-08
1.400000000000000000e+01 -1.994826508049045869e-07 -2.387199294414644037e-08
1.500000000000000000e+01 -2.861732928585812404e-07 -3.575510494375236878e-08
1.600000000000000000e+01 -4.083022623167716575e-07 -5.324323801252125012e-08
1.700000000000000000e+01 -5.793923098576914410e-07 -7.883297982789557964e-08
1.800000000000000000e+01 -8.177304859481681153e-07 -1.160831374955137334e-07
1.900000000000000000e+01 -1.147894477296764377e-06 -1.700265511678620549e-07
2.000000000000000000e+01 -1.602716232245081291e-06 -2.477072199671977093e-07
2.100000000000000000e+01 -2.225789201384621609e-06 -3.588973025033247893e-07
2.200000000000000000e+01 -3.074642594498408475e-06 -5.170840397133285938e-07
2.300000000000000000e+01 -4.224727145555937448e-06 -7.408285212577582458e-07
2.400000000000000000e+01 -5.774384449907336565e-06 -1.055574441308359417e-06
2.500000000000000000e+01 -7.851003327225139435e-06 -1.495959496379322088e-06
2.600000000000000000e+01 -1.061859440405673585e-05 -2.108717101928536063e-06
2.700000000000000000e+01 -1.428703296819131670e-05 -2.956373715484013074e-06
2.800000000000000000e+01 -1.912323443385094963e-05 -4.122076142565767138e-06
2.900000000000000000e+01 -2.546454767716288013e-05 -5.715904968737869041e-06
3.000000000000000000e+01 -3.373468310475772903e-05 -7.882912162467046573e-06
3.100000000000000000e+01 -4.446251991378920819e-05 -1.081299960722611250e-05
3.200000000000000000e+01 -5.830413531122747618e-05 -1.475283189438380703e-05
3.300000000000000000e+01 -7.606835768999387981e-05 -2.002028382206388869e-05
3.400000000000000000e+01 -9.874608819363936885e-05 -2.702222340137754958e-05
3.500000000000000000e+01 -1.275435953431382403e-04 -3.627642551831935440e-05
3.600000000000000000e+01 -1.639199671217469990e-04 -4.843807805343983662e-05
3.700000000000000000e+01 -2.096288524653464199e-04 -6.433100230512172853e-05
3.800000000000000000e+01 -2.667644771394270991e-04 -8.498368484086893306e-05
3.900000000000000000e+01 -3.378116791086787783e-04 -1.116704785792393414e-04
4.000000000000000000e+01 -4.256994612883964555e-04 -1.459585946027065501e-04
4.100000000000000000e+01 -5.338573920876054334e-04 -1.897616273834577274e-04
4.200000000000000000e+01 -6.662740707985647217e-04 -2.454003515855226331e-04
4.300000000000000000e+01 -8.275566713072491721e-04 -3.156711268520885736e-04
4.400000000000000000e+01 -1.022990170595317050e-03 -4.039208866665792920e-04
4.500000000000000000e+01 -1.258594339645709376e-03 -5.141256343626958783e-04
4.600000000000000000e+01 -1.541176166550953588e-03 -6.509686342528150146e-04
4.700000000000000000e+01 -1.878375246015301066e-03 -8.199171920493562122e-04
4.800000000000000000e+01 -2.278699653348764328e-03 -1.027301551586797283e-03
4.900000000000000000e+01 -2.751549589390459884e-03 -1.280399845104028198e-03
5.000000000000000000e+01 -3.307225519084042685e-03 -1.587524412099047041e-03
5.100000000000000000e+01 -3.956916971601023153e-03 -1.958092305400183260e-03
5.200000000000000000e+01 -4.712668132843418276e-03 -2.402660909519403407e-03
5.300000000000000000e+01 -5.587316921792945951e-03 -2.932926813334106857e-03
5.400000000000000000e+01 -6.594404845803052487e-03 -3.561708961664962307e-03
5.500000000000000000e+01 -7.748054966315340991e-03 -4.302936939264399158e-03
5.600000000000000000e+01 -9.062814939081743557e-03 -5.171630240606649165e-03
5.700000000000000000e+01 -1.055346229662457343e-02 -6.183814586064510441e-03
5.800000000000000000e+01 -1.223477063828906121e-02 -7.356327323713886604e-03
5.900000000000000000e+01 -1.412123757689083374e-02 -8.706527725798936940e-03
6.000000000000000000e+01 -1.622677660889296561e-02 -1.025199103127628214e-02
6.100000000000000000e+01 -1.856437487612445925e-02 -1.201024793503222866e-02
6.200000000000000000e+01 -2.114571858622590547e-02 -1.399852945408548363e-02
6.300000000000000000e+01 -2.398079000717802389e-02 -1.623339294519433526e-02
6.400000000000000000e+01 -2.707744453437168838e-02 -1.873015105750326648e-02
6.500000000000000000e+01 -3.044097997890067922e-02 -2.150218481994807182e-02
6.600000000000000000e+01 -3.407370939564861867e-02 -2.456033317458496817e-02
6.700000000000000000e+01 -3.797454475393890333e-02 -2.791247038517131671e-02
6.800000000000000000e+01 -4.213859798793264527e-02 -3.156316599181296229e-02
6.900000000000000000e+01 -4.655681297023701870e-02 -3.551320197650328914e-02
7.000000000000000000e+01 -5.121565173213794148e-02 -3.975886198337214017e-02
7.100000000000000000e+01 -5.609685893193518819e-02 -4.429119146338084123e-02
7.200000000000000000e+01 -6.117731524785718217e-02 -4.909554889913687881e-02
7.300000000000000000e+01 -6.642897529387747912e-02 -5.415156311120898625e-02
7.400000000000000000e+01 -7.181888834209358696e-02 -5.943327270346868835e-02
7.500000000000000000e+01 -7.730932269733835349e-02 -6.490912075626927014e-02
7.600000000000000000e+01 -8.285803123916030133e-02 -7.054174876593730104e-02
7.700000000000000000e+01 -8.841867753347611159e-02 -7.628790279985071809e-02
7.800000000000000000e+01 -9.394139632375313187e-02 -8.209882324854783642e-02
7.900000000000000000e+01 -9.937343657810765452e-02 -8.792115060769274681e-02
8.000000000000000000e+01 -1.046598665108719739e-01 -9.369799405904238876e-02
8.100000000000000000e+01 -1.097443800334106934e-01 -9.936979081413208070e-02
8.200000000000000000e+01 -1.145702562245392436e-01 -1.048749512062560341e-01
8.300000000000000000e+01 -1.190814510820236705e-01 -1.101506366194675568e-01
8.400000000000000000e+01 -1.232237098174662482e-01 -1.151339740307732173e-01
8.500000000000000000e+01 -1.269455884749037811e-01 -1.197636251414267439e-01
8.600000000000000000e+01 -1.301993856391181481e-01 -1.239813158607569327e-01
8.700000000000000000e+01 -1.329420879595308025e-01 -1.277330109125686675e-01
8.800000000000000000e+01 -1.351363904822492634e-01 -1.309697765358523169e-01
8.900000000000000000e+01 -1.367516872363246927e-01 -1.336486202903767462e-01
9.000000000000000000e+01 -1.377648266955237844e-01 -1.357334941522215510e-01
9.100000000000000000e+01 -1.381605332319538748e-01 -1.371963424239709406e-01
9.200000000000000000e+01 -1.379316149369088362e-01 -1.380179029613040065e-01
9.300000000000000000e+01 -1.370791583211000420e-01 -1.381880834766097965e-01
9.400000000000000000e+01 -1.356127376063707424e-01 -1.377059812803439476e-01
9.500000000000000000e+01 -1.335504284106346917e-01 -1.365797394888409733e-01
9.600000000000000000e+01 -1.309184047600740475e-01 -1.348263492736659352e-01
9.700000000000000000e+01 -1.277501578301709073e-01 -1.324713474482260289e-01
9.800000000000000000e+01 -1.240856199501547685e-01 -1.295482929150959805e-01
9.900000000000000000e+01 -1.199704180555179744e-01 -1.260979720680862060e-01
1.000000000000000000e+02 -1.154551763683838023e-01 -1.221673889635939703e-01
1.010000000000000000e+02 -1.105945954765030770e-01 -1.178086436778252033e-01
1.020000000000000000e+02 -1.054461895175951847e-01 -1.130777787435229553e-01
1.030000000000000000e+02 -1.000688915352265923e-01 -1.080336270582919200e-01
1.040000000000000000e+02 -9.452185712208173440e-02 -1.027366655552257868e-01
1.050000000000000000e+02 -8.886357049731657964e-02 -9.724787306245519236e-02
1.060000000000000000e+02 -8.315105248679816041e-02 -9.162760055309462914e-02
1.070000000000000000e+02 -7.743893629030620951e-02 -8.593448342597916068e-02
1.080000000000000000e+02 -7.177843593476165851e-02 -8.022444888661901807e-02
1.090000000000000000e+02 -6.621646803777815615e-02 -7.454987511927003985e-02
1.100000000000000000e+02 -6.079513125859691003e-02 -6.895892909616391231e-02
1.110000000000000000e+02 -5.555148258263097744e-02 -6.349506466886850609e-02
1.120000000000000000e+02 -5.051738561367039027e-02 -5.819664099538398444e-02
1.130000000000000000e+02 -4.571930786278333159e-02 -5.309664235109449321e-02
1.140000000000000000e+02 -4.117816192176389223e-02 -4.822251932973721511e-02
1.150000000000000000e+02 -3.690936157738108903e-02 -4.359618462531809902e-02
1.160000000000000000e+02 -3.292313337996521233e-02 -3.923416791214325711e-02
1.170000000000000000e+02 -2.922495795175007738e-02 -3.514789186022174855e-02
1.180000000000000000e+02 -2.581599517701496649e-02 -3.134401586644438437e-02
1.190000000000000000e+02 -2.269346614140707943e-02 -2.782481639324603864e-02
1.200000000000000000e+02 -1.985106888641521156e-02 -2.458860562343829353e-02
1.210000000000000000e+02 -1.727948888280276402e-02 -2.163020006367954995e-02
1.220000000000000000e+02 -1.496697327264283166e-02 -1.894143222067281793e-02
1.230000000000000000e+02 -1.289988449716863300e-02 -1.651167496386050232e-02
1.240000000000000000e+02 -1.106318074939251044e-02 -1.432834418849543608e-02
1.250000000000000000e+02 -9.440834912706268581e-03 -1.237736241176593151e-02
1.260000000000000000e+02 -8.016228643627557743e-03 -1.064358542486473075e-02
1.270000000000000000e+02 -6.772532643936909381e-03 -9.111199299625024825e-03
1.280000000000000000e+02 -5.693050966085981025e-03 -7.764086359837608399e-03
1.290000000000000000e+02 -4.761503480392517695e-03 -6.586149366806877750e-03
1.300000000000000000e+02 -3.962241912837338731e-03 -5.561583558270503762e-03
1.310000000000000000e+02 -3.280413386724175939e-03 -4.675094905709141664e-03
1.320000000000000000e+02 -2.702085842418448271e-03 -3.912071165638957015e-03
1.330000000000000000e+02 -2.214339711316605942e-03 -3.258713860850386088e-03
1.340000000000000000e+02 -1.805324062428494960e-03 -2.702135664793908765e-03
1.350000000000000000e+02 -1.464277537173183695e-03 -2.230424253431201754e-03
1.360000000000000000e+02 -1.181519311787776168e-03 -1.832673898027420813e-03
1.370000000000000000e+02 -9.484174692542504843e-04 -1.498988796562190050e-03
1.380000000000000000e+02 -7.573411033463585147e-04 -1.220464246580279513e-03
1.390000000000000000e+02 -6.016006761022357069e-04 -9.891515696173534648e-04
1.400000000000000000e+02 -4.753800680390115642e-04 -7.980110029497352372e-04
1.410000000000000000e+02 -3.736632258066888753e-04 -6.408553193673946881e-04
1.420000000000000000e+02 -2.921579383880970192e-04 -5.122865691086643091e-04
1.430000000000000000e+02 -2.272190972985195772e-04 -4.076286211874209945e-04
1.440000000000000000e+02 -1.757737491771488108e-04 -3.228582675911802029e-04
1.450000000000000000e+02 -1.352499452394130195e-04 -2.545371901990312134e-04
1.460000000000000000e+02 -1.035106449621596512e-04 -1.997463439044862093e-04
1.470000000000000000e+02 -7.879310126963493313e-05 -1.560237007034663938e-04
1.480000000000000000e+02 -5.965373302076064680e-05 -1.213059912143308342e-04
1.490000000000000000e+02 -4.491852838824749578e-05 -9.387494589758483014e-05
1.500000000000000000e+02 -3.363912928406262990e-05 -7.230839790416966877e-05
1.510000000000000000e+02 -2.505460344895796591e-05 -5.543640161410587250e-05
1.520000000000000000e+02 -1.855858329143959075e-05 -4.230230169354498603e-05
1.530000000000000000e+02 -1.367121351076416322e-05 -3.212852935527996877e-05
1.540000000000000000e+02 -1.001534018506930766e-05 -2.428682189657237737e-05
1.550000000000000000e+02 -7.296484237123156721e-06 -1.827252702743961419e-05
1.560000000000000000e+02 -5.286207785945116045e-06 -1.368263334867888371e-05
1.570000000000000000e+02 -3.808463695071363539e-06 -1.019715264191564347e-05
1.580000000000000000e+02 -2.728485861103951764e-06 -7.563472228227965510e-06
1.590000000000000000e+02 -1.943799052818326025e-06 -5.583305759081721534e-06
