0.000000000000000000e+00 -4.189562653513201661e-40 -2.544618232577349327e-07
1.000000000000000000e+00 -9.104780824323535876e-24 -8.457620945223045500e-12
2.000000000000000000e+00 6.422246345042926259e-24 -1.428848218108000223e-11
3.000000000000000000e+00 1.509059334619118327e-25 -2.487701542935721017e-11
4.000000000000000000e+00 2.802558525692729131e-23 -4.302491816898121753e-11
5.000000000000000000e+00 -2.282699065018402483e-23 -7.385309664410465601e-11
6.000000000000000000e+00 2.599298978858791253e-24 -1.258312718482688943e-10
7.000000000000000000e+00 4.969509798851371222e-23 -2.128859819866197800e-10
8.000000000000000000e+00 2.484755546711973152e-23 -3.577148119783022355e-10
9.000000000000000000e+00 -5.129093590033968749e-29 -5.968959340627126143e-10
1.000000000000000000e+01 -2.306068143826461307e-23 -9.888154918469508676e-10
1.100000000000000000e+01 1.011181665294406737e-23 -1.626111499112422531e-09
1.200000000000000000e+01 -4.162028213090719650e-31 -2.655072042269911403e-09
1.300000000000000000e+01 4.162028213003516847e-31 -4.305105282914176633e-09
1.400000000000000000e+01 1.679201955972263138e-23 -6.932471763951765349e-09
1.500000000000000000e+01 1.124962587130535596e-22 -1.108494404603603390e-08
1.600000000000000000e+01 -2.526275103639997348e-26 -1.759836114369466851e-08
1.700000000000000000e+01 -1.294114647903452172e-22 -2.774088864960415284e-08
1.800000000000000000e+01 2.030235439493418295e-24 -4.342447122910826432e-08
1.900000000000000000e+01 -2.029231454144620816e-24 -6.750708105424457188e-08
2.000000000000000000e+01 1.066493092097692604e-27 -1.042199453584959103e-07
2.100000000000000000e+01 7.563970242719013147e-22 -1.597748378039337973e-07
2.200000000000000000e+01 1.552986043601032383e-22 -2.432308237037692447e-07
2.300000000000000000e+01 1.510737763120205987e-24 -3.677147437275692220e-07
2.400000000000000000e+01 8.219705380948346751e-23 -5.520981099966910660e-07
2.500000000000000000e+01 5.839083754694391595e-23 -8.232642454041473923e-07
2.600000000000000000e+01 7.819218511188000024e-23 -1.219177252481811584e-06
2.700000000000000000e+01 2.263096933297625736e-21 -1.793058007310686245e-06
2.800000000000000000e+01 2.444105410806307061e-21 -2.619012032728699331e-06
2.900000000000000000e+01 -2.318611024171670153e-29 -3.799435284678147368e-06
3.000000000000000000e+01 -8.614047541070664371e-21 -5.474569349931082915e-06
3.100000000000000000e+01 6.551137811275134892e-21 -7.834801714222058166e-06
3.200000000000000000e+01 1.076921404902455976e-24 -1.113658976538412378e-05
3.300000000000000000e+01 -1.111817282030806888e-21 -1.572292510437691893e-05
3.400000000000000000e+01 1.253997307884049349e-20 -2.204899456596336510e-05
3.500000000000000000e+01 -7.295418801440785170e-21 -3.071360158880043808e-05
3.600000000000000000e+01 -1.050232839971286911e-23 -4.249744218758014106e-05
3.700000000000000000e+01 -3.359977795450895311e-20 -5.841005666419998231e-05
3.800000000000000000e+01 -2.399105403511603415e-25 -7.974708467710223798e-05
3.900000000000000000e+01 -3.636979489877191184e-26 -1.081581285996403396e-04
4.000000000000000000e+01 -3.603261545795148573e-20 -1.457246982453549978e-04
4.100000000000000000e+01 -3.002806290326178753e-20 -1.950489339130942316e-04
4.200000000000000000e+01 -2.066339883612326641e-28 -2.593556803796524791e-04
4.300000000000000000e+01 -2.827386175587925540e-21 -3.426094325303764908e-04
4.400000000000000000e+01 -1.690926569529555248e-19 -4.496431240905277341e-04
4.500000000000000000e+01 7.607583731590849901e-20 -5.862927644246953944e-04
4.600000000000000000e+01 8.515703971938429407e-21 -7.595352422529286392e-04
4.700000000000000000e+01 -2.376315233445707479e-19 -9.776320466037516539e-04
4.800000000000000000e+01 -2.650092083489437024e-19 -1.250279064535838019e-03
4.900000000000000000e+01 -5.908483472863736621e-21 -1.588750654661574401e-03
5.000000000000000000e+01 -2.388620719900428822e-19 -2.006018798113974686e-03
5.100000000000000000e+01 -1.214053857295267767e-19 -2.516837641120963677e-03
5.200000000000000000e+01 -9.133885437669845901e-19 -3.137799409683591882e-03
5.300000000000000000e+01 -2.687186801316046452e-19 -3.887364264575302996e-03
5.400000000000000000e+01 -5.007584325419839189e-19 -4.785840946941945402e-03
5.500000000000000000e+01 -6.718756164194713609e-19 -5.855279725999093000e-03
5.600000000000000000e+01 -1.782169285119553661e-18 -7.119262443379175721e-03
5.700000000000000000e+01 -4.170183825379395223e-18 -8.602612847156260872e-03
5.800000000000000000e+01 -6.529801829156447197e-18 -1.033104964861288229e-02
5.900000000000000000e+01 -3.039372968528460697e-18 -1.233075702459014884e-02
6.000000000000000000e+01 -4.988373335021230429e-18 -1.462781744232912427e-02
6.100000000000000000e+01 -1.042607385279041448e-17 -1.724749546533260042e-02
6.200000000000000000e+01 -1.249740798257189002e-16 -2.021343602582755666e-02
6.300000000000000000e+01 -3.480063593698830079e-15 -2.354684725706185019e-02
6.400000000000000000e+01 -7.536753945840611883e-14 -2.726565935480304223e-02
6.500000000000000000e+01 -1.238962764291767500e-12 -3.138359510297905608e-02
6.600000000000000000e+01 -1.574723370514289838e-11 -3.590914881977082945e-02
6.700000000000000000e+01 -1.575627735676116348e-10 -4.084458539865463284e-02
6.800000000000000000e+01 -1.263163155510409214e-09 -4.618508728416788334e-02
6.900000000000000000e+01 -8.252958172571252802e-09 -5.191806345344300577e-02
7.000000000000000000e+01 -4.466329143814455835e-08 -5.802254138897126184e-02
7.100000000000000000e+01 -2.032978597815614460e-07 -6.446862525490926199e-02
7.200000000000000000e+01 -7.895377811011299753e-07 -7.121714490611749659e-02
7.300000000000000000e+01 -2.651143391862587728e-06 -7.821964541933904003e-02
7.400000000000000000e+01 -7.791311178256275690e-06 -8.541872871444440574e-02
7.500000000000000000e+01 -2.026442904533233054e-05 -9.274863217127547743e-02
7.600000000000000000e+01 -4.711633721130727923e-05 -1.001359750294949780e-01
7.700000000000000000e+01 -9.881838288755079519e-05 -1.075007475516236710e-01
7.800000000000000000e+01 -1.884590080947586477e-04 -1.147576524359740918e-01
7.900000000000000000e+01 -3.291460071704957469e-04 -1.218177755976456444e-01
8.000000000000000000e+01 -5.297408189074093382e-04 -1.285904312073338496e-01
8.100000000000000000e+01 -7.899935011719689528e-04 -1.349850527546762602e-01
8.200000000000000000e+01 -1.096892308988255908e-03 -1.409131290741752474e-01
8.300000000000000000e+01 -1.424072134416573977e-03 -1.462902293493003048e-01
8.400000000000000000e+01 -1.735241602642510761e-03 -1.510380683023905823e-01
8.500000000000000000e+01 -1.991096778456013117e-03 -1.550864627109011518e-01
8.600000000000000000e+01 -2.157775994076698359e-03 -1.583750495272527037e-01
8.700000000000000000e+01 -2.214252894088937322e-03 -1.608547348397771082e-01
8.800000000000000000e+01 -2.156453623652729735e-03 -1.624888915177938875e-01
8.900000000000000000e+01 -1.997093987381522162e-03 -1.632542808615427277e-01
9.000000000000000000e+01 -1.761690479420760253e-03 -1.631416235831971151e-01
9.100000000000000000e+01 -1.482304300185036594e-03 -1.621557653432583179e-01
9.200000000000000000e+01 -1.190976364771498654e-03 -1.603154459307842006e-01
9.300000000000000000e+01 -9.145024899875798955e-04 -1.576527153610343679e-01
9.400000000000000000e+01 -6.714527782726671321e-04 -1.542120276393010858e-01
9.500000000000000000e+01 -4.715204198211183110e-04 -1.500490297844959686e-01
9.600000000000000000e+01 -3.166766334571197682e-04 -1.452290815326409967e-01
9.700000000000000000e+01 -2.033321514021075639e-04 -1.398255682917946829e-01
9.800000000000000000e+01 -1.247326803602993330e-04 -1.339180749858445152e-01
9.900000000000000000e+01 -7.303175181422746313e-05 -1.275904772330900272e-01
1.000000000000000000e+02 -4.076012333114378263e-05 -1.209290050209828327e-01
1.010000000000000000e+02 -2.164950978905746338e-05 -1.140203450536392965e-01
1.020000000000000000e+02 -1.092215356597879593e-05 -1.069498485405393634e-01
1.030000000000000000e+02 -5.222033678465439228e-06 -9.979989165739923396e-02
1.040000000000000000e+02 -2.360121396768312850e-06 -9.264841546230019598e-02
1.050000000000000000e+02 -1.005444319217098018e-06 -8.556766986860137036e-02
1.060000000000000000e+02 -4.024908377204012222e-07 -7.862319332968038810e-02
1.070000000000000000e+02 -1.508896948695379227e-07 -7.187305292166500104e-02
1.080000000000000000e+02 -5.278285264158923786e-08 -6.536734494025076003e-02
1.090000000000000000e+02 -1.716245990124601635e-08 -5.914793486999367356e-02
1.100000000000000000e+02 -5.165945424387524994e-09 -5.324841397938672588e-02
1.110000000000000000e+02 -1.433333775925792552e-09 -4.769425874360712359e-02
1.120000000000000000e+02 -3.649526361449860080e-10 -4.250317870699925338e-02
1.130000000000000000e+02 -8.488104919214361306e-11 -3.768562425677574046e-02
1.140000000000000000e+02 -1.794728801828648989e-11 -3.324541329803425149e-02
1.150000000000000000e+02 -3.432752890667959918e-12 -2.918043777884144277e-02
1.160000000000000000e+02 -5.908375073024699056e-13 -2.548342228813318955e-02
1.170000000000000000e+02 -9.096113347216285225e-14 -2.214271357116202182e-02
1.180000000000000000e+02 -1.218268473703722710e-14 -1.914307718978319056e-02
1.190000000000000000e+02 -2.295782790012882783e-15 -1.646647388529671324e-02
1.200000000000000000e+02 -2.246151348029336492e-15 -1.409279183760308793e-02
1.210000000000000000e+02 -2.261176037213426276e-15 -1.200052037203032905e-02
1.220000000000000000e+02 -2.534306892241706551e-15 -1.016735812214172516e-02
1.230000000000000000e+02 -1.983590514565696434e-15 -8.570750615104332296e-03
1.240000000000000000e+02 -6.695449151011234206e-16 -7.188352052543612973e-03
1.250000000000000000e+02 -3.662850106796673636e-16 -5.998408213618668973e-03
1.260000000000000000e+02 -7.712151135908660763e-16 -4.980062059509020485e-03
1.270000000000000000e+02 -8.928184193397189545e-16 -4.113587599377536465e-03
1.280000000000000000e+02 -8.611622098081077816e-16 -3.380558883653163316e-03
1.290000000000000000e+02 -7.234478991082375490e-16 -2.763960648017499237e-03
1.300000000000000000e+02 -6.911181754898952538e-16 -2.248247122538642086e-03
1.310000000000000000e+02 -7.640092865024418935e-16 -1.819356355155664481e-03
1.320000000000000000e+02 -1.124440378753692773e-15 -1.464688119788733417e-03
1.330000000000000000e+02 -1.029029557233933546e-15 -1.173053265449030234e-03
1.340000000000000000e+02 -9.186803978963275627e-16 -9.346014243639996343e-04
1.350000000000000000e+02 -9.916139018743197476e-16 -7.407330312028800531e-04
1.360000000000000000e+02 -7.420263605452441058e-16 -5.840009404057797159e-04
1.370000000000000000e+02 -9.999428812575773125e-16 -4.580063744336986247e-04
1.380000000000000000e+02 -1.160371610910908204e-15 -3.572932343283442814e-04
1.390000000000000000e+02 -1.789933750535101700e-17 -2.772439589404127958e-04
1.400000000000000000e+02 -4.440498062690062711e-29 -2.139793131678479287e-04
1.410000000000000000e+02 -1.465244066157568484e-52 -1.642638354140168501e-04
1.420000000000000000e+02 0.000000000000000000e+00 -1.254181616455860742e-04
1.430000000000000000e+02 0.000000000000000000e+00 -9.523899505642192888e-05
1.440000000000000000e+02 0.000000000000000000e+00 -7.192708445494618756e-05
1.450000000000000000e+02 0.000000000000000000e+00 -5.402323289904788759e-05
1.460000000000000000e+02 0.000000000000000000e+00 -4.035210387264039750e-05
1.470000000000000000e+02 0.000000000000000000e+00 -2.997341603647055239e-05
1.480000000000000000e+02 0.000000000000000000e+00 -2.214000082929507254e-05
1.490000000000000000e+02 0.000000000000000000e+00 -1.626212130645321907e-05
1.500000000000000000e+02 0.000000000000000000e+00 -1.187740980349109369e-05
1.510000000000000000e+02 0.000000000000000000e+00 -8.625773870909709087e-06
1.520000000000000000e+02 0.000000000000000000e+00 -6.228636815432771362e-06
1.530000000000000000e+02 0.000000000000000000e+00 -4.471913976195757146e-06
1.540000000000000000e+02 0.000000000000000000e+00 -3.192172343216690780e-06
1.550000000000000000e+02 0.000000000000000000e+00 -2.265472164281668086e-06
1.560000000000000000e+02 0.000000000000000000e+00 -1.598445369594007218e-06
1.570000000000000000e+02 0.000000000000000000e+00 -1.121219954995728015e-06
1.580000000000000000e+02 0.000000000000000000e+00 -7.818531319144641866e-07
1.590000000000000000e+02 0.000000000000000000e+00 -5.419864579288003830e-07
