0.000000000000000000e+00 -1.566797831449487949e-05 -3.898892966394673643e-05
1.000000000000000000e+00 -1.767989382139318029e-10 -7.667340773315996379e-08
2.000000000000000000e+00 -2.570775881836102978e-10 -9.129847505858167599e-08
3.000000000000000000e+00 -3.992813804661487792e-10 -1.244746282168425605e-07
4.000000000000000000e+00 -6.180983115294460800e-10 -1.700257579678988663e-07
5.000000000000000000e+00 -9.526802157476117195e-10 -2.314608016046904715e-07
6.000000000000000000e+00 -1.462057921531863690e-09 -3.141412470069907777e-07
7.000000000000000000e+00 -2.233029644350331997e-09 -4.251961799701438181e-07
8.000000000000000000e+00 -3.391970808801738216e-09 -5.737903594716910326e-07
9.000000000000000000e+00 -5.122822537717108523e-09 -7.714916342932225633e-07
1.000000000000000000e+01 -7.694330577686528794e-09 -1.032895260672166650e-06
1.100000000000000000e+01 -1.149905060926549705e-08 -1.376696784512240918e-06
1.200000000000000000e+01 -1.710567179684012279e-08 -1.827267576046580643e-06
1.300000000000000000e+01 -2.532712757136168045e-08 -2.416541988512414617e-06
1.400000000000000000e+01 -3.731188227711484801e-08 -3.185844589780167659e-06
1.500000000000000000e+01 -5.467370772802002018e-08 -4.187383930488189842e-06
1.600000000000000000e+01 -7.968093421718216870e-08 -5.485597346152921582e-06
1.700000000000000000e+01 -1.155238683466357071e-07 -7.159143015266142477e-06
1.800000000000000000e+01 -1.666702144605250685e-07 -9.304634944078540653e-06
1.900000000000000000e+01 -2.393153314638595466e-07 -1.204276521468029234e-05
2.000000000000000000e+01 -3.419525963385730005e-07 -1.552626282679751661e-05
2.100000000000000000e+01 -4.861299540715143743e-07 -1.994788918165577935e-05
2.200000000000000000e+01 -6.874968221824613736e-07 -2.554647521022420430e-05
2.300000000000000000e+01 -9.672445343728855096e-07 -3.261059484959058632e-05
2.400000000000000000e+01 -1.353994984148794351e-06 -4.148232807645373338e-05
2.500000000000000000e+01 -1.886144259380456036e-06 -5.256577499659392707e-05
2.600000000000000000e+01 -2.614701047019309195e-06 -6.634426542572875968e-05
2.700000000000000000e+01 -3.606806521187919098e-06 -8.340580125872876466e-05
2.800000000000000000e+01 -4.950302441404064068e-06 -1.044703210716966895e-04
2.900000000000000000e+01 -6.759766737487506420e-06 -1.304094072053119547e-04
3.000000000000000000e+01 -9.184267609344390064e-06 -1.622530007535356411e-04
3.100000000000000000e+01 -1.241681251280672850e-05 -2.011881094235411227e-04
3.200000000000000000e+01 -1.670537749846434566e-05 -2.485650540969739329e-04
3.300000000000000000e+01 -2.236571757560299251e-05 -3.059283671343829151e-04
3.400000000000000000e+01 -2.979676163156237413e-05 -3.750769243129910670e-04
3.500000000000000000e+01 -3.949980886454780582e-05 -4.581363123835707719e-04
3.600000000000000000e+01 -5.210248195245182793e-05 -5.576107446948536843e-04
3.700000000000000000e+01 -6.838744617296579583e-05 -6.763877183730689037e-04
3.800000000000000000e+01 -8.932493029364624944e-05 -8.176990212471141675e-04
3.900000000000000000e+01 -1.161080311815526541e-04 -9.850795749954722753e-04
4.000000000000000000e+01 -1.501910965502883390e-04 -1.182381362400000560e-03
4.100000000000000000e+01 -1.933334495502685526e-04 -1.413872190887646013e-03
4.200000000000000000e+01 -2.476516003584136355e-04 -1.684386657310319411e-03
4.300000000000000000e+01 -3.156812767375546404e-04 -1.999440328406872774e-03
4.400000000000000000e+01 -4.004463450457949360e-04 -2.365217132394866958e-03
4.500000000000000000e+01 -5.055279564638302022e-04 -2.788412301797224459e-03
4.600000000000000000e+01 -6.351281833095537288e-04 -3.276020592216476526e-03
4.700000000000000000e+01 -7.941293558029748371e-04 -3.835222863030165671e-03
4.800000000000000000e+01 -9.881584740779813473e-04 -4.473478263059629985e-03
4.900000000000000000e+01 -1.223666335889449057e-03 -5.198781707352223211e-03
5.000000000000000000e+01 -1.508018218105177007e-03 -6.019891640579509012e-03
5.100000000000000000e+01 -1.849574455547940829e-03 -6.946297180544954569e-03
5.200000000000000000e+01 -2.257733238445313022e-03 -7.987836027957660387e-03
5.300000000000000000e+01 -2.742927214349836097e-03 -9.154121572509749116e-03
5.400000000000000000e+01 -3.316599197490374684e-03 -1.045411250653989141e-02
5.500000000000000000e+01 -3.991197315798892392e-03 -1.189610269670437342e-02
5.600000000000000000e+01 -4.780200145826132493e-03 -1.348811820020765287e-02
5.700000000000000000e+01 -5.698123312873712432e-03 -1.523836913478984929e-02
5.800000000000000000e+01 -6.760427343900210669e-03 -1.715528200240914319e-02
5.900000000000000000e+01 -7.983289579824906154e-03 -1.924687330460922094e-02
6.000000000000000000e+01 -9.383299021361968945e-03 -2.151969402890296923e-02
6.100000000000000000e+01 -1.097719141671726385e-02 -2.397794255568747035e-02
6.200000000000000000e+01 -1.278168478473066735e-02 -2.662330060609466656e-02
6.300000000000000000e+01 -1.481333267234545212e-02 -2.945556215083387427e-02
6.400000000000000000e+01 -1.708822080075849542e-02 -3.247351830483334589e-02
6.500000000000000000e+01 -1.962141090443771455e-02 -3.567529751660319243e-02
6.600000000000000000e+01 -2.242624286469614009e-02 -3.905769452812991871e-02
6.700000000000000000e+01 -2.551374712718219168e-02 -4.261476423425845927e-02
6.800000000000000000e+01 -2.889232574366276327e-02 -4.633657151330092261e-02
6.900000000000000000e+01 -3.256758640508845837e-02 -5.020897884913502751e-02
7.000000000000000000e+01 -3.654202355930289553e-02 -5.421466255970919246e-02
7.100000000000000000e+01 -4.081435701269232191e-02 -5.833465089203136722e-02
7.200000000000000000e+01 -4.537868971140061880e-02 -6.254925605555677892e-02
7.300000000000000000e+01 -5.022389502518880000e-02 -6.683769247869350560e-02
7.400000000000000000e+01 -5.533351203596995060e-02 -7.117666768775623987e-02
7.500000000000000000e+01 -6.068600603877132710e-02 -7.553906683572146619e-02
7.600000000000000000e+01 -6.625494955427160826e-02 -7.989387238261799751e-02
7.700000000000000000e+01 -7.200882202420844092e-02 -8.420760769631092935e-02
7.800000000000000000e+01 -7.791060184636011687e-02 -8.844648466648186158e-02
7.900000000000000000e+01 -8.391766407539169581e-02 -9.257791422272949877e-02
8.000000000000000000e+01 -8.998234226998802487e-02 -9.657052185091123675e-02
8.100000000000000000e+01 -9.605299539583868340e-02 -1.003929493338513029e-01
8.200000000000000000e+01 -1.020750485328320162e-01 -1.040126587559923321e-01
8.300000000000000000e+01 -1.079916218894244051e-01 -1.073959691377993630e-01
8.400000000000000000e+01 -1.137438788990571270e-01 -1.105096324740637570e-01
8.500000000000000000e+01 -1.192715913900405239e-01 -1.133230976171376442e-01
8.600000000000000000e+01 -1.245142752840643907e-01 -1.158101010781644180e-01
8.700000000000000000e+01 -1.294127501317690887e-01 -1.179487426265328626e-01
8.800000000000000000e+01 -1.339106214232990144e-01 -1.197203380050077398e-01
8.900000000000000000e+01 -1.379553073371959926e-01 -1.211082182579380634e-01
9.000000000000000000e+01 -1.414986754601815222e-01 -1.220976094695128134e-01
9.100000000000000000e+01 -1.444976670474298897e-01 -1.226768345978584418e-01
9.200000000000000000e+01 -1.469151856831427683e-01 -1.228390368311830794e-01
9.300000000000000000e+01 -1.487211599610997470e-01 -1.225832263701167046e-01
9.400000000000000000e+01 -1.498934377126497075e-01 -1.219139707736879713e-01
9.500000000000000000e+01 -1.504182510650614035e-01 -1.208400468113550175e-01
9.600000000000000000e+01 -1.502902782258436487e-01 -1.193730740991871958e-01
9.700000000000000000e+01 -1.495125233657304820e-01 -1.175270492585749615e-01
9.800000000000000000e+01 -1.480961879265726422e-01 -1.153189207982750764e-01
9.900000000000000000e+01 -1.460605203771835892e-01 -1.127695181579409650e-01
1.000000000000000000e+02 -1.434325129669171417e-01 -1.099038968103312336e-01
1.010000000000000000e+02 -1.402463517270935989e-01 -1.067506314178099103e-01
1.020000000000000000e+02 -1.365426393490253854e-01 -1.033403748497409153e-01
1.030000000000000000e+02 -1.323674770406472745e-01 -9.970449316750870650e-02
1.040000000000000000e+02 -1.277714774575226253e-01 -9.587444553663609925e-02
1.050000000000000000e+02 -1.228087421361592907e-01 -9.188196328044817562e-02
1.060000000000000000e+02 -1.175358255293391940e-01 -8.775949101942895347e-02
1.070000000000000000e+02 -1.120107144213599581e-01 -8.354021860007070088e-02
1.080000000000000000e+02 -1.062918409466298425e-01 -7.925740852233988110e-02
1.090000000000000000e+02 -1.004371207474974576e-01 -7.494328138701138176e-02
1.100000000000000000e+02 -9.450300376305884043e-02 -7.062803445429539917e-02
1.110000000000000000e+02 -8.854356325738076128e-02 -6.633943475769717157e-02
1.120000000000000000e+02 -8.260969346835135563e-02 -6.210299511744271639e-02
1.130000000000000000e+02 -7.674848269833146885e-02 -5.794235615653454269e-02
1.140000000000000000e+02 -7.100276818634852771e-02 -5.387943082857736543e-02
1.150000000000000000e+02 -6.541081569169865384e-02 -4.993412660031516098e-02
1.160000000000000000e+02 -6.000606148457486577e-02 -4.612381598771458924e-02
1.170000000000000000e+02 -5.481691002668359625e-02 -4.246291183862532792e-02
1.180000000000000000e+02 -4.986663817123408032e-02 -3.896281122001612335e-02
1.190000000000000000e+02 -4.517345744841590877e-02 -3.563220588891185397e-02
1.200000000000000000e+02 -4.075073028760591715e-02 -3.247753032122732697e-02
1.210000000000000000e+02 -3.660727915591290016e-02 -2.950328270435911490e-02
1.220000000000000000e+02 -3.274772136800113698e-02 -2.671210419153428883e-02
1.230000000000000000e+02 -2.917280568739633040e-02 -2.410470235092904145e-02
1.240000000000000000e+02 -2.587977312512743447e-02 -2.167980883519587260e-02
1.250000000000000000e+02 -2.286277113612024750e-02 -1.943431410573897775e-02
1.260000000000000000e+02 -2.011331833428972246e-02 -1.736358313579946036e-02
1.270000000000000000e+02 -1.762078204902055648e-02 -1.546183728610748404e-02
1.280000000000000000e+02 -1.537282597129183831e-02 -1.372246612535628005e-02
1.290000000000000000e+02 -1.335580968960102879e-02 -1.213820464390507996e-02
1.300000000000000000e+02 -1.155514980955057829e-02 -1.070120939699653259e-02
1.310000000000000000e+02 -9.955659950849064799e-03 -9.403120674521231459e-03
1.320000000000000000e+02 -8.541873608149916017e-03 -8.235180758426750153e-03
1.330000000000000000e+02 -7.298337360987736458e-03 -7.188417632988742048e-03
1.340000000000000000e+02 -6.209858361138218680e-03 -6.253849415277697339e-03
1.350000000000000000e+02 -5.261700255660931892e-03 -5.422651845407281193e-03
1.360000000000000000e+02 -4.439734390245800820e-03 -4.686258648848596817e-03
1.370000000000000000e+02 -3.730557741753222009e-03 -4.036405090069176797e-03
1.380000000000000000e+02 -3.121584614023416478e-03 -3.465149169414160919e-03
1.390000000000000000e+02 -2.601112480209096921e-03 -2.964901212290148389e-03
1.400000000000000000e+02 -2.158359987501118956e-03 -2.528470646118137401e-03
1.410000000000000000e+02 -1.783477903247375658e-03 -2.149117566144799311e-03
1.420000000000000000e+02 -1.467537880443613076e-03 -1.820589785673280836e-03
1.430000000000000000e+02 -1.202505562851861887e-03 -1.537134089331720736e-03
1.440000000000000000e+02 -9.812031170708601039e-04 -1.293484161809921925e-03
1.450000000000000000e+02 -7.972638080223755580e-04 -1.084836788139249006e-03
1.460000000000000000e+02 -6.450798640925531607e-04 -9.068279179001522859e-04
1.470000000000000000e+02 -5.197450743739837021e-04 -7.555136569517614115e-04
1.480000000000000000e+02 -4.169943395062675673e-04 -6.273541823450652600e-04
1.490000000000000000e+02 -3.331426629165814136e-04 -5.191955187537759028e-04
1.500000000000000000e+02 -2.650255486471394433e-04 -4.282457020991215207e-04
1.510000000000000000e+02 -2.099419337166335533e-04 -3.520455937017716048e-04
1.520000000000000000e+02 -1.656001857816598723e-04 -2.884374279855231099e-04
1.530000000000000000e+02 -1.300675046117216705e-04 -2.355345546045711151e-04
1.540000000000000000e+02 -1.017230837810623168e-04 -1.916942650898334781e-04
1.550000000000000000e+02 -7.921536254615170274e-05 -1.554936236331898314e-04
1.560000000000000000e+02 -6.142353929690475239e-05 -1.257071440889034550e-04
1.570000000000000000e+02 -4.742330457302409215e-05 -1.012852820255417176e-04
1.580000000000000000e+02 -3.645659168475535430e-05 -8.133350910574171043e-05
1.590000000000000000e+02 -2.790507358107202285e-05 -6.509245017629460429e-05
