0.000000000000000000e+00 -3.305834974151755475e-06 -8.422956678731910422e-06
1.000000000000000000e+00 -8.438705208620600320e-07 -3.240556203030542596e-10
2.000000000000000000e+00 -9.914485929933697756e-07 -4.724388765450935896e-10
3.000000000000000000e+00 -1.301265657662721516e-06 -7.356034808970631221e-10
4.000000000000000000e+00 -1.717473253413176670e-06 -1.141797852430317503e-09
5.000000000000000000e+00 -2.261341885412727451e-06 -1.762226708153533160e-09
6.000000000000000000e+00 -2.967450291840971324e-06 -2.704013373817294568e-09
7.000000000000000000e+00 -3.880456237764346347e-06 -4.126382135671183108e-09
8.000000000000000000e+00 -5.056590216419106060e-06 -6.264335031575757031e-09
9.000000000000000000e+00 -6.566144793506208781e-06 -9.461029689323393572e-09
1.000000000000000000e+01 -8.496580452946065416e-06 -1.421236926809677080e-08
1.100000000000000000e+01 -1.095625998807791236e-05 -2.123043789487200081e-08
1.200000000000000000e+01 -1.407889316664050089e-05 -3.153522337844749073e-08
1.300000000000000000e+01 -1.802879133436327569e-05 -4.658461269557411111e-08
1.400000000000000000e+01 -2.300703876053543590e-05 -6.845135310548197113e-08
1.500000000000000000e+01 -2.925869431511267713e-05 -1.000568686971415517e-07
1.600000000000000000e+01 -3.708114697415891027e-05 -1.454806485983971437e-07
1.700000000000000000e+01 -4.683375973291029407e-05 -2.103797352884865576e-07
1.800000000000000000e+01 -5.894894262848163723e-05 -3.025662583528327592e-07
1.900000000000000000e+01 -7.394479121249867160e-05 -4.327915135603922685e-07
2.000000000000000000e+01 -9.243941268136239054e-05 -6.157756282160540653e-07
2.100000000000000000e+01 -1.151670455882373447e-04 -8.715232846030696833e-07
2.200000000000000000e+01 -1.429960678001364609e-04 -1.226999406073374260e-06
2.300000000000000000e+01 -1.769489772752512707e-04 -1.718296915838195065e-06
2.400000000000000000e+01 -2.182244040643686780e-04 -2.393471119745097601e-06
2.500000000000000000e+01 -2.682211529195821812e-04 -3.316206345089545091e-06
2.600000000000000000e+01 -3.285641903821650504e-04 -4.570439298021094022e-06
2.700000000000000000e+01 -4.011324154166207067e-04 -6.266061306898199727e-06
2.800000000000000000e+01 -4.880880289911267936e-04 -8.545906976124846403e-06
2.900000000000000000e+01 -5.919073363661908919e-04 -1.159436472396478275e-05
3.000000000000000000e+01 -7.154127881200459099e-04 -1.564800818237126065e-05
3.100000000000000000e+01 -8.618058736157142678e-04 -2.100860191763994692e-05
3.200000000000000000e+01 -1.034700100451218683e-03 -2.805876464624127104e-05
3.300000000000000000e+01 -1.238152902337083701e-03 -3.728058425545663915e-05
3.400000000000000000e+01 -1.476695233239066173e-03 -4.927753669717099480e-05
3.500000000000000000e+01 -1.755358015523518500e-03 -6.480002628249298998e-05
3.600000000000000000e+01 -2.079695263949837142e-03 -8.477475002681438996e-05
3.700000000000000000e+01 -2.455803898485955233e-03 -1.103381515625419490e-04
3.800000000000000000e+01 -2.890339313184045120e-03 -1.428745941344882993e-04
3.900000000000000000e+01 -3.390523830822276749e-03 -1.840600609302540296e-04
4.000000000000000000e+01 -3.964143590901664238e-03 -2.359113960448404757e-04
4.100000000000000000e+01 -4.619530026201392782e-03 -3.008394486154439577e-04
4.200000000000000000e+01 -5.365525508859894654e-03 -3.817036619557209244e-04
4.300000000000000000e+01 -6.211437022312811529e-03 -4.818673985015456992e-04
4.400000000000000000e+01 -7.166982863900687659e-03 -6.052565799256398246e-04
4.500000000000000000e+01 -8.242232496722300822e-03 -7.564247936053308721e-04
4.600000000000000000e+01 -9.447530599238765370e-03 -9.406226940283184384e-04
4.700000000000000000e+01 -1.079339038203210900e-02 -1.163861720070374830e-03
4.800000000000000000e+01 -1.229034630632509437e-02 -1.432960909841324293e-03
4.900000000000000000e+01 -1.394877316833090936e-02 -1.755575823196321977e-03
5.000000000000000000e+01 -1.577869626361481925e-02 -2.140221806493872864e-03
5.100000000000000000e+01 -1.778961907518650937e-02 -2.596303185896207174e-03
5.200000000000000000e+01 -1.999037194186482902e-02 -3.134139402696056384e-03
5.300000000000000000e+01 -2.238894970345406410e-02 -3.764956651669718480e-03
5.400000000000000000e+01 -2.499228863275967244e-02 -4.500817646454529503e-03
5.500000000000000000e+01 -2.780595860878066344e-02 -5.354497961134175449e-03
5.600000000000000000e+01 -3.083380876118126807e-02 -6.339351184472254326e-03
5.700000000000000000e+01 -3.407765833333343403e-02 -7.469193721441756001e-03
5.800000000000000000e+01 -3.753711463870841591e-02 -8.758183448371075625e-03
5.900000000000000000e+01 -4.120951299487590064e-02 -1.022062184958121012e-02
6.000000000000000000e+01 -4.508986556380434330e-02 -1.187063640909156829e-02
6.100000000000000000e+01 -4.917067354217074387e-02 -1.372178669076015364e-02
6.200000000000000000e+01 -5.344155670794138030e-02 -1.578669530243782468e-02
6.300000000000000000e+01 -5.788883458549465288e-02 -1.807675900246578579e-02
6.400000000000000000e+01 -6.249530993692617442e-02 -2.060187921748594941e-02
6.500000000000000000e+01 -6.724042922458974003e-02 -2.337009023807990263e-02
6.600000000000000000e+01 -7.210074068873914555e-02 -2.638704145583519248e-02
6.700000000000000000e+01 -7.705032505277625843e-02 -2.965544188957303096e-02
6.800000000000000000e+01 -8.206086588489307221e-02 -3.317463798866226304e-02
6.900000000000000000e+01 -8.710132305337255076e-02 -3.694038554622688930e-02
7.000000000000000000e+01 -9.213757442834388800e-02 -4.094469824045678108e-02
7.100000000000000000e+01 -9.713255480353631677e-02 -4.517560419516380293e-02
7.200000000000000000e+01 -1.020471438637138434e-01 -4.961678839861850127e-02
7.300000000000000000e+01 -1.068414932577212012e-01 -5.424729514591718899e-02
7.400000000000000000e+01 -1.114760853888617231e-01 -5.904149497532769353e-02
7.500000000000000000e+01 -1.159119698559628181e-01 -6.396934029818647505e-02
7.600000000000000000e+01 -1.201102854300902523e-01 -6.899672978045731653e-02
7.700000000000000000e+01 -1.240318401859380748e-01 -7.408579292399701532e-02
7.800000000000000000e+01 -1.276376017121559903e-01 -7.919510268490662086e-02
7.900000000000000000e+01 -1.308902877449222291e-01 -8.428001111744778950e-02
8.000000000000000000e+01 -1.337563262520460317e-01 -8.929327733598167727e-02
8.100000000000000000e+01 -1.362070472878142147e-01 -9.418594747354384900e-02
8.200000000000000000e+01 -1.382184872022079458e-01 -9.890827769884512344e-02
8.300000000000000000e+01 -1.397702707126118604e-01 -1.034105352950638324e-01
8.400000000000000000e+01 -1.408448041864201750e-01 -1.076437064290102219e-01
8.500000000000000000e+01 -1.414277827175338398e-01 -1.115602671776205618e-01
8.600000000000000000e+01 -1.415099144444816048e-01 -1.151151088882151896e-01
8.700000000000000000e+01 -1.410886861863799024e-01 -1.182665370006271283e-01
8.800000000000000000e+01 -1.401688534564946576e-01 -1.209771722814343697e-01
8.900000000000000000e+01 -1.387612856943336859e-01 -1.232146554746981343e-01
9.000000000000000000e+01 -1.368810623660932368e-01 -1.249521933938774476e-01
9.100000000000000000e+01 -1.345462475413275738e-01 -1.261690386971641431e-01
9.200000000000000000e+01 -1.317781300104242936e-01 -1.268509307259848840e-01
9.300000000000000000e+01 -1.286024479961397626e-01 -1.269904344809494601e-01
9.400000000000000000e+01 -1.250502865398129826e-01 -1.265871000021449588e-01
9.500000000000000000e+01 -1.211576121440451625e-01 -1.256474252161649263e-01
9.600000000000000000e+01 -1.169635121275163503e-01 -1.241846623343930284e-01
9.700000000000000000e+01 -1.125081860622142021e-01 -1.222185060988797561e-01
9.800000000000000000e+01 -1.078318099075335768e-01 -1.197746662254038086e-01
9.900000000000000000e+01 -1.029745790003433470e-01 -1.168843139494572247e-01
1.000000000000000000e+02 -9.797727849500707797e-02 -1.135834180992538051e-01
1.010000000000000000e+02 -9.288141827352981716e-02 -1.099120105269859454e-01
1.020000000000000000e+02 -8.772847099231377566e-02 -1.059134098135647850e-01
1.030000000000000000e+02 -8.255854373729570872e-02 -1.016334025220654719e-01
1.040000000000000000e+02 -7.740921363973529701e-02 -9.711937664877012821e-02
1.050000000000000000e+02 -7.231501472769619188e-02 -9.241943426423908370e-02
1.060000000000000000e+02 -6.730749548385160652e-02 -8.758154207525760404e-02
1.070000000000000000e+02 -6.241540178690802715e-02 -8.265276814981029063e-02
1.080000000000000000e+02 -5.766463077026848932e-02 -7.767860663648983033e-02
1.090000000000000000e+02 -5.307795528605154661e-02 -7.270235899043799022e-02
1.100000000000000000e+02 -4.867475806180573961e-02 -6.776455547502635568e-02
1.110000000000000000e+02 -4.447095731101186056e-02 -6.290244561922161970e-02
1.120000000000000000e+02 -4.047908984880342620e-02 -5.814960895461309537e-02
1.130000000000000000e+02 -3.670840402018987064e-02 -5.353571074725119866e-02
1.140000000000000000e+02 -3.316490806200883545e-02 -4.908637812009317841e-02
1.150000000000000000e+02 -2.985148388144995973e-02 -4.482314923543764817e-02
1.160000000000000000e+02 -2.676820282051258285e-02 -4.076347085619192595e-02
1.170000000000000000e+02 -2.391282126855186554e-02 -3.692075869442883879e-02
1.180000000000000000e+02 -2.128125349980267145e-02 -3.330454789472832994e-02
1.190000000000000000e+02 -1.886781429673429350e-02 -2.992073640495976350e-02
1.200000000000000000e+02 -1.666522042666421927e-02 -2.677188969174893254e-02
1.210000000000000000e+02 -1.466456332890030308e-02 -2.385756554308662153e-02
1.220000000000000000e+02 -1.285550619406048908e-02 -2.117463830459075796e-02
1.230000000000000000e+02 -1.122677145209403753e-02 -1.871762848061864909e-02
1.240000000000000000e+02 -9.766732498447207311e-03 -1.647905029100954488e-02
1.250000000000000000e+02 -8.463826914252434858e-03 -1.444977445825339039e-02
1.260000000000000000e+02 -7.306646258507439387e-03 -1.261938572606138842e-02
1.270000000000000000e+02 -6.283805048068891695e-03 -1.097651262997706434e-02
1.280000000000000000e+02 -5.383840072881979945e-03 -9.509120608788208459e-03
1.290000000000000000e+02 -4.595328446309983848e-03 -8.204773901627101379e-03
1.300000000000000000e+02 -3.907207794593013130e-03 -7.050874547397732554e-03
1.310000000000000000e+02 -3.309112070492327591e-03 -6.034879317815461386e-03
1.320000000000000000e+02 -2.791531407964438147e-03 -5.144487902158064070e-03
1.330000000000000000e+02 -2.345747309192638529e-03 -4.367795822485762494e-03
1.340000000000000000e+02 -1.963655004394751404e-03 -3.693412011389775491e-03
1.350000000000000000e+02 -1.637638309327208233e-03 -3.110546876814169505e-03
1.360000000000000000e+02 -1.360585342814499537e-03 -2.609077399920711141e-03
1.370000000000000000e+02 -1.126005776592084277e-03 -2.179592555567564770e-03
1.380000000000000000e+02 -9.281363057579165767e-04 -1.813419393956547431e-03
1.390000000000000000e+02 -7.619456072259995008e-04 -1.502630108723552104e-03
1.400000000000000000e+02 -6.230355514285916725e-04 -1.240032489715140254e-03
1.410000000000000000e+02 -5.075066140194129131e-04 -1.019147823991333910e-03
1.420000000000000000e+02 -4.118634886811667101e-04 -8.341801673605905680e-04
1.430000000000000000e+02 -3.329897935495193420e-04 -6.799795391044969814e-04
1.440000000000000000e+02 -2.681648284969426980e-04 -5.520004039503117587e-04
1.450000000000000000e+02 -2.150726327368765282e-04 -4.462565433192332092e-04
1.460000000000000000e+02 -1.717720954475588139e-04 -3.592737652694636980e-04
1.470000000000000000e+02 -1.366329712868739844e-04 -2.880421370313829494e-04
1.480000000000000000e+02 -1.082662367326655444e-04 -2.299691877188980499e-04
1.490000000000000000e+02 -8.547499150619735123e-05 -1.828350033681074493e-04
1.500000000000000000e+02 -6.723254519975897857e-05 -1.447496868668401581e-04
1.510000000000000000e+02 -5.267577027789393168e-05 -1.141134605998732343e-04
1.520000000000000000e+02 -4.109676035879103359e-05 -8.957966668304740852e-05
1.530000000000000000e+02 -3.192380523163862308e-05 -7.002089914096041397e-05
1.540000000000000000e+02 -2.469429132132730899e-05 -5.449840000567108872e-05
1.550000000000000000e+02 -1.902831371607557629e-05 -4.223470364196042168e-05
1.560000000000000000e+02 -1.461001533228618704e-05 -3.258939150748687354e-05
1.570000000000000000e+02 -1.117764655279887385e-05 -2.503776004483687249e-05
1.580000000000000000e+02 -8.518482275846889822e-06 -1.915219145882510784e-05
1.590000000000000000e+02 -6.463922933460690347e-06 -1.458601720957153701e-05
