0.000000000000000000e+00 -8.607672855213798822e-06 -7.433681702666327346e-06
1.000000000000000000e+00 -8.962559689818627436e-08 -3.019731476925936127e-09
2.000000000000000000e+00 -1.143548744814255223e-07 -4.188784105916370607e-09
3.000000000000000000e+00 -1.552787491857705378e-07 -6.186484749681340029e-09
4.000000000000000000e+00 -2.112156650785225542e-07 -9.117333917373966333e-09
5.000000000000000000e+00 -2.863954729607337361e-07 -1.337467016796101822e-08
6.000000000000000000e+00 -3.868857667952849375e-07 -1.952542210291162119e-08
7.000000000000000000e+00 -5.206417000418766816e-07 -2.836638176284238842e-08
8.000000000000000000e+00 -6.979619170231060562e-07 -4.100980813549176045e-08
9.000000000000000000e+00 -9.321057499508579427e-07 -5.900036599760904084e-08
1.000000000000000000e+01 -1.240067743263733004e-06 -8.447253547489322936e-08
1.100000000000000000e+01 -1.643535425851496056e-06 -1.203601081815908624e-07
1.200000000000000000e+01 -2.170065452606445330e-06 -1.706725207489606816e-07
1.300000000000000000e+01 -2.854520339417188852e-06 -2.408577129284262616e-07
1.400000000000000000e+01 -3.740815382462916991e-06 -3.382778089763674916e-07
1.500000000000000000e+01 -4.884032805870514021e-06 -4.728307638970847539e-07
1.600000000000000000e+01 -6.352967179179938221e-06 -6.577567332764459735e-07
1.700000000000000000e+01 -8.233172666894400678e-06 -9.106730391614371217e-07
1.800000000000000000e+01 -1.063058948333100056e-05 -1.254889794446026880e-06
1.900000000000000000e+01 -1.367583501808453068e-05 -1.721073137738025090e-06
2.000000000000000000e+01 -1.752925458722378075e-05 -2.349343522634704879e-06
2.100000000000000000e+01 -2.238683618993612598e-05 -3.191915325239165145e-06
2.200000000000000000e+01 -2.848710054516108463e-05 -4.316393671989418652e-06
2.300000000000000000e+01 -3.611908033296177682e-05 -5.809846971794437361e-06
2.400000000000000000e+01 -4.563150153653913705e-05 -7.783783727867312467e-06
2.500000000000000000e+01 -5.744327753941945767e-05 -1.038019448232171015e-05
2.600000000000000000e+01 -7.205542499453344895e-05 -1.377886913443342884e-05
2.700000000000000000e+01 -9.006450790379973051e-05 -1.820623630094152988e-05
2.800000000000000000e+01 -1.121777079860178004e-04 -2.394596434708825267e-05
2.900000000000000000e+01 -1.392296007910981230e-04 -3.135152055672976636e-05
3.000000000000000000e+01 -1.722006881999317324e-04 -4.086085986244858935e-05
3.100000000000000000e+01 -2.122377032960326253e-04 -5.301346128649544001e-05
3.200000000000000000e+01 -2.606756657843301538e-04 -6.847003063726293608e-05
3.300000000000000000e+01 -3.190616200875846732e-04 -8.803523750323113213e-05
3.400000000000000000e+01 -3.891799239361501579e-04 -1.126837506277404168e-04
3.500000000000000000e+01 -4.730788710665914014e-04 -1.435896053242747379e-04
3.600000000000000000e+01 -5.730983454322252169e-04 -1.821587587037349558e-04
3.700000000000000000e+01 -6.918981428195933184e-04 -2.300647355899694546e-04
3.800000000000000000e+01 -8.324865596767092859e-04 -2.892874865418199049e-04
3.900000000000000000e+01 -9.982487851699897632e-04 -3.621556584003304217e-04
4.000000000000000000e+01 -1.192974460321024428e-03 -4.513921231798069078e-04
4.100000000000000000e+01 -1.420883470044676097e-03 -5.601619101386976895e-04
4.200000000000000000e+01 -1.686648740314501118e-03 -6.921211482488044773e-04
4.300000000000000000e+01 -1.995414758746319288e-03 -8.514657287620186477e-04
4.400000000000000000e+01 -2.352810844863533184e-03 -1.042979002415857963e-03
4.500000000000000000e+01 -2.764958631080820933e-03 -1.272078132334063250e-03
4.600000000000000000e+01 -3.238473209895361901e-03 -1.544857996663469811e-03
4.700000000000000000e+01 -3.780456522162930696e-03 -1.868130000699499450e-03
4.800000000000000000e+01 -4.398480144517550455e-03 -2.249452057393893332e-03
4.900000000000000000e+01 -5.100553937797721281e-03 -2.697146464017072687e-03
5.000000000000000000e+01 -5.895078334393602862e-03 -3.220304138095223846e-03
5.100000000000000000e+01 -6.790781173765934008e-03 -3.828774876328088720e-03
5.200000000000000000e+01 -7.796642532207346231e-03 -4.533142317345786355e-03
5.300000000000000000e+01 -8.921809769583415387e-03 -5.344679559864783623e-03
5.400000000000000000e+01 -1.017549936377009148e-02 -6.275279518248013874e-03
5.500000000000000000e+01 -1.156687613808512864e-02 -7.337355521684812802e-03
5.600000000000000000e+01 -1.310490113611060235e-02 -8.543711897314123019e-03
5.700000000000000000e+01 -1.479814999889461462e-02 -9.907387731231596245e-03
5.800000000000000000e+01 -1.665461818534550234e-02 -1.144147616583993804e-02
5.900000000000000000e+01 -1.868153416297915065e-02 -1.315891690349810066e-02
6.000000000000000000e+01 -2.088518714097915147e-02 -1.507225592091273984e-02
6.100000000000000000e+01 -2.327074917091228462e-02 -1.719336888952596384e-02
6.200000000000000000e+01 -2.584205672168076937e-02 -1.953315336372363903e-02
6.300000000000000000e+01 -2.860133653449264957e-02 -2.210120289210000186e-02
6.400000000000000000e+01 -3.154890943239302414e-02 -2.490547610728374717e-02
6.500000000000000000e+01 -3.468294427752197789e-02 -2.795196456999074139e-02
6.600000000000000000e+01 -3.799931716491334460e-02 -3.124435331293262674e-02
6.700000000000000000e+01 -4.149155421039301544e-02 -3.478366936394423903e-02
6.800000000000000000e+01 -4.515075851654716532e-02 -3.856792907949873478e-02
6.900000000000000000e+01 -4.896542564389196051e-02 -4.259181325241522681e-02
7.000000000000000000e+01 -5.292116356811044087e-02 -4.684640131113101957e-02
7.100000000000000000e+01 -5.700047360280209585e-02 -5.131897535744561062e-02
7.200000000000000000e+01 -6.118278058993134594e-02 -5.599287696175053730e-02
7.300000000000000000e+01 -6.544475393099775939e-02 -6.084739318465730296e-02
7.400000000000000000e+01 -6.976073001423327424e-02 -6.585767700700993765e-02
7.500000000000000000e+01 -7.410294329412493719e-02 -7.099474951338315132e-02
7.600000000000000000e+01 -7.844144093773998405e-02 -7.622564228077127746e-02
7.700000000000000000e+01 -8.274389830871287099e-02 -8.151369437277698748e-02
7.800000000000000000e+01 -8.697576636135592731e-02 -8.681894970097933650e-02
7.900000000000000000e+01 -9.110101516784112341e-02 -9.209857502426747888e-02
8.000000000000000000e+01 -9.508326238271522235e-02 -9.730727535809628737e-02
8.100000000000000000e+01 -9.888669516770294543e-02 -1.023977787801919614e-01
8.200000000000000000e+01 -1.024763107189206324e-01 -1.073214968205516151e-01
8.300000000000000000e+01 -1.058176029097813997e-01 -1.120293819923916245e-01
8.400000000000000000e+01 -1.088764089924767753e-01 -1.164728621503983708e-01
8.500000000000000000e+01 -1.116196162247088813e-01 -1.206046741654591692e-01
8.600000000000000000e+01 -1.140167173696712555e-01 -1.243795279146296812e-01
8.700000000000000000e+01 -1.160413738570342523e-01 -1.277547199489033891e-01
8.800000000000000000e+01 -1.176719890484655834e-01 -1.306908912999328320e-01
8.900000000000000000e+01 -1.188910656380808561e-01 -1.331529797712183993e-01
9.000000000000000000e+01 -1.196842016715984613e-01 -1.351111709335212074e-01
9.100000000000000000e+01 -1.200399660195051593e-01 -1.365415554417179489e-01
9.200000000000000000e+01 -1.199511334223874875e-01 -1.374263835883332840e-01
9.300000000000000000e+01 -1.194164557771431046e-01 -1.377541167316880810e-01
9.400000000000000000e+01 -1.184414926339037027e-01 -1.375195968883546060e-01
9.500000000000000000e+01 -1.170377033033594971e-01 -1.367244396728916345e-01
9.600000000000000000e+01 -1.152204800097842291e-01 -1.353773972848344720e-01
9.700000000000000000e+01 -1.130077397375698622e-01 -1.334943067231215141e-01
9.800000000000000000e+01 -1.104201795780950651e-01 -1.310974970294319086e-01
9.900000000000000000e+01 -1.074827430092400171e-01 -1.282149414076365623e-01
1.000000000000000000e+02 -1.042256529584264513e-01 -1.248795896029116226e-01
1.010000000000000000e+02 -1.006836659256581529e-01 -1.211290367830967912e-01
1.020000000000000000e+02 -9.689375223661567116e-02 -1.170052499531635398e-01
1.030000000000000000e+02 -9.289279848398125650e-02 -1.125539262388760287e-01
1.040000000000000000e+02 -8.871687929920155091e-02 -1.078233573408066831e-01
1.050000000000000000e+02 -8.440220309649865138e-02 -1.028631223010817164e-01
1.060000000000000000e+02 -7.998633021960233069e-02 -9.772307446612839288e-02
1.070000000000000000e+02 -7.550806624982142612e-02 -9.245278732149829481e-02
1.080000000000000000e+02 -7.100569333911879721e-02 -8.710118815545977999e-02
1.090000000000000000e+02 -6.651472723297616185e-02 -8.171597451948379998e-02
1.100000000000000000e+02 -6.206678930795206384e-02 -7.634269352393503738e-02
1.110000000000000000e+02 -5.769015386539218249e-02 -7.102376279477187748e-02
1.120000000000000000e+02 -5.341107074499024110e-02 -6.579782469011830059e-02
1.130000000000000000e+02 -4.925440263162003673e-02 -6.069956138347461921e-02
1.140000000000000000e+02 -4.524289127488343581e-02 -5.575974211890460941e-02
1.150000000000000000e+02 -4.139568333024259278e-02 -5.100517345582995798e-02
1.160000000000000000e+02 -3.772739118474606468e-02 -4.645844459481691252e-02
1.170000000000000000e+02 -3.424842862041769381e-02 -4.213765283631588920e-02
1.180000000000000000e+02 -3.096623028728272969e-02 -3.805637111677775269e-02
1.190000000000000000e+02 -2.788629003422756630e-02 -3.422393582923037580e-02
1.200000000000000000e+02 -2.501227503986405698e-02 -3.064589652904295761e-02
1.210000000000000000e+02 -2.234539276122569224e-02 -2.732440584698673375e-02
1.220000000000000000e+02 -1.988383181442000824e-02 -2.425846678340505894e-02
1.230000000000000000e+02 -1.762294434917140162e-02 -2.144413283156615044e-02
1.240000000000000000e+02 -1.555612695939027033e-02 -1.887480489858540597e-02
1.250000000000000000e+02 -1.367577912790773204e-02 -1.654166955530072397e-02
1.260000000000000000e+02 -1.197374942516556649e-02 -1.443419558896308699e-02
1.270000000000000000e+02 -1.044120128270118429e-02 -1.254057049130385786e-02
1.280000000000000000e+02 -9.068320613099634803e-03 -1.084802719102406429e-02
1.290000000000000000e+02 -7.844336846656592421e-03 -9.343100921646786683e-03
1.300000000000000000e+02 -6.757971392401420155e-03 -8.011884793500047286e-03
1.310000000000000000e+02 -5.798035774216103548e-03 -6.840311961769532031e-03
1.320000000000000000e+02 -4.953811007255591765e-03 -5.814436060686789011e-03
1.330000000000000000e+02 -4.215070751007620256e-03 -4.920662772981062097e-03
1.340000000000000000e+02 -3.571910123586301104e-03 -4.145910592255521582e-03
1.350000000000000000e+02 -3.014648879408876863e-03 -3.477715411443530868e-03
1.360000000000000000e+02 -2.533943528992674190e-03 -2.904308640139979195e-03
1.370000000000000000e+02 -2.121028450585034190e-03 -2.414686676639791162e-03
1.380000000000000000e+02 -1.767903770134694220e-03 -1.998668981463953397e-03
1.390000000000000000e+02 -1.467356735562153677e-03 -1.646932275245541026e-03
1.400000000000000000e+02 -1.212849380362093386e-03 -1.351014023290554589e-03
1.410000000000000000e+02 -9.983929767973689744e-04 -1.103290044098708669e-03
1.420000000000000000e+02 -8.185025307861595227e-04 -8.969376578570763172e-04
1.430000000000000000e+02 -6.682317436421679512e-04 -7.258937499006528835e-04
1.440000000000000000e+02 -5.432202077350794297e-04 -5.848107577120238276e-04
1.450000000000000000e+02 -4.396882467929081402e-04 -4.690090253715928966e-04
1.460000000000000000e+02 -3.543692199086081909e-04 -3.744238498837447904e-04
1.470000000000000000e+02 -2.844181805218976011e-04 -2.975482272606558417e-04
1.480000000000000000e+02 -2.273425405992936352e-04 -2.353745927442610364e-04
1.490000000000000000e+02 -1.809710073979961553e-04 -1.853389358628948361e-04
1.500000000000000000e+02 -1.434441058962573434e-04 -1.452690339092494939e-04
1.510000000000000000e+02 -1.131992547999409644e-04 -1.133368028840927606e-04
1.520000000000000000e+02 -8.893688771226681709e-05 -8.801407850998150336e-05
1.530000000000000000e+02 -6.957407470440270649e-05 -6.803150414802417616e-05
1.540000000000000000e+02 -5.420135864165588830e-05 -5.234084084495676257e-05
1.550000000000000000e+02 -4.205329166164685229e-05 -4.008124258000842621e-05
1.560000000000000000e+02 -3.249178688330167278e-05 -3.054974277358709121e-05
1.570000000000000000e+02 -2.499425545846066450e-05 -2.317572541121780335e-05
1.580000000000000000e+02 -1.913948850417760089e-05 -1.749887666594641090e-05
1.590000000000000000e+02 -1.458995771525509000e-05 -1.315013194338629365e-05
