0.000000000000000000e+00 -2.429359544398512673e-05 -1.325854780604072259e-08
1.000000000000000000e+00 -4.433207782232247254e-08 -5.702310572837502383e-12
2.000000000000000000e+00 -5.463966713005482968e-08 -9.967494276445639499e-12
3.000000000000000000e+00 -7.598448355262637631e-08 -1.782890181732593520e-11
4.000000000000000000e+00 -1.059673918645935424e-07 -3.165149655970418710e-11
5.000000000000000000e+00 -1.473036457810101595e-07 -5.573538368799078554e-11
6.000000000000000000e+00 -2.040565631785931797e-07 -9.736291099160645025e-11
7.000000000000000000e+00 -2.816982934808272950e-07 -1.687806735850187369e-10
8.000000000000000000e+00 -3.874109333399983856e-07 -2.903835969726720837e-10
9.000000000000000000e+00 -5.305248383340923886e-07 -4.957596711513158133e-10
1.000000000000000000e+01 -7.231898303058753214e-07 -8.397197152764761693e-10
1.100000000000000000e+01 -9.813684443048187020e-07 -1.411127132481347348e-09
1.200000000000000000e+01 -1.326142882338722137e-06 -2.353128734466073909e-09
1.300000000000000000e+01 -1.785210704893604667e-06 -3.894303255400886267e-09
1.400000000000000000e+01 -2.394427779797633534e-06 -6.395874011259298148e-09
1.500000000000000000e+01 -3.199429572718204674e-06 -1.042330746977757875e-08
1.600000000000000000e+01 -4.257672521673323928e-06 -1.685527720002857089e-08
1.700000000000000000e+01 -5.641463711576860223e-06 -2.704781603675750692e-08
1.800000000000000000e+01 -7.442423301620963055e-06 -4.307623286672590334e-08
1.900000000000000000e+01 -9.777284941064470089e-06 -6.808558658345728334e-08
2.000000000000000000e+01 -1.279430053672412496e-05 -1.067972458857504547e-07
2.100000000000000000e+01 -1.667937125214074493e-05 -1.662429642728892566e-07
2.200000000000000000e+01 -2.166180312770598997e-05 -2.568193014074666270e-07
2.300000000000000000e+01 -2.802101914640001606e-05 -3.937708390376920506e-07
2.400000000000000000e+01 -3.609659389514036998e-05 -5.992395464402516265e-07
2.500000000000000000e+01 -4.630340364444393976e-05 -9.050849439252387974e-07
2.600000000000000000e+01 -5.915125393302358509e-05 -1.356771825529384629e-06
2.700000000000000000e+01 -7.526549690821468118e-05 -2.018683156370286946e-06
2.800000000000000000e+01 -9.540443884490228143e-05 -2.981228970878316617e-06
2.900000000000000000e+01 -1.204724657032433648e-04 -4.370180961834002159e-06
3.000000000000000000e+01 -1.515335379028340376e-04 -6.358869388391331478e-06
3.100000000000000000e+01 -1.898336846660728431e-04 -9.184141189151264091e-06
3.200000000000000000e+01 -2.368387301637501119e-04 -1.316703880824624990e-05
3.300000000000000000e+01 -2.942841219682963195e-04 -1.873898424395870681e-05
3.400000000000000000e+01 -3.642232442069859039e-04 -2.647425365398627442e-05
3.500000000000000000e+01 -4.490584207833637825e-04 -3.713004324508415474e-05
3.600000000000000000e+01 -5.515503654247844428e-04 -5.169597624610868430e-05
3.700000000000000000e+01 -6.748215972669620527e-04 -7.145454574410971781e-05
3.800000000000000000e+01 -8.223817718242460752e-04 -9.805283747188399835e-05
3.900000000000000000e+01 -9.981933114533605815e-04 -1.335855039392424431e-04
4.000000000000000000e+01 -1.206764685439412404e-03 -1.806902256904942944e-04
4.100000000000000000e+01 -1.453227267289516770e-03 -2.426578142960214720e-04
4.200000000000000000e+01 -1.743349068592296063e-03 -3.235569458405211565e-04
4.300000000000000000e+01 -2.083477107015578502e-03 -4.283694958794609245e-04
4.400000000000000000e+01 -2.480457544957084814e-03 -5.631316002441045555e-04
4.500000000000000000e+01 -2.941611829671400384e-03 -7.350793036579427852e-04
4.600000000000000000e+01 -3.474811840025805385e-03 -9.527993367960893318e-04
4.700000000000000000e+01 -4.088610130583738601e-03 -1.226378801928249690e-03
4.800000000000000000e+01 -4.792307561044184192e-03 -1.567538081620943342e-03
4.900000000000000000e+01 -5.595851679849442144e-03 -1.989732172676796605e-03
5.000000000000000000e+01 -6.509568488625587339e-03 -2.508217118649173037e-03
5.100000000000000000e+01 -7.543863962753489388e-03 -3.140082079141879451e-03
5.200000000000000000e+01 -8.709074635760769359e-03 -3.904232267626541256e-03
5.300000000000000000e+01 -1.001553757347973563e-02 -4.821291636792322984e-03
5.400000000000000000e+01 -1.147375237832610334e-02 -5.913404077084229334e-03
5.500000000000000000e+01 -1.309438071769430251e-02 -7.203940725234336817e-03
5.600000000000000000e+01 -1.488790247795246033e-02 -8.717128229810387069e-03
5.700000000000000000e+01 -1.686399720572491490e-02 -1.047758343786202480e-02
5.800000000000000000e+01 -1.903095651607624589e-02 -1.250971728444403436e-02
5.900000000000000000e+01 -2.139544489889307066e-02 -1.483700003749368994e-02
6.000000000000000000e+01 -2.396266380841709231e-02 -1.748113407705439645e-02
6.100000000000000000e+01 -2.673662542579680751e-02 -2.046118627289376588e-02
6.200000000000000000e+01 -2.972010346613401799e-02 -2.379267981849767302e-02
6.300000000000000000e+01 -3.291405141204258034e-02 -2.748661655615164748e-02
6.400000000000000000e+01 -3.631671613935733706e-02 -3.154845432471456435e-02
6.500000000000000000e+01 -3.992297180878862095e-02 -3.597713788371354610e-02
6.600000000000000000e+01 -4.372428141088990916e-02 -4.076427219731008911e-02
6.700000000000000000e+01 -4.770922078052498849e-02 -4.589344318702837794e-02
6.800000000000000000e+01 -5.186404814500928523e-02 -5.133965545731403179e-02
6.900000000000000000e+01 -5.617276236125880173e-02 -5.706892653875320076e-02
7.000000000000000000e+01 -6.061652798851671631e-02 -6.303815224006896478e-02
7.100000000000000000e+01 -6.517291173148886951e-02 -6.919531982270975268e-02
7.200000000000000000e+01 -6.981559617713488375e-02 -7.548003577974336797e-02
7.300000000000000000e+01 -7.451490920146812413e-02 -8.182429817418068740e-02
7.400000000000000000e+01 -7.923888908625420502e-02 -8.815351774294687137e-02
7.500000000000000000e+01 -8.395421136012125307e-02 -9.438785258266117750e-02
7.600000000000000000e+01 -8.862646748835947830e-02 -1.004438643195635222e-01
7.700000000000000000e+01 -9.321986984065788739e-02 -1.062363960127434698e-01
7.800000000000000000e+01 -9.769696825136366114e-02 -1.116805494890710099e-01
7.900000000000000000e+01 -1.020189739135145685e-01 -1.166937120849066700e-01
8.000000000000000000e+01 -1.061467985735424363e-01 -1.211976303332216870e-01
8.100000000000000000e+01 -1.100423536344475456e-01 -1.251204809295012876e-01
8.200000000000000000e+01 -1.136694867242024620e-01 -1.283988183681921691e-01
8.300000000000000000e+01 -1.169942793252966157e-01 -1.309792817881489380e-01
8.400000000000000000e+01 -1.199849673669891176e-01 -1.328200095741277897e-01
8.500000000000000000e+01 -1.226120159296030243e-01 -1.338917513589442942e-01
8.600000000000000000e+01 -1.248486770797089113e-01 -1.341786485130635476e-01
8.700000000000000000e+01 -1.266718967950905828e-01 -1.336786284934826652e-01
8.800000000000000000e+01 -1.280631263929878361e-01 -1.324033771726413344e-01
8.900000000000000000e+01 -1.290086817832861998e-01 -1.303779004547349074e-01
9.000000000000000000e+01 -1.294996622976772593e-01 -1.276397158929775122e-01
9.100000000000000000e+01 -1.295317451378087681e-01 -1.242377157782805080e-01
9.200000000000000000e+01 -1.291051609219650842e-01 -1.202307404837990590e-01
9.300000000000000000e+01 -1.282248806856559342e-01 -1.156859114979222058e-01
9.400000000000000000e+01 -1.269007805674142453e-01 -1.106767889725054493e-01
9.500000000000000000e+01 -1.251475315258440968e-01 -1.052814265690352191e-01
9.600000000000000000e+01 -1.229841763657645026e-01 -9.958039687346517677e-02
9.700000000000000000e+01 -1.204335840979802036e-01 -9.365485727289846185e-02
9.800000000000000000e+01 -1.175220031273149779e-01 -8.758471809321081991e-02
9.900000000000000000e+01 -1.142787613201611679e-01 -8.144696294839720574e-02
1.000000000000000000e+02 -1.107359636331091968e-01 -7.531416194165756195e-02
1.010000000000000000e+02 -1.069280053727584001e-01 -6.925321384690000248e-02
1.020000000000000000e+02 -1.028908731825399631e-01 -6.332434639190248626e-02
1.030000000000000000e+02 -9.866139278909993870e-02 -5.758038802163666092e-02
1.040000000000000000e+02 -9.427662618952370455e-02 -5.206630587500075957e-02
1.050000000000000000e+02 -8.977348577899008086e-02 -4.681899416197809333e-02
1.060000000000000000e+02 -8.518844810593685646e-02 -4.186729567005474661e-02
1.070000000000000000e+02 -8.055718345623948118e-02 -3.723223703640741317e-02
1.080000000000000000e+02 -7.591402351855201791e-02 -3.292744968350171109e-02
1.090000000000000000e+02 -7.129136665123832206e-02 -2.895973870303200984e-02
1.100000000000000000e+02 -6.671921026062872795e-02 -2.532976005328219093e-02
1.110000000000000000e+02 -6.222492869312125363e-02 -2.203277178442019854e-02
1.120000000000000000e+02 -5.783325150883516369e-02 -1.905942995170433266e-02
1.130000000000000000e+02 -5.356628290806927928e-02 -1.639660038535024900e-02
1.140000000000000000e+02 -4.944342786111666221e-02 -1.402815730302441055e-02
1.150000000000000000e+02 -4.548122101673490736e-02 -1.193574370915844590e-02
1.160000000000000000e+02 -4.169317403357820917e-02 -1.009947588943768161e-02
1.170000000000000000e+02 -3.808976975101303897e-02 -8.498580670508128557e-03
1.180000000000000000e+02 -3.467863850123711206e-02 -7.111957442167488735e-03
1.190000000000000000e+02 -3.146483847024591357e-02 -5.918659186906754556e-03
1.200000000000000000e+02 -2.845111942467984378e-02 -4.898290207031537336e-03
1.210000000000000000e+02 -2.563810067035828325e-02 -4.031322511216241591e-03
1.220000000000000000e+02 -2.302438637072485444e-02 -3.299336047819987489e-03
1.230000000000000000e+02 -2.060669735216919679e-02 -2.685189420355859648e-03
1.240000000000000000e+02 -1.838008145415048061e-02 -2.173128292803737285e-03
1.250000000000000000e+02 -1.633819975093168259e-02 -1.748839356956864537e-03
1.260000000000000000e+02 -1.447363103926896377e-02 -1.399458443396338868e-03
1.270000000000000000e+02 -1.277813163784044352e-02 -1.113541538618111277e-03
1.280000000000000000e+02 -1.124282678697043937e-02 -8.810069529893598851e-04
1.290000000000000000e+02 -9.858356325029120348e-03 -6.930560277472444432e-04
1.300000000000000000e+02 -8.615015615761868750e-03 -5.420789373920825585e-04
1.310000000000000000e+02 -7.502915873549169390e-03 -4.215513739804579735e-04
1.320000000000000000e+02 -6.512156497797122814e-03 -3.259270655993304908e-04
1.330000000000000000e+02 -5.632982442669062784e-03 -2.505301519529038205e-04
1.340000000000000000e+02 -4.855903774231335249e-03 -1.914505236272824487e-04
1.350000000000000000e+02 -4.171774065951339497e-03 -1.454444274237642410e-04
1.360000000000000000e+02 -3.571841649817712738e-03 -1.098419641467526233e-04
1.370000000000000000e+02 -3.047791335423698147e-03 -8.246252329016274542e-05
1.380000000000000000e+02 -2.591785240311712899e-03 -6.153869636814685473e-05
1.390000000000000000e+02 -2.196499677547354354e-03 -4.564879583482996930e-05
1.400000000000000000e+02 -1.855149708385038076e-03 -3.365778936952398956e-05
1.410000000000000000e+02 -1.561496007428422135e-03 -2.466623365718397456e-05
1.420000000000000000e+02 -1.309835595912724410e-03 -1.796663611300386849e-05
1.430000000000000000e+02 -1.094982815499134354e-03 -1.300657699303999180e-05
1.440000000000000000e+02 -9.122468885977142025e-04 -9.357873730945955393e-06
1.450000000000000000e+02 -7.574089880056967834e-04 -6.691059234203058695e-06
1.460000000000000000e+02 -6.266982679174384202e-04 -4.754465917735473515e-06
1.470000000000000000e+02 -5.167651066037085841e-04 -3.357248399736187395e-06
1.480000000000000000e+02 -4.246508774734893718e-04 -2.355731922990867317e-06
1.490000000000000000e+02 -3.477553322747198306e-04 -1.642535603781916046e-06
1.500000000000000000e+02 -2.838036258498786556e-04 -1.137984207003080385e-06
1.510000000000000000e+02 -2.308146956097398153e-04 -7.833869215837679904e-07
1.520000000000000000e+02 -1.870717067439886614e-04 -5.358229358530012429e-07
1.530000000000000000e+02 -1.510944324246734076e-04 -3.641309490274167296e-07
1.540000000000000000e+02 -1.216131933343731310e-04 -2.458508745086723902e-07
1.550000000000000000e+02 -9.754421801515620737e-05 -1.649113695312969712e-07
1.560000000000000000e+02 -7.796661347278157218e-05 -1.098957782862498964e-07
1.570000000000000000e+02 -6.210125875171838253e-05 -7.275288106713520423e-08
1.580000000000000000e+02 -4.929181617462693993e-05 -4.784597471625639592e-08
1.590000000000000000e+02 -3.898783945328743845e-05 -3.125749916472205735e-08
