0.000000000000000000e+00 -3.910771401559511723e-04 -3.978930658413396709e-04
1.000000000000000000e+00 -2.541101440970577619e-06 -1.696735489407445168e-06
2.000000000000000000e+00 -2.631622166777964688e-06 -1.840895310936167238e-06
3.000000000000000000e+00 -3.301157473597500475e-06 -2.333348694378227733e-06
4.000000000000000000e+00 -4.156686172470064081e-06 -2.950911532024541824e-06
5.000000000000000000e+00 -5.221602682321052909e-06 -3.713098807753169504e-06
6.000000000000000000e+00 -6.549795004372312950e-06 -4.651162394410895890e-06
7.000000000000000000e+00 -8.208901206224588894e-06 -5.808106215827664395e-06
8.000000000000000000e+00 -1.027739709311874597e-05 -7.241550354506637885e-06
9.000000000000000000e+00 -1.284188556318427717e-05 -9.024048011325570780e-06
1.000000000000000000e+01 -1.599653834718622056e-05 -1.124027262378000732e-05
1.100000000000000000e+01 -1.984751600568414646e-05 -1.398242789159984566e-05
1.200000000000000000e+01 -2.452360094546701888e-05 -1.734714292168863572e-05
1.300000000000000000e+01 -3.019115116510159448e-05 -2.143786626416330180e-05
1.400000000000000000e+01 -3.706821317535074903e-05 -2.637535912373879397e-05
1.500000000000000000e+01 -4.543124684449047841e-05 -3.231525529756575316e-05
1.600000000000000000e+01 -5.561010516580228646e-05 -3.946713622040509347e-05
1.700000000000000000e+01 -6.797282845751213831e-05 -4.810659225661438707e-05
1.800000000000000000e+01 -8.290927314697547174e-05 -5.857277583410894662e-05
1.900000000000000000e+01 -1.008274596258492236e-04 -7.125003284158617784e-05
2.000000000000000000e+01 -1.221745921385988007e-04 -8.654167234888633382e-05
2.100000000000000000e+01 -1.474844992868323097e-04 -1.048523025646885592e-04
2.200000000000000000e+01 -1.774380410824277744e-04 -1.265967346153194816e-04
2.300000000000000000e+01 -2.129104821956970196e-04 -1.522445874147555648e-04
2.400000000000000000e+01 -2.549787280165494402e-04 -1.823919800803855645e-04
2.500000000000000000e+01 -3.048765581461084732e-04 -2.178327196115826679e-04
2.600000000000000000e+01 -3.639141064445269250e-04 -2.595922459135050582e-04
2.700000000000000000e+01 -4.334059685870122330e-04 -3.088972575979532565e-04
2.800000000000000000e+01 -5.146628317528977167e-04 -3.670832296218669668e-04
2.900000000000000000e+01 -6.090816720146744086e-04 -4.354801444076596834e-04
3.000000000000000000e+01 -7.183214944537705260e-04 -5.153435397450238783e-04
3.100000000000000000e+01 -8.444958190174894734e-04 -6.078931560286624045e-04
3.200000000000000000e+01 -9.902813317453241105e-04 -7.144775640580288377e-04
3.300000000000000000e+01 -1.158861108477527487e-03 -8.368144541433241443e-04
3.400000000000000000e+01 -1.353694775809516576e-03 -9.771964717941563142e-04
3.500000000000000000e+01 -1.578208908486184066e-03 -1.138539789315983495e-03
3.600000000000000000e+01 -1.835575517070575473e-03 -1.324208344817515582e-03
3.700000000000000000e+01 -2.128741151943404006e-03 -1.537657992537043439e-03
3.800000000000000000e+01 -2.460764113384797044e-03 -1.782061853135186343e-03
3.900000000000000000e+01 -2.835348670636962751e-03 -2.060132636073638314e-03
4.000000000000000000e+01 -3.257317658215438342e-03 -2.374299323119070416e-03
4.100000000000000000e+01 -3.732731927542949548e-03 -2.727228787107547053e-03
4.200000000000000000e+01 -4.268495745595367319e-03 -3.122478940355559625e-03
4.300000000000000000e+01 -4.871545502052907622e-03 -3.564939911237140907e-03
4.400000000000000000e+01 -5.547983837760778539e-03 -4.060757348261717116e-03
4.500000000000000000e+01 -6.302636295332161853e-03 -4.616655286313539608e-03
4.600000000000000000e+01 -7.139367918476755351e-03 -5.238899311362743734e-03
4.700000000000000000e+01 -8.062127103123463423e-03 -5.932398868919554549e-03
4.800000000000000000e+01 -9.076251760212893094e-03 -6.700473759768800150e-03
4.900000000000000000e+01 -1.018931927775545976e-02 -7.545536529989233313e-03
5.000000000000000000e+01 -1.141093152524569852e-02 -8.470466131949115976e-03
5.100000000000000000e+01 -1.275130953982171050e-02 -9.480006259774746008e-03
5.200000000000000000e+01 -1.421922506671990938e-02 -1.058137719508540735e-02
5.300000000000000000e+01 -1.582027256121155967e-02 -1.178358189550065237e-02
5.400000000000000000e+01 -1.755647337026264992e-02 -1.309552898133302563e-02
5.500000000000000000e+01 -1.942761867985805940e-02 -1.452378383917944660e-02
5.600000000000000000e+01 -2.143383757638703258e-02 -1.607110646138830770e-02
5.700000000000000000e+01 -2.357809628046813807e-02 -1.773667861944523694e-02
5.800000000000000000e+01 -2.586716354742004884e-02 -1.951810811659549644e-02
5.900000000000000000e+01 -2.831020788004039862e-02 -2.141430568139136847e-02
6.000000000000000000e+01 -3.091539141791915801e-02 -2.342770570435482452e-02
6.100000000000000000e+01 -3.368600096836599916e-02 -2.556445574161048812e-02
6.200000000000000000e+01 -3.661813661566155204e-02 -2.783215177569719687e-02
6.300000000000000000e+01 -3.970138746186303857e-02 -3.023601600568841252e-02
6.400000000000000000e+01 -4.292245158814982781e-02 -3.277540314297257285e-02
6.500000000000000000e+01 -4.627002544284200547e-02 -3.544257233868695206e-02
6.600000000000000000e+01 -4.973839550410124460e-02 -3.822462297123203900e-02
6.700000000000000000e+01 -5.332759351824134519e-02 -4.110782404491342829e-02
6.800000000000000000e+01 -5.703963394368005008e-02 -4.408215224200767030e-02
6.900000000000000000e+01 -6.087245572135961680e-02 -4.714352634383214835e-02
7.000000000000000000e+01 -6.481462178212724079e-02 -5.029227805069311913e-02
7.100000000000000000e+01 -6.884372113290199158e-02 -5.352836745358451054e-02
7.200000000000000000e+01 -7.292967783369325163e-02 -5.684571405712997294e-02
7.300000000000000000e+01 -7.704161924320369892e-02 -6.022871463314279084e-02
7.400000000000000000e+01 -8.115493667651083043e-02 -6.365305715815176846e-02
7.500000000000000000e+01 -8.525483041336551215e-02 -6.709071593424964508e-02
7.600000000000000000e+01 -8.933427002797407479e-02 -7.051668756618119371e-02
7.700000000000000000e+01 -9.338716806431250628e-02 -7.391391301755056986e-02
7.800000000000000000e+01 -9.740019080577766442e-02 -7.727363613057965097e-02
7.900000000000000000e+01 -1.013475713271573819e-01 -8.059083302169829655e-02
8.000000000000000000e+01 -1.051919291484015168e-01 -8.385706179374265157e-02
8.100000000000000000e+01 -1.088910527446634163e-01 -8.705463105585106720e-02
8.200000000000000000e+01 -1.124074418644928630e-01 -9.015544375200611193e-02
8.300000000000000000e+01 -1.157158329399555485e-01 -9.312543588653293680e-02
8.400000000000000000e+01 -1.188048349762907269e-01 -9.593247397813528532e-02
8.500000000000000000e+01 -1.216717805767420640e-01 -9.855359227399308752e-02
8.600000000000000000e+01 -1.243134321124833991e-01 -1.009776947704106864e-01
8.700000000000000000e+01 -1.267174159735732775e-01 -1.032022473513357352e-01
8.800000000000000000e+01 -1.288589634373327186e-01 -1.052257551519165113e-01
8.900000000000000000e+01 -1.307048182172445561e-01 -1.070401630077029570e-01
9.000000000000000000e+01 -1.322224439774800087e-01 -1.086274206414365728e-01
9.100000000000000000e+01 -1.333898987172021378e-01 -1.099622235245364538e-01
9.200000000000000000e+01 -1.342013896240240034e-01 -1.110195713333794465e-01
9.300000000000000000e+01 -1.346657551853875090e-01 -1.117831298990787370e-01
9.400000000000000000e+01 -1.347987665468312335e-01 -1.122499201132747260e-01
9.500000000000000000e+01 -1.346132949180874339e-01 -1.124288538835843537e-01
9.600000000000000000e+01 -1.341124148900634805e-01 -1.123339842923729154e-01
9.700000000000000000e+01 -1.332888933563249889e-01 -1.119761825911319564e-01
9.800000000000000000e+01 -1.321311448387539333e-01 -1.113577467971265528e-01
9.900000000000000000e+01 -1.306324173626110807e-01 -1.104727838914670995e-01
1.000000000000000000e+02 -1.287984242004145130e-01 -1.093130341861003330e-01
1.010000000000000000e+02 -1.266495857332293473e-01 -1.078758732636329737e-01
1.020000000000000000e+02 -1.242169094786324118e-01 -1.061701235611222371e-01
1.030000000000000000e+02 -1.215337786295206113e-01 -1.042165918066870200e-01
1.040000000000000000e+02 -1.186278682419341646e-01 -1.020431557126462718e-01
1.050000000000000000e+02 -1.155171197054715576e-01 -9.967712327871808276e-02
1.060000000000000000e+02 -1.122114344141831033e-01 -9.713891589025533402e-02
1.070000000000000000e+02 -1.087187710232213333e-01 -9.444023912578897173e-02
1.080000000000000000e+02 -1.050522111173001899e-01 -9.158738349770154108e-02
1.090000000000000000e+02 -1.012343106629075562e-01 -8.858756515008153753e-02
1.100000000000000000e+02 -9.729666895567069818e-02 -8.545473407560422174e-02
1.110000000000000000e+02 -9.327517726300568746e-02 -8.221176210856206978e-02
1.120000000000000000e+02 -8.920351944693896695e-02 -7.888800477529715749e-02
1.130000000000000000e+02 -8.510815649684819184e-02 -7.551370826932113367e-02
1.140000000000000000e+02 -8.100701760894378489e-02 -7.211426842194762488e-02
1.150000000000000000e+02 -7.691209376690810728e-02 -6.870720233835420077e-02
1.160000000000000000e+02 -7.283419947989187848e-02 -6.530307506687529906e-02
1.170000000000000000e+02 -6.878728972767780836e-02 -6.190949966848831310e-02
1.180000000000000000e+02 -6.479021882369077889e-02 -5.853584369037458796e-02
1.190000000000000000e+02 -6.086531274522062607e-02 -5.519613794006898722e-02
1.200000000000000000e+02 -5.703475956489034021e-02 -5.190884250550954065e-02
1.210000000000000000e+02 -5.331678189323330042e-02 -4.869386137315378366e-02
1.220000000000000000e+02 -4.972343997593568765e-02 -4.556855877885448991e-02
1.230000000000000000e+02 -4.626090537044488110e-02 -4.254485415227120954e-02
1.240000000000000000e+02 -4.293175183883051610e-02 -3.962870518705360889e-02
1.250000000000000000e+02 -3.973790648286902594e-02 -3.682194838508408286e-02
1.260000000000000000e+02 -3.668277967891028779e-02 -3.412530287661271616e-02
1.270000000000000000e+02 -3.377169946864071182e-02 -3.154092136045365258e-02
1.280000000000000000e+02 -3.101071834648199549e-02 -2.907330984043382527e-02
1.290000000000000000e+02 -2.840463459274976052e-02 -2.672840595494177518e-02
1.300000000000000000e+02 -2.595532466545225417e-02 -2.451154926893517327e-02
1.310000000000000000e+02 -2.366116990074596318e-02 -2.242552489836599147e-02
1.320000000000000000e+02 -2.151771878683424177e-02 -2.046965794414871628e-02
1.330000000000000000e+02 -1.951911927708898861e-02 -1.864027763373678898e-02
1.340000000000000000e+02 -1.765957081332311315e-02 -1.693215453538051557e-02
1.350000000000000000e+02 -1.593416448782086423e-02 -1.534010513060959577e-02
1.360000000000000000e+02 -1.433887602939480296e-02 -1.386000733995166462e-02
1.370000000000000000e+02 -1.286991394922801756e-02 -1.248887960179896443e-02
1.380000000000000000e+02 -1.152288916990978733e-02 -1.122418590729043139e-02
1.390000000000000000e+02 -1.029226785003273768e-02 -1.006287346788216699e-02
1.400000000000000000e+02 -9.171347053395789359e-03 -9.000687445581818241e-03
1.410000000000000000e+02 -8.152700298866458195e-03 -8.032073382584587959e-03
1.420000000000000000e+02 -7.228829502446005792e-03 -7.150636497923280877e-03
1.430000000000000000e+02 -6.392714129273855371e-03 -6.349864693593177886e-03
1.440000000000000000e+02 -5.638055331387032722e-03 -5.623750732520740522e-03
1.450000000000000000e+02 -4.959191415450946161e-03 -4.967065541799946596e-03
1.460000000000000000e+02 -4.350813461768070212e-03 -4.375246159995960227e-03
1.470000000000000000e+02 -3.807670761379674997e-03 -3.844048540422979020e-03
1.480000000000000000e+02 -3.324415939238671916e-03 -3.369192784251016579e-03
1.490000000000000000e+02 -2.895639629160373738e-03 -2.946181415907023638e-03
1.500000000000000000e+02 -2.516044391289602982e-03 -2.570348508934778946e-03
1.510000000000000000e+02 -2.180653624334056954e-03 -2.237074107888571695e-03
1.520000000000000000e+02 -1.884957500865974168e-03 -1.942033561438078013e-03
1.530000000000000000e+02 -1.624947393990429758e-03 -1.681362612361429840e-03
1.540000000000000000e+02 -1.397050177286204538e-03 -1.451683690300434055e-03
1.550000000000000000e+02 -1.198014429194460854e-03 -1.250014273898313131e-03
1.560000000000000000e+02 -1.024808040130017247e-03 -1.073626608528672382e-03
1.570000000000000000e+02 -8.745656876076304473e-04 -9.199329791102466968e-04
1.580000000000000000e+02 -7.445918119888819079e-04 -7.864399978617215257e-04
1.590000000000000000e+02 -6.323980027997906173e-04 -6.707719914195547613e-04
