0.000000000000000000e+00 -2.585612866633101481e-04 -8.095860535533541853e-04
1.000000000000000000e+00 -1.198548416069706914e-06 -6.103305630569842900e-05
2.000000000000000000e+00 -1.271357055460122890e-06 -5.347352310829477350e-05
3.000000000000000000e+00 -1.628363815902484461e-06 -6.147456358055540765e-05
4.000000000000000000e+00 -2.104101851062336906e-06 -7.284447071318831258e-05
5.000000000000000000e+00 -2.709245039754745155e-06 -8.647122214676385371e-05
6.000000000000000000e+00 -3.475301552444577223e-06 -1.024686229010197410e-04
7.000000000000000000e+00 -4.446580277000360250e-06 -1.211751435195395461e-04
8.000000000000000000e+00 -5.680681312487738999e-06 -1.430208387896833501e-04
9.000000000000000000e+00 -7.248022262466175138e-06 -1.685060821301255247e-04
1.000000000000000000e+01 -9.230056454006528666e-06 -1.981938163831586843e-04
1.100000000000000000e+01 -1.171827444834915350e-05 -2.327026212477905384e-04
1.200000000000000000e+01 -1.481705200317085718e-05 -2.727029810526659633e-04
1.300000000000000000e+01 -1.865246714881802162e-05 -3.189216395928040713e-04
1.400000000000000000e+01 -2.338625740668598223e-05 -3.721570776208021685e-04
1.500000000000000000e+01 -2.923038284345676191e-05 -4.333049139081729590e-04
1.600000000000000000e+01 -3.645558815684554917e-05 -5.033872679352647921e-04
1.700000000000000000e+01 -4.538920352284939337e-05 -5.835770488473693458e-04
1.800000000000000000e+01 -5.640365249440745831e-05 -6.752085761156306288e-04
1.900000000000000000e+01 -6.990517566000490908e-05 -7.797704420049952640e-04
2.000000000000000000e+01 -8.633701760356863762e-05 -8.988838701917028270e-04
2.100000000000000000e+01 -1.062078147112405772e-04 -1.034277166086825395e-03
2.200000000000000000e+01 -1.301432149474242165e-04 -1.187770663164516892e-03
2.300000000000000000e+01 -1.589422912625062438e-04 -1.361284213616174160e-03
2.400000000000000000e+01 -1.936104324552062324e-04 -1.556870650110806897e-03
2.500000000000000000e+01 -2.353468045794221495e-04 -1.776766859000797078e-03
2.600000000000000000e+01 -2.854889841170130073e-04 -2.023444413624702742e-03
2.700000000000000000e+01 -3.454494510640503200e-04 -2.299639087945845074e-03
2.800000000000000000e+01 -4.166981565215901366e-04 -2.608345148714783304e-03
2.900000000000000000e+01 -5.008336106292200470e-04 -2.952774161704350888e-03
3.000000000000000000e+01 -5.997389172658030773e-04 -3.336293598711075233e-03
3.100000000000000000e+01 -7.157595823821212089e-04 -3.762370626176949392e-03
3.200000000000000000e+01 -8.518041290329443280e-04 -4.234545308427490294e-03
3.300000000000000000e+01 -1.011289530595059277e-03 -4.756443966035249146e-03
3.400000000000000000e+01 -1.197935136422754836e-03 -5.331823036503715273e-03
3.500000000000000000e+01 -1.415513708699553440e-03 -5.964616800036017311e-03
3.600000000000000000e+01 -1.667730445705491258e-03 -6.658958492670335495e-03
3.700000000000000000e+01 -1.958363584389589095e-03 -7.419156705380207037e-03
3.800000000000000000e+01 -2.291659404325303850e-03 -8.249631617946983839e-03
3.900000000000000000e+01 -2.672797991281684535e-03 -9.154836625968996652e-03
4.000000000000000000e+01 -3.108145694441806235e-03 -1.013919848869591044e-02
4.100000000000000000e+01 -3.605075140521849918e-03 -1.120709724093470541e-02
4.200000000000000000e+01 -4.171363429874367854e-03 -1.236287921066880728e-02
4.300000000000000000e+01 -4.814460291418213786e-03 -1.361086631272062988e-02
4.400000000000000000e+01 -5.541072117346387133e-03 -1.495531210672211044e-02
4.500000000000000000e+01 -6.357398023739180976e-03 -1.640027468014392670e-02
4.600000000000000000e+01 -7.269991691114863208e-03 -1.794942520681779008e-02
4.700000000000000000e+01 -8.286795804980146354e-03 -1.960586439971258310e-02
4.800000000000000000e+01 -9.417678382179757099e-03 -2.137204259758229696e-02
4.900000000000000000e+01 -1.067398190442406594e-02 -2.324984966465758890e-02
5.000000000000000000e+01 -1.206713766726090660e-02 -2.524086166577538953e-02
5.100000000000000000e+01 -1.360701155916511917e-02 -2.734663353921526485e-02
5.200000000000000000e+01 -1.530093974301743355e-02 -2.956885867560711187e-02
5.300000000000000000e+01 -1.715412728474192613e-02 -3.190922450409791611e-02
5.400000000000000000e+01 -1.917130447611185146e-02 -3.436890062851732236e-02
5.500000000000000000e+01 -2.135869693096274086e-02 -3.694777722270254500e-02
5.600000000000000000e+01 -2.372501055494309272e-02 -3.964374673671716004e-02
5.700000000000000000e+01 -2.628056736497446158e-02 -4.245238879106633806e-02
5.800000000000000000e+01 -2.903478528730442376e-02 -4.536730963910608899e-02
5.900000000000000000e+01 -3.199327700345528519e-02 -4.838112129925274674e-02
6.000000000000000000e+01 -3.515624996468639379e-02 -5.148672548283297901e-02
6.100000000000000000e+01 -3.851926591143765843e-02 -5.467834070899136450e-02
6.200000000000000000e+01 -4.207604053566261354e-02 -5.795170596220101250e-02
6.300000000000000000e+01 -4.582164172065616298e-02 -6.130316431974193458e-02
6.400000000000000000e+01 -4.975403861936231187e-02 -6.472781105034190741e-02
6.500000000000000000e+01 -5.387281129593259749e-02 -6.821739357212330823e-02
6.600000000000000000e+01 -5.817551848019199973e-02 -7.175892176573184233e-02
6.700000000000000000e+01 -6.265373838372496895e-02 -7.533479627721476057e-02
6.800000000000000000e+01 -6.729116427869474837e-02 -7.892468816192881043e-02
6.900000000000000000e+01 -7.206502704689435324e-02 -8.250862288054140736e-02
7.000000000000000000e+01 -7.695013589618328320e-02 -8.607007855203420432e-02
7.100000000000000000e+01 -8.192318779402715800e-02 -8.959771729010745922e-02
7.200000000000000000e+01 -8.696475270839387761e-02 -9.308478083004328996e-02
7.300000000000000000e+01 -9.205770358137971288e-02 -9.652610681830031680e-02
7.400000000000000000e+01 -9.718303040094242173e-02 -9.991381903175000634e-02
7.500000000000000000e+01 -1.023156284196438531e-01 -1.032335191538411440e-01
7.600000000000000000e+01 -1.074227337509415514e-01 -1.064628292654196395e-01
7.700000000000000000e+01 -1.124661031159967794e-01 -1.095732855468496136e-01
7.800000000000000000e+01 -1.174067625419158017e-01 -1.125351725040766998e-01
7.900000000000000000e+01 -1.222096063608275329e-01 -1.153235214288762245e-01
8.000000000000000000e+01 -1.268452730755232072e-01 -1.179227992183202733e-01
8.100000000000000000e+01 -1.312884430528130086e-01 -1.203281462701003002e-01
8.200000000000000000e+01 -1.355139035306369699e-01 -1.225423354767529172e-01
8.300000000000000000e+01 -1.394930436102092552e-01 -1.245694445925379923e-01
8.400000000000000000e+01 -1.431930825076266622e-01 -1.264077972866275157e-01
8.500000000000000000e+01 -1.465795678816796399e-01 -1.280452788893774452e-01
8.600000000000000000e+01 -1.496206608819585782e-01 -1.294593096022831902e-01
8.700000000000000000e+01 -1.522907248657538182e-01 -1.306218385894247769e-01
8.800000000000000000e+01 -1.545713184169733301e-01 -1.315075305832697772e-01
8.900000000000000000e+01 -1.564493935164631977e-01 -1.321018245953697878e-01
9.000000000000000000e+01 -1.579141902005285758e-01 -1.324054242566670703e-01
9.100000000000000000e+01 -1.589549602523832872e-01 -1.324331344092524732e-01
9.200000000000000000e+01 -1.595609248211367903e-01 -1.322072867778675831e-01
9.300000000000000000e+01 -1.597233336420139649e-01 -1.317483522194189682e-01
9.400000000000000000e+01 -1.594381830100664310e-01 -1.310666732757642394e-01
9.500000000000000000e+01 -1.587078756322088113e-01 -1.301588990719067807e-01
9.600000000000000000e+01 -1.575409365419292718e-01 -1.290107504725633292e-01
9.700000000000000000e+01 -1.559501900357194160e-01 -1.276050365490757621e-01
9.800000000000000000e+01 -1.539506876754339337e-01 -1.259315831711023681e-01
9.900000000000000000e+01 -1.515586424645885000e-01 -1.239948927887251084e-01
1.000000000000000000e+02 -1.487917913575726170e-01 -1.218162729581606374e-01
1.010000000000000000e+02 -1.456706004342093463e-01 -1.194294691464248132e-01
1.020000000000000000e+02 -1.422192238159035171e-01 -1.168715721917800709e-01
1.030000000000000000e+02 -1.384654074912563537e-01 -1.141729831253698035e-01
1.040000000000000000e+02 -1.344393184800873331e-01 -1.113506099551079820e-01
1.050000000000000000e+02 -1.301719946208979573e-01 -1.084070499699203716e-01
1.060000000000000000e+02 -1.256942838831839604e-01 -1.053359234434317337e-01
1.070000000000000000e+02 -1.210367167933647098e-01 -1.021309385127200098e-01
1.080000000000000000e+02 -1.162300736756438357e-01 -9.879479020195260086e-02
1.090000000000000000e+02 -1.113059505597946558e-01 -9.534419069587393714e-02
1.100000000000000000e+02 -1.062966846467209292e-01 -9.180904009321184944e-02
1.110000000000000000e+02 -1.012344921877103010e-01 -8.822623010184159342e-02
1.120000000000000000e+02 -9.615023036366228404e-02 -8.463078510793423104e-02
1.130000000000000000e+02 -9.107243896592866206e-02 -8.104805457541229552e-02
1.140000000000000000e+02 -8.602711070654174563e-02 -7.749006871012613373e-02
1.150000000000000000e+02 -8.103815346666021213e-02 -7.395727733649679059e-02
1.160000000000000000e+02 -7.612808145146957028e-02 -7.044460073787112142e-02
1.170000000000000000e+02 -7.131837542115970763e-02 -6.694903303301613651e-02
1.180000000000000000e+02 -6.662922124070037866e-02 -6.347560231580437473e-02
1.190000000000000000e+02 -6.207876934857136514e-02 -6.003937950281391933e-02
1.200000000000000000e+02 -5.768236578368539369e-02 -5.666298580550051256e-02
1.210000000000000000e+02 -5.345220526033864911e-02 -5.337091598593163289e-02
1.220000000000000000e+02 -4.939757840010118584e-02 -5.018320107973299471e-02
1.230000000000000000e+02 -4.552552849949609293e-02 -4.711101252507209070e-02
1.240000000000000000e+02 -4.184152351888954791e-02 -4.415580088616560123e-02
1.250000000000000000e+02 -3.834979623076626570e-02 -4.131198480855190203e-02
1.260000000000000000e+02 -3.505325155556388017e-02 -3.857177883944108016e-02
1.270000000000000000e+02 -3.195311434869263501e-02 -3.593004208284414358e-02
1.280000000000000000e+02 -2.904862695463645769e-02 -3.338724252779128737e-02
1.290000000000000000e+02 -2.633704174417354424e-02 -3.094957650134812915e-02
1.300000000000000000e+02 -2.381395516386503389e-02 -2.862651266606161884e-02
1.310000000000000000e+02 -2.147383187525373632e-02 -2.642703009240077866e-02
1.320000000000000000e+02 -1.931048452467564250e-02 -2.435620584000625088e-02
1.330000000000000000e+02 -1.731733612709000780e-02 -2.241347872001709166e-02
1.340000000000000000e+02 -1.548743968790481686e-02 -2.059308643558751054e-02
1.350000000000000000e+02 -1.381336560011778812e-02 -1.888624860224011326e-02
1.360000000000000000e+02 -1.228711693752430195e-02 -1.728403839010259416e-02
1.370000000000000000e+02 -1.090018359310030577e-02 -1.577975882114469874e-02
1.380000000000000000e+02 -9.643744168032217581e-03 -1.436999200532647521e-02
1.390000000000000000e+02 -8.508936740552707628e-03 -1.305411770806175729e-02
1.400000000000000000e+02 -7.487092167552122229e-03 -1.183272202269713622e-02
1.410000000000000000e+02 -6.569859517059110747e-03 -1.070569250763444766e-02
1.420000000000000000e+02 -5.749219911264869844e-03 -9.670803945371999819e-03
1.430000000000000000e+02 -5.017439682015889350e-03 -8.723285076053143711e-03
1.440000000000000000e+02 -4.367029237592864356e-03 -7.856396107218294872e-03
1.450000000000000000e+02 -3.790750660411693496e-03 -7.062648704027471233e-03
1.460000000000000000e+02 -3.281676286148799832e-03 -6.335111611677263568e-03
1.470000000000000000e+02 -2.833268444820109463e-03 -5.668302666420061559e-03
1.480000000000000000e+02 -2.439442399020657661e-03 -5.058407225573784485e-03
1.490000000000000000e+02 -2.094588879703665040e-03 -4.502862701309696784e-03
1.500000000000000000e+02 -1.793556296718567221e-03 -3.999584323441986340e-03
1.510000000000000000e+02 -1.531610794006705526e-03 -3.546197002164597125e-03
1.520000000000000000e+02 -1.304396664706285658e-03 -3.139570327867714696e-03
1.530000000000000000e+02 -1.107911483984054708e-03 -2.775782156468102873e-03
1.540000000000000000e+02 -9.384972228107407201e-04 -2.450447835187824410e-03
1.550000000000000000e+02 -7.928387636194570830e-04 -2.159224121104024331e-03
1.560000000000000000e+02 -6.679588874496837983e-04 -1.898266667444924866e-03
1.570000000000000000e+02 -5.612030460529022959e-04 -1.664479454031133829e-03
1.580000000000000000e+02 -4.702139605389178603e-04 -1.455503569808388109e-03
1.590000000000000000e+02 -3.929010708615076047e-04 -1.269500674356688775e-03
