0.000000000000000000e+00 -1.214696557121762189e-05 -9.153824445600398796e-11
1.000000000000000000e+00 -4.456637636760501359e-10 -1.376659248368875468e-16
2.000000000000000000e+00 -6.385496284015171396e-10 -3.291499802568592615e-16
3.000000000000000000e+00 -9.825201121716610673e-10 -7.806691720007162992e-16
4.000000000000000000e+00 -1.508125603362528156e-09 -1.829727154354889641e-15
5.000000000000000000e+00 -2.302462953213626084e-09 -4.237656407263667303e-15
6.000000000000000000e+00 -3.495144933754464263e-09 -9.694586200644707930e-15
7.000000000000000000e+00 -5.276844290101927709e-09 -2.190678699235493054e-14
8.000000000000000000e+00 -7.927003410881526086e-09 -4.890994085736908378e-14
9.000000000000000000e+00 -1.185128054205459005e-08 -1.079081829693543789e-13
1.000000000000000000e+01 -1.763140283709682722e-08 -2.352316550467555304e-13
1.100000000000000000e+01 -2.609379148197437785e-08 -5.066035829136652193e-13
1.200000000000000000e+01 -3.840805275157554248e-08 -1.077985709856810069e-12
1.300000000000000000e+01 -5.622893306968049234e-08 -2.266721120387434212e-12
1.400000000000000000e+01 -8.189336030622447277e-08 -4.710092352541421071e-12
1.500000000000000000e+01 -1.186806468909572060e-07 -9.671096795821360244e-12
1.600000000000000000e+01 -1.711470760353073789e-07 -1.962196316981869811e-11
1.700000000000000000e+01 -2.455625529231592156e-07 -3.934347488356931343e-11
1.800000000000000000e+01 -3.505019483715985892e-07 -7.796368999042544153e-11
1.900000000000000000e+01 -4.976596925195161358e-07 -1.526847270887777066e-10
2.000000000000000000e+01 -7.029478010541134891e-07 -2.955167331784351354e-10
2.100000000000000000e+01 -9.879132977285397667e-07 -5.652971052269174894e-10
2.200000000000000000e+01 -1.381506998583429945e-06 -1.068825063319700829e-09
2.300000000000000000e+01 -1.922286200002105852e-06 -1.997473673179430958e-09
2.400000000000000000e+01 -2.661228171931144004e-06 -3.689816124495584010e-09
2.500000000000000000e+01 -3.665403565185438171e-06 -6.737437106846036011e-09
2.600000000000000000e+01 -5.022740463158446117e-06 -1.216115132024156529e-08
2.700000000000000000e+01 -6.848009289759781396e-06 -2.170006405450024352e-08
2.800000000000000000e+01 -9.290083025148873603e-06 -3.827934990611973915e-08
2.900000000000000000e+01 -1.254059817634195059e-05 -6.675764789148413578e-08
3.000000000000000000e+01 -1.684436908029502973e-05 -1.151043367244320063e-07
3.100000000000000000e+01 -2.251214454597657828e-05 -1.962257083411343131e-07
3.200000000000000000e+01 -2.993634392158775486e-05 -3.307572874547561445e-07
3.300000000000000000e+01 -3.961019170405872332e-05 -5.512764335948435796e-07
3.400000000000000000e+01 -5.215030970290512679e-05 -9.085664668547457984e-07
3.500000000000000000e+01 -6.832258103390080313e-05 -1.480786112760126194e-06
3.600000000000000000e+01 -8.907121474601436162e-05 -2.386688051738427140e-06
3.700000000000000000e+01 -1.155514875941800169e-04 -3.804401528135382107e-06
3.800000000000000000e+01 -1.491673641140905124e-04 -5.997719919344704425e-06
3.900000000000000000e+01 -1.916154406180732919e-04 -9.352288603106576721e-06
4.000000000000000000e+01 -2.449356783673466154e-04 -1.442459979314516993e-05
4.100000000000000000e+01 -3.115672043600002292e-04 -2.200727237133015229e-05
4.200000000000000000e+01 -3.944055946345245787e-04 -3.321459283638400522e-05
4.300000000000000000e+01 -4.968588756333800188e-04 -4.959257314149486464e-05
4.400000000000000000e+01 -6.229036457303323325e-04 -7.325787260028787781e-05
4.500000000000000000e+01 -7.771469249681927944e-04 -1.070698406499707512e-04
4.600000000000000000e+01 -9.648978442656066861e-04 -1.548393406725831738e-04
4.700000000000000000e+01 -1.192243954601356027e-03 -2.215765622076430372e-04
4.800000000000000000e+01 -1.466116475965338704e-03 -3.137778486188440340e-04
4.900000000000000000e+01 -1.794329319690927916e-03 -4.397488857664197436e-04
5.000000000000000000e+01 -2.185592982174250007e-03 -6.099580328455215129e-04
5.100000000000000000e+01 -2.649523708313815569e-03 -8.374086538463551945e-04
5.200000000000000000e+01 -3.196667814428340998e-03 -1.138013511320403338e-03
5.300000000000000000e+01 -3.838531960818575804e-03 -1.530948580571681516e-03
5.400000000000000000e+01 -4.587575385338158937e-03 -2.038958116458297869e-03
5.500000000000000000e+01 -5.457119429794227844e-03 -2.688576992826363036e-03
5.600000000000000000e+01 -6.461177324342474992e-03 -3.510230968021093873e-03
5.700000000000000000e+01 -7.614264313066399122e-03 -4.538172632113823129e-03
5.800000000000000000e+01 -8.931250770097334812e-03 -5.810211459295697850e-03
5.900000000000000000e+01 -1.042724857307906865e-02 -7.367199647642631855e-03
6.000000000000000000e+01 -1.211743598058360669e-02 -9.252240710971058185e-03
6.100000000000000000e+01 -1.401672500242335043e-02 -1.150959748460039095e-02
6.200000000000000000e+01 -1.613928384148646464e-02 -1.418329258853411393e-02
6.300000000000000000e+01 -1.849805096456642872e-02 -1.731541457124620778e-02
6.400000000000000000e+01 -2.110438078108359955e-02 -2.094416234709806091e-02
6.500000000000000000e+01 -2.396781406992712013e-02 -2.510168093971694436e-02
6.600000000000000000e+01 -2.709580430806611540e-02 -2.981176706058118880e-02
6.700000000000000000e+01 -3.049323400529226763e-02 -3.508754833038416759e-02
6.800000000000000000e+01 -3.416175177151244829e-02 -4.092925528466243718e-02
6.900000000000000000e+01 -3.809916823949856257e-02 -4.732221284709239861e-02
7.000000000000000000e+01 -4.229914229003921972e-02 -5.423518581466652000e-02
7.100000000000000000e+01 -4.675114590816101950e-02 -6.161921516609376176e-02
7.200000000000000000e+01 -5.144045005185263197e-02 -6.940706632618502681e-02
7.300000000000000000e+01 -5.634788989482697463e-02 -7.751338195032272949e-02
7.400000000000000000e+01 -6.144945499634506259e-02 -8.583560397979439482e-02
7.500000000000000000e+01 -6.671602600333145783e-02 -9.425569865687039028e-02
7.600000000000000000e+01 -7.211354963310798172e-02 -1.026426724193170020e-01
7.700000000000000000e+01 -7.760361656862470314e-02 -1.108558144003151669e-01
7.800000000000000000e+01 -8.314410545516055795e-02 -1.187485591372750698e-01
7.900000000000000000e+01 -8.868959182521443663e-02 -1.261728286542023181e-01
8.000000000000000000e+01 -9.419156440513504203e-02 -1.329836766964566097e-01
8.100000000000000000e+01 -9.959879335458307614e-02 -1.390440273899934132e-01
8.200000000000000000e+01 -1.048581431281278842e-01 -1.442292892388843117e-01
8.300000000000000000e+01 -1.099157651671366087e-01 -1.484316298129643441e-01
8.400000000000000000e+01 -1.147183020500374961e-01 -1.515637076537883765e-01
8.500000000000000000e+01 -1.192137853891978849e-01 -1.535616791570051654e-01
8.600000000000000000e+01 -1.233522524078385224e-01 -1.543873354502264539e-01
8.700000000000000000e+01 -1.270863897002482701e-01 -1.540292721788465991e-01
8.800000000000000000e+01 -1.303724598508808341e-01 -1.525030451400981313e-01
8.900000000000000000e+01 -1.331714458353908948e-01 -1.498503158339545005e-01
9.000000000000000000e+01 -1.354500869713328448e-01 -1.461370435482486352e-01
9.100000000000000000e+01 -1.371815277378078957e-01 -1.414508295278229799e-01
9.200000000000000000e+01 -1.383455909956537444e-01 -1.358975587017039188e-01
9.300000000000000000e+01 -1.389289272981900358e-01 -1.295975140868272923e-01
9.400000000000000000e+01 -1.389252622348074451e-01 -1.226811580156906278e-01
9.500000000000000000e+01 -1.383357195047243970e-01 -1.152847812998100824e-01
9.600000000000000000e+01 -1.371689907154658161e-01 -1.075462160952131707e-01
9.700000000000000000e+01 -1.354411462517640941e-01 -9.960079212237910040e-02
9.800000000000000000e+01 -1.331750946496335908e-01 -9.157769067362017679e-02
9.900000000000000000e+01 -1.303998895159134974e-01 -8.359681846480264411e-02
1.000000000000000000e+02 -1.271500835551582220e-01 -7.576628692273953969e-02
1.010000000000000000e+02 -1.234651612225207279e-01 -6.818054494901429341e-02
1.020000000000000000e+02 -1.193889179926825028e-01 -6.091917652395210936e-02
1.030000000000000000e+02 -1.149686452318676166e-01 -5.404634066759315958e-02
1.040000000000000000e+02 -1.102541187273728407e-01 -4.761080266359745544e-02
1.050000000000000000e+02 -1.052965356694296473e-01 -4.164648353956047072e-02
1.060000000000000000e+02 -1.001475658612193953e-01 -3.617343957872910104e-02
1.070000000000000000e+02 -9.485857162298087786e-02 -3.119917489912448633e-02
1.080000000000000000e+02 -8.947992062173436290e-02 -2.672018795727768015e-02
1.090000000000000000e+02 -8.406028499801318499e-02 -2.272365662808675107e-02
1.100000000000000000e+02 -7.864590395769993636e-02 -1.918917476898571173e-02
1.110000000000000000e+02 -7.327989443353270793e-02 -1.609046446454840545e-02
1.120000000000000000e+02 -6.800172243989077714e-02 -1.339700154425875998e-02
1.130000000000000000e+02 -6.284687700647834108e-02 -1.107550648811123778e-02
1.140000000000000000e+02 -5.784669221435440739e-02 -9.091267248204458820e-03
1.150000000000000000e+02 -5.302822892910461633e-02 -7.409273869220327734e-03
1.160000000000000000e+02 -4.841417663519580195e-02 -5.995156644125619778e-03
1.170000000000000000e+02 -4.402280956072775198e-02 -4.815929619824054972e-03
1.180000000000000000e+02 -3.986805747067007771e-02 -3.840549294719284093e-03
1.190000000000000000e+02 -3.595971156161385102e-02 -3.040304237902408026e-03
1.200000000000000000e+02 -3.230372477477237714e-02 -2.389055277979721878e-03
1.210000000000000000e+02 -2.890254132981122381e-02 -1.863348115453168641e-03
1.220000000000000000e+02 -2.575541796882837783e-02 -1.442420938557094270e-03
1.230000000000000000e+02 -2.285874526114981681e-02 -1.108129127318831057e-03
1.240000000000000000e+02 -2.020639716539698871e-02 -8.448077210536889155e-04
1.250000000000000000e+02 -1.779011852705517441e-02 -6.390902944208568708e-04
1.260000000000000000e+02 -1.559992806738895975e-02 -4.797004733212311724e-04
1.270000000000000000e+02 -1.362450093234793790e-02 -3.572297233291070917e-04
1.280000000000000000e+02 -1.185150910084238271e-02 -2.639124303313644454e-04
1.290000000000000000e+02 -1.026792243987873811e-02 -1.934068019559798926e-04
1.300000000000000000e+02 -8.860285267169526816e-03 -1.405878408379606064e-04
1.310000000000000000e+02 -7.614976406414851288e-03 -1.013566322473472600e-04
1.320000000000000000e+02 -6.518446525347905592e-03 -7.246848239208857978e-05
1.330000000000000000e+02 -5.557420152608736827e-03 -5.138104855614514948e-05
1.340000000000000000e+02 -4.719055581109112864e-03 -3.612250887410049533e-05
1.350000000000000000e+02 -3.991066423232166906e-03 -2.517900472525693635e-05
1.360000000000000000e+02 -3.361814186619909058e-03 -1.740002114351156258e-05
1.370000000000000000e+02 -2.820378984175146882e-03 -1.192001419402860329e-05
1.380000000000000000e+02 -2.356609904003813608e-03 -8.094409664535586837e-06
1.390000000000000000e+02 -1.961153591234809142e-03 -5.448050185359920830e-06
1.400000000000000000e+02 -1.625461095327614862e-03 -3.634219276952144986e-06
1.410000000000000000e+02 -1.341776433918136918e-03 -2.402494480642094769e-06
1.420000000000000000e+02 -1.103112161759513829e-03 -1.573847354645661146e-06
1.430000000000000000e+02 -9.032163915621490040e-04 -1.021597988074731808e-06
1.440000000000000000e+02 -7.365336218939177006e-04 -6.570274423301584473e-07
1.450000000000000000e+02 -5.981603422764034334e-04 -4.186417157223504611e-07
1.460000000000000000e+02 -4.837964017688420326e-04 -2.642573518501624010e-07
1.470000000000000000e+02 -3.896938304569964482e-04 -1.652372268274825121e-07
1.480000000000000000e+02 -3.126051670321045440e-04 -1.023425253708002956e-07
1.490000000000000000e+02 -2.497329842900099716e-04 -6.278324285706894251e-08
1.500000000000000000e+02 -1.986815732695827144e-04 -3.814548567761799421e-08
1.510000000000000000e+02 -1.574111825361276394e-04 -2.295236101412387263e-08
1.520000000000000000e+02 -1.241950326718157323e-04 -1.367633777282491458e-08
1.530000000000000000e+02 -9.757938378531877356e-05 -8.069455629487146511e-09
1.540000000000000000e+02 -7.634696253245219723e-05 -4.714411834607164548e-09
1.550000000000000000e+02 -5.948393937892164737e-05 -2.727046816780475648e-09
1.560000000000000000e+02 -4.615044539715750042e-05 -1.561766490171550386e-09
1.570000000000000000e+02 -3.565445664717644005e-05 -8.854678978853119330e-10
1.580000000000000000e+02 -2.742880792527066316e-05 -4.969921330610410352e-10
1.590000000000000000e+02 -2.101110308944811005e-05 -2.761320862049174365e-10
