0.000000000000000000e+00 -1.091376922265954708e-04 -1.175451897691168028e-05
1.000000000000000000e+00 -4.908736942314054908e-07 -7.677973073491043164e-08
2.000000000000000000e+00 -5.485985282267653143e-07 -9.377274456315751777e-08
3.000000000000000000e+00 -7.182506073419784825e-07 -1.286127165146917788e-07
4.000000000000000000e+00 -9.487827936971280969e-07 -1.766458840379958153e-07
5.000000000000000000e+00 -1.250330031693681980e-06 -2.417805829607171884e-07
6.000000000000000000e+00 -1.641943734231598227e-06 -3.296759183309127310e-07
7.000000000000000000e+00 -2.149189375454551972e-06 -4.478032064544094155e-07
8.000000000000000000e+00 -2.804994788675692982e-06 -6.059343735961325316e-07
9.000000000000000000e+00 -3.650767374400053949e-06 -8.167912781939968831e-07
1.000000000000000000e+01 -4.737509332852290832e-06 -1.096860344386332965e-06
1.100000000000000000e+01 -6.127320355337557891e-06 -1.467405783905863023e-06
1.200000000000000000e+01 -7.895956710022787901e-06 -1.955726543314088297e-06
1.300000000000000000e+01 -1.013696344640312443e-05 -2.596711525687602119e-06
1.400000000000000000e+01 -1.296727979648491906e-05 -3.434755179344247175e-06
1.500000000000000000e+01 -1.653342416397638891e-05 -4.526103034014128885e-06
1.600000000000000000e+01 -2.101696877823376472e-05 -5.941706959431910304e-06
1.700000000000000000e+01 -2.663854744733606101e-05 -7.770682615333426182e-06
1.800000000000000000e+01 -3.366112492314461159e-05 -1.012447154543633443e-05
1.900000000000000000e+01 -4.239493975929533958e-05 -1.314181190089836450e-05
2.000000000000000000e+01 -5.320714299849881214e-05 -1.699461791387456825e-05
2.100000000000000000e+01 -6.653770448334144427e-05 -2.189487515560377184e-05
2.200000000000000000e+01 -8.291987995806154616e-05 -2.810269439699431492e-05
2.300000000000000000e+01 -1.030002514348477244e-04 -3.593572712300855326e-05
2.400000000000000000e+01 -1.275527104405913264e-04 -4.578018757784119792e-05
2.500000000000000000e+01 -1.574843865362290755e-04 -5.810368841911832405e-05
2.600000000000000000e+01 -1.938382990421071270e-04 -7.346995887420823556e-05
2.700000000000000000e+01 -2.378033037442096886e-04 -9.255535003453954526e-05
2.800000000000000000e+01 -2.907417092887874398e-04 -1.161669936309452219e-04
2.900000000000000000e+01 -3.542365076979593175e-04 -1.452626798707829414e-04
3.000000000000000000e+01 -4.301469299386174419e-04 -1.809728768134585917e-04
3.100000000000000000e+01 -5.206515864867887261e-04 -2.246255206395505674e-04
3.200000000000000000e+01 -6.282615794789273749e-04 -2.777739151394665240e-04
3.300000000000000000e+01 -7.558036877714564188e-04 -3.422272417056281837e-04
3.400000000000000000e+01 -9.063972526820809634e-04 -4.200822662586453475e-04
3.500000000000000000e+01 -1.083461380116776569e-03 -5.137546208620729629e-04
3.600000000000000000e+01 -1.290777843673312532e-03 -6.260090085149278743e-04
3.700000000000000000e+01 -1.532600255128755643e-03 -7.599893665383226742e-04
3.800000000000000000e+01 -1.813760935700418388e-03 -9.192510346903209808e-04
3.900000000000000000e+01 -2.139712260373589220e-03 -1.107795915231368951e-03
4.000000000000000000e+01 -2.516467630238818694e-03 -1.330108435388549851e-03
4.100000000000000000e+01 -2.950469440182170063e-03 -1.591186753945377560e-03
4.200000000000000000e+01 -3.448469649214128650e-03 -1.896562996064073744e-03
4.300000000000000000e+01 -4.017517481624335862e-03 -2.252309910678778997e-03
4.400000000000000000e+01 -4.665088201235386388e-03 -2.665037471003651754e-03
4.500000000000000000e+01 -5.399284314809378940e-03 -3.141886897505358212e-03
4.600000000000000000e+01 -6.228962796639633814e-03 -3.690526972471332590e-03
4.700000000000000000e+01 -7.163653596775759747e-03 -4.319148297736802311e-03
4.800000000000000000e+01 -8.213248081469615158e-03 -5.036441169060057628e-03
4.900000000000000000e+01 -9.387589826661801515e-03 -5.851540487432955670e-03
5.000000000000000000e+01 -1.069618927851667331e-02 -6.773931103526240061e-03
5.100000000000000000e+01 -1.214822859954401042e-02 -7.813324559346962808e-03
5.200000000000000000e+01 -1.375283471629436954e-02 -8.979530837561151835e-03
5.300000000000000000e+01 -1.551938997081915052e-02 -1.028234450200350703e-02
5.400000000000000000e+01 -1.745757056283728237e-02 -1.173144246693452915e-02
5.500000000000000000e+01 -1.957693431139321746e-02 -1.333626437570104538e-02
5.600000000000000000e+01 -2.188616172427941195e-02 -1.510583735862531217e-02
5.700000000000000000e+01 -2.439230867428428956e-02 -1.704852758433824875e-02
5.800000000000000000e+01 -2.710046782616479591e-02 -1.917174306183759558e-02
5.900000000000000000e+01 -3.001399939721458368e-02 -2.148164721574892869e-02
6.000000000000000000e+01 -3.313511077702512020e-02 -2.398294071352508744e-02
6.100000000000000000e+01 -3.646529232325978337e-02 -2.667872230917934726e-02
6.200000000000000000e+01 -4.000516015768128958e-02 -2.957037521008295741e-02
6.300000000000000000e+01 -4.375362156744857373e-02 -3.265739226575929688e-02
6.400000000000000000e+01 -4.770674365737945927e-02 -3.593708675564948746e-02
6.500000000000000000e+01 -5.185695705349432916e-02 -3.940422557580291335e-02
6.600000000000000000e+01 -5.619306869860120346e-02 -4.305070878516893684e-02
6.700000000000000000e+01 -6.070106442033962324e-02 -4.686543157315893604e-02
6.800000000000000000e+01 -6.536516660849463201e-02 -5.083437333612884218e-02
6.900000000000000000e+01 -7.016842634131965906e-02 -5.494081383033201649e-02
7.000000000000000000e+01 -7.509241917199803440e-02 -5.916548486969613191e-02
7.100000000000000000e+01 -8.011621011247900548e-02 -6.348651534238732019e-02
7.200000000000000000e+01 -8.521527151918741050e-02 -6.787920781622786004e-02
7.300000000000000000e+01 -9.036112790265451999e-02 -7.231587519505583428e-02
7.400000000000000000e+01 -9.552208671886069924e-02 -7.676600918665249518e-02
7.500000000000000000e+01 -1.006647509925736039e-01 -8.119688124429709497e-02
7.600000000000000000e+01 -1.057555257144284777e-01 -8.557438906242782750e-02
7.700000000000000000e+01 -1.107613418316035214e-01 -8.986377280778040655e-02
7.800000000000000000e+01 -1.156493277603145992e-01 -9.402990875577901808e-02
7.900000000000000000e+01 -1.203858405196956277e-01 -9.803722122397122429e-02
8.000000000000000000e+01 -1.249356949464950073e-01 -1.018496013202324635e-01
8.100000000000000000e+01 -1.292623288092207001e-01 -1.054307968208990781e-01
8.200000000000000000e+01 -1.333290756476918637e-01 -1.087454369445952362e-01
8.300000000000000000e+01 -1.371010387951612508e-01 -1.117603725840707191e-01
8.400000000000000000e+01 -1.405466885280134415e-01 -1.144457197357450218e-01
8.500000000000000000e+01 -1.436384662194273021e-01 -1.167751550225909485e-01
8.600000000000000000e+01 -1.463522749237383680e-01 -1.187255469054063484e-01
8.700000000000000000e+01 -1.486664022363959892e-01 -1.202765171438776592e-01
8.800000000000000000e+01 -1.505607525255397983e-01 -1.214105963839979818e-01
8.900000000000000000e+01 -1.520170589005984951e-01 -1.221141712637296289e-01
9.000000000000000000e+01 -1.530201246274866533e-01 -1.223787552511193255e-01
9.100000000000000000e+01 -1.535594849641816750e-01 -1.222017765390643329e-01
9.200000000000000000e+01 -1.536305853856949899e-01 -1.215863571439530777e-01
9.300000000000000000e+01 -1.532348266576566420e-01 -1.205402649407418397e-01
9.400000000000000000e+01 -1.523784833701574137e-01 -1.190748083896567000e-01
9.500000000000000000e+01 -1.510711607560476788e-01 -1.172044417003006850e-01
9.600000000000000000e+01 -1.493247057916207154e-01 -1.149472454287212564e-01
9.700000000000000000e+01 -1.471531713023835064e-01 -1.123257138462643023e-01
9.800000000000000000e+01 -1.445737396342088033e-01 -1.093669950476355568e-01
9.900000000000000000e+01 -1.416078787337848588e-01 -1.061021159377415896e-01
1.000000000000000000e+02 -1.382818307958500470e-01 -1.025644720432592194e-01
1.010000000000000000e+02 -1.346259347484688451e-01 -9.878838229736573717e-02
1.020000000000000000e+02 -1.306730029844915819e-01 -9.480840565718770541e-02
1.030000000000000000e+02 -1.264565475840550290e-01 -9.065949416871868505e-02
1.040000000000000000e+02 -1.220097144215806229e-01 -8.637742015644556126e-02
1.050000000000000000e+02 -1.173653026751577400e-01 -8.199875269646782205e-02
1.060000000000000000e+02 -1.125565433880482691e-01 -7.756006227126878427e-02
1.070000000000000000e+02 -1.076178435626881785e-01 -7.309665221659876477e-02
1.080000000000000000e+02 -1.025847657555093578e-01 -6.864146358403985793e-02
1.090000000000000000e+02 -9.749304551344126213e-02 -6.422463838156981797e-02
1.100000000000000000e+02 -9.237708459568637342e-02 -5.987372670896468074e-02
1.110000000000000000e+02 -8.726868064450847562e-02 -5.561409569354334309e-02
1.120000000000000000e+02 -8.219657348050118939e-02 -5.146905080864810217e-02
1.130000000000000000e+02 -7.718685252526759355e-02 -4.745949771982123366e-02
1.140000000000000000e+02 -7.226374810681192307e-02 -4.360336967516401790e-02
1.150000000000000000e+02 -6.745015543444665695e-02 -3.991521799409920163e-02
1.160000000000000000e+02 -6.276749598503418570e-02 -3.640621948626395626e-02
1.170000000000000000e+02 -5.823500345142974821e-02 -3.308455060061892689e-02
1.180000000000000000e+02 -5.386889926623298491e-02 -2.995586136991440496e-02
1.190000000000000000e+02 -4.968196528075236734e-02 -2.702359227995625168e-02
1.200000000000000000e+02 -4.568373746638276778e-02 -2.428906214404499483e-02
1.210000000000000000e+02 -4.188115184448567424e-02 -2.175144703953705086e-02
1.220000000000000000e+02 -3.827923413986095841e-02 -1.940783175695219576e-02
1.230000000000000000e+02 -3.488146991931519864e-02 -1.725343216728848425e-02
1.240000000000000000e+02 -3.168975536579846791e-02 -1.528195205455455674e-02
1.250000000000000000e+02 -2.870411395546066183e-02 -1.348595874162022111e-02
1.260000000000000000e+02 -2.592248913171347341e-02 -1.185717918522580933e-02
1.270000000000000000e+02 -2.334083390270196359e-02 -1.038669411240363341e-02
1.280000000000000000e+02 -2.095350447189069099e-02 -9.065073794084770042e-03
1.290000000000000000e+02 -1.875378007586167572e-02 -7.882513614831049634e-03
1.300000000000000000e+02 -1.673428532161142304e-02 -6.828997522576948573e-03
1.310000000000000000e+02 -1.488718882012647106e-02 -5.894478369420442024e-03
1.320000000000000000e+02 -1.320420693555462467e-02 -5.069045962404011840e-03
1.330000000000000000e+02 -1.167654821036812930e-02 -4.343061001961610185e-03
1.340000000000000000e+02 -1.029493658365606724e-02 -3.707251118252129392e-03
1.350000000000000000e+02 -9.049769076936014026e-03 -3.152777652127926149e-03
1.360000000000000000e+02 -7.931363828858778789e-03 -2.671283353375965633e-03
1.370000000000000000e+02 -6.930201729316169505e-03 -2.254926700137079368e-03
1.380000000000000000e+02 -6.037081516366292304e-03 -1.896404898000390599e-03
1.390000000000000000e+02 -5.243169062513738758e-03 -1.588967065066854189e-03
1.400000000000000000e+02 -4.539980295285002063e-03 -1.326419479213293735e-03
1.410000000000000000e+02 -3.919359188960595299e-03 -1.103123728005027046e-03
1.420000000000000000e+02 -3.373493085075077603e-03 -9.139866235168347215e-04
1.430000000000000000e+02 -2.894968582442176454e-03 -7.544401138771515171e-04
1.440000000000000000e+02 -2.476840486028396467e-03 -6.204113673192507197e-04
1.450000000000000000e+02 -2.112680046217402328e-03 -5.082864057978389539e-04
1.460000000000000000e+02 -1.796584467098789276e-03 -4.148724766720560423e-04
1.470000000000000000e+02 -1.523152441847069839e-03 -3.373632239672522712e-04
1.480000000000000000e+02 -1.287445062395984339e-03 -2.733075259743341593e-04
1.490000000000000000e+02 -1.084951496997797098e-03 -2.205800245619098034e-04
1.500000000000000000e+02 -9.115682381220077592e-04 -1.773507798016041499e-04
1.510000000000000000e+02 -7.635885539666449574e-04 -1.420531317750172795e-04
1.520000000000000000e+02 -6.376924866628563143e-04 -1.133511285899279643e-04
1.530000000000000000e+02 -5.309292322821885721e-04 -9.010902716019356920e-05
1.540000000000000000e+02 -4.406898344314734298e-04 -7.136476706851302692e-05
1.550000000000000000e+02 -3.646739136348762329e-04 -5.630768293795358618e-05
1.560000000000000000e+02 -3.008563721713288647e-04 -4.425933452722039576e-05
1.570000000000000000e+02 -2.474584373434251345e-04 -3.465601340406530774e-05
1.580000000000000000e+02 -2.029240528115872403e-04 -2.703214367261134597e-05
1.590000000000000000e+02 -1.658999127266439443e-04 -2.100471945580642766e-05
