0.000000000000000000e+00 -5.230843387832541812e-06 -1.419845919333903190e-05
1.000000000000000000e+00 -2.435375358282188159e-09 -4.421294286841144503e-09
2.000000000000000000e+00 -3.389645257441891174e-09 -5.905214752563787977e-09
3.000000000000000000e+00 -5.077306721397148984e-09 -8.622529388747386723e-09
4.000000000000000000e+00 -7.589198138252895905e-09 -1.258752122928047764e-08
5.000000000000000000e+00 -1.129052810147061143e-08 -1.829822865078086882e-08
6.000000000000000000e+00 -1.671310822899228367e-08 -2.647398635662590941e-08
7.000000000000000000e+00 -2.461442834799238432e-08 -3.811907606803816946e-08
8.000000000000000000e+00 -3.606819621970559496e-08 -5.462939476960508209e-08
9.000000000000000000e+00 -5.258943508148141132e-08 -7.793593834469126061e-08
1.000000000000000000e+01 -7.630297688668201427e-08 -1.106906633380293725e-07
1.100000000000000000e+01 -1.101681307220730280e-07 -1.565063965483619493e-07
1.200000000000000000e+01 -1.582793544281091105e-07 -2.202722336834522506e-07
1.300000000000000000e+01 -2.262715081133249001e-07 -3.085756990053992426e-07
1.400000000000000000e+01 -3.218648869224870002e-07 -4.302667275757810615e-07
1.500000000000000000e+01 -4.555877956313729727e-07 -5.971944348982869174e-07
1.600000000000000000e+01 -6.417171964813476989e-07 -8.251427064759314660e-07
1.700000000000000000e+01 -8.994898182421637993e-07 -1.134997627985346764e-06
1.800000000000000000e+01 -1.254661551585105162e-06 -1.554206006956868831e-06
1.900000000000000000e+01 -1.741523488542330467e-06 -2.118621417888160215e-06
2.000000000000000000e+01 -2.405501394467173678e-06 -2.874860902698748863e-06
2.100000000000000000e+01 -3.306464866488310522e-06 -3.883294366986330740e-06
2.200000000000000000e+01 -4.522872140855941703e-06 -5.221765174978200878e-06
2.300000000000000000e+01 -6.156909604309708259e-06 -6.990123294637716077e-06
2.400000000000000000e+01 -8.340859286569280635e-06 -9.315672406201410541e-06
2.500000000000000000e+01 -1.124499938617182996e-05 -1.235969630602876053e-05
2.600000000000000000e+01 -1.508735033344201811e-05 -1.632531288285838926e-05
2.700000000000000000e+01 -2.014552041327580484e-05 -2.146696560852264581e-05
2.800000000000000000e+01 -2.677087501979143614e-05 -2.810186773373708213e-05
2.900000000000000000e+01 -3.540535750021035413e-05 -3.662364366002783593e-05
3.000000000000000000e+01 -4.660149058072709334e-05 -4.751827416640021635e-05
3.100000000000000000e+01 -6.104617191033764770e-05 -6.138231540999142201e-05
3.200000000000000000e+01 -7.958866023642744434e-05 -7.894336519410892776e-05
3.300000000000000000e+01 -1.032727610553605877e-04 -1.010830174242228932e-04
3.400000000000000000e+01 -1.333731051959861978e-04 -1.288629928965013053e-04
3.500000000000000000e+01 -1.714358624628388049e-04 -1.635553525982169696e-04
3.600000000000000000e+01 -2.193248649071489554e-04 -2.066771792953815473e-04
3.700000000000000000e+01 -2.792740167678439320e-04 -2.600288251300373059e-04
3.800000000000000000e+01 -3.539455724014463236e-04 -3.257336497361600362e-04
3.900000000000000000e+01 -4.464922542373077406e-04 -4.062774726251891749e-04
4.000000000000000000e+01 -5.606210225756484613e-04 -5.045481925677250661e-04
4.100000000000000000e+01 -7.006582979168334002e-04 -6.238785731281402350e-04
4.200000000000000000e+01 -8.716187036212193423e-04 -7.680950542136048484e-04
4.300000000000000000e+01 -1.079278694142989971e-03 -9.415710531427615550e-04
4.400000000000000000e+01 -1.330251760846630016e-03 -1.149277128915279908e-03
4.500000000000000000e+01 -1.632056899613746129e-03 -1.396818465137547160e-03
4.600000000000000000e+01 -1.993172389888283637e-03 -1.690456316601001829e-03
4.700000000000000000e+01 -2.423074070169213209e-03 -2.037120850362504274e-03
4.800000000000000000e+01 -2.932264696934017839e-03 -2.444427878805042077e-03
4.900000000000000000e+01 -3.532299199524573108e-03 -2.920703071645031675e-03
5.000000000000000000e+01 -4.235797935519458254e-03 -3.474998432968152626e-03
5.100000000000000000e+01 -5.056427435629487835e-03 -4.117073900112030657e-03
5.200000000000000000e+01 -6.008830584502918015e-03 -4.857327327782681031e-03
5.300000000000000000e+01 -7.108507889306616215e-03 -5.706685354325104383e-03
5.400000000000000000e+01 -8.371670989394178891e-03 -6.676490572750890320e-03
5.500000000000000000e+01 -9.815086401274257522e-03 -7.778410772069701933e-03
5.600000000000000000e+01 -1.145589927690330960e-02 -9.024354667526128179e-03
5.700000000000000000e+01 -1.331139994013449609e-02 -1.042634070021750473e-02
5.800000000000000000e+01 -1.539870235188592687e-02 -1.199627245826050646e-02
5.900000000000000000e+01 -1.773434591635400515e-02 -1.374563091205164948e-02
6.000000000000000000e+01 -2.033387274808038520e-02 -1.568515398046354398e-02
6.100000000000000000e+01 -2.321142756509120622e-02 -1.782457744696002919e-02
6.200000000000000000e+01 -2.637937427586056760e-02 -2.017244306360626779e-02
6.300000000000000000e+01 -2.984787267776303765e-02 -2.273589587067099613e-02
6.400000000000000000e+01 -3.362436823247719198e-02 -2.552037641894394637e-02
6.500000000000000000e+01 -3.771301996820879132e-02 -2.852919426735859784e-02
6.600000000000000000e+01 -4.211416078577875921e-02 -3.176308307541007153e-02
6.700000000000000000e+01 -4.682387772987420954e-02 -3.521987715803989727e-02
6.800000000000000000e+01 -5.183371411599862338e-02 -3.889436507353025846e-02
6.900000000000000000e+01 -5.713041107401085894e-02 -4.277823454904553652e-02
7.000000000000000000e+01 -6.269561221463597345e-02 -4.685995659167681987e-02
7.100000000000000000e+01 -6.850555643210552714e-02 -5.112453852693099599e-02
7.200000000000000000e+01 -7.453088570354540754e-02 -5.555324196336284409e-02
7.300000000000000000e+01 -8.073669100703226298e-02 -6.012345940061945837e-02
7.400000000000000000e+01 -8.708280125838775698e-02 -6.480887143232554048e-02
7.500000000000000000e+01 -9.352419430661099153e-02 -6.957981876914991204e-02
7.600000000000000000e+01 -1.000113994393456579e-01 -7.440368806040532912e-02
7.700000000000000000e+01 -1.064908842332349531e-01 -7.924515749763177963e-02
7.800000000000000000e+01 -1.129055589529269626e-01 -8.406634236799588600e-02
7.900000000000000000e+01 -1.191955464990059332e-01 -8.882704628979501416e-02
8.000000000000000000e+01 -1.252992264370631492e-01 -9.348530302367838440e-02
8.100000000000000000e+01 -1.311543902046718724e-01 -9.799819550808010205e-02
8.200000000000000000e+01 -1.366993045574770860e-01 -1.023227371437784722e-01
8.300000000000000000e+01 -1.418736178944246806e-01 -1.064165787454595669e-01
8.400000000000000000e+01 -1.466192343583554714e-01 -1.102384868676747620e-01
8.500000000000000000e+01 -1.508813379952367029e-01 -1.137487636431892130e-01
8.600000000000000000e+01 -1.546096059308087467e-01 -1.169098408666094518e-01
8.700000000000000000e+01 -1.577594311215478606e-01 -1.196871204702001090e-01
8.800000000000000000e+01 -1.602928915529618914e-01 -1.220498897453512477e-01
8.900000000000000000e+01 -1.621793468065980126e-01 -1.239720311268913550e-01
9.000000000000000000e+01 -1.633957901752436104e-01 -1.254323741290118976e-01
9.100000000000000000e+01 -1.639272005533505272e-01 -1.264147915861451865e-01
9.200000000000000000e+01 -1.637670039949460365e-01 -1.269082986301698357e-01
9.300000000000000000e+01 -1.629174924453814233e-01 -1.269073307992180655e-01
9.400000000000000000e+01 -1.613899136719781635e-01 -1.264121297476201999e-01
9.500000000000000000e+01 -1.592040846492854267e-01 -1.254289740479859194e-01
9.600000000000000000e+01 -1.563876704342195001e-01 -1.239700330008269430e-01
9.700000000000000000e+01 -1.529754363755310986e-01 -1.220528612593832357e-01
9.800000000000000000e+01 -1.490086612826060641e-01 -1.196997796937865205e-01
9.900000000000000000e+01 -1.445346095589314095e-01 -1.169374014914327797e-01
1.000000000000000000e+02 -1.396057870311346316e-01 -1.137963526552480953e-01
1.010000000000000000e+02 -1.342788214033454053e-01 -1.103109944600035169e-01
1.020000000000000000e+02 -1.286131014775341863e-01 -1.065189004942587447e-01
1.030000000000000000e+02 -1.226694930581051224e-01 -1.024600198777460558e-01
1.040000000000000000e+02 -1.165093481764161026e-01 -9.817570663452344915e-02
1.050000000000000000e+02 -1.101937441270734730e-01 -9.370788966491462590e-02
1.060000000000000000e+02 -1.037827056578795454e-01 -8.909851943903504545e-02
1.070000000000000000e+02 -9.733424671953462559e-02 -8.438918870439031383e-02
1.080000000000000000e+02 -9.090332006509391216e-02 -7.962070119442130056e-02
1.090000000000000000e+02 -8.454092939006017937e-02 -7.483245614715185179e-02
1.100000000000000000e+02 -7.829358493674672126e-02 -7.006172942559245331e-02
1.110000000000000000e+02 -7.220305620363917654e-02 -6.534306653676320853e-02
1.120000000000000000e+02 -6.630621920597232211e-02 -6.070794507199888529e-02
1.130000000000000000e+02 -6.063484582858427036e-02 -5.618467921277404270e-02
1.140000000000000000e+02 -5.521536579719038551e-02 -5.179839826283959281e-02
1.150000000000000000e+02 -5.006875875533697146e-02 -4.757095068701248236e-02
1.160000000000000000e+02 -4.521069258488352727e-02 -4.352072871824229361e-02
1.170000000000000000e+02 -4.065187401980430160e-02 -3.966253620215669934e-02
1.180000000000000000e+02 -3.639847049259990752e-02 -3.600762493071329312e-02
1.190000000000000000e+02 -3.245248729199880222e-02 -3.256391565388333520e-02
1.200000000000000000e+02 -2.881209582813653788e-02 -2.933630723324830158e-02
1.210000000000000000e+02 -2.547199112816645947e-02 -2.632695672380644392e-02
1.220000000000000000e+02 -2.242384176522202802e-02 -2.353548715550037723e-02
1.230000000000000000e+02 -1.965681615566558516e-02 -2.095917027583694275e-02
1.240000000000000000e+02 -1.715810968818165527e-02 -1.859315981017421043e-02
1.250000000000000000e+02 -1.491340666966546255e-02 -1.643080486031812254e-02
1.260000000000000000e+02 -1.290726723412168389e-02 -1.446400564564183193e-02
1.270000000000000000e+02 -1.112347398703202907e-02 -1.268354554433773901e-02
1.280000000000000000e+02 -9.545371902587794846e-03 -1.107936019849423137e-02
1.290000000000000000e+02 -8.156201744235388670e-03 -9.640753239967273652e-03
1.300000000000000000e+02 -6.939399969894680803e-03 -8.356594960374297623e-03
1.310000000000000000e+02 -5.878839516558835923e-03 -7.215529017755635544e-03
1.320000000000000000e+02 -4.959008033288415419e-03 -6.206181893215439831e-03
1.330000000000000000e+02 -4.165139565574504758e-03 -5.317350158121699963e-03
1.340000000000000000e+02 -3.483317810476866706e-03 -4.538145359469026099e-03
1.350000000000000000e+02 -2.900557911483764989e-03 -3.858095852023252486e-03
1.360000000000000000e+02 -2.404863002949564343e-03 -3.267220157422250082e-03
1.370000000000000000e+02 -1.985250255366373916e-03 -2.756086899721102348e-03
1.380000000000000000e+02 -1.631747327781919461e-03 -2.315866193347010903e-03
1.390000000000000000e+02 -1.335366492554174904e-03 -1.938367859455265071e-03
1.400000000000000000e+02 -1.088065096193580918e-03 -1.616060379426841184e-03
1.410000000000000000e+02 -8.826979535569641792e-04 -1.342069798393546575e-03
1.420000000000000000e+02 -7.129635136201657643e-04 -1.110163636777880374e-03
1.430000000000000000e+02 -5.733440896143022440e-04 -9.147265491047506386e-04
1.440000000000000000e+02 -4.590412125879569883e-04 -7.507320120846601441e-04
1.450000000000000000e+02 -3.659085358600156152e-04 -6.137109157210640306e-04
1.460000000000000000e+02 -2.903851800819846896e-04 -4.997163625599616377e-04
1.470000000000000000e+02 -2.294317194030131191e-04 -4.052846415634079810e-04
1.480000000000000000e+02 -1.804698800197608078e-04 -3.273937736259918685e-04
1.490000000000000000e+02 -1.413262157264285235e-04 -2.634217239681846206e-04
1.500000000000000000e+02 -1.101797987097382031e-04 -2.111059639421062359e-04
1.510000000000000000e+02 -8.551409024460316689e-05 -1.685051514118038850e-04
1.520000000000000000e+02 -6.607327594812484014e-05 -1.339630326026611219e-04
1.530000000000000000e+02 -5.082327319743073336e-05 -1.060745220251901660e-04
1.540000000000000000e+02 -3.891738044302314747e-05 -8.365407761126060775e-05
1.550000000000000000e+02 -2.966629336007307405e-05 -6.570662293482181925e-05
1.560000000000000000e+02 -2.251208174260084456e-05 -5.140122482377874603e-05
1.570000000000000000e+02 -1.700572007370751979e-05 -4.004756930480774809e-05
1.580000000000000000e+02 -1.278782696061392033e-05 -3.107512282927066315e-05
1.590000000000000000e+02 -9.572316579983779561e-06 -2.401478694657963470e-05
