0.000000000000000000e+00 -4.849438667429349223e-07 -2.981220364588485994e-06
1.000000000000000000e+00 -4.333697134991775414e-11 -1.244215060867843765e-10
2.000000000000000000e+00 -6.884953207528135990e-11 -1.858441361772063189e-10
3.000000000000000000e+00 -1.108046455272701070e-10 -2.938102536934986631e-10
4.000000000000000000e+00 -1.773555422857965826e-10 -4.623489314807537482e-10
5.000000000000000000e+00 -2.822627073147025266e-10 -7.238891187765832044e-10
6.000000000000000000e+00 -4.466699211293346197e-10 -1.128060237086431411e-09
7.000000000000000000e+00 -7.028289814400349515e-10 -1.749226660596894334e-09
8.000000000000000000e+00 -1.099632935112173344e-09 -2.697440917727648527e-09
9.000000000000000000e+00 -1.710751682830460423e-09 -4.134915136345654077e-09
1.000000000000000000e+01 -2.646513647420979600e-09 -6.301187336177468494e-09
1.100000000000000000e+01 -4.071141741321653013e-09 -9.550142867336027647e-09
1.200000000000000000e+01 -6.227589040173485688e-09 -1.440128713679194139e-08
1.300000000000000000e+01 -9.473089635629923407e-09 -2.160807462082233759e-08
1.400000000000000000e+01 -1.432971684364327234e-08 -3.225014227281120685e-08
1.500000000000000000e+01 -2.155581304567814547e-08 -4.786396696173405284e-08
1.600000000000000000e+01 -3.224623323784520502e-08 -7.063328478203746798e-08
1.700000000000000000e+01 -4.797207126305056227e-08 -1.036605250493740816e-07
1.800000000000000000e+01 -7.097409875880039274e-08 -1.513336259505873175e-07
1.900000000000000000e+01 -1.044287650935106601e-07 -2.198003235933393300e-07
2.000000000000000000e+01 -1.528115296159660560e-07 -3.175800682203560422e-07
2.100000000000000000e+01 -2.223897925277478563e-07 -4.563836618374552348e-07
2.200000000000000000e+01 -3.218870631692618189e-07 -6.522477267626305514e-07
2.300000000000000000e+01 -4.633716289317378059e-07 -9.270901370513337892e-07
2.400000000000000000e+01 -6.634373087911729168e-07 -1.310749686374795172e-06
2.500000000000000000e+01 -9.447613514489877350e-07 -1.843541906742138063e-06
2.600000000000000000e+01 -1.338145562564556614e-06 -2.579418651939945078e-06
2.700000000000000000e+01 -1.885171617561216107e-06 -3.589973369017977636e-06
2.800000000000000000e+01 -2.641630494162448336e-06 -4.969683001662274411e-06
2.900000000000000000e+01 -3.681919313722665138e-06 -6.842772866620791700e-06
3.000000000000000000e+01 -5.104636818268147496e-06 -9.371904553454826097e-06
3.100000000000000000e+01 -7.039651134417489516e-06 -1.276870256987547518e-05
3.200000000000000000e+01 -9.656959758459101982e-06 -1.730621693926768034e-05
3.300000000000000000e+01 -1.317771066480093380e-05 -2.333382633240130676e-05
3.400000000000000000e+01 -1.788780355545728466e-05 -3.129552785730728003e-05
3.500000000000000000e+01 -2.415453972252571823e-05 -4.175260205102522017e-05
3.600000000000000000e+01 -3.244683543104000815e-05 -5.541113854354791954e-05
3.700000000000000000e+01 -4.335955369362378336e-05 -7.315421732929989931e-05
3.800000000000000000e+01 -5.764253793402799838e-05 -9.607826509591005110e-05
3.900000000000000000e+01 -7.623494238480620641e-05 -1.255335749099516143e-04
4.000000000000000000e+01 -1.003054419739769169e-04 -1.631699407288333286e-04
4.100000000000000000e+01 -1.312988630560590084e-04 -2.109890996559463322e-04
4.200000000000000000e+01 -1.709896993201347583e-04 -2.714053770392663525e-04
4.300000000000000000e+01 -2.215428560479939125e-04 -3.473141442908111130e-04
4.400000000000000000e+01 -2.855817892731336415e-04 -4.421649732864913764e-04
4.500000000000000000e+01 -3.662639634794438237e-04 -5.600346609992377109e-04
4.600000000000000000e+01 -4.673632384625121513e-04 -7.056970342363118407e-04
4.700000000000000000e+01 -5.933584185832096449e-04 -8.846917456040062199e-04
4.800000000000000000e+01 -7.495267614341404906e-04 -1.103398595647064233e-03
4.900000000000000000e+01 -9.420407364243193115e-04 -1.369120361890570608e-03
5.000000000000000000e+01 -1.178065718915647774e-03 -1.690164196325546174e-03
5.100000000000000000e+01 -1.465855595767334620e-03 -2.075899405652427421e-03
5.200000000000000000e+01 -1.814842506942936952e-03 -2.536773529497708245e-03
5.300000000000000000e+01 -2.235716272071307763e-03 -3.084292649626573651e-03
5.400000000000000000e+01 -2.740488502973966421e-03 -3.730995264664067543e-03
5.500000000000000000e+01 -3.342535862197934787e-03 -4.490441214074955209e-03
5.600000000000000000e+01 -4.056616200066197851e-03 -5.377192575485135496e-03
5.700000000000000000e+01 -4.898850453114011322e-03 -6.406721574052468525e-03
5.800000000000000000e+01 -5.886662732116930419e-03 -7.595195294900266431e-03
5.900000000000000000e+01 -7.038671542779232834e-03 -8.959163904866741454e-03
6.000000000000000000e+01 -8.374526381801146446e-03 -1.051524828659693503e-02
6.100000000000000000e+01 -9.914684878058738562e-03 -1.227989820420997795e-02
6.200000000000000000e+01 -1.168012529062652759e-02 -1.426917282927015786e-02
6.300000000000000000e+01 -1.369198859074962499e-02 -1.649839708287584999e-02
6.400000000000000000e+01 -1.597114634779132902e-02 -1.898159633162483859e-02
6.500000000000000000e+01 -1.853769654827192026e-02 -2.173079468744047726e-02
6.600000000000000000e+01 -2.141039608872915417e-02 -2.475540106783538294e-02
6.700000000000000000e+01 -2.460604028544817815e-02 -2.806183114903905429e-02
6.800000000000000000e+01 -2.813879536001325649e-02 -3.165326354472200454e-02
6.900000000000000000e+01 -3.201948747052348054e-02 -3.552925867583143354e-02
7.000000000000000000e+01 -3.625486121157148189e-02 -3.968509184165318338e-02
7.100000000000000000e+01 -4.084683910396469386e-02 -4.411098305228176170e-02
7.200000000000000000e+01 -4.579182369715274759e-02 -4.879160653764257755e-02
7.300000000000000000e+01 -5.108007100021896146e-02 -5.370608757628467234e-02
7.400000000000000000e+01 -5.669513960452469969e-02 -5.882828648509182135e-02
7.500000000000000000e+01 -6.261341661231294153e-02 -6.412695109852015185e-02
7.600000000000000000e+01 -6.880375436329390360e-02 -6.956554886478369393e-02
7.700000000000000000e+01 -7.522728884831100804e-02 -7.510205657775406718e-02
7.800000000000000000e+01 -8.183749929766562237e-02 -8.068919888613504399e-02
7.900000000000000000e+01 -8.858050324984166612e-02 -8.627533456924924016e-02
8.000000000000000000e+01 -9.539552884650169540e-02 -9.180567159323582693e-02
8.100000000000000000e+01 -1.022155356721881625e-01 -9.722328338700701733e-02
8.200000000000000000e+01 -1.089680432583546438e-01 -1.024697233928414525e-01
8.300000000000000000e+01 -1.155762596611548121e-01 -1.074855571890063199e-01
8.400000000000000000e+01 -1.219605104819983521e-01 -1.122113052641828812e-01
8.500000000000000000e+01 -1.280398318703497018e-01 -1.165889339435853128e-01
8.600000000000000000e+01 -1.337335700934448868e-01 -1.205635171779741166e-01
8.700000000000000000e+01 -1.389629668934712348e-01 -1.240845425619632042e-01
8.800000000000000000e+01 -1.436528452446942383e-01 -1.271066845378597820e-01
8.900000000000000000e+01 -1.477334589514066321e-01 -1.295903406652451906e-01
9.000000000000000000e+01 -1.511423630183471312e-01 -1.315023483739759247e-01
9.100000000000000000e+01 -1.538260416316501178e-01 -1.328169791009631562e-01
9.200000000000000000e+01 -1.557411608248240598e-01 -1.335168966212867403e-01
9.300000000000000000e+01 -1.568555550372429108e-01 -1.335936742754499085e-01
9.400000000000000000e+01 -1.571491184304405486e-01 -1.330477509308843620e-01
9.500000000000000000e+01 -1.566145723724192418e-01 -1.318880610225925121e-01
9.600000000000000000e+01 -1.552578696727056062e-01 -1.301316647975561958e-01
9.700000000000000000e+01 -1.530980495495642690e-01 -1.278034874977024837e-01
9.800000000000000000e+01 -1.501666234760200835e-01 -1.249359979220104749e-01
9.900000000000000000e+01 -1.465067324603043231e-01 -1.215685836483944016e-01
1.000000000000000000e+02 -1.421721915578605389e-01 -1.177465514069785946e-01
1.010000000000000000e+02 -1.372263124368707787e-01 -1.135199107853448186e-01
1.020000000000000000e+02 -1.317403690766738578e-01 -1.089421794841792246e-01
1.030000000000000000e+02 -1.257917692985982827e-01 -1.040693347990710727e-01
1.040000000000000000e+02 -1.194621511951115683e-01 -9.895885890016609121e-02
1.050000000000000000e+02 -1.128355507724110307e-01 -9.366874699146232608e-02
1.060000000000000000e+02 -1.059966138701399913e-01 -8.825641819282979694e-02
1.070000000000000000e+02 -9.902879650793124100e-02 -8.277760378254182816e-02
1.080000000000000000e+02 -9.201263142078752733e-02 -7.728535906216386919e-02
1.090000000000000000e+02 -8.502421920066675909e-02 -7.182929854685859983e-02
1.100000000000000000e+02 -7.813400198864565993e-02 -6.645504291219538062e-02
1.110000000000000000e+02 -7.140573815142157998e-02 -6.120379135560347766e-02
1.120000000000000000e+02 -6.489561892596108772e-02 -5.611195033841386015e-02
1.130000000000000000e+02 -5.865161679642324349e-02 -5.121082698535214112e-02
1.140000000000000000e+02 -5.271320276709549890e-02 -4.652645270019574453e-02
1.150000000000000000e+02 -4.711142023960165209e-02 -4.207958895574522712e-02
1.160000000000000000e+02 -4.186913841827692023e-02 -3.788590249199965537e-02
1.170000000000000000e+02 -3.700134487835811392e-02 -3.395624422930618169e-02
1.180000000000000000e+02 -3.251552984819226777e-02 -3.029696831911410718e-02
1.190000000000000000e+02 -2.841231064633471803e-02 -2.691027240993538669e-02
1.200000000000000000e+02 -2.468631473072383994e-02 -2.379457935829199650e-02
1.210000000000000000e+02 -2.132714596479865637e-02 -2.094498022016061736e-02
1.220000000000000000e+02 -1.832024145825955630e-02 -1.835372676982100631e-02
1.230000000000000000e+02 -1.564760084671232981e-02 -1.601073422097101448e-02
1.240000000000000000e+02 -1.328851968711619938e-02 -1.390405608134768350e-02
1.250000000000000000e+02 -1.122041427223974611e-02 -1.202031712584695003e-02
1.260000000000000000e+02 -9.419661699078903452e-03 -1.034511241265360926e-02
1.270000000000000000e+02 -7.862301714910488806e-03 -8.863382886379757297e-03
1.280000000000000000e+02 -6.524536739657526251e-03 -7.559765524984250057e-03
1.290000000000000000e+02 -5.383104065315003073e-03 -6.418904717702633017e-03
1.300000000000000000e+02 -4.415625024989948758e-03 -5.425712625170591580e-03
1.310000000000000000e+02 -3.600948991064304924e-03 -4.565576763752792790e-03
1.320000000000000000e+02 -2.919424393123081721e-03 -3.824522429348757406e-03
1.330000000000000000e+02 -2.353038080148987278e-03 -3.189339056361477787e-03
1.340000000000000000e+02 -1.885440212076347315e-03 -2.647675053675178827e-03
1.350000000000000000e+02 -1.501921416795422423e-03 -2.188101394933633995e-03
1.360000000000000000e+02 -1.189387947038037701e-03 -1.800144203525991249e-03
1.370000000000000000e+02 -9.363282726953603766e-04 -1.474289663532917134e-03
1.380000000000000000e+02 -7.327417840009468148e-04 -1.201967252474662020e-03
1.390000000000000000e+02 -5.700212314433752980e-04 -9.755173984537710268e-04
1.400000000000000000e+02 -4.408112236936797277e-04 -7.881478654130232540e-04
1.410000000000000000e+02 -3.388715813648730465e-04 -6.338814124472976538e-04
1.420000000000000000e+02 -2.589566146636933892e-04 -5.074967141436175812e-04
1.430000000000000000e+02 -1.967030771125358971e-04 -4.044648770687885768e-04
1.440000000000000000e+02 -1.485173614115779122e-04 -3.208841939980614432e-04
1.450000000000000000e+02 -1.114623419648167585e-04 -2.534154918954374669e-04
1.460000000000000000e+02 -8.315210316695294626e-05 -1.992197081889370903e-04
1.470000000000000000e+02 -6.166138292426693907e-05 -1.558986372720273480e-04
1.480000000000000000e+02 -4.544990048060059892e-05 -1.214394045969970873e-04
1.490000000000000000e+02 -3.329734518838348199e-05 -9.416309372700105409e-05
1.500000000000000000e+02 -2.424551200973996040e-05 -7.267787361289281044e-05
1.510000000000000000e+02 -1.754714271585034753e-05 -5.583682561824576576e-05
1.520000000000000000e+02 -1.262270179975169149e-05 -4.270046697135743716e-05
1.530000000000000000e+02 -9.025543939816588532e-06 -3.250378828525740584e-05
1.540000000000000000e+02 -6.414288561385594015e-06 -2.462751537029647398e-05
1.550000000000000000e+02 -4.530482891350604677e-06 -1.857326401164168051e-05
1.560000000000000000e+02 -3.180131500524159417e-06 -1.394224550068907950e-05
1.570000000000000000e+02 -2.218537781840729920e-06 -1.041717673817411279e-05
1.580000000000000000e+02 -1.538305477870094285e-06 -7.747045345350813265e-06
1.590000000000000000e+02 -1.060190445651848173e-06 -5.734383029011290794e-06
