0.000000000000000000e+00 -4.161735492023956528e-06 -5.333623265724693348e-08
1.000000000000000000e+00 1.455620680737278713e-05 7.860666044953410426e-08
2.000000000000000000e+00 1.456332589570076348e-05 1.046548372333762356e-07
3.000000000000000000e+00 1.780265716300075086e-05 1.499181713703697001e-07
4.000000000000000000e+00 2.215846812521251040e-05 2.141672838385137633e-07
5.000000000000000000e+00 2.758035733210268585e-05 3.044092242723308350e-07
6.000000000000000000e+00 3.424757530509945714e-05 4.304308915986370147e-07
7.000000000000000000e+00 4.241037315720490623e-05 6.054683604119495651e-07
8.000000000000000000e+00 5.237229294747371242e-05 8.472874310089255671e-07
9.000000000000000000e+00 6.449322380172313289e-05 1.179590805434980957e-06
1.000000000000000000e+01 7.919697454783856526e-05 1.633817889530564412e-06
1.100000000000000000e+01 9.698067344354762797e-05 2.251427823164114303e-06
1.200000000000000000e+01 1.184255156534459329e-04 3.086776086865594509e-06
1.300000000000000000e+01 1.442086977170384406e-04 4.210713340059282019e-06
1.400000000000000000e+01 1.751163542237131956e-04 5.715056729459024707e-06
1.500000000000000000e+01 2.120573182038363333e-04 7.718105711118203365e-06
1.600000000000000000e+01 2.560776794020567029e-04 1.037139754512167397e-05
1.700000000000000000e+01 3.083763805450383689e-04 1.386792142318007680e-05
1.800000000000000000e+01 3.703222972410129136e-04 1.845203243130581205e-05
1.900000000000000000e+01 4.434731533547982079e-04 2.443132723469765242e-05
2.000000000000000000e+01 5.295961082956158724e-04 3.219076077479166958e-05
2.100000000000000000e+01 6.306890821064696593e-04 4.220929393535899181e-05
2.200000000000000000e+01 7.490013238467587700e-04 5.507936689507959035e-05
2.300000000000000000e+01 8.870519292046786164e-04 7.152948703265906078e-05
2.400000000000000000e+01 1.047646181881110600e-03 9.245020188456776287e-05
2.500000000000000000e+01 1.233891255513306241e-03 1.189236949623880246e-04
2.600000000000000000e+01 1.449213810488792593e-03 1.522571882100487179e-04
2.700000000000000000e+01 1.697381124384565124e-03 1.940202594895350458e-04
2.800000000000000000e+01 1.982524299355268704e-03 2.460860829927984128e-04
2.900000000000000000e+01 2.309158148822670290e-03 3.106764742284056952e-04
3.000000000000000000e+01 2.682190298384672968e-03 3.904104681137797244e-04
3.100000000000000000e+01 3.106914368978013624e-03 4.883559707223143753e-04
3.200000000000000000e+01 3.588989081056591021e-03 6.080837983988890329e-04
3.300000000000000000e+01 4.134413375951958777e-03 7.537231561953749732e-04
3.400000000000000000e+01 4.749511195277939316e-03 9.300173251940019314e-04
3.500000000000000000e+01 5.440933351710747559e-03 1.142378042295478418e-03
3.600000000000000000e+01 6.215668467887295462e-03 1.396936751729464148e-03
3.700000000000000000e+01 7.081038398049600661e-03 1.700590559405206923e-03
3.800000000000000000e+01 8.044648380096122708e-03 2.061040322951184119e-03
3.900000000000000000e+01 9.114277233510022572e-03 2.486817937470763018e-03
4.000000000000000000e+01 1.029772507114324644e-02 2.987299642270654747e-03
4.100000000000000000e+01 1.160266754470821657e-02 3.572702100219210183e-03
4.200000000000000000e+01 1.303657205607336791e-02 4.254057928491614647e-03
4.300000000000000000e+01 1.460669783975008379e-02 5.043167087676521734e-03
4.400000000000000000e+01 1.632013904951900435e-02 5.952520164486163612e-03
4.500000000000000000e+01 1.818381533266864164e-02 6.995189633932455756e-03
4.600000000000000000e+01 2.020431232121792930e-02 8.184686128545415676e-03
4.700000000000000000e+01 2.238754520059157635e-02 9.534778215469517926e-03
4.800000000000000000e+01 2.473833452198804378e-02 1.105927497439652789e-02
4.900000000000000000e+01 2.726007346681538768e-02 1.277177005102354650e-02
5.000000000000000000e+01 2.995465360423743562e-02 1.468534513035472770e-02
5.100000000000000000e+01 3.282267777123459851e-02 1.681223264688120819e-02
5.200000000000000000e+01 3.586378824927787673e-02 1.916344283772438567e-02
5.300000000000000000e+01 3.907680606459627143e-02 2.174836528510956310e-02
5.400000000000000000e+01 4.245943001909269904e-02 2.457435448827780672e-02
5.500000000000000000e+01 4.600749619934982326e-02 2.764630282525822741e-02
5.600000000000000000e+01 4.971412280318873722e-02 3.096620120419169356e-02
5.700000000000000000e+01 5.356924469464415667e-02 3.453269678972087364e-02
5.800000000000000000e+01 5.755990675362598896e-02 3.834067415361789438e-02
5.900000000000000000e+01 6.167125211903697751e-02 4.238089243746898799e-02
6.000000000000000000e+01 6.588765177837059561e-02 4.663969378879773142e-02
6.100000000000000000e+01 7.019321382821690214e-02 5.109877229077720157e-02
6.200000000000000000e+01 7.457119525597824539e-02 5.573499199159163975e-02
6.300000000000000000e+01 7.900252353872069810e-02 6.052027977345705856e-02
6.400000000000000000e+01 8.346432234020040308e-02 6.542165609617656141e-02
6.500000000000000000e+01 8.792953746116849434e-02 7.040144914144998156e-02
6.600000000000000000e+01 9.236823218792315771e-02 7.541766511980949050e-02
6.700000000000000000e+01 9.675009726350736194e-02 8.042443622383174673e-02
6.800000000000000000e+01 1.010468289931470837e-01 8.537251251568654664e-02
6.900000000000000000e+01 1.052329112654507848e-01 9.020987114778140914e-02
7.000000000000000000e+01 1.092842016081692902e-01 9.488255303798973084e-02
7.100000000000000000e+01 1.131751327485792380e-01 9.933572427475194366e-02
7.200000000000000000e+01 1.168764146338915760e-01 1.035147987276700543e-01
7.300000000000000000e+01 1.203550633317029689e-01 1.073664468665373045e-01
7.400000000000000000e+01 1.235772695684540512e-01 1.108395037699828195e-01
7.500000000000000000e+01 1.265127872666193531e-01 1.138859716968808888e-01
7.600000000000000000e+01 1.291383537771665924e-01 1.164622420314370549e-01
7.700000000000000000e+01 1.314380088561066529e-01 1.185303713966077421e-01
7.800000000000000000e+01 1.333999882092264389e-01 1.200590703582123803e-01
7.900000000000000000e+01 1.350120788449639120e-01 1.210242532641724184e-01
8.000000000000000000e+01 1.362584977317553292e-01 1.214093767990360451e-01
8.100000000000000000e+01 1.371206026481838758e-01 1.212059098692084003e-01
8.200000000000000000e+01 1.375814030619440520e-01 1.204139458520966655e-01
8.300000000000000000e+01 1.376313463280836868e-01 1.190425564173615003e-01
8.400000000000000000e+01 1.372718373288210614e-01 1.171095131718468130e-01
8.500000000000000000e+01 1.365141600335480210e-01 1.146404936295326582e-01
8.600000000000000000e+01 1.353742567279273001e-01 1.116682830789541003e-01
8.700000000000000000e+01 1.338664660202631418e-01 1.082322922262800718e-01
8.800000000000000000e+01 1.320000905535972657e-01 1.043781331006808227e-01
8.900000000000000000e+01 1.297809745734546383e-01 1.001567263180092177e-01
9.000000000000000000e+01 1.272171369301385857e-01 9.562280338221230969e-02
9.100000000000000000e+01 1.243249056503139827e-01 9.083327373988374365e-02
9.200000000000000000e+01 1.211315955233706054e-01 8.584602321416182069e-02
9.300000000000000000e+01 1.176728515377147566e-01 8.071917449112690768e-02
9.400000000000000000e+01 1.139860750859679334e-01 7.551030964246964461e-02
9.500000000000000000e+01 1.101037839384932798e-01 7.027525959609474959e-02
9.600000000000000000e+01 1.060507776104694377e-01 6.506666810863805106e-02
9.700000000000000000e+01 1.018465844943390597e-01 5.993290992651141569e-02
9.800000000000000000e+01 9.751139607598653669e-02 5.491765113965581951e-02
9.900000000000000000e+01 9.307159643563447937e-02 5.005974945854815839e-02
1.000000000000000000e+02 8.856133664929410898e-02 4.539299838712749363e-02
1.010000000000000000e+02 8.401911945544154880e-02 4.094561216188171565e-02
1.020000000000000000e+02 7.948144521613127733e-02 3.673982518584809065e-02
1.030000000000000000e+02 7.497729387884569108e-02 3.279198288744113177e-02
1.040000000000000000e+02 7.052656040249946634e-02 2.911306730992477970e-02
1.050000000000000000e+02 6.614304190132165584e-02 2.570926199670765799e-02
1.060000000000000000e+02 6.183983243582574091e-02 2.258228334464072035e-02
1.070000000000000000e+02 5.763368491144747058e-02 1.972959303079516169e-02
1.080000000000000000e+02 5.354574648806140896e-02 1.714479126600258058e-02
1.090000000000000000e+02 4.959843079827472301e-02 1.481829753241999982e-02
1.100000000000000000e+02 4.581053368869176384e-02 1.273812449576482327e-02
1.110000000000000000e+02 4.219360214644064105e-02 1.089048989959668159e-02
1.120000000000000000e+02 3.875159346729691728e-02 9.260218185526750828e-03
1.130000000000000000e+02 3.548376070240438773e-02 7.831089424123697379e-03
1.140000000000000000e+02 3.238882356269777441e-02 6.586279589781989310e-03
1.150000000000000000e+02 2.946792238995189772e-02 5.508863588729730892e-03
1.160000000000000000e+02 2.672482225980549186e-02 4.582239580136661904e-03
1.170000000000000000e+02 2.416361629454829435e-02 3.790389243781477555e-03
1.180000000000000000e+02 2.178562383152511314e-02 3.118019776368918892e-03
1.190000000000000000e+02 1.958746057218097372e-02 2.550687495642987856e-03
1.200000000000000000e+02 1.756134360242506826e-02 2.074944046314311334e-03
1.210000000000000000e+02 1.569726894978270421e-02 1.678464349356037109e-03
1.220000000000000000e+02 1.398565969975325458e-02 1.350101274965518489e-03
1.230000000000000000e+02 1.241898935366481452e-02 1.079862623268339943e-03
1.240000000000000000e+02 1.099167632963625463e-02 8.588528084899894844e-04
1.250000000000000000e+02 9.698640214635323095e-03 6.792187851753753343e-04
1.260000000000000000e+02 8.533619761054943992e-03 5.341042961329578714e-04
1.270000000000000000e+02 7.488316674816714730e-03 4.175928833185146827e-04
1.280000000000000000e+02 6.552784460829478609e-03 3.246273449751657506e-04
1.290000000000000000e+02 5.716696810192166238e-03 2.509140630024744704e-04
1.300000000000000000e+02 4.970679970729531896e-03 1.928298445237809243e-04
1.310000000000000000e+02 4.306986160651829140e-03 1.473410084004037968e-04
1.320000000000000000e+02 3.719279293079191806e-03 1.119321696793205056e-04
1.330000000000000000e+02 3.201844094834841066e-03 8.453809058916120906e-05
1.340000000000000000e+02 2.748793123565574249e-03 6.347651173952954958e-05
1.350000000000000000e+02 2.353733015784737446e-03 4.738531524420582219e-05
1.360000000000000000e+02 2.009998510232507106e-03 3.516805595054915869e-05
1.370000000000000000e+02 1.711217273302492303e-03 2.594873243652397096e-05
1.380000000000000000e+02 1.451825634952184267e-03 1.903377645119173184e-05
1.390000000000000000e+02 1.227257397863087138e-03 1.387894826930535186e-05
1.400000000000000000e+02 1.033767153067754541e-03 1.006027319470974417e-05
1.410000000000000000e+02 8.680598476767309099e-04 7.249325151468834070e-06
1.420000000000000000e+02 7.269660015351960209e-04 5.193127845311120694e-06
1.430000000000000000e+02 6.073208444745520872e-04 3.698220899618048724e-06
1.440000000000000000e+02 5.060551626402952667e-04 2.617942513517102933e-06
1.450000000000000000e+02 4.203858128876756368e-04 1.842067905155361566e-06
1.460000000000000000e+02 3.479649027264444631e-04 1.288336368031858618e-06
1.470000000000000000e+02 2.869036870418650506e-04 8.956831143591111628e-07
1.480000000000000000e+02 2.356773225816903637e-04 6.190154693117401217e-07
1.490000000000000000e+02 1.929806893693696793e-04 4.252653887880711373e-07
1.500000000000000000e+02 1.576144029547047994e-04 2.903941757389686417e-07
1.510000000000000000e+02 1.284434140001821485e-04 1.970809603372052491e-07
1.520000000000000000e+02 1.044204382797483428e-04 1.329320504742928545e-07
1.530000000000000000e+02 8.463398706544512744e-05 8.912210417635914405e-08
1.540000000000000000e+02 6.833920391711095039e-05 5.939570709773321631e-08
1.550000000000000000e+02 5.495153716610255636e-05 3.934872628620670466e-08
1.560000000000000000e+02 4.400982566200034997e-05 2.590871444146120617e-08
1.570000000000000000e+02 3.513061987777893274e-05 1.695235558291666503e-08
1.580000000000000000e+02 2.797449250416415023e-05 1.102246919063903859e-08
1.590000000000000000e+02 2.223314632539401348e-05 7.123080278403387336e-09
