0.000000000000000000e+00 -9.850688371661696884e-04 -2.574970837985759686e-07
1.000000000000000000e+00 1.033721849436514866e-03 1.321618016335228431e-06
2.000000000000000000e+00 8.263454100182966895e-04 1.496810623257757742e-06
3.000000000000000000e+00 8.257733139248918559e-04 1.943649132871316791e-06
4.000000000000000000e+00 8.897872316322770090e-04 2.543057451013223217e-06
5.000000000000000000e+00 9.830312980583105504e-04 3.320567411705593341e-06
6.000000000000000000e+00 1.094879832291774770e-03 4.321471224280101782e-06
7.000000000000000000e+00 1.222316798697251333e-03 5.604243850909221357e-06
8.000000000000000000e+00 1.364891751346590867e-03 7.241891320080996601e-06
9.000000000000000000e+00 1.523138786062575760e-03 9.324752181263608650e-06
1.000000000000000000e+01 1.698022083412913932e-03 1.196403527215752545e-05
1.100000000000000000e+01 1.890691374440721167e-03 1.529603127899246842e-05
1.200000000000000000e+01 2.102355208884568259e-03 1.948705126581032750e-05
1.300000000000000000e+01 2.334227159371773941e-03 2.473917770304649992e-05
1.400000000000000000e+01 2.587534108888513932e-03 3.129692384463693980e-05
1.500000000000000000e+01 2.863575319686284103e-03 3.945489880230718360e-05
1.600000000000000000e+01 3.163810279301811253e-03 4.956657001105330428e-05
1.700000000000000000e+01 3.489942758919045880e-03 6.205420788527201120e-05
1.800000000000000000e+01 3.843963908038184728e-03 7.742009167682777819e-05
1.900000000000000000e+01 4.228122341018066173e-03 9.625905390430448310e-05
2.000000000000000000e+01 4.644806731009013326e-03 1.192724381597780244e-04
2.100000000000000000e+01 5.096356034134969827e-03 1.472835331186027634e-04
2.200000000000000000e+01 5.584847005973784390e-03 1.812545167722248349e-04
2.300000000000000000e+01 6.111933661297676290e-03 2.223048944453213482e-04
2.400000000000000000e+01 6.678812987622423196e-03 2.717313481357492774e-04
2.500000000000000000e+01 7.286358687463067099e-03 3.310288495405126741e-04
2.600000000000000000e+01 7.935408353699128711e-03 4.019128443519849061e-04
2.700000000000000000e+01 8.627129120647499677e-03 4.863423034272033527e-04
2.800000000000000000e+01 9.363343240714968457e-03 5.865434371956035299e-04
2.900000000000000000e+01 1.014668254593313265e-02 7.050338282385614852e-04
3.000000000000000000e+01 1.098046792671890717e-02 8.446465866164274208e-04
3.100000000000000000e+01 1.186828085598283511e-02 1.008553860947189332e-03
3.200000000000000000e+01 1.281330104459122224e-02 1.200288749076102671e-03
3.300000000000000000e+01 1.381759742658209000e-02 1.423764545875934621e-03
3.400000000000000000e+01 1.488162803545101803e-02 1.683290494143325480e-03
3.500000000000000000e+01 1.600418054818552455e-02 1.983583658616793182e-03
3.600000000000000000e+01 1.718285866874843734e-02 2.329776782893481796e-03
3.700000000000000000e+01 1.841503039989076523e-02 2.727421505337457482e-03
3.800000000000000000e+01 1.969897327584466465e-02 3.182485053592686366e-03
3.900000000000000000e+01 2.103484179256904368e-02 3.701337308076493859e-03
4.000000000000000000e+01 2.242507825754029571e-02 4.290725246368760903e-03
4.100000000000000000e+01 2.387400304925045569e-02 4.957733959920974064e-03
4.200000000000000000e+01 2.538655101937396102e-02 5.709736573989822664e-03
4.300000000000000000e+01 2.696642935244732142e-02 6.554336712326669888e-03
4.400000000000000000e+01 2.861426064122054094e-02 7.499304224147727328e-03
4.500000000000000000e+01 3.032640377196494166e-02 8.552498608985551615e-03
4.600000000000000000e+01 3.209500934167396763e-02 9.721770031410423979e-03
4.700000000000000000e+01 3.390947782117682135e-02 1.101483109439048425e-02
4.800000000000000000e+01 3.575898963248939910e-02 1.243910456514294056e-02
4.900000000000000000e+01 3.763535950082205761e-02 1.400156505742910194e-02
5.000000000000000000e+01 3.953527387140822608e-02 1.570859347821619567e-02
5.100000000000000000e+01 4.146105337521037437e-02 1.756584558697706078e-02
5.200000000000000000e+01 4.341944105462675757e-02 1.957811048762644890e-02
5.300000000000000000e+01 4.541851120580046863e-02 2.174912485804272183e-02
5.400000000000000000e+01 4.746349720849192544e-02 2.408133214364644933e-02
5.500000000000000000e+01 4.955289966569034754e-02 2.657562344397731632e-02
5.600000000000000000e+01 5.167636149108177646e-02 2.923112987201647445e-02
5.700000000000000000e+01 5.381532589863662758e-02 3.204511529946255793e-02
5.800000000000000000e+01 5.594655544330751074e-02 3.501294407814596610e-02
5.900000000000000000e+01 5.804755894668811589e-02 3.812802635075404623e-02
6.000000000000000000e+01 6.010224730256525510e-02 4.138164836045134243e-02
6.100000000000000000e+01 6.210494230025050827e-02 4.476269943476363089e-02
6.200000000000000000e+01 6.406122447129158903e-02 4.825744010807585249e-02
6.300000000000000000e+01 6.598496138001219702e-02 5.184949317007455510e-02
6.400000000000000000e+01 6.789206829283490896e-02 5.552011294513771456e-02
6.500000000000000000e+01 6.979281275685303432e-02 5.924857244900955805e-02
6.600000000000000000e+01 7.168528599474068008e-02 6.301239007055835228e-02
6.700000000000000000e+01 7.355254992529131064e-02 6.678724100280401810e-02
6.800000000000000000e+01 7.536481672225602002e-02 7.054670740870747081e-02
6.900000000000000000e+01 7.708624781010316174e-02 7.426226035026459171e-02
7.000000000000000000e+01 7.868430694131327285e-02 7.790378413352096187e-02
7.100000000000000000e+01 8.013868069489532564e-02 8.144055116462912969e-02
7.200000000000000000e+01 8.144681178884755068e-02 8.484214728501598968e-02
7.300000000000000000e+01 8.262399214907222011e-02 8.807882530463581605e-02
7.400000000000000000e+01 8.369754013812097382e-02 9.112122845553322081e-02
7.500000000000000000e+01 8.469653246815531111e-02 9.394002619324702541e-02
7.600000000000000000e+01 8.564031044300664253e-02 9.650619485907091510e-02
7.700000000000000000e+01 8.652976897123688949e-02 9.879220212297112891e-02
7.800000000000000000e+01 8.734471843310372130e-02 1.007735534862212595e-01
7.900000000000000000e+01 8.804851997449167356e-02 1.024297345475030929e-01
8.000000000000000000e+01 8.859859676191507438e-02 1.037439876531760785e-01
8.100000000000000000e+01 8.895939977111277930e-02 1.047023287406833453e-01
8.200000000000000000e+01 8.911362983661616499e-02 1.052929093873739008e-01
8.300000000000000000e+01 8.906805288781323438e-02 1.055065825981727629e-01
8.400000000000000000e+01 8.885182149911882710e-02 1.053384677497695709e-01
8.500000000000000000e+01 8.850748537489570855e-02 1.047893322860626864e-01
8.600000000000000000e+01 8.807733459457793568e-02 1.038656227590756959e-01
8.700000000000000000e+01 8.758956648811980217e-02 1.025780493049955194e-01
8.800000000000000000e+01 8.704911236473984737e-02 1.009398498790669008e-01
8.900000000000000000e+01 8.643642237366461201e-02 9.896613405437487687e-02
9.000000000000000000e+01 8.571463543979962463e-02 9.667473914469754126e-02
9.100000000000000000e+01 8.484260663590156848e-02 9.408764776200082003e-02
9.200000000000000000e+01 8.378940575007798319e-02 9.123145021277705158e-02
9.300000000000000000e+01 8.254561879826380344e-02 8.813611599816532916e-02
9.400000000000000000e+01 8.112788778631453701e-02 8.483278575007424660e-02
9.500000000000000000e+01 7.957518462401298731e-02 8.135212098147905080e-02
9.600000000000000000e+01 7.793788165190546069e-02 7.772422267311632216e-02
9.700000000000000000e+01 7.626312231937285024e-02 7.397973218878600710e-02
9.800000000000000000e+01 7.458142538642563435e-02 7.015071179893954401e-02
9.900000000000000000e+01 7.289911790219302801e-02 6.627015560558913165e-02
1.000000000000000000e+02 7.119905787315275458e-02 6.237023759928271571e-02
1.010000000000000000e+02 6.944907803987918071e-02 5.848051447415124338e-02
1.020000000000000000e+02 6.761498297774937161e-02 5.462729989794389007e-02
1.030000000000000000e+02 6.567369728953033337e-02 5.083437656943864957e-02
1.040000000000000000e+02 6.362243835560840721e-02 4.712409276038682232e-02
1.050000000000000000e+02 6.148119483525690820e-02 4.351768036169672421e-02
1.060000000000000000e+02 5.928787262230160449e-02 4.003444433095778437e-02
1.070000000000000000e+02 5.708776870886169558e-02 3.669051700878674799e-02
1.080000000000000000e+02 5.492092591638775279e-02 3.349821992030222600e-02
1.090000000000000000e+02 5.281166123143919006e-02 3.046649454038346735e-02
1.100000000000000000e+02 5.076370822616671497e-02 2.760194503945623962e-02
1.110000000000000000e+02 4.876226404213259563e-02 2.490960493633143091e-02
1.120000000000000000e+02 4.678174811849965253e-02 2.239291172292953019e-02
1.130000000000000000e+02 4.479630874149319320e-02 2.005313536779400677e-02
1.140000000000000000e+02 4.278957309786520641e-02 1.788895842087047383e-02
1.150000000000000000e+02 4.076071409784520760e-02 1.589670202529304410e-02
1.160000000000000000e+02 3.872521005357214274e-02 1.407109349215328667e-02
1.170000000000000000e+02 3.671033203739178241e-02 1.240603887173693728e-02
1.180000000000000000e+02 3.474703768793192121e-02 1.089494067074285762e-02
1.190000000000000000e+02 3.286109212572727728e-02 9.530547767010087712e-03
1.200000000000000000e+02 3.106640036922113379e-02 8.304709882847732816e-03
1.210000000000000000e+02 2.936259040737414575e-02 7.208420047732303458e-03
1.220000000000000000e+02 2.773723945662466897e-02 6.232217212897056720e-03
1.230000000000000000e+02 2.617153256377629730e-02 5.366700241662210498e-03
1.240000000000000000e+02 2.464720284661829630e-02 4.602841914776482739e-03
1.250000000000000000e+02 2.315250649069492545e-02 3.931994536342029237e-03
1.260000000000000000e+02 2.168554431493156798e-02 3.345733088366763600e-03
1.270000000000000000e+02 2.025417169510980789e-02 2.835770382685745550e-03
1.280000000000000000e+02 1.887280185037899446e-02 2.394061206415947114e-03
1.290000000000000000e+02 1.755735483174278300e-02 2.013024630730029380e-03
1.300000000000000000e+02 1.632013689522517769e-02 1.685721098038866573e-03
1.310000000000000000e+02 1.516632816526060357e-02 1.405878624691975177e-03
1.320000000000000000e+02 1.409304535959941297e-02 1.167792999744974919e-03
1.330000000000000000e+02 1.309095887990334092e-02 9.662108806976656269e-04
1.340000000000000000e+02 1.214761344936610837e-02 7.962860927271155900e-04
1.350000000000000000e+02 1.125120861064186212e-02 6.536160241503877286e-04
1.360000000000000000e+02 1.039365837379182221e-02 5.342968645624182611e-04
1.370000000000000000e+02 9.572124720686079821e-03 4.349328301383217064e-04
1.380000000000000000e+02 8.788750082455344323e-03 3.525825572707227246e-04
1.390000000000000000e+02 8.048870204291524305e-03 2.846756746381302666e-04
1.400000000000000000e+02 7.358433232568858430e-03 2.289454888463480153e-04
1.410000000000000000e+02 6.721539730310576236e-03 1.833993465792988940e-04
1.420000000000000000e+02 6.138878320945336670e-03 1.463147424582049243e-04
1.430000000000000000e+02 5.607430357316633800e-03 1.162341755668899366e-04
1.440000000000000000e+02 5.121341780872827945e-03 9.194123113078316576e-05
1.450000000000000000e+02 4.673507901651047583e-03 7.242034156632802490e-05
1.460000000000000000e+02 4.257284952873269940e-03 5.681526855743658093e-05
1.470000000000000000e+02 3.867811109473680634e-03 4.439935839694935190e-05
1.480000000000000000e+02 3.502613708566786749e-03 3.455979567587328456e-05
1.490000000000000000e+02 3.161426826112645038e-03 2.678894134659843060e-05
1.500000000000000000e+02 2.845383909587358498e-03 2.067446649461935368e-05
1.510000000000000000e+02 2.555921809707993424e-03 1.588491289527900591e-05
1.520000000000000000e+02 2.293781665345191213e-03 1.215295868271360597e-05
1.530000000000000000e+02 2.058405379773021321e-03 9.260753054463409693e-06
1.540000000000000000e+02 1.847848487640724700e-03 7.029892761601460860e-06
1.550000000000000000e+02 1.659142548733879034e-03 5.315511698764762386e-06
1.560000000000000000e+02 1.488914476196114911e-03 4.002177159628474127e-06
1.570000000000000000e+02 1.334033610468567934e-03 2.999626492886629204e-06
1.580000000000000000e+02 1.192094929513486676e-03 2.237860295468289643e-06
1.590000000000000000e+02 1.061627520123892407e-03 1.662301175237611035e-06
