0.000000000000000000e+00 1.636038074256045704e-08 -4.862944940549041278e-06
1.000000000000000000e+00 1.730512307168227539e-08 8.907560651438243567e-06
2.000000000000000000e+00 2.520525437701893544e-08 9.392253657464543973e-06
3.000000000000000000e+00 3.750054140276074060e-08 1.167660075232617070e-05
4.000000000000000000e+00 5.550219693072975432e-08 1.475745621270210278e-05
5.000000000000000000e+00 8.163501924401967586e-08 1.866354938043769167e-05
6.000000000000000000e+00 1.193223552917513455e-07 2.355001360292249580e-05
7.000000000000000000e+00 1.733239411532054649e-07 2.962708538357051362e-05
8.000000000000000000e+00 2.502088141632251028e-07 3.715283259846406325e-05
9.000000000000000000e+00 3.589801813697447812e-07 4.643639745771012975e-05
1.000000000000000000e+01 5.118931133780487272e-07 5.784472352614788634e-05
1.100000000000000000e+01 7.255153633501542240e-07 7.181172788485294407e-05
1.200000000000000000e+01 1.022093150449225890e-06 8.884958391163950172e-05
1.300000000000000000e+01 1.431295578347475373e-06 1.095613507223720871e-04
1.400000000000000000e+01 1.992425522500204524e-06 1.346538010648601564e-04
1.500000000000000000e+01 2.757199314721021013e-06 1.649496111943508361e-04
1.600000000000000000e+01 3.793214444117944935e-06 2.013991844299778823e-04
1.700000000000000000e+01 5.188241064910136509e-06 2.450936781452518602e-04
1.800000000000000000e+01 7.055490974928006878e-06 2.972812412745333270e-04
1.900000000000000000e+01 9.540035265328170689e-06 3.593873076740600235e-04
2.000000000000000000e+01 1.282655860222492336e-05 4.330373652755987166e-04
2.100000000000000000e+01 1.714865276637017182e-05 5.200784960573022128e-04
2.200000000000000000e+01 2.279986484763426259e-05 6.225960367791838652e-04
2.300000000000000000e+01 3.014672366913139675e-05 7.429246301958949842e-04
2.400000000000000000e+01 3.964397148175501258e-05 8.836571856270752749e-04
2.500000000000000000e+01 5.185222492550498345e-05 1.047657643686604467e-03
2.600000000000000000e+01 6.745827809348543130e-05 1.238081276871617247e-03
2.700000000000000000e+01 8.729823896956160386e-05 1.458399902432112091e-03
2.800000000000000000e+01 1.123836597727737659e-04 1.712422866702966026e-03
2.900000000000000000e+01 1.439307760443579655e-04 2.004303366046866677e-03
3.000000000000000000e+01 1.833929117037747534e-04 2.338526118977547925e-03
3.100000000000000000e+01 2.324960324209415872e-04 2.719883294976087589e-03
3.200000000000000000e+01 2.932773380958545806e-04 3.153453024937286249e-03
3.300000000000000000e+01 3.681266757773010668e-04 3.644591708569783553e-03
3.400000000000000000e+01 4.598304263094931798e-04 4.198937695429947811e-03
3.500000000000000000e+01 5.716173702517203005e-04 4.822408566817153359e-03
3.600000000000000000e+01 7.072058685377263614e-04 5.521169494958805962e-03
3.700000000000000000e+01 8.708515036599459580e-04 6.301562261580762395e-03
3.800000000000000000e+01 1.067394115326463812e-03 7.170007145248832002e-03
3.900000000000000000e+01 1.302302937507153263e-03 8.132906741454866764e-03
4.000000000000000000e+01 1.581718297043098638e-03 9.196577106075441016e-03
4.100000000000000000e+01 1.912488070273843550e-03 1.036720672538821511e-02
4.200000000000000000e+01 2.302196817412840383e-03 1.165081432835844699e-02
4.300000000000000000e+01 2.759185236649846790e-03 1.305316579296020643e-02
4.400000000000000000e+01 3.292557317466685528e-03 1.457963033109954502e-02
4.500000000000000000e+01 3.912172328665908076e-03 1.623499571929166302e-02
4.600000000000000000e+01 4.628618550433857490e-03 1.802329286185280766e-02
4.700000000000000000e+01 5.453165462842106924e-03 1.994767570127217726e-02
4.800000000000000000e+01 6.397690993304389409e-03 2.201036206025486913e-02
4.900000000000000000e+01 7.474580467948276248e-03 2.421259207525652823e-02
5.000000000000000000e+01 8.696594114082783350e-03 2.655454181265543348e-02
5.100000000000000000e+01 1.007670024006731939e-02 2.903515988410540830e-02
5.200000000000000000e+01 1.162787154654238743e-02 3.165195674758471828e-02
5.300000000000000000e+01 1.336284259140968662e-02 3.440082452226666393e-02
5.400000000000000000e+01 1.529382754304961685e-02 3.727595928661371627e-02
5.500000000000000000e+01 1.743219896753058981e-02 4.026989574168841901e-02
5.600000000000000000e+01 1.978812991606955507e-02 4.337358829414304784e-02
5.700000000000000000e+01 2.237020257271957538e-02 4.657644192189312748e-02
5.800000000000000000e+01 2.518498789768948767e-02 4.986624089460957310e-02
5.900000000000000000e+01 2.823660345742604050e-02 5.322901741414922533e-02
6.000000000000000000e+01 3.152626082318082945e-02 5.664897659804214725e-02
6.100000000000000000e+01 3.505181678480498442e-02 6.010858650071682074e-02
6.200000000000000000e+01 3.880734192014731465e-02 6.358884665767285116e-02
6.300000000000000000e+01 4.278271851392911190e-02 6.706962960873824597e-02
6.400000000000000000e+01 4.696328331484348612e-02 7.052993844387497879e-02
6.500000000000000000e+01 5.132953906543392952e-02 7.394798983145989268e-02
6.600000000000000000e+01 5.585696199809590118e-02 7.730117951866825876e-02
6.700000000000000000e+01 6.051592241069818356e-02 8.056610926010120133e-02
6.800000000000000000e+01 6.527172175777509744e-02 8.371884893974888830e-02
6.900000000000000000e+01 7.008475266044222884e-02 8.673546056824217587e-02
7.000000000000000000e+01 7.491080785475955073e-02 8.959261827902643971e-02
7.100000000000000000e+01 7.970156915219672733e-02 9.226806695800483793e-02
7.200000000000000000e+01 8.440527492024657574e-02 9.474075854360367033e-02
7.300000000000000000e+01 8.896752426786834478e-02 9.699073865578772269e-02
7.400000000000000000e+01 9.333218364333253914e-02 9.899906014028302115e-02
7.500000000000000000e+01 9.744241367986086755e-02 1.007480085795213059e-01
7.600000000000000000e+01 1.012418499898208174e-01 1.022217057596151030e-01
7.700000000000000000e+01 1.046759002694549884e-01 1.034068551158286303e-01
7.800000000000000000e+01 1.076930386542767626e-01 1.042932365840866099e-01
7.900000000000000000e+01 1.102460084954346026e-01 1.048736874643731165e-01
8.000000000000000000e+01 1.122929655102743451e-01 1.051436514754561513e-01
8.100000000000000000e+01 1.137986314037478519e-01 1.051006926092008381e-01
8.200000000000000000e+01 1.147353985136682353e-01 1.047444054090436449e-01
8.300000000000000000e+01 1.150841945553062878e-01 1.040768563613706510e-01
8.400000000000000000e+01 1.148349948842749130e-01 1.031032650168686171e-01
8.500000000000000000e+01 1.139870866649096842e-01 1.018323987352109938e-01
8.600000000000000000e+01 1.125492440638631714e-01 1.002763074743978633e-01
8.700000000000000000e+01 1.105397661015075778e-01 9.844947348343539850e-02
8.800000000000000000e+01 1.079861506767804680e-01 9.636786864063842661e-02
8.900000000000000000e+01 1.049243187489005552e-01 9.404847851532902037e-02
9.000000000000000000e+01 1.013976012703688839e-01 9.150950143675654069e-02
9.100000000000000000e+01 9.745574076003017672e-02 8.877091483781719694e-02
9.200000000000000000e+01 9.315387338819090812e-02 8.585480643732761041e-02
9.300000000000000000e+01 8.855125861074905624e-02 8.278502221851073706e-02
9.400000000000000000e+01 8.370971443055710837e-02 7.958617726958029659e-02
9.500000000000000000e+01 7.869203508326025331e-02 7.628254107629342529e-02
9.600000000000000000e+01 7.356065830475118361e-02 7.289739749903545452e-02
9.700000000000000000e+01 6.837652723339496252e-02 6.945312814572156268e-02
9.800000000000000000e+01 6.319791917650659230e-02 6.597174366240329824e-02
9.900000000000000000e+01 5.807922091653080349e-02 6.247528200189032821e-02
1.000000000000000000e+02 5.306989675940620987e-02 5.898562440573416887e-02
1.010000000000000000e+02 4.821383645195762013e-02 5.552373540984283096e-02
1.020000000000000000e+02 4.354898616816875456e-02 5.210876417443187358e-02
1.030000000000000000e+02 3.910705937604351534e-02 4.875753699474989766e-02
1.040000000000000000e+02 3.491330744030265304e-02 4.548467718455603132e-02
1.050000000000000000e+02 3.098650403531525224e-02 4.230314657299665687e-02
1.060000000000000000e+02 2.733922125094163241e-02 3.922474204307316303e-02
1.070000000000000000e+02 2.397828626833871379e-02 3.626017350855612054e-02
1.080000000000000000e+02 2.090527229055644254e-02 3.341869858636800639e-02
1.090000000000000000e+02 1.811700741200679768e-02 3.070762015084472357e-02
1.100000000000000000e+02 1.560617127892034196e-02 2.813203176489068036e-02
1.110000000000000000e+02 1.336198908050619319e-02 2.569499395972849043e-02
1.120000000000000000e+02 1.137094225892004880e-02 2.339801664246612609e-02
1.130000000000000000e+02 9.617423060662898260e-03 2.124153904424470884e-02
1.140000000000000000e+02 8.084331761059247029e-03 1.922515155134872644e-02
1.150000000000000000e+02 6.753643474944700034e-03 1.734752430371536841e-02
1.160000000000000000e+02 5.606937658513954509e-03 1.560621792487525659e-02
1.170000000000000000e+02 4.625856613836856583e-03 1.399760744567620993e-02
1.180000000000000000e+02 3.792477176316059670e-03 1.251703719583591862e-02
1.190000000000000000e+02 3.089607903967604187e-03 1.115914806969432564e-02
1.200000000000000000e+02 2.501025253439750559e-03 9.918211196446685002e-03
1.210000000000000000e+02 2.011647714246043474e-03 8.788325227311696852e-03
1.220000000000000000e+02 1.607645112604524007e-03 7.763448745653588404e-03
1.230000000000000000e+02 1.276491804070337046e-03 6.837349879587913300e-03
1.240000000000000000e+02 1.006978041919620506e-03 6.003587932114441521e-03
1.250000000000000000e+02 7.891879290278858757e-04 5.255590565045598073e-03
1.260000000000000000e+02 6.144470531401591100e-04 4.586807067036235974e-03
1.270000000000000000e+02 4.752454954894962287e-04 3.990866189127358771e-03
1.280000000000000000e+02 3.651459932501167991e-04 3.461674041643665600e-03
1.290000000000000000e+02 2.786855278792182348e-04 2.993435642215121380e-03
1.300000000000000000e+02 2.112739593707465223e-04 2.580631405608283836e-03
1.310000000000000000e+02 1.590915174835200228e-04 2.217995719652106519e-03
1.320000000000000000e+02 1.189883966524843699e-04 1.900526213964315488e-03
1.330000000000000000e+02 8.839040153105256060e-05 1.623520368599936639e-03
1.340000000000000000e+02 6.521287271800751896e-05 1.382615204195724364e-03
1.350000000000000000e+02 4.778307376871045956e-05 1.173806698748681423e-03
1.360000000000000000e+02 3.477074891612673966e-05 9.934417975090172308e-04
1.370000000000000000e+02 2.512704494760111370e-05 8.381926165773978359e-04
1.380000000000000000e+02 1.803199421274162147e-05 7.050286620513076695e-04
1.390000000000000000e+02 1.285011761613252716e-05 5.911975936050143298e-04
1.400000000000000000e+02 9.093215856283345599e-06 4.942150505347754717e-04
1.410000000000000000e+02 6.389437945326619374e-06 4.118571534909789980e-04
1.420000000000000000e+02 4.457910344583988093e-06 3.421489257732415593e-04
1.430000000000000000e+02 3.088245183694879181e-06 2.833461930609385677e-04
1.440000000000000000e+02 2.124182608670102949e-06 2.339132299560306525e-04
1.450000000000000000e+02 1.450642498993500965e-06 1.925003565798535791e-04
1.460000000000000000e+02 9.835737651314243728e-07 1.579245036207003062e-04
1.470000000000000000e+02 6.620939515013958131e-07 1.291532342605529471e-04
1.480000000000000000e+02 4.424715240605672368e-07 1.052908687204054020e-04
1.490000000000000000e+02 2.935576797426262774e-07 8.556509562628236275e-05
1.500000000000000000e+02 1.933473135253815174e-07 6.931335217303387743e-05
1.510000000000000000e+02 1.264193562607824752e-07 5.596930617330482755e-05
1.520000000000000000e+02 8.205528670611942886e-08 4.505023976577011513e-05
1.530000000000000000e+02 5.286864157678133141e-08 3.614592525250358176e-05
1.540000000000000000e+02 3.381239492201223607e-08 2.890907424885999730e-05
1.550000000000000000e+02 2.146555411673388389e-08 2.304705821609512350e-05
1.560000000000000000e+02 1.352702602049435025e-08 1.831452564329170174e-05
1.570000000000000000e+02 8.461452359121916082e-09 1.450669659193815715e-05
1.580000000000000000e+02 5.253377187899183345e-09 1.145330613459432205e-05
1.590000000000000000e+02 3.237122624274953129e-09 9.013256959252385323e-06
