0.000000000000000000e+00 -3.657778166680998971e-06 -3.822308596992200747e-05
1.000000000000000000e+00 6.389102655706485987e-06 4.085814727232435489e-05
2.000000000000000000e+00 6.870144007200414512e-06 4.004381503602727119e-05
3.000000000000000000e+00 8.682528850809464208e-06 4.710990086142149698e-05
4.000000000000000000e+00 1.113375063563900398e-05 5.700858571510287716e-05
5.000000000000000000e+00 1.427398515836068166e-05 6.934062240544858831e-05
6.000000000000000000e+00 1.824819538969024900e-05 8.430253711406766632e-05
7.000000000000000000e+00 2.324914315878222302e-05 1.022644521304216661e-04
8.000000000000000000e+00 2.951600268531180159e-05 1.236987231544121868e-04
9.000000000000000000e+00 3.734030660091138540e-05 1.491790776203943405e-04
1.000000000000000000e+01 4.707350158492664370e-05 1.793943821924281611e-04
1.100000000000000000e+01 5.913529689398909131e-05 2.151564468574769225e-04
1.200000000000000000e+01 7.402355866461399268e-05 2.573939993251884301e-04
1.300000000000000000e+01 9.232699956082694108e-05 3.071366768719721086e-04
1.400000000000000000e+01 1.147413103654379310e-04 3.655027734486308508e-04
1.500000000000000000e+01 1.420879093039652372e-04 4.337069649988993221e-04
1.600000000000000000e+01 1.753330984251084599e-04 5.130958136845518991e-04
1.700000000000000000e+01 2.156053825750931397e-04 6.052022606480896971e-04
1.800000000000000000e+01 2.642106091479177283e-04 7.117947915952487371e-04
1.900000000000000000e+01 3.226475166804899670e-04 8.348936323969753529e-04
2.000000000000000000e+01 3.926280232270137460e-04 9.767408857978211907e-04
2.100000000000000000e+01 4.761050757802413446e-04 1.139738721224707292e-03
2.200000000000000000e+01 5.753061281607674098e-04 1.326394225615555589e-03
2.300000000000000000e+01 6.927652293950290396e-04 1.539313801351547238e-03
2.400000000000000000e+01 8.313455933714943447e-04 1.781265974774888820e-03
2.500000000000000000e+01 9.942497152740622027e-04 2.055288616842940608e-03
2.600000000000000000e+01 1.185023152450374699e-03 2.364779720586715744e-03
2.700000000000000000e+01 1.407564287846898264e-03 2.713506495050496334e-03
2.800000000000000000e+01 1.666149307148593467e-03 3.105505678282076930e-03
2.900000000000000000e+01 1.965468933553708025e-03 3.544911956557316845e-03
3.000000000000000000e+01 2.310659242483922328e-03 4.035803634727914459e-03
3.100000000000000000e+01 2.707304993328369432e-03 4.582157843401866472e-03
3.200000000000000000e+01 3.161406609208225384e-03 5.187949786013358426e-03
3.300000000000000000e+01 3.679324718844752262e-03 5.857338989819793097e-03
3.400000000000000000e+01 4.267732056979580552e-03 6.594815388192172383e-03
3.500000000000000000e+01 4.933596137600651521e-03 7.405179701717111949e-03
3.600000000000000000e+01 5.684187605777787575e-03 8.293316653146073913e-03
3.700000000000000000e+01 6.527077893839786094e-03 9.263843805543485119e-03
3.800000000000000000e+01 7.470081906771349790e-03 1.032080809838056661e-02
3.900000000000000000e+01 8.521128624890614289e-03 1.146759284880676660e-02
4.000000000000000000e+01 9.688088828349846263e-03 1.270708197577012644e-02
4.100000000000000000e+01 1.097861933391917205e-02 1.404196688918530472e-02
4.200000000000000000e+01 1.240006914767132970e-02 1.547497440233720420e-02
4.300000000000000000e+01 1.395943936380639010e-02 1.700881711424345050e-02
4.400000000000000000e+01 1.566333441716600064e-02 1.864582068252835026e-02
4.500000000000000000e+01 1.751783291883117141e-02 2.038738134807775368e-02
4.600000000000000000e+01 1.952825596443819381e-02 2.223352990130452594e-02
4.700000000000000000e+01 2.169888599076498850e-02 2.418283899284674049e-02
4.800000000000000000e+01 2.403273092871493349e-02 2.623271880501349199e-02
4.900000000000000000e+01 2.653139873811607638e-02 2.837991033709537717e-02
5.000000000000000000e+01 2.919506422189243819e-02 3.062085185491181596e-02
5.100000000000000000e+01 3.202243762368916363e-02 3.295165385727568536e-02
5.200000000000000000e+01 3.501064381539436415e-02 3.536764674603623537e-02
5.300000000000000000e+01 3.815499756212192145e-02 3.786273199490516189e-02
5.400000000000000000e+01 4.144875579215033523e-02 4.042890927881322150e-02
5.500000000000000000e+01 4.488296395154942053e-02 4.305627353971538257e-02
5.600000000000000000e+01 4.844645753420526862e-02 4.573351357174841592e-02
5.700000000000000000e+01 5.212597470455901383e-02 4.844865001358854978e-02
5.800000000000000000e+01 5.590626798492129984e-02 5.118960394554309540e-02
5.900000000000000000e+01 5.977013031935234089e-02 5.394428174792963854e-02
6.000000000000000000e+01 6.369835197127310389e-02 5.670014849412100683e-02
6.100000000000000000e+01 6.766971394959994668e-02 5.944357542130078442e-02
6.200000000000000000e+01 7.166112283219608359e-02 6.215940034079367460e-02
6.300000000000000000e+01 7.564789892280669725e-02 6.483103622422907442e-02
6.400000000000000000e+01 7.960412392932350589e-02 6.744115678916323686e-02
6.500000000000000000e+01 8.350292984670536212e-02 6.997265554899925744e-02
6.600000000000000000e+01 8.731669265711505812e-02 7.240941187542630775e-02
6.700000000000000000e+01 9.101721243103601255e-02 7.473650276483581600e-02
6.800000000000000000e+01 9.457600736702177768e-02 7.693981641793325166e-02
6.900000000000000000e+01 9.796477341649616200e-02 7.900537365224248598e-02
7.000000000000000000e+01 1.011559221527405239e-01 8.091884248337972985e-02
7.100000000000000000e+01 1.041230307354490403e-01 8.266563074063626448e-02
7.200000000000000000e+01 1.068411001193900617e-01 8.423161283502576813e-02
7.300000000000000000e+01 1.092866808610886420e-01 8.560417568779825348e-02
7.400000000000000000e+01 1.114380521975497917e-01 8.677306974452135557e-02
7.500000000000000000e+01 1.132756085479872388e-01 8.773064367602739777e-02
7.600000000000000000e+01 1.147824252932038991e-01 8.847138033233317711e-02
7.700000000000000000e+01 1.159447860711627087e-01 8.899104714689870521e-02
7.800000000000000000e+01 1.167524247081107996e-01 8.928599715083290755e-02
7.900000000000000000e+01 1.171984129198773289e-01 8.935307113246242217e-02
8.000000000000000000e+01 1.172788812464635178e-01 8.919019887169046812e-02
8.100000000000000000e+01 1.169928846199152495e-01 8.879737805896681380e-02
8.200000000000000000e+01 1.163425965747442170e-01 8.817746860719538615e-02
8.300000000000000000e+01 1.153337206221411448e-01 8.733632437584976094e-02
8.400000000000000000e+01 1.139757762454514933e-01 8.628215248188933484e-02
8.500000000000000000e+01 1.122819483894973713e-01 8.502443092280013992e-02
8.600000000000000000e+01 1.102684782930120344e-01 8.357296773556951996e-02
8.700000000000000000e+01 1.079539022042741575e-01 8.193759585994533912e-02
8.800000000000000000e+01 1.053585492188759409e-01 8.012861619707981053e-02
8.900000000000000000e+01 1.025044949456988541e-01 7.815765218592096719e-02
9.000000000000000000e+01 9.941579272729005046e-02 7.603833017939698458e-02
9.100000000000000000e+01 9.611856233271044714e-02 7.378630018364987220e-02
9.200000000000000000e+01 9.264060290614894999e-02 7.141850077133712893e-02
9.300000000000000000e+01 8.901055039429892068e-02 6.895201569475584158e-02
9.400000000000000000e+01 8.525694540514536235e-02 6.640310187612329107e-02
9.500000000000000000e+01 8.140764558395741091e-02 6.378685379739894301e-02
9.600000000000000000e+01 7.748975556861258107e-02 6.111758386329218390e-02
9.700000000000000000e+01 7.352986325328259021e-02 5.840957896129964078e-02
9.800000000000000000e+01 6.955416129061489650e-02 5.567769075320916361e-02
9.900000000000000000e+01 6.558815260609350550e-02 5.293734379484653363e-02
1.000000000000000000e+02 6.165598412100345427e-02 5.020391242489956329e-02
1.010000000000000000e+02 5.777975089832884659e-02 4.749179521191264353e-02
1.020000000000000000e+02 5.397913997250869400e-02 4.481367985152342331e-02
1.030000000000000000e+02 5.027153440967044307e-02 4.218035708828941910e-02
1.040000000000000000e+02 4.667237815832037118e-02 3.960110773019959174e-02
1.050000000000000000e+02 4.319545472018310878e-02 3.708436269566756788e-02
1.060000000000000000e+02 3.985285263638783243e-02 3.463821173786105212e-02
1.070000000000000000e+02 3.665466489680605650e-02 3.227046892263837896e-02
1.080000000000000000e+02 3.360867985588657236e-02 2.998829261790102174e-02
1.090000000000000000e+02 3.072031949827739444e-02 2.779762097995276682e-02
1.100000000000000000e+02 2.799289158019861723e-02 2.570276970775764100e-02
1.110000000000000000e+02 2.542800549530824239e-02 2.370641544562674535e-02
1.120000000000000000e+02 2.302591852359914260e-02 2.180994963899643771e-02
1.130000000000000000e+02 2.078567193779086789e-02 2.001398466425231490e-02
1.140000000000000000e+02 1.870505372559889620e-02 1.831873944416783154e-02
1.150000000000000000e+02 1.678054660346920551e-02 1.672413869715290088e-02
1.160000000000000000e+02 1.500740778298147865e-02 1.522964628297946224e-02
1.170000000000000000e+02 1.337991101715972457e-02 1.383400140597143904e-02
1.180000000000000000e+02 1.189166182349796035e-02 1.253505738798343580e-02
1.190000000000000000e+02 1.053585912137542692e-02 1.132983588664499171e-02
1.200000000000000000e+02 9.305432901451164349e-03 1.021477190911133752e-02
1.210000000000000000e+02 8.193080952613477838e-03 9.186022490757502629e-03
1.220000000000000000e+02 7.191285656237846567e-03 8.239696742761844564e-03
1.230000000000000000e+02 6.292381221070716089e-03 7.371931281932416619e-03
1.240000000000000000e+02 5.488684325694490225e-03 6.578831699095518716e-03
1.250000000000000000e+02 4.772647010323999989e-03 5.856368218072425386e-03
1.260000000000000000e+02 4.136976736488327464e-03 5.200319727500856554e-03
1.270000000000000000e+02 3.574695510893931023e-03 4.606313207777701195e-03
1.280000000000000000e+02 3.079149963356200576e-03 4.069941709068256031e-03
1.290000000000000000e+02 2.644006892189128526e-03 3.586902138329805829e-03
1.300000000000000000e+02 2.263262943162252117e-03 3.153092921003936011e-03
1.310000000000000000e+02 1.931273976485767957e-03 2.764643399373059151e-03
1.320000000000000000e+02 1.642789471192774220e-03 2.417887165284539602e-03
1.330000000000000000e+02 1.392972943230945740e-03 2.109316449913347866e-03
1.340000000000000000e+02 1.177399510403685226e-03 1.835554064230945524e-03
1.350000000000000000e+02 9.920355927316266368e-04 1.593359417503832642e-03
1.360000000000000000e+02 8.332129414255558426e-04 1.379661195097209563e-03
1.370000000000000000e+02 6.976068078241722762e-04 1.191595251464813319e-03
1.380000000000000000e+02 5.822204568665906126e-04 1.026527339062110588e-03
1.390000000000000000e+02 4.843719697278225521e-04 8.820521490742744405e-04
1.400000000000000000e+02 4.016780535053365939e-04 7.559736819158919792e-04
1.410000000000000000e+02 3.320325787705715706e-04 6.462794880718438287e-04
1.420000000000000000e+02 2.735814299370030000e-04 5.511203826768268539e-04
1.430000000000000000e+02 2.246971091766421669e-04 4.688006040700378168e-04
1.440000000000000000e+02 1.839557748156442579e-04 3.977761180828979734e-04
1.450000000000000000e+02 1.501173450904149157e-04 3.366548703229292638e-04
1.460000000000000000e+02 1.221076922547284093e-04 2.841933538308929921e-04
1.470000000000000000e+02 9.900164513234135672e-05 2.392872999840505138e-04
1.480000000000000000e+02 8.000622174470376825e-05 2.009579532470490658e-04
1.490000000000000000e+02 6.444438310440150940e-05 1.683372613106276614e-04
1.500000000000000000e+02 5.173998679519809283e-05 1.406549510748476058e-04
1.510000000000000000e+02 4.140443011811228155e-05 1.172287329925098247e-04
1.520000000000000000e+02 3.302502724653886342e-05 9.745709438099349790e-05
1.530000000000000000e+02 2.625483364141021226e-05 8.081323521121035875e-05
1.540000000000000000e+02 2.080357326206286081e-05 6.683884706735183467e-05
1.550000000000000000e+02 1.642946381691075611e-05 5.513721112234740536e-05
1.560000000000000000e+02 1.293190056718778536e-05 4.536588001968848541e-05
1.570000000000000000e+02 1.014503114200229033e-05 3.722959516873327256e-05
1.580000000000000000e+02 7.932222885773601917e-06 3.047401048898251574e-05
1.590000000000000000e+02 6.181352563844508570e-06 2.488044635895021392e-05
