0.000000000000000000e+00 8.960866778612818829e-07 -3.393704127075777205e-08
1.000000000000000000e+00 9.220655831173564303e-07 3.623047445326124761e-07
2.000000000000000000e+00 1.191058395720322404e-06 4.474783741042839554e-07
3.000000000000000000e+00 1.597011255021989800e-06 6.102269262205919948e-07
4.000000000000000000e+00 2.142960034632796859e-06 8.332040267194488372e-07
5.000000000000000000e+00 2.864051279464230602e-06 1.133402803467400537e-06
6.000000000000000000e+00 3.810270333776903730e-06 1.535215990325942425e-06
7.000000000000000000e+00 5.045531898052424245e-06 2.070522704173158630e-06
8.000000000000000000e+00 6.650272226491756340e-06 2.780465473774927473e-06
9.000000000000000000e+00 8.725022021114294018e-06 3.717826553610133796e-06
1.000000000000000000e+01 1.139472823164310887e-05 4.949977980142950570e-06
1.100000000000000000e+01 1.481386358162575711e-05 6.562492516365237024e-06
1.200000000000000000e+01 1.917241154759218369e-05 8.663530628036229158e-06
1.300000000000000000e+01 2.470282660554365867e-05 1.138913615273754949e-05
1.400000000000000000e+01 3.168807469549921507e-05 1.490958969704029732e-05
1.500000000000000000e+01 4.047085973238029571e-05 1.943698532486020443e-05
1.600000000000000000e+01 5.146413967194504437e-05 2.523421105392366563e-05
1.700000000000000000e+01 6.516303067332429924e-05 3.262552748329328460e-05
1.800000000000000000e+01 8.215818895274264828e-05 4.200894684043339109e-05
1.900000000000000000e+01 1.031507473656011415e-04 5.387062108146770643e-05
2.000000000000000000e+01 1.289688655741866286e-04 6.880144907297697297e-05
2.100000000000000000e+01 1.605859286051121925e-04 8.751611268170338489e-05
2.200000000000000000e+01 1.991403974379566712e-04 1.108747446308088049e-04
2.300000000000000000e+01 2.459572790731167648e-04 1.399074123052485778e-04
2.400000000000000000e+01 3.025711401621322401e-04 1.758415668082791985e-04
2.500000000000000000e+01 3.707505373061790272e-04 2.201325551662452226e-04
2.600000000000000000e+01 4.525236759203121566e-04 2.744972314008285773e-04
2.700000000000000000e+01 5.502050362987025503e-04 3.409506351034216967e-04
2.800000000000000000e+01 6.664226239851041029e-04 4.218456313588336056e-04
2.900000000000000000e+01 8.041454137781610736e-04 5.199153061901493240e-04
3.000000000000000000e+01 9.667104622570203872e-04 6.383177701461436974e-04
3.100000000000000000e+01 1.157849055922116621e-03 7.806828356363742149e-04
3.200000000000000000e+01 1.381711135532183877e-03 9.511598350984429035e-04
3.300000000000000000e+01 1.642887097718928862e-03 1.154465678463701371e-03
3.400000000000000000e+01 1.946425942362161286e-03 1.395932124897132469e-03
3.500000000000000000e+01 2.297848622779715289e-03 1.681551100050039313e-03
3.600000000000000000e+01 2.703155350971493242e-03 2.018016626721898417e-03
3.700000000000000000e+01 3.168825473000317847e-03 2.412761519641626849e-03
3.800000000000000000e+01 3.701808342562703039e-03 2.873986571601650376e-03
3.900000000000000000e+01 4.309503452870334234e-03 3.410679794805431767e-03
4.000000000000000000e+01 4.999728061182265142e-03 4.032623506656253347e-03
4.100000000000000000e+01 5.780670701218829435e-03 4.750387381849646533e-03
4.200000000000000000e+01 6.660829157393919134e-03 5.575305433063833076e-03
4.300000000000000000e+01 7.648931397043433160e-03 6.519433916468596150e-03
4.400000000000000000e+01 8.753837620407453265e-03 7.595486011849041097e-03
4.500000000000000000e+01 9.984421515090883409e-03 8.816739211346890162e-03
4.600000000000000000e+01 1.134942965361969945e-02 1.019691351638862126e-02
4.700000000000000000e+01 1.285731960966320260e-02 1.175002155521961619e-02
4.800000000000000000e+01 1.451607844954738366e-02 1.349019253904481554e-02
4.900000000000000000e+01 1.633302245604379560e-02 1.543146861361417710e-02
5.000000000000000000e+01 1.831457707166912752e-02 1.758756711903948847e-02
5.100000000000000000e+01 2.046603634925215839e-02 1.997160198115665447e-02
5.200000000000000000e+01 2.279130597988092422e-02 2.259576622470010204e-02
5.300000000000000000e+01 2.529264034140308801e-02 2.547099059029932569e-02
5.400000000000000000e+01 2.797038481262554416e-02 2.860659748116916104e-02
5.500000000000000000e+01 3.082272658918985830e-02 3.200995613901230774e-02
5.600000000000000000e+01 3.384544848881834711e-02 3.568612313164506306e-02
5.700000000000000000e+01 3.703168472993715460e-02 3.963744676210333856e-02
5.800000000000000000e+01 4.037169759644613359e-02 4.386314166586399721e-02
5.900000000000000000e+01 4.385270951460273209e-02 4.835888370853925339e-02
6.000000000000000000e+01 4.745881191074213107e-02 5.311648962986593309e-02
6.100000000000000000e+01 5.117093481801207600e-02 5.812370045391795220e-02
6.200000000000000000e+01 5.496684126238146617e-02 6.336401287842548247e-02
6.300000000000000000e+01 5.882114418178251147e-02 6.881647848163080505e-02
6.400000000000000000e+01 6.270540634806306968e-02 7.445546745473956285e-02
6.500000000000000000e+01 6.658839762453890032e-02 8.025051824651599497e-02
6.600000000000000000e+01 7.043650634063344795e-02 8.616643363730316918e-02
6.700000000000000000e+01 7.421420107198553606e-02 9.216365715254733193e-02
6.800000000000000000e+01 7.788444298932153953e-02 9.819876195012615383e-02
6.900000000000000000e+01 8.140908666386982573e-02 1.042248194560553703e-01
7.000000000000000000e+01 8.474943311909415022e-02 1.101916057946658312e-01
7.100000000000000000e+01 8.786703352283076196e-02 1.160459023284897001e-01
7.200000000000000000e+01 9.072460920378533356e-02 1.217322312552898134e-01
7.300000000000000000e+01 9.328681291427370903e-02 1.271940746870584005e-01
7.400000000000000000e+01 9.552071868835722290e-02 1.323751886345800044e-01
7.500000000000000000e+01 9.739625621342778983e-02 1.372205048868178900e-01
7.600000000000000000e+01 9.888690670977631769e-02 1.416765246466545891e-01
7.700000000000000000e+01 9.997066405782323306e-02 1.456916985329627379e-01
7.800000000000000000e+01 1.006308550733863022e-01 1.492174238520720397e-01
7.900000000000000000e+01 1.008564188313425258e-01 1.522097219927619205e-01
8.000000000000000000e+01 1.006417394837714335e-01 1.546308870204090025e-01
8.100000000000000000e+01 9.998656511162128113e-02 1.564502471864876454e-01
8.200000000000000000e+01 9.889636504722466859e-02 1.576439269099384477e-01
8.300000000000000000e+01 9.738282391699217000e-02 1.581944543346180954e-01
8.400000000000000000e+01 9.546380796010116299e-02 1.580912070292888882e-01
8.500000000000000000e+01 9.316255829495846685e-02 1.573317590873800909e-01
8.600000000000000000e+01 9.050662941549914020e-02 1.559230724935774803e-01
8.700000000000000000e+01 8.752729298074865549e-02 1.538813636944110774e-01
8.800000000000000000e+01 8.425948577123427985e-02 1.512305996178747725e-01
8.900000000000000000e+01 8.074163360066331785e-02 1.480008431272585856e-01
9.000000000000000000e+01 7.701473111300578822e-02 1.442277388965206575e-01
9.100000000000000000e+01 7.312086677653681366e-02 1.399531567589776815e-01
9.200000000000000000e+01 6.910199922321401400e-02 1.352256681544665440e-01
9.300000000000000000e+01 6.499948478082781533e-02 1.300995369936536472e-01
9.400000000000000000e+01 6.085399953384670879e-02 1.246323046967604681e-01
9.500000000000000000e+01 5.670510789444102584e-02 1.188824185649392101e-01
9.600000000000000000e+01 5.259023677271670860e-02 1.129082722640701725e-01
9.700000000000000000e+01 4.854358280081792765e-02 1.067685728656255911e-01
9.800000000000000000e+01 4.459560703019543881e-02 1.005226211924389185e-01
9.900000000000000000e+01 4.077316022547157470e-02 9.422924757973856480e-02
1.000000000000000000e+02 3.709968972765837619e-02 8.794458960885195853e-02
1.010000000000000000e+02 3.359506589369162799e-02 8.172012277620765985e-02
1.020000000000000000e+02 3.027515018295866972e-02 7.560212986269475299e-02
1.030000000000000000e+02 2.715159053219439594e-02 6.963241515463405862e-02
1.040000000000000000e+02 2.423210105709367942e-02 6.384897827455861263e-02
1.050000000000000000e+02 2.152100436979213771e-02 5.828562200103207941e-02
1.060000000000000000e+02 1.901964783539538198e-02 5.297071563261252641e-02
1.070000000000000000e+02 1.672657158381345849e-02 4.792625349069670748e-02
1.080000000000000000e+02 1.463763394811660665e-02 4.316806367234230640e-02
1.090000000000000000e+02 1.274632690074646232e-02 3.870693096636554364e-02
1.100000000000000000e+02 1.104427952059843822e-02 3.454964539401415152e-02
1.110000000000000000e+02 9.521760999961399047e-03 3.069926125320265528e-02
1.120000000000000000e+02 8.168039794757124897e-03 2.715475910312693808e-02
1.130000000000000000e+02 6.971625485894017253e-03 2.391089046645826499e-02
1.140000000000000000e+02 5.920506668933188214e-03 2.095873642445350571e-02
1.150000000000000000e+02 5.002439349274173837e-03 1.828678565553146923e-02
1.160000000000000000e+02 4.205242250988585478e-03 1.588189472076392134e-02
1.170000000000000000e+02 3.517030975936296603e-03 1.372970596351903542e-02
1.180000000000000000e+02 2.926372575592138189e-03 1.181465846348824823e-02
1.190000000000000000e+02 2.422391163666753194e-03 1.012005364350126481e-02
1.200000000000000000e+02 1.994856737553427767e-03 8.628471254772632215e-03
1.210000000000000000e+02 1.634261841122668611e-03 7.322421363291227794e-03
1.220000000000000000e+02 1.331873774143000266e-03 6.184889867058211525e-03
1.230000000000000000e+02 1.079755624473320661e-03 5.199562433757651779e-03
1.240000000000000000e+02 8.707614053412059737e-04 4.350805680787609570e-03
1.250000000000000000e+02 6.985141185232943833e-04 3.623643927790316539e-03
1.260000000000000000e+02 5.573719367987384904e-04 3.003882176166998343e-03
1.270000000000000000e+02 4.423850134008430984e-04 2.478327109376509806e-03
1.280000000000000000e+02 3.492459357700015065e-04 2.034952084964639953e-03
1.290000000000000000e+02 2.742371485165960858e-04 1.662911268233672676e-03
1.300000000000000000e+02 2.141769998015965516e-04 1.352439220582094892e-03
1.310000000000000000e+02 1.663645294567133435e-04 1.094741821892327403e-03
1.320000000000000000e+02 1.285237220206233457e-04 8.819475498139428592e-04
1.330000000000000000e+02 9.874956742280542371e-05 7.071051422976864110e-04
1.340000000000000000e+02 7.545848858050353716e-05 5.641687230814077750e-04
1.350000000000000000e+02 5.734405522277752115e-05 4.479323813179087875e-04
1.360000000000000000e+02 4.333717166370450028e-05 3.539259095274255393e-04
1.370000000000000000e+02 3.256968159596377135e-05 2.783107820173157413e-04
1.380000000000000000e+02 2.434129285224534913e-05 2.178035617182629154e-04
1.390000000000000000e+02 1.809048935836493101e-05 1.696243279994535534e-04
1.400000000000000000e+02 1.336987248465317444e-05 1.314503955327842835e-04
1.410000000000000000e+02 9.825586805830115042e-06 1.013608659025259701e-04
1.420000000000000000e+02 7.179993467167757406e-06 7.777355228365968453e-05
1.430000000000000000e+02 5.216885314786726596e-06 5.938561145152214708e-05
1.440000000000000000e+02 3.768952653825282331e-06 4.512663184308191196e-05
1.450000000000000000e+02 2.707439927637463658e-06 3.412409344418196501e-05
1.460000000000000000e+02 1.933854380828098295e-06 2.567524593826515586e-05
1.470000000000000000e+02 1.373398664602158343e-06 1.922019137412501493e-05
1.480000000000000000e+02 9.697274473337093211e-07 1.431532729155955079e-05
1.490000000000000000e+02 6.807155925472267154e-07 1.060947160577569503e-05
1.500000000000000000e+02 4.750617882789532491e-07 7.824847119743115091e-06
1.510000000000000000e+02 3.296263659862225531e-07 5.742978177695675614e-06
1.520000000000000000e+02 2.273989814592841810e-07 4.193871678800017277e-06
1.530000000000000000e+02 1.559650167339246268e-07 3.046791610612930879e-06
1.540000000000000000e+02 1.063397083735560857e-07 2.201943986852360933e-06
1.550000000000000000e+02 7.207166361120532316e-08 1.583291757496645069e-06
1.560000000000000000e+02 4.855633978356001755e-08 1.132882499371089293e-06
1.570000000000000000e+02 3.252226835108648552e-08 8.066877444885639996e-07
1.580000000000000000e+02 2.165685402493406891e-08 5.715618997902420589e-07
1.590000000000000000e+02 1.433713276621118630e-08 4.028573425162509529e-07
