0.000000000000000000e+00 -3.678188026232007482e-08 -2.653596655711805653e-07
1.000000000000000000e+00 2.559066711340704536e-07 3.857799520341917443e-07
2.000000000000000000e+00 3.229209995131458009e-07 4.752630461044062011e-07
3.000000000000000000e+00 4.452670830043238610e-07 6.571844710866291614e-07
4.000000000000000000e+00 6.140204194806215553e-07 9.104506238299115923e-07
5.000000000000000000e+00 8.432590037466066878e-07 1.256304503752522145e-06
6.000000000000000000e+00 1.152873930589210188e-06 1.725556355471179031e-06
7.000000000000000000e+00 1.569016588682596497e-06 2.358942479300127085e-06
8.000000000000000000e+00 2.125703055317056291e-06 3.209620358887201041e-06
9.000000000000000000e+00 2.866920533312277622e-06 4.346523312124899756e-06
1.000000000000000000e+01 3.849252547135889981e-06 5.858559000946181162e-06
1.100000000000000000e+01 5.145113440932914177e-06 7.859759023922812559e-06
1.200000000000000000e+01 6.846705542287090817e-06 1.049553086687618494e-05
1.300000000000000000e+01 9.070829238968200175e-06 1.395022153168777480e-05
1.400000000000000000e+01 1.196469326557682479e-05 1.845625889867520426e-05
1.500000000000000000e+01 1.571288948280449380e-05 2.430514675744330032e-05
1.600000000000000000e+01 2.054571267744399667e-05 3.186053884909558929e-05
1.700000000000000000e+01 2.674902130246639372e-05 4.157356021357084169e-05
1.800000000000000000e+01 3.467584756376717887e-05 5.400056286249426860e-05
1.900000000000000000e+01 4.475997389624115474e-05 6.982362129026417521e-05
2.000000000000000000e+01 5.753169905089361620e-05 8.987418264563723524e-05
2.100000000000000000e+01 7.363601836526065811e-05 1.151602290267785146e-04
2.200000000000000000e+01 9.385343803248685324e-05 1.468970456107086505e-04
2.300000000000000000e+01 1.191236289871667038e-04 1.865414008017282610e-04
2.400000000000000000e+01 1.505720998390886237e-04 2.358289093481032389e-04
2.500000000000000000e+01 1.895400268324927483e-04 2.968146208993687656e-04
2.600000000000000000e+01 2.376173230208224098e-04 3.719171271918603259e-04
2.700000000000000000e+01 2.966789608869099511e-04 4.639662444931211250e-04
2.800000000000000000e+01 3.689244815635110935e-04 5.762535163933627360e-04
2.900000000000000000e+01 4.569205265278343899e-04 7.125839442290338600e-04
3.000000000000000000e+01 5.636461055933473293e-04 8.773272478782985192e-04
3.100000000000000000e+01 6.925401584995281249e-04 1.075467718833976157e-03
3.200000000000000000e+01 8.475507779172756009e-04 1.312652469221925293e-03
3.300000000000000000e+01 1.033185255219423769e-03 1.595237430409180736e-03
3.400000000000000000e+01 1.254559912120922121e-03 1.930328646083976935e-03
3.500000000000000000e+01 1.517448502711608253e-03 2.325814621376921972e-03
3.600000000000000000e+01 1.828327784186348269e-03 2.790385529568508664e-03
3.700000000000000000e+01 2.194418595844685720e-03 3.333537191855883309e-03
3.800000000000000000e+01 2.623720422008321475e-03 3.965559898670208139e-03
3.900000000000000000e+01 3.125037024245485608e-03 4.697511740317309760e-03
4.000000000000000000e+01 3.707990502803987232e-03 5.541172852135497172e-03
4.100000000000000000e+01 4.383021224885625712e-03 6.508973815972953630e-03
4.200000000000000000e+01 5.161371295040141291e-03 7.613892115782415482e-03
4.300000000000000000e+01 6.055049196520397893e-03 8.869315500715936607e-03
4.400000000000000000e+01 7.076772579305139720e-03 1.028887628679431114e-02
4.500000000000000000e+01 8.239885293828254006e-03 1.188626085904448057e-02
4.600000000000000000e+01 9.558244783744550624e-03 1.367499315716794520e-02
4.700000000000000000e+01 1.104607768421551721e-02 1.566818522580341530e-02
4.800000000000000000e+01 1.271780407746334746e-02 1.787824912532092955e-02
4.900000000000000000e+01 1.458783182381174874e-02 2.031657399026768132e-02
5.000000000000000000e+01 1.667031995463365626e-02 2.299318257687676600e-02
5.100000000000000000e+01 1.897890629815440766e-02 2.591638328174309530e-02
5.200000000000000000e+01 2.152639480014437515e-02 2.909242366838140498e-02
5.300000000000000000e+01 2.432440592054847112e-02 3.252513917375980668e-02
5.400000000000000000e+01 2.738300440309575021e-02 3.621558988155922781e-02
5.500000000000000000e+01 3.071032123690441498e-02 4.016169403041103259e-02
5.600000000000000000e+01 3.431217427875787873e-02 4.435788754622958102e-02
5.700000000000000000e+01 3.819167491502863804e-02 4.879484402213870448e-02
5.800000000000000000e+01 4.234880848007951948e-02 5.345926983358399720e-02
5.900000000000000000e+01 4.678000446377178489e-02 5.833375923996682311e-02
6.000000000000000000e+01 5.147774729031073110e-02 6.339668414963570142e-02
6.100000000000000000e+01 5.643027853768185775e-02 6.862211917923888294e-02
6.200000000000000000e+01 6.162139145034711829e-02 7.397984568312546139e-02
6.300000000000000000e+01 6.703026131314382408e-02 7.943549442986717890e-02
6.400000000000000000e+01 7.263126187468145478e-02 8.495084805509262038e-02
6.500000000000000000e+01 7.839380698720334328e-02 9.048425636175366771e-02
6.600000000000000000e+01 8.428234701909170790e-02 9.599108508108077087e-02
6.700000000000000000e+01 9.025662543783445624e-02 1.014241653180672637e-01
6.800000000000000000e+01 9.627214725212308866e-02 1.067343030565554157e-01
6.900000000000000000e+01 1.022806711560271253e-01 1.118709517207622933e-01
7.000000000000000000e+01 1.082305875369001802e-01 1.167830814802251344e-01
7.100000000000000000e+01 1.140672817940756589e-01 1.214201428613295164e-01
7.200000000000000000e+01 1.197337683261017888e-01 1.257329519089792902e-01
7.300000000000000000e+01 1.251717663661442437e-01 1.296744102089678052e-01
7.400000000000000000e+01 1.303230229311907462e-01 1.332001524071654841e-01
7.500000000000000000e+01 1.351304416701334110e-01 1.362693065739873366e-01
7.600000000000000000e+01 1.395387740461239701e-01 1.388454392005907534e-01
7.700000000000000000e+01 1.434951388414871243e-01 1.408975228110602995e-01
7.800000000000000000e+01 1.469499175056760421e-01 1.424006446673786452e-01
7.900000000000000000e+01 1.498582397558022028e-01 1.433363192696794075e-01
8.000000000000000000e+01 1.521815925213017562e-01 1.436925610416252275e-01
8.100000000000000000e+01 1.538887893440754051e-01 1.434640242217054273e-01
8.200000000000000000e+01 1.549560421077541550e-01 1.426523484575621115e-01
8.300000000000000000e+01 1.553667301667306655e-01 1.412665074272836663e-01
8.400000000000000000e+01 1.551117338592682970e-01 1.393227917130497873e-01
8.500000000000000000e+01 1.541905006053876648e-01 1.368442614203371765e-01
8.600000000000000000e+01 1.526120218926645677e-01 1.338598980503139524e-01
8.700000000000000000e+01 1.503947149742246026e-01 1.304038745048610726e-01
8.800000000000000000e+01 1.475651214722080162e-01 1.265151422122811620e-01
8.900000000000000000e+01 1.441564310505731028e-01 1.222371170461434980e-01
9.000000000000000000e+01 1.402079079394439876e-01 1.176170558566665830e-01
9.100000000000000000e+01 1.357652008732707638e-01 1.127049545237009259e-01
9.200000000000000000e+01 1.308804045902648427e-01 1.075522298641413271e-01
9.300000000000000000e+01 1.256108392676471563e-01 1.022106359228465572e-01
9.400000000000000000e+01 1.200167607376625006e-01 9.673162327616319223e-02
9.500000000000000000e+01 1.141592840084505039e-01 9.116592844602207368e-02
9.600000000000000000e+01 1.080995397027355726e-01 8.556300331864279130e-02
9.700000000000000000e+01 1.018987682634359682e-01 7.997012473796218102e-02
9.800000000000000000e+01 9.561810260610147105e-02 7.443141145792414592e-02
9.900000000000000000e+01 8.931720140263643692e-02 6.898712775222654026e-02
1.000000000000000000e+02 8.305219562043350545e-02 6.367343664717083074e-02
1.010000000000000000e+02 7.687419607614387473e-02 5.852241864621925832e-02
1.020000000000000000e+02 7.082908039199915795e-02 5.356203756313960423e-02
1.030000000000000000e+02 6.495805534449435037e-02 4.881591690757157431e-02
1.040000000000000000e+02 5.929787977967170692e-02 4.430307588592018175e-02
1.050000000000000000e+02 5.388021054666088105e-02 4.003787772985600152e-02
1.060000000000000000e+02 4.873060336299393086e-02 3.603028993428766119e-02
1.070000000000000000e+02 4.386812441788077305e-02 3.228632515845939605e-02
1.080000000000000000e+02 3.930594110498577404e-02 2.880844855699724386e-02
1.090000000000000000e+02 3.505236148736407681e-02 2.559585360801086215e-02
1.100000000000000000e+02 3.111151562762735218e-02 2.264468190978708925e-02
1.110000000000000000e+02 2.748341183107709182e-02 1.994832405255567154e-02
1.120000000000000000e+02 2.416381084228855225e-02 1.749785481752439559e-02
1.130000000000000000e+02 2.114451731833407941e-02 1.528253264927856118e-02
1.140000000000000000e+02 1.841422166203987576e-02 1.329025032312261198e-02
1.150000000000000000e+02 1.595949048954002289e-02 1.150788229421817466e-02
1.160000000000000000e+02 1.376543173197622254e-02 9.921560041568402641e-03
1.170000000000000000e+02 1.181594159619566743e-02 8.516939118460483890e-03
1.180000000000000000e+02 1.009382912216040713e-02 7.279487135229694046e-03
1.190000000000000000e+02 8.581139651087879572e-03 6.194769053191093167e-03
1.200000000000000000e+02 7.259709925957312168e-03 5.248686331586986838e-03
1.210000000000000000e+02 6.111723076461553564e-03 4.427648199679921209e-03
1.220000000000000000e+02 5.120036956121100380e-03 3.718687081118733292e-03
1.230000000000000000e+02 4.268272685560599647e-03 3.109544899658304995e-03
1.240000000000000000e+02 3.540828101866355833e-03 2.588746957715702592e-03
1.250000000000000000e+02 2.922967821239521972e-03 2.145661831152688437e-03
1.260000000000000000e+02 2.400995941316589298e-03 1.770537034889235143e-03
1.270000000000000000e+02 1.962405655174076849e-03 1.454505019240663350e-03
1.280000000000000000e+02 1.595916254875494149e-03 1.189563986934846383e-03
1.290000000000000000e+02 1.291404896083566192e-03 9.685434945562591044e-04
1.300000000000000000e+02 1.039809375379813217e-03 7.850631046720468699e-04
1.310000000000000000e+02 8.330646259966023245e-04 6.334872428803000341e-04
1.320000000000000000e+02 6.640743195261794530e-04 5.088757949626682804e-04
1.330000000000000000e+02 5.266775918717371942e-04 4.069297630546693024e-04
1.340000000000000000e+02 4.155799753467993786e-04 3.239331485277241809e-04
1.350000000000000000e+02 3.262538331273662304e-04 2.566938168961990720e-04
1.360000000000000000e+02 2.548366309586546654e-04 2.024861781489714716e-04
1.370000000000000000e+02 1.980488102225543706e-04 1.589973808124377046e-04
1.380000000000000000e+02 1.531314070251670783e-04 1.242774184220417821e-04
1.390000000000000000e+02 1.177899470076352402e-04 9.669288348979307207e-05
1.400000000000000000e+02 9.013426313039391285e-05 7.488416937326839102e-05
1.410000000000000000e+02 6.861524108353508596e-05 5.772628495028252926e-05
1.420000000000000000e+02 5.196644667235181947e-05 4.429363696548510837e-05
1.430000000000000000e+02 3.915658304466571829e-05 3.382898270895839954e-05
1.440000000000000000e+02 2.935239837517973033e-05 2.571641951223019350e-05
1.450000000000000000e+02 2.188769790166041507e-05 1.945801657912588179e-05
1.460000000000000000e+02 1.623486922520886715e-05 1.465363905615074390e-05
1.470000000000000000e+02 1.197841309978395836e-05 1.098360715647051270e-05
1.480000000000000000e+02 8.791964975085299138e-06 8.193936624807736011e-06
1.490000000000000000e+02 6.419962845118298474e-06 6.083935394520457445e-06
1.500000000000000000e+02 4.663612484744456926e-06 4.495897570179034698e-06
1.510000000000000000e+02 3.369803464962225383e-06 3.306601608463754071e-06
1.520000000000000000e+02 2.421769926275864876e-06 2.420325677581564573e-06
1.530000000000000000e+02 1.731039282819512222e-06 1.763134103322112489e-06
1.540000000000000000e+02 1.230761185379799675e-06 1.278235291450333015e-06
1.550000000000000000e+02 8.705318203739669371e-07 9.222434522844296471e-07
1.560000000000000000e+02 6.125493636717951527e-07 6.621943476232721692e-07
1.570000000000000000e+02 4.287276871035023196e-07 4.731797238928735302e-07
1.580000000000000000e+02 2.984190664851858139e-07 3.364827943609171687e-07
1.590000000000000000e+02 2.065610260566666440e-07 2.381169879334562415e-07
