0.000000000000000000e+00 6.858612988711693119e-09 -4.551027212829903917e-09
1.000000000000000000e+00 1.469136108471826414e-09 1.002924621803690229e-08
2.000000000000000000e+00 2.501225440351610914e-09 1.471485023558683359e-08
3.000000000000000000e+00 4.083949696420131936e-09 2.265375965839195829e-08
4.000000000000000000e+00 6.606617248574105681e-09 3.466089427454469409e-08
5.000000000000000000e+00 1.058853147726619249e-08 5.264147269462372123e-08
6.000000000000000000e+00 1.681417347830492686e-08 7.935710140643475351e-08
7.000000000000000000e+00 2.645603899061235501e-08 1.187478539796025057e-07
8.000000000000000000e+00 4.124886600366101994e-08 1.763862250622710806e-07
9.000000000000000000e+00 6.373328129610632620e-08 2.600880265897100365e-07
1.000000000000000000e+01 9.759275119710561486e-08 3.807249127688301685e-07
1.100000000000000000e+01 1.481141195144357530e-07 5.532946266936814956e-07
1.200000000000000000e+01 2.228100668582377597e-07 7.983169935254018999e-07
1.300000000000000000e+01 3.322501363836802404e-07 1.143637191968108753e-06
1.400000000000000000e+01 4.911579823346122105e-07 1.626732061010895564e-06
1.500000000000000000e+01 7.198425681281447728e-07 2.297630441663499992e-06
1.600000000000000000e+01 1.046043761111336604e-06 3.222574014802217108e-06
1.700000000000000000e+01 1.507283716679024347e-06 4.488560381394501213e-06
1.800000000000000000e+01 2.153827740438198378e-06 6.208923369550189754e-06
1.900000000000000000e+01 3.052368103839427659e-06 8.530116385058457459e-06
2.000000000000000000e+01 4.290552780558563458e-06 1.163987127344505696e-05
2.100000000000000000e+01 5.982486070948341028e-06 1.577690735165095644e-05
2.200000000000000000e+01 8.275329225108048179e-06 2.124235950011230063e-05
2.300000000000000000e+01 1.135712481909242612e-05 2.841308141278527983e-05
2.400000000000000000e+01 1.546595877694913873e-05 3.775695548237713339e-05
2.500000000000000000e+01 2.090055682440014972e-05 4.985030713474544414e-05
2.600000000000000000e+01 2.803238885115177031e-05 6.539747443033336848e-05
2.700000000000000000e+01 3.731932381166353126e-05 8.525252459974606563e-05
2.800000000000000000e+01 4.932084136467103748e-05 1.104430393431845122e-04
2.900000000000000000e+01 6.471476494498867621e-05 1.421958098721035600e-04
3.000000000000000000e+01 8.431543580843192610e-05 1.819641897698587979e-04
3.100000000000000000e+01 1.090932018068089556e-04 2.314567523413030271e-04
3.200000000000000000e+01 1.401950493478865307e-04 2.926667918286930746e-04
3.300000000000000000e+01 1.789661659531383237e-04 3.679021050862754313e-04
3.400000000000000000e+01 2.269721844907791615e-04 4.598143886015932996e-04
3.500000000000000000e+01 2.860218320433584923e-04 5.714274811116177785e-04
3.600000000000000000e+01 3.581896857296341767e-04 7.061635811181125010e-04
3.700000000000000000e+01 4.458387252427891594e-04 8.678664838122011459e-04
3.800000000000000000e+01 5.516423654567204158e-04 1.060820821543036153e-03
3.900000000000000000e+01 6.786056489592839740e-04 1.289766241081679275e-03
4.000000000000000000e+01 8.300852737505439805e-04 1.559905397424561245e-03
4.100000000000000000e+01 1.009808119537295703e-03 1.876904596573511497e-03
4.200000000000000000e+01 1.221887909461715415e-03 2.246885901998368906e-03
4.300000000000000000e+01 1.470839596348202634e-03 2.676409530151589115e-03
4.400000000000000000e+01 1.761590984815772495e-03 3.172445366102773830e-03
4.500000000000000000e+01 2.099490986616031792e-03 3.742332417170962395e-03
4.600000000000000000e+01 2.490313749731599361e-03 4.393725017417594511e-03
4.700000000000000000e+01 2.940257698850994809e-03 5.134524635611918686e-03
4.800000000000000000e+01 3.455938274708062266e-03 5.972796215823794434e-03
4.900000000000000000e+01 4.044372866450567615e-03 6.916668057800361667e-03
5.000000000000000000e+01 4.712956101268091051e-03 7.974214329739147747e-03
5.100000000000000000e+01 5.469423303454343417e-03 9.153319457565240944e-03
5.200000000000000000e+01 6.321799580013292078e-03 1.046152390027201180e-02
5.300000000000000000e+01 7.278331659107781237e-03 1.190585119215317733e-02
5.400000000000000000e+01 8.347399334616159572e-03 1.349261658363076419e-02
5.500000000000000000e+01 9.537403196003418210e-03 1.522721816287041577e-02
5.600000000000000000e+01 1.085662529601329890e-02 1.711391204528153742e-02
5.700000000000000000e+01 1.231305958278468109e-02 1.915557410762643714e-02
5.800000000000000000e+01 1.391420935427128622e-02 2.135345179479981870e-02
5.900000000000000000e+01 1.566684973725068764e-02 2.370691068703935020e-02
6.000000000000000000e+01 1.757675430415154769e-02 2.621318172283196996e-02
6.100000000000000000e+01 1.964838645976219392e-02 2.886711618632781598e-02
6.200000000000000000e+01 2.188455817634412520e-02 3.166095679310097777e-02
6.300000000000000000e+01 2.428606102173726244e-02 3.458413445008598486e-02
6.400000000000000000e+01 2.685127717608943101e-02 3.762310136767867130e-02
6.500000000000000000e+01 2.957578119675647113e-02 4.076121181643233699e-02
6.600000000000000000e+01 3.245194652559077464e-02 4.397866174938602768e-02
6.700000000000000000e+01 3.546857392362751105e-02 4.725249805454252716e-02
6.800000000000000000e+01 3.861056193778167334e-02 5.055670775593357202e-02
6.900000000000000000e+01 4.185864193923228421e-02 5.386239660849551081e-02
7.000000000000000000e+01 4.518920191047848950e-02 5.713806406336786187e-02
7.100000000000000000e+01 4.857422353024783146e-02 6.034997737550529956e-02
7.200000000000000000e+01 5.198135587701695204e-02 6.346264358255046534e-02
7.300000000000000000e+01 5.537414629442861946e-02 6.643937580449661706e-02
7.400000000000000000e+01 5.871244463388000656e-02 6.924294791054405596e-02
7.500000000000000000e+01 6.195299063848570820e-02 7.183632552916424663e-02
7.600000000000000000e+01 6.505018537605235240e-02 7.418345274654389310e-02
7.700000000000000000e+01 6.795703761827165401e-02 7.625006932016203942e-02
7.800000000000000000e+01 7.062626634452237595e-02 7.800453573748003522e-02
7.900000000000000000e+01 7.301153025509365957e-02 7.941864517842453508e-02
8.000000000000000000e+01 7.506874312393660431e-02 8.046839391514201689e-02
8.100000000000000000e+01 7.675742313826311447e-02 8.113467172368646341e-02
8.200000000000000000e+01 7.804201960762979784e-02 8.140383792794760043e-02
8.300000000000000000e+01 7.889315916487189828e-02 8.126816672337310032e-02
8.400000000000000000e+01 7.928875001873993134e-02 8.072615474742333985e-02
8.500000000000000000e+01 7.921488145057760388e-02 7.978267188372534235e-02
8.600000000000000000e+01 7.866646704087293385e-02 7.844892622799048976e-02
8.700000000000000000e+01 7.764759883609964608e-02 7.674223458162728051e-02
8.800000000000000000e+01 7.617158932663131710e-02 7.468562535598945173e-02
8.900000000000000000e+01 7.426068318049550143e-02 7.230730645802782575e-02
9.000000000000000000e+01 7.194544289042613394e-02 6.964000207149827204e-02
9.100000000000000000e+01 6.926384538538379876e-02 6.672015129680472501e-02
9.200000000000000000e+01 6.626013781194042829e-02 6.358699917253293754e-02
9.300000000000000000e+01 6.298349309007494901e-02 6.028164975767318079e-02
9.400000000000000000e+01 5.948651879787319324e-02 5.684613269382784995e-02
9.500000000000000000e+01 5.582370368171990505e-02 5.332248400796725518e-02
9.600000000000000000e+01 5.204988497967485972e-02 4.975183686459107302e-02
9.700000000000000000e+01 4.821878612934644287e-02 4.617356755958058889e-02
9.800000000000000000e+01 4.438166642093691744e-02 4.262456619939161695e-02
9.900000000000000000e+01 4.058614688182590746e-02 3.913865443617529916e-02
1.000000000000000000e+02 3.687526710901053995e-02 3.574611785319826984e-02
1.010000000000000000e+02 3.328677879325844108e-02 3.247333401503229439e-02
1.020000000000000000e+02 2.985266208151982764e-02 2.934252872036235277e-02
1.030000000000000000e+02 2.659887344531850634e-02 2.637169475409251868e-02
1.040000000000000000e+02 2.354533090241403906e-02 2.357465126215725626e-02
1.050000000000000000e+02 2.070610014084484085e-02 2.096118868542085761e-02
1.060000000000000000e+02 1.808972913745525435e-02 1.853727609292978723e-02
1.070000000000000000e+02 1.569970579419697684e-02 1.630534781343200360e-02
1.080000000000000000e+02 1.353502276526821931e-02 1.426467278226774445e-02
1.090000000000000000e+02 1.159080856614754830e-02 1.241176834744459230e-02
1.100000000000000000e+02 9.858976160572624839e-03 1.074081451498311475e-02
1.110000000000000000e+02 8.328865554466425430e-03 9.244058585261390876e-03
1.120000000000000000e+02 6.987871441682945960e-03 7.912221107097825931e-03
1.130000000000000000e+02 5.822035254407489577e-03 6.734897849563047621e-03
1.140000000000000000e+02 4.816577289693643911e-03 5.700932225463412398e-03
1.150000000000000000e+02 3.956361397837234763e-03 4.798740249480593426e-03
1.160000000000000000e+02 3.226295681516737259e-03 4.016591807498831601e-03
1.170000000000000000e+02 2.611667424463142827e-03 3.342857777424839642e-03
1.180000000000000000e+02 2.098407929237040663e-03 2.766221424314409261e-03
1.190000000000000000e+02 1.673290889878091157e-03 2.275846239274640238e-03
1.200000000000000000e+02 1.324073337177513604e-03 1.861499704921762421e-03
1.210000000000000000e+02 1.039585563074239133e-03 1.513641061680402787e-03
1.220000000000000000e+02 8.097744770725438801e-04 1.223480501240799831e-03
1.230000000000000000e+02 6.257074116173679890e-04 9.830119709631709741e-04
1.240000000000000000e+02 4.795450327788672437e-04 7.850206605533091965e-04
1.250000000000000000e+02 3.644903798274171059e-04 6.230693207260377085e-04
1.260000000000000000e+02 2.747195935084763979e-04 4.914693074933273705e-04
1.270000000000000000e+02 2.053000899272588119e-04 3.852407767295650703e-04
1.280000000000000000e+02 1.521018052556616569e-04 3.000645632604522829e-04
1.290000000000000000e+02 1.117059008053966401e-04 2.322280423472937081e-04
1.300000000000000000e+02 8.131421760656026777e-05 1.785677652301792984e-04
1.310000000000000000e+02 5.866227237961611036e-05 1.364114512122579516e-04
1.320000000000000000e+02 4.193801499791991578e-05 1.035211054762669083e-04
1.330000000000000000e+02 2.970772662816664506e-05 7.803842143573723347e-05
1.340000000000000000e+02 2.084976393471411535e-05 5.843339896470641312e-05
1.350000000000000000e+02 1.449646538664261895e-05 4.345692228715657726e-05
1.360000000000000000e+02 9.984185069831248485e-06 3.209774235952735360e-05
1.370000000000000000e+02 6.811053777119827457e-06 2.354403159598320171e-05
1.380000000000000000e+02 4.601830736821305417e-06 1.714950487656387003e-05
1.390000000000000000e+02 3.079119743829348197e-06 1.240397108094861366e-05
1.400000000000000000e+02 2.040177632495617329e-06 8.908056093023992384e-06
1.410000000000000000e+02 1.338510546524719025e-06 6.351755662640996631e-06
1.420000000000000000e+02 8.694744331058128412e-07 4.496449893783680271e-06
1.430000000000000000e+02 5.591695196434796531e-07 3.160004680219348350e-06
1.440000000000000000e+02 3.560022942895033890e-07 2.204574018323292164e-06
1.450000000000000000e+02 2.243655164049317800e-07 1.526716344954916279e-06
1.460000000000000000e+02 1.399672920338286156e-07 1.049464803940312432e-06
1.470000000000000000e+02 8.642501478710145448e-08 7.160337642503442756e-07
1.480000000000000000e+02 5.281660865523094218e-08 4.848813041327285311e-07
1.490000000000000000e+02 3.194439339608977931e-08 3.258768462181826617e-07
1.500000000000000000e+02 1.912000532415169049e-08 2.173543455089192681e-07
1.510000000000000000e+02 1.132478410868482683e-08 1.438674671466836870e-07
1.520000000000000000e+02 6.637442949517922338e-09 9.449750002121337401e-08
1.530000000000000000e+02 3.849273066960813641e-09 6.159205541266405016e-08
1.540000000000000000e+02 2.208722950527607547e-09 3.983434289819964768e-08
1.550000000000000000e+02 1.253921287953909514e-09 2.556243184113889755e-08
1.560000000000000000e+02 7.042895307927376700e-10 1.627587601868168865e-08
1.570000000000000000e+02 3.913507523141596996e-10 1.028186903500045880e-08
1.580000000000000000e+02 2.151258473351983719e-10 6.444228425476637290e-09
1.590000000000000000e+02 1.169801368717318823e-10 4.007041570995847303e-09
