0.000000000000000000e+00 -7.956556294219270348e-08 -7.330245826708271220e-05
1.000000000000000000e+00 1.763648102625224867e-07 6.132951048611805320e-05
2.000000000000000000e+00 2.270133225366577343e-07 5.878732993566189213e-05
3.000000000000000000e+00 3.251658250582387978e-07 6.858285486117006717e-05
4.000000000000000000e+00 4.659607622244953718e-07 8.248430926379956532e-05
5.000000000000000000e+00 6.645738665164446925e-07 9.966326519885869342e-05
6.000000000000000000e+00 9.428681600913366421e-07 1.203240582664335433e-04
7.000000000000000000e+00 1.330516887107549642e-06 1.449590226837295208e-04
8.000000000000000000e+00 1.867362165141396671e-06 1.742048329247783715e-04
9.000000000000000000e+00 2.606598887052884549e-06 2.088120206740148605e-04
1.000000000000000000e+01 3.618867745851794098e-06 2.496433126338338821e-04
1.100000000000000000e+01 4.997375185927201952e-06 2.976806758259713400e-04
1.200000000000000000e+01 6.864223629592762465e-06 3.540355237083364030e-04
1.300000000000000000e+01 9.378259450512308959e-06 4.199605618025214798e-04
1.400000000000000000e+01 1.274483545770902472e-05 4.968628164534454744e-04
1.500000000000000000e+01 1.722785185347327499e-05 5.863173983464977593e-04
1.600000000000000000e+01 2.316435886190386742e-05 6.900811963912124782e-04
1.700000000000000000e+01 3.098202632642076191e-05 8.101054614758763754e-04
1.800000000000000000e+01 4.121993998967885366e-05 9.485465109889286688e-04
1.900000000000000000e+01 5.455325422881114367e-05 1.107774658246691050e-03
2.000000000000000000e+01 7.182203314022883340e-05 1.290382552651963980e-03
2.100000000000000000e+01 9.406435491736872784e-05 1.499194592111306734e-03
2.200000000000000000e+01 1.225539135583923636e-04 1.737278149277934501e-03
2.300000000000000000e+01 1.588429300365676376e-04 2.007954993139526075e-03
2.400000000000000000e+01 2.048113006256034054e-04 2.314808643859129871e-03
2.500000000000000000e+01 2.627216917529915253e-04 2.661682479499721896e-03
2.600000000000000000e+01 3.352784429309772123e-04 3.052665833259228956e-03
2.700000000000000000e+01 4.256879630049699350e-04 3.492070791656484621e-03
2.800000000000000000e+01 5.377210077747663014e-04 3.984408050228079555e-03
2.900000000000000000e+01 6.757801857976719097e-04 4.534371550960536457e-03
3.000000000000000000e+01 8.449743710843165591e-04 5.146835535054901205e-03
3.100000000000000000e+01 1.051194430697711523e-03 5.826855477083914617e-03
3.200000000000000000e+01 1.301178581213460880e-03 6.579653107331925009e-03
3.300000000000000000e+01 1.602559667263174113e-03 7.410564723613297447e-03
3.400000000000000000e+01 1.963899834298318652e-03 8.324946435062392097e-03
3.500000000000000000e+01 2.394726050425905438e-03 9.328055189156138696e-03
3.600000000000000000e+01 2.905568698498038789e-03 1.042494546653829381e-02
3.700000000000000000e+01 3.507981249761539001e-03 1.162042045462680778e-02
3.800000000000000000e+01 4.214508653183460934e-03 1.291904529946666380e-02
3.900000000000000000e+01 5.038594781816332566e-03 1.432518123426505634e-02
4.000000000000000000e+01 5.994457747838041403e-03 1.584296423612809382e-02
4.100000000000000000e+01 7.096971833514465443e-03 1.747616229320501230e-02
4.200000000000000000e+01 8.361554176001281466e-03 1.922790943270757599e-02
4.300000000000000000e+01 9.803999823875130318e-03 2.110040273123043458e-02
4.400000000000000000e+01 1.144020637406982163e-02 2.309470288545675126e-02
4.500000000000000000e+01 1.328579804278974888e-02 2.521074741100238006e-02
4.600000000000000000e+01 1.535573332589197995e-02 2.744756367472330968e-02
4.700000000000000000e+01 1.766397159896655397e-02 2.980352020381263345e-02
4.800000000000000000e+01 2.022317581346389642e-02 3.227638267367163166e-02
4.900000000000000000e+01 2.304434347952007481e-02 3.486302104480915043e-02
5.000000000000000000e+01 2.613629371032686818e-02 3.755882959698903650e-02
5.100000000000000000e+01 2.950507531743842837e-02 4.035715186900993429e-02
5.200000000000000000e+01 3.315345512952014295e-02 4.324908399461963732e-02
5.300000000000000000e+01 3.708058082731863908e-02 4.622386302163268568e-02
5.400000000000000000e+01 4.128174472779155835e-02 4.926968956291329776e-02
5.500000000000000000e+01 4.574808839568732244e-02 5.237450203523710129e-02
5.600000000000000000e+01 5.046619215825803167e-02 5.552616038731861270e-02
5.700000000000000000e+01 5.541768641490005948e-02 5.871181164010063486e-02
5.800000000000000000e+01 6.057908919353412192e-02 6.191675079327970538e-02
5.900000000000000000e+01 6.592193053142533787e-02 6.512352153740431915e-02
6.000000000000000000e+01 7.141301831378575604e-02 6.831199322451964040e-02
6.100000000000000000e+01 7.701465841712734628e-02 7.146062063484438787e-02
6.200000000000000000e+01 8.268481279194804523e-02 7.454832036682768059e-02
6.300000000000000000e+01 8.837737320861034640e-02 7.755589103630115833e-02
6.400000000000000000e+01 9.404272807773712828e-02 8.046606448737084194e-02
6.500000000000000000e+01 9.962860266326170611e-02 8.326208774387887368e-02
6.600000000000000000e+01 1.050809737340036992e-01 8.592573093436438325e-02
6.700000000000000000e+01 1.103448886851014638e-01 8.843613524922794289e-02
6.800000000000000000e+01 1.153652134697587678e-01 9.077053097295596784e-02
6.900000000000000000e+01 1.200874727647240209e-01 9.290671203530155575e-02
7.000000000000000000e+01 1.244588805741957127e-01 9.482595300319318632e-02
7.100000000000000000e+01 1.284294706539957087e-01 9.651462436511225318e-02
7.200000000000000000e+01 1.319531325363166308e-01 9.796346846733133829e-02
7.300000000000000000e+01 1.349884433134573569e-01 9.916495627519358869e-02
7.400000000000000000e+01 1.374993522208389218e-01 1.001104367818549251e-01
7.500000000000000000e+01 1.394558412291773963e-01 1.007890392212433261e-01
7.600000000000000000e+01 1.408345919032442106e-01 1.011892428181941500e-01
7.700000000000000000e+01 1.416195534935592859e-01 1.013023038795255737e-01
7.800000000000000000e+01 1.418022802612152466e-01 1.011254572508540478e-01
7.900000000000000000e+01 1.413820086614792360e-01 1.006628654810696050e-01
8.000000000000000000e+01 1.403655598110637448e-01 9.992367169410820704e-02
8.100000000000000000e+01 1.387671618737937873e-01 9.891834031091503721e-02
8.200000000000000000e+01 1.366081965572363832e-01 9.765556579580518537e-02
8.300000000000000000e+01 1.339167941901471259e-01 9.614166730335516053e-02
8.400000000000000000e+01 1.307272206436280726e-01 9.438277696450640686e-02
8.500000000000000000e+01 1.270790916733753884e-01 9.238832417399862884e-02
8.600000000000000000e+01 1.230165154428852631e-01 9.017351133224360549e-02
8.700000000000000000e+01 1.185872383861186485e-01 8.775916795630152312e-02
8.800000000000000000e+01 1.138417897885515701e-01 8.516905467558628928e-02
8.900000000000000000e+01 1.088325761392475860e-01 8.242625785975757347e-02
9.000000000000000000e+01 1.036129117500134700e-01 7.955079225067460125e-02
9.100000000000000000e+01 9.823604378621705879e-02 7.655965809973919178e-02
9.200000000000000000e+01 9.275425889538164992e-02 7.346899636049629423e-02
9.300000000000000000e+01 8.721811603404787394e-02 7.029672283180385395e-02
9.400000000000000000e+01 8.167578302241750021e-02 6.706388006801969337e-02
9.500000000000000000e+01 7.617243119557116915e-02 6.379390063061439464e-02
9.600000000000000000e+01 7.074968041582943568e-02 6.051031477564845773e-02
9.700000000000000000e+01 6.544513822282291282e-02 5.723430743516973174e-02
9.800000000000000000e+01 6.029208466020345714e-02 5.398346236364846840e-02
9.900000000000000000e+01 5.531931108516948553e-02 5.077216811078998776e-02
1.000000000000000000e+02 5.055107270380401058e-02 4.761312603580168668e-02
1.010000000000000000e+02 4.600710736341158402e-02 4.451886038977219406e-02
1.020000000000000000e+02 4.170270738990798642e-02 4.150233386584480100e-02
1.030000000000000000e+02 3.764886574224188265e-02 3.857645432505368149e-02
1.040000000000000000e+02 3.385251655772797408e-02 3.575292683452753473e-02
1.050000000000000000e+02 3.031685818638131871e-02 3.304118677657870429e-02
1.060000000000000000e+02 2.704171933303706893e-02 3.044796361662130066e-02
1.070000000000000000e+02 2.402393201039500215e-02 2.797757049139936239e-02
1.080000000000000000e+02 2.125770097502244216e-02 2.563261631137164417e-02
1.090000000000000000e+02 1.873497968499826874e-02 2.341471283857881128e-02
1.100000000000000000e+02 1.644585976639176619e-02 2.132488405901513534e-02
1.110000000000000000e+02 1.437896285576548312e-02 1.936361469395685847e-02
1.120000000000000000e+02 1.252181195128748356e-02 1.753065178773965602e-02
1.130000000000000000e+02 1.086116519899041517e-02 1.582474115879754784e-02
1.140000000000000000e+02 9.383310481069835618e-03 1.424345267753146689e-02
1.150000000000000000e+02 8.074328900982745416e-03 1.278317526790496289e-02
1.160000000000000000e+02 6.920332717673997880e-03 1.143929411586369453e-02
1.170000000000000000e+02 5.907674891177234350e-03 1.020651149319856503e-02
1.180000000000000000e+02 5.023123379295083187e-03 9.079225570239778803e-03
1.190000000000000000e+02 4.253997116137418939e-03 8.051847070632691533e-03
1.200000000000000000e+02 3.588267378630052244e-03 7.118947102164023370e-03
1.210000000000000000e+02 3.014631579016484320e-03 6.275204767317651630e-03
1.220000000000000000e+02 2.522564776200337221e-03 5.515224495722574963e-03
1.230000000000000000e+02 2.102350704973936658e-03 4.833361708116293461e-03
1.240000000000000000e+02 1.745092696775899519e-03 4.223689450185976260e-03
1.250000000000000000e+02 1.442706202673035235e-03 3.680155681951805414e-03
1.260000000000000000e+02 1.187896640945573009e-03 3.196865405499122251e-03
1.270000000000000000e+02 9.741268820954463456e-04 2.768345777717362479e-03
1.280000000000000000e+02 7.955776493443364418e-04 2.389665665369120930e-03
1.290000000000000000e+02 6.471027127329044733e-04 2.056371690120075216e-03
1.300000000000000000e+02 5.241801123899970070e-04 1.764308337560434271e-03
1.310000000000000000e+02 4.228608141752733160e-04 1.509445606015168704e-03
1.320000000000000000e+02 3.397165049109249712e-04 1.287816560081169598e-03
1.330000000000000000e+02 2.717881354901592063e-04 1.095588966684241322e-03
1.340000000000000000e+02 2.165363390345095883e-04 9.292118740972746954e-04
1.350000000000000000e+02 1.717943432023164626e-04 7.855405644110612269e-04
1.360000000000000000e+02 1.357237184088359210e-04 6.618687556477997848e-04
1.370000000000000000e+02 1.067732371871562164e-04 5.558602760860334099e-04
1.380000000000000000e+02 8.364109656951857060e-05 4.654296171653574533e-04
1.390000000000000000e+02 6.524066257071239861e-05 3.886398254039794085e-04
1.400000000000000000e+02 5.066974680403581291e-05 3.236632133772473162e-04
1.410000000000000000e+02 3.918329247249095591e-05 2.688059299072985690e-04
1.420000000000000000e+02 3.016927418212096549e-05 2.225609354576861228e-04
1.430000000000000000e+02 2.312759300624161923e-05 1.836451930601246845e-04
1.440000000000000000e+02 1.765174202075772209e-05 1.509954508025639118e-04
1.450000000000000000e+02 1.341300810125120859e-05 1.237260929567615382e-04
1.460000000000000000e+02 1.014696421872312898e-05 1.010730581012302202e-04
1.470000000000000000e+02 7.642001973002904598e-06 8.235025568215305792e-05
1.480000000000000000e+02 5.729660891485798037e-06 6.693218762307755838e-05
1.490000000000000000e+02 4.276526214159304938e-06 5.425920920175392572e-05
1.500000000000000000e+02 3.177485435597854771e-06 4.385078395354056801e-05
1.510000000000000000e+02 2.350152767394161107e-06 3.531197342452967023e-05
1.520000000000000000e+02 1.730289297588764775e-06 2.832653058982349440e-05
1.530000000000000000e+02 1.268065091864082747e-06 2.263953785522600918e-05
1.540000000000000000e+02 9.250276126557759106e-07 1.803781711003351533e-05
1.550000000000000000e+02 6.716581631769069873e-07 1.433565870449018637e-05
1.560000000000000000e+02 4.854142464712593274e-07 1.136882272151636488e-05
1.570000000000000000e+02 3.491706142192664425e-07 8.994844939313122151e-06
1.580000000000000000e+02 2.499852589511639296e-07 7.095212640706370804e-06
1.590000000000000000e+02 1.781285491463809765e-07 5.575619015466678389e-06
