0.000000000000000000e+00 -1.057512916424805760e-04 -3.047093439797567192e-05
1.000000000000000000e+00 1.003009507365400850e-04 2.573393622314049567e-05
2.000000000000000000e+00 9.061495401275644472e-05 2.525614079135827096e-05
3.000000000000000000e+00 1.054672338677593987e-04 3.096237189557211699e-05
4.000000000000000000e+00 1.264517747391516022e-04 3.855405769575927976e-05
5.000000000000000000e+00 1.519432627110119398e-04 4.794215282227871959e-05
6.000000000000000000e+00 1.823989613693973767e-04 5.943068837022887253e-05
7.000000000000000000e+00 2.187030430034559087e-04 7.343475398132701419e-05
8.000000000000000000e+00 2.618436385238866984e-04 9.045970077060698446e-05
9.000000000000000000e+00 3.128063605932430362e-04 1.111074537403846122e-04
1.000000000000000000e+01 3.725640208661118230e-04 1.360814507461255646e-04
1.100000000000000000e+01 4.421616516076252220e-04 1.661887578363838993e-04
1.200000000000000000e+01 5.228748874376002885e-04 2.023450714612971271e-04
1.300000000000000000e+01 6.163756251394158798e-04 2.455898762164793062e-04
1.400000000000000000e+01 7.248158231427444687e-04 2.971152615234159099e-04
1.500000000000000000e+01 8.507629735471204397e-04 3.583040510664619758e-04
1.600000000000000000e+01 9.969901843513346608e-04 4.307652784857950255e-04
1.700000000000000000e+01 1.166212322454664770e-03 5.163533193088029171e-04
1.800000000000000000e+01 1.360918627581645529e-03 6.171644672035554811e-04
1.900000000000000000e+01 1.583435870658020297e-03 7.355190860507014117e-04
2.000000000000000000e+01 1.836253093381228895e-03 8.739505163659424831e-04
2.100000000000000000e+01 2.122489810688264322e-03 1.035223722446575916e-03
2.200000000000000000e+01 2.446273462020710429e-03 1.222392224294326264e-03
2.300000000000000000e+01 2.812786147654833084e-03 1.438876424330457664e-03
2.400000000000000000e+01 3.227875123795738259e-03 1.688524996447573166e-03
2.500000000000000000e+01 3.697351089852059149e-03 1.975620230941377981e-03
2.600000000000000000e+01 4.226309749457338345e-03 2.304814686667424391e-03
2.700000000000000000e+01 4.818873000060433856e-03 2.681028921768109120e-03
2.800000000000000000e+01 5.478583210524310201e-03 3.109372492251176023e-03
2.900000000000000000e+01 6.209346754312007090e-03 3.595146860758333986e-03
3.000000000000000000e+01 7.016478638786547567e-03 4.143942226223453450e-03
3.100000000000000000e+01 7.907251018763526013e-03 4.761772685017258248e-03
3.200000000000000000e+01 8.890517272439732790e-03 5.455148606271408886e-03
3.300000000000000000e+01 9.975431607845983498e-03 6.230999545455822089e-03
3.400000000000000000e+01 1.116980538098600977e-02 7.096439428089036834e-03
3.500000000000000000e+01 1.247894382480124569e-02 8.058467370441274591e-03
3.600000000000000000e+01 1.390566941197119918e-02 9.123755797972114487e-03
3.700000000000000000e+01 1.545166434765162140e-02 1.029864179818551495e-02
3.800000000000000000e+01 1.711952533194052023e-02 1.158931310876770877e-02
3.900000000000000000e+01 1.891442799151396570e-02 1.300203656436160066e-02
4.000000000000000000e+01 2.084436408999853357e-02 1.454321195843052798e-02
4.100000000000000000e+01 2.291857754303284339e-02 1.621910914517180405e-02
4.200000000000000000e+01 2.514479008599253967e-02 1.803533442608921261e-02
4.300000000000000000e+01 2.752656596574142717e-02 1.999626264777671150e-02
4.400000000000000000e+01 3.006225012112602110e-02 2.210473123753783214e-02
4.500000000000000000e+01 3.274618681578239654e-02 2.436215744354482821e-02
4.600000000000000000e+01 3.557171475999040822e-02 2.676897263423311246e-02
4.700000000000000000e+01 3.853439367050107145e-02 2.932503391197401402e-02
4.800000000000000000e+01 4.163365506581209741e-02 3.202964216916169560e-02
4.900000000000000000e+01 4.487179561669111388e-02 3.488101866872381218e-02
5.000000000000000000e+01 4.825061930858947495e-02 3.787545034140855221e-02
5.100000000000000000e+01 5.176736800735171062e-02 4.100657715397902636e-02
5.200000000000000000e+01 5.541210323367078139e-02 4.426526749504983843e-02
5.300000000000000000e+01 5.916804616825646623e-02 4.764019064421194660e-02
5.400000000000000000e+01 6.301483486347922436e-02 5.111874435774631242e-02
5.500000000000000000e+01 6.693305171831208378e-02 5.468772985773642792e-02
5.600000000000000000e+01 7.090761935284463358e-02 5.833329108225758508e-02
5.700000000000000000e+01 7.492820811682662785e-02 6.204010610974796530e-02
5.800000000000000000e+01 7.898638011376329926e-02 6.579034742629641386e-02
5.900000000000000000e+01 8.307097891726562822e-02 6.956315527676941446e-02
6.000000000000000000e+01 8.716428515792104537e-02 7.333510764737374843e-02
6.100000000000000000e+01 9.124110017851000398e-02 7.708155432950022923e-02
6.200000000000000000e+01 9.527134783397749052e-02 8.077810286841896614e-02
6.300000000000000000e+01 9.922486570315122711e-02 8.440140208478359718e-02
6.400000000000000000e+01 1.030758760176485878e-01 8.792879625017391287e-02
6.500000000000000000e+01 1.068048370435469990e-01 9.133717073659811114e-02
6.600000000000000000e+01 1.103968371327306297e-01 9.460189105168090307e-02
6.700000000000000000e+01 1.138375872514154896e-01 9.769674357763226402e-02
6.800000000000000000e+01 1.171093563322566505e-01 1.005951749136254486e-01
6.900000000000000000e+01 1.201891720756741999e-01 1.032722745819182053e-01
7.000000000000000000e+01 1.230502984352897511e-01 1.057064175601948042e-01
7.100000000000000000e+01 1.256661601043702059e-01 1.078796529823511791e-01
7.200000000000000000e+01 1.280145745600965723e-01 1.097767121138925606e-01
7.300000000000000000e+01 1.300800910384628251e-01 1.113834108066036471e-01
7.400000000000000000e+01 1.318533893199369256e-01 1.126856390055966661e-01
7.500000000000000000e+01 1.333283516868279395e-01 1.136697650316289276e-01
7.600000000000000000e+01 1.344986507294704814e-01 1.143243534761580471e-01
7.700000000000000000e+01 1.353558389119346728e-01 1.146422069789781589e-01
7.800000000000000000e+01 1.358899508480639340e-01 1.146214862288455483e-01
7.900000000000000000e+01 1.360921385916759596e-01 1.142652199770991389e-01
8.000000000000000000e+01 1.359577368090091609e-01 1.135795306406807148e-01
8.100000000000000000e+01 1.354880234058635502e-01 1.125717093423463933e-01
8.200000000000000000e+01 1.346898033206397893e-01 1.112493465402388942e-01
8.300000000000000000e+01 1.335732273917167590e-01 1.096210134365238759e-01
8.400000000000000000e+01 1.321492071196913032e-01 1.076979636887228642e-01
8.500000000000000000e+01 1.304278937982563946e-01 1.054956564743460973e-01
8.600000000000000000e+01 1.284189542105458326e-01 1.030340187014273934e-01
8.700000000000000000e+01 1.261332684518156055e-01 1.003361734842722480e-01
8.800000000000000000e+01 1.235848634280654196e-01 9.742632519071256492e-02
8.900000000000000000e+01 1.207918356641766167e-01 9.432798675639643415e-02
9.000000000000000000e+01 1.177756905942246995e-01 9.106346266574559534e-02
9.100000000000000000e+01 1.145594811834663440e-01 8.765466608379579583e-02
9.200000000000000000e+01 1.111657909279890055e-01 8.412450894574488580e-02
9.300000000000000000e+01 1.076156202476411944e-01 8.049779223806785566e-02
9.400000000000000000e+01 1.039286423374436996e-01 7.680090524369059812e-02
9.500000000000000000e+01 1.001244740157252455e-01 7.306043186254285171e-02
9.600000000000000000e+01 9.622404354891617162e-02 6.930143643324720992e-02
9.700000000000000000e+01 9.225014004660522793e-02 6.554634823819692480e-02
9.800000000000000000e+01 8.822675951207599454e-02 6.181493310021562992e-02
9.900000000000000000e+01 8.417757779376319749e-02 5.812514871999408667e-02
1.000000000000000000e+02 8.012435784175409026e-02 5.449418018331241009e-02
1.010000000000000000e+02 7.608608805713842904e-02 5.093893311291217835e-02
1.020000000000000000e+02 7.207919651281279039e-02 4.747568501776509853e-02
1.030000000000000000e+02 6.811857851165760425e-02 4.411915252896068257e-02
1.040000000000000000e+02 6.421875917990654825e-02 4.088156805027388235e-02
1.050000000000000000e+02 6.039450187188301344e-02 3.777229572059063317e-02
1.060000000000000000e+02 5.666053966794400848e-02 3.479814155352498051e-02
1.070000000000000000e+02 5.303061711212419399e-02 3.196409401534229533e-02
1.080000000000000000e+02 4.951639080025149742e-02 2.927402800079901765e-02
1.090000000000000000e+02 4.612676948722684023e-02 2.673100826349448719e-02
1.100000000000000000e+02 4.286799434373896739e-02 2.433712978092009843e-02
1.110000000000000000e+02 3.974435065867649997e-02 2.209312155104524097e-02
1.120000000000000000e+02 3.675909410061388438e-02 1.999804706599483950e-02
1.130000000000000000e+02 3.391511786563627256e-02 1.804932587830557211e-02
1.140000000000000000e+02 3.121508189548956314e-02 1.624307756393019581e-02
1.150000000000000000e+02 2.866103972826502394e-02 1.457460439817415999e-02
1.160000000000000000e+02 2.625385391720857706e-02 1.303878449712744976e-02
1.170000000000000000e+02 2.399276279446372825e-02 1.163024254545665277e-02
1.180000000000000000e+02 2.187533770809475808e-02 1.034331735248991170e-02
1.190000000000000000e+02 1.989784182500244428e-02 9.171954449324613498e-03
1.200000000000000000e+02 1.805580070247165408e-02 8.109663467606194678e-03
1.210000000000000000e+02 1.634451881258599040e-02 7.149608101655387238e-03
1.220000000000000000e+02 1.475934403150860191e-02 6.284801028911185528e-03
1.230000000000000000e+02 1.329563689966186020e-02 5.508317984233972522e-03
1.240000000000000000e+02 1.194855171904278361e-02 4.813449446785030006e-03
1.250000000000000000e+02 1.071280820790380776e-02 4.193757951392306296e-03
1.260000000000000000e+02 9.582603377343507436e-03 3.643064579627988513e-03
1.270000000000000000e+02 8.551715719510702418e-03 3.155416598580425974e-03
1.280000000000000000e+02 7.613748420373246673e-03 2.725080192381485258e-03
1.290000000000000000e+02 6.762398543448084470e-03 2.346571766312250187e-03
1.300000000000000000e+02 5.991645576890236406e-03 2.014711755599694117e-03
1.310000000000000000e+02 5.295809306780705286e-03 1.724672919490559224e-03
1.320000000000000000e+02 4.669496253417719511e-03 1.472002706323437705e-03
1.330000000000000000e+02 4.107499871723319096e-03 1.252616566618335167e-03
1.340000000000000000e+02 3.604725054956655142e-03 1.062773465924608937e-03
1.350000000000000000e+02 3.156178172510749544e-03 8.990490238315693855e-04
1.360000000000000000e+02 2.757021464351257656e-03 7.583163375003327839e-04
1.370000000000000000e+02 2.402658373105095221e-03 6.377355521843937553e-04
1.380000000000000000e+02 2.088807482452320965e-03 5.347468425437222964e-04
1.390000000000000000e+02 1.811536023385749809e-03 4.470604782115363343e-04
1.400000000000000000e+02 1.567247895024616398e-03 3.726408515860441233e-04
1.410000000000000000e+02 1.352641969856523563e-03 3.096854926473343586e-04
1.420000000000000000e+02 1.164665089008800822e-03 2.566024596318429289e-04
1.430000000000000000e+02 1.000479503044355168e-03 2.119892860029250301e-04
1.440000000000000000e+02 8.574520179286203693e-04 1.746148457418965111e-04
1.450000000000000000e+02 7.331595813578771405e-04 1.434036524468028926e-04
1.460000000000000000e+02 6.253993581522415950e-04 1.174213044663309849e-04
1.470000000000000000e+02 5.321920790415731080e-04 9.586011749048661227e-05
1.480000000000000000e+02 4.517732681449787547e-04 7.802482729861333333e-05
1.490000000000000000e+02 3.825737788416728883e-04 6.331888743287789425e-05
1.500000000000000000e+02 3.231954690342098255e-04 5.123199095024881728e-05
1.510000000000000000e+02 2.723884598170213541e-04 4.132912078148132340e-05
1.520000000000000000e+02 2.290340009384343647e-04 3.324101505750162792e-05
1.530000000000000000e+02 1.921334588280401625e-04 2.665570507866389216e-05
1.540000000000000000e+02 1.608012563796429870e-04 2.131081963126080898e-05
1.550000000000000000e+02 1.342587126392422961e-04 1.698653745492095736e-05
1.560000000000000000e+02 1.118265153983558666e-04 1.349923897276627237e-05
1.570000000000000000e+02 9.291514510388442080e-05 1.069595521544700345e-05
1.580000000000000000e+02 7.701398767432866474e-05 8.449642615558750856e-06
1.590000000000000000e+02 6.368053321651751658e-05 6.655203977266408549e-06
