0.000000000000000000e+00 -1.260217952560077799e-07 -4.397152127081733276e-06
1.000000000000000000e+00 2.824693481429258826e-07 5.411861561458124989e-06
2.000000000000000000e+00 3.490473946063103016e-07 5.737355359206398071e-06
3.000000000000000000e+00 4.787523684349781886e-07 7.247180629114452548e-06
4.000000000000000000e+00 6.571602158363301850e-07 9.261320219815458448e-06
5.000000000000000000e+00 8.985835867626156603e-07 1.181807714702525999e-05
6.000000000000000000e+00 1.223464874214902923e-06 1.503547008176841354e-05
7.000000000000000000e+00 1.658640752065020482e-06 1.906729409735213578e-05
8.000000000000000000e+00 2.238948040371225800e-06 2.410186289186111208e-05
9.000000000000000000e+00 3.009351033281770247e-06 3.036704547728799424e-05
1.000000000000000000e+01 4.027593037999206897e-06 3.813711929255814262e-05
1.100000000000000000e+01 5.367461615066064391e-06 4.774076303618550584e-05
1.200000000000000000e+01 7.122782844745710693e-06 5.957014763061938619e-05
1.300000000000000000e+01 9.412277515084660452e-06 7.409123536879402741e-05
1.400000000000000000e+01 1.238542775652368948e-05 9.185543356860067978e-05
1.500000000000000000e+01 1.622951823971572504e-05 1.135127090563962189e-04
1.600000000000000000e+01 2.117803164742048627e-05 1.398261664044634365e-04
1.700000000000000000e+01 2.752059430755518540e-05 1.716879806630970445e-04
1.800000000000000000e+01 3.561468242568040612e-05 2.101365373073518046e-04
1.900000000000000000e+01 4.589931014918703563e-05 2.563747209687318950e-04
2.000000000000000000e+01 5.891092343658032541e-05 3.117894695506880239e-04
2.100000000000000000e+01 7.530171712946733009e-05 3.779728243382948554e-04
2.200000000000000000e+01 9.586057783932558992e-05 4.567445803447015245e-04
2.300000000000000000e+01 1.215368356967988137e-04 5.501762115085772394e-04
2.400000000000000000e+01 1.534669818962722948e-04 6.606151896418725484e-04
2.500000000000000000e+01 1.930044742013628392e-04 7.907085134247100744e-04
2.600000000000000000e+01 2.417526961186692983e-04 9.434245616108281537e-04
2.700000000000000000e+01 3.016010469217712928e-04 1.122073261441290616e-03
2.800000000000000000e+01 3.747640161252410946e-04 1.330325454289318443e-03
2.900000000000000000e+01 4.638229525821956512e-04 1.572232364741496568e-03
3.000000000000000000e+01 5.717700995092525997e-04 1.852244679599748724e-03
3.100000000000000000e+01 7.020543506143512701e-04 2.175228374654128872e-03
3.200000000000000000e+01 8.586280628323494099e-04 2.546472671578783181e-03
3.300000000000000000e+01 1.045994077061496033e-03 2.971686201961052341e-03
3.400000000000000000e+01 1.269251786511750796e-03 3.456981143443027017e-03
3.500000000000000000e+01 1.534140685826053743e-03 4.008849892830393911e-03
3.600000000000000000e+01 1.847079490350502125e-03 4.634140949464885320e-03
3.700000000000000000e+01 2.215198827363133553e-03 5.340036898211050070e-03
3.800000000000000000e+01 2.646365678031994614e-03 6.134028328786761408e-03
3.900000000000000000e+01 3.149197872797310834e-03 7.023868937865116249e-03
4.000000000000000000e+01 3.733066541600492047e-03 8.017496911679163410e-03
4.100000000000000000e+01 4.408083396852040953e-03 9.122919995386627456e-03
4.200000000000000000e+01 5.185068769201210681e-03 1.034808111036319804e-02
4.300000000000000000e+01 6.075496590299335128e-03 1.170073402819087581e-02
4.400000000000000000e+01 7.091414481428408301e-03 1.318835060593903652e-02
4.500000000000000000e+01 8.245339455853768762e-03 1.481805121162803676e-02
4.600000000000000000e+01 9.550129934334549917e-03 1.659651602402100606e-02
4.700000000000000000e+01 1.101883154660503010e-02 1.852982538244939831e-02
4.800000000000000000e+01 1.266449002917635278e-02 2.062321021002062882e-02
4.900000000000000000e+01 1.449992478502694533e-02 2.288075629104420819e-02
5.000000000000000000e+01 1.653746443665254917e-02 2.530515577190677393e-02
5.100000000000000000e+01 1.878865651251751534e-02 2.789758851268799023e-02
5.200000000000000000e+01 2.126396661280691505e-02 3.065773356461711299e-02
5.300000000000000000e+01 2.397247122193488927e-02 3.358380424897672994e-02
5.400000000000000000e+01 2.692153046655248322e-02 3.667245283955472557e-02
5.500000000000000000e+01 3.011642260461893858e-02 3.991846170906694635e-02
5.600000000000000000e+01 3.355994441594364885e-02 4.331430281928860121e-02
5.700000000000000000e+01 3.725201789115886730e-02 4.684979529171941909e-02
5.800000000000000000e+01 4.118935751032900411e-02 5.051209230370205805e-02
5.900000000000000000e+01 4.536521853356803580e-02 5.428604185837125617e-02
6.000000000000000000e+01 4.976918627157861374e-02 5.815469708870004556e-02
6.100000000000000000e+01 5.438694120008909227e-02 6.209960335281697330e-02
6.200000000000000000e+01 5.919998935988131372e-02 6.610061278879160451e-02
6.300000000000000000e+01 6.418544778570720033e-02 7.013533321474861582e-02
6.400000000000000000e+01 6.931601916308548217e-02 7.417866747026480301e-02
6.500000000000000000e+01 7.456020572606675278e-02 7.820295447339577211e-02
6.600000000000000000e+01 7.988265237416708464e-02 8.217887757580737140e-02
6.700000000000000000e+01 8.524443201146793270e-02 8.607676002161793183e-02
6.800000000000000000e+01 9.060320471598194703e-02 8.986752440418627197e-02
6.900000000000000000e+01 9.591341602331754368e-02 9.352276229852042599e-02
7.000000000000000000e+01 1.011268110050781016e-01 9.701398990157386604e-02
7.100000000000000000e+01 1.061933666124312975e-01 1.003118279442635763e-01
7.200000000000000000e+01 1.110624047276858595e-01 1.033860204548997519e-01
7.300000000000000000e+01 1.156834815657943327e-01 1.062066888859915792e-01
7.400000000000000000e+01 1.200068796430953239e-01 1.087463214851987214e-01
7.500000000000000000e+01 1.239839830629553413e-01 1.109813782121422399e-01
7.600000000000000000e+01 1.275680335914267660e-01 1.128925591315327881e-01
7.700000000000000000e+01 1.307154555900579274e-01 1.144636868436644805e-01
7.800000000000000000e+01 1.333873457985610689e-01 1.156801674188590451e-01
7.900000000000000000e+01 1.355504501378984317e-01 1.165283563437021358e-01
8.000000000000000000e+01 1.371773437326817280e-01 1.169965411706021113e-01
8.100000000000000000e+01 1.382462615431407360e-01 1.170770626991640417e-01
8.200000000000000000e+01 1.387413497060480116e-01 1.167681979837284362e-01
8.300000000000000000e+01 1.386536258980876068e-01 1.160745060904599252e-01
8.400000000000000000e+01 1.379820821298650413e-01 1.150053674956784538e-01
8.500000000000000000e+01 1.367340175750320630e-01 1.135726999650902985e-01
8.600000000000000000e+01 1.349242712688339119e-01 1.117893970125268949e-01
8.700000000000000000e+01 1.325739927065815171e-01 1.096694891776305580e-01
8.800000000000000000e+01 1.297099474308179567e-01 1.072297664008030893e-01
8.900000000000000000e+01 1.263646952998851991e-01 1.044915397015263314e-01
9.000000000000000000e+01 1.225769514656268183e-01 1.014811169659629864e-01
9.100000000000000000e+01 1.183911128470539892e-01 9.822846811263895306e-02
9.200000000000000000e+01 1.138556713812491905e-01 9.476479578272675730e-02
9.300000000000000000e+01 1.090212911574335169e-01 9.112043190624752320e-02
9.400000000000000000e+01 1.039396067439855992e-01 8.732418211611828185e-02
9.500000000000000000e+01 9.866301587537965045e-02 8.340419830001924439e-02
9.600000000000000000e+01 9.324471205685597175e-02 7.938943611344606577e-02
9.700000000000000000e+01 8.773799545135173295e-02 7.531043911356756493e-02
9.800000000000000000e+01 8.219470430825796814e-02 7.119873611070937081e-02
9.900000000000000000e+01 7.666356238878029028e-02 6.708511175966017093e-02
1.000000000000000000e+02 7.118935579076814124e-02 6.299773759051079114e-02
1.010000000000000000e+02 6.581305331193477992e-02 5.896117755318167758e-02
1.020000000000000000e+02 6.057213071928041481e-02 5.499665748815656813e-02
1.030000000000000000e+02 5.550031856930801727e-02 5.112318020271095637e-02
1.040000000000000000e+02 5.062674566853277158e-02 4.735860670762445657e-02
1.050000000000000000e+02 4.597516980988994306e-02 4.371995748737130677e-02
1.060000000000000000e+02 4.156394797108750594e-02 4.022276987064508230e-02
1.070000000000000000e+02 3.740670489687870914e-02 3.687997372940564345e-02
1.080000000000000000e+02 3.351306712637074775e-02 3.370102513001876215e-02
1.090000000000000000e+02 2.988891818024121128e-02 3.069182959482940828e-02
1.100000000000000000e+02 2.653623630989789678e-02 2.785547159384488963e-02
1.110000000000000000e+02 2.345303760436887389e-02 2.519328952982275230e-02
1.120000000000000000e+02 2.063382502530643897e-02 2.270568145625768974e-02
1.130000000000000000e+02 1.807043182982836713e-02 2.039226218182615957e-02
1.140000000000000000e+02 1.575279954829280488e-02 1.825143999605367828e-02
1.150000000000000000e+02 1.366936455434205819e-02 1.627984315654782896e-02
1.160000000000000000e+02 1.180714540930018382e-02 1.447208241457199375e-02
1.170000000000000000e+02 1.015188041176209865e-02 1.282107946227707164e-02
1.180000000000000000e+02 8.688440399989920057e-03 1.131881257211996179e-02
1.190000000000000000e+02 7.401417890763550139e-03 9.957080130924106723e-03
1.200000000000000000e+02 6.275612977543717705e-03 8.727909133068176978e-03
1.210000000000000000e+02 5.296246416596122296e-03 7.623496839778055693e-03
1.220000000000000000e+02 4.448976746883892726e-03 6.635876692825629086e-03
1.230000000000000000e+02 3.719926931688602705e-03 5.756642896458743358e-03
1.240000000000000000e+02 3.095841474098321149e-03 4.976978222432828190e-03
1.250000000000000000e+02 2.564318656712693233e-03 4.287993722201224531e-03
1.260000000000000000e+02 2.113975529286127655e-03 3.681178625317254802e-03
1.270000000000000000e+02 1.734466151845767560e-03 3.148707839559816788e-03
1.280000000000000000e+02 1.416396929415807658e-03 2.683474996007210664e-03
1.290000000000000000e+02 1.151242434725481111e-03 2.278906970956992573e-03
1.300000000000000000e+02 9.313227711452130592e-04 1.928737821476216073e-03
1.310000000000000000e+02 7.498212020052292918e-04 1.626907636970549575e-03
1.320000000000000000e+02 6.007805890031175239e-04 1.367635966213832108e-03
1.330000000000000000e+02 4.790433048777329372e-04 1.145593306066650628e-03
1.340000000000000000e+02 3.801514447223416481e-04 9.560413703382090230e-04
1.350000000000000000e+02 3.002500894544165373e-04 7.948541855738017713e-04
1.360000000000000000e+02 2.360207280972442595e-04 6.584222904666210035e-04
1.370000000000000000e+02 1.846393918100232604e-04 5.435129994859499601e-04
1.380000000000000000e+02 1.437366774919110089e-04 4.471694065857080005e-04
1.390000000000000000e+02 1.113445034203600011e-04 3.666865254815005631e-04
1.400000000000000000e+02 8.583296581309230377e-05 2.996448716574171499e-04
1.410000000000000000e+02 6.585112164266912634e-05 2.439500494536700481e-04
1.420000000000000000e+02 5.028162029152292750e-05 1.978356261731282334e-04
1.430000000000000000e+02 3.820847252205670402e-05 1.598204177696488696e-04
1.440000000000000000e+02 2.889061885810852314e-05 1.286424467983444898e-04
1.450000000000000000e+02 2.173529467504751382e-05 1.032012003642601803e-04
1.460000000000000000e+02 1.627065880087191663e-05 8.252715485993473532e-05
1.470000000000000000e+02 1.212090923591356909e-05 6.577657742395263474e-05
1.480000000000000000e+02 8.986729893063061378e-06 5.223567463334390987e-05
1.490000000000000000e+02 6.631152018376172776e-06 4.131800476595097325e-05
1.500000000000000000e+02 4.868809243818140276e-06 3.254889481598911480e-05
1.510000000000000000e+02 3.556538560722546917e-06 2.554138044039432447e-05
1.520000000000000000e+02 2.584596140242017400e-06 1.997293625475673779e-05
1.530000000000000000e+02 1.868907368481732895e-06 1.556986197716153620e-05
1.540000000000000000e+02 1.344950227778284166e-06 1.210028612623741473e-05
1.550000000000000000e+02 9.633404654305162365e-07 9.372035668728734222e-06
1.560000000000000000e+02 6.866541861882413881e-07 7.230607114873113978e-06
1.570000000000000000e+02 4.869176422685596223e-07 5.554600959561609869e-06
1.580000000000000000e+02 3.434433189777261365e-07 4.248928431222069589e-06
1.590000000000000000e+02 2.409803410841621969e-07 3.237807995025024357e-06
