0.000000000000000000e+00 5.454883075237852123e-07 -1.944881027843863246e-08
1.000000000000000000e+00 1.869985307461772718e-07 2.039673824747704359e-07
2.000000000000000000e+00 2.416227621266474954e-07 2.573276027319588349e-07
3.000000000000000000e+00 3.233209390096627179e-07 3.538521922969141311e-07
4.000000000000000000e+00 4.311385681118889510e-07 4.866864960130196050e-07
5.000000000000000000e+00 5.728588555522006685e-07 6.666562130808779773e-07
6.000000000000000000e+00 7.584151326527654721e-07 9.090703471156818455e-07
7.000000000000000000e+00 1.000442610380558319e-06 1.234003687455667614e-06
8.000000000000000000e+00 1.314978894749707166e-06 1.667489865511594451e-06
9.000000000000000000e+00 1.722314222270976571e-06 2.243090396028606908e-06
1.000000000000000000e+01 2.247989102661500094e-06 3.003844362096597468e-06
1.100000000000000000e+01 2.923940437622572299e-06 4.004662071410808560e-06
1.200000000000000000e+01 3.789827518643214578e-06 5.315242503921861606e-06
1.300000000000000000e+01 4.894622463742008874e-06 7.023606176724647205e-06
1.400000000000000000e+01 6.298597385007173810e-06 9.240347383958253354e-06
1.500000000000000000e+01 8.075837418463708011e-06 1.210371974674361880e-05
1.600000000000000000e+01 1.031732243571289475e-05 1.578568030552627717e-05
1.700000000000000000e+01 1.313446958549871043e-05 2.049902641135819916e-05
1.800000000000000000e+01 1.666290936317615441e-05 2.650576654587833469e-05
1.900000000000000000e+01 2.106631264592046925e-05 3.412687286494149743e-05
2.000000000000000000e+01 2.654037229465988664e-05 4.375356492013546391e-05
2.100000000000000000e+01 3.331747998195283756e-05 5.586027501669334845e-05
2.200000000000000000e+01 4.167292502654562002e-05 7.101943889851997744e-05
2.300000000000000000e+01 5.193320938294123464e-05 8.991824321710973006e-05
2.400000000000000000e+01 6.448617839887460382e-05 1.133774405284965301e-04
2.500000000000000000e+01 7.979147438659148737e-05 1.423723132279295809e-04
2.600000000000000000e+01 9.838920133532701412e-05 1.780558302383527191e-04
2.700000000000000000e+01 1.209055534232428156e-04 2.217839925708780559e-04
2.800000000000000000e+01 1.480566433046017611e-04 2.751433058368534467e-04
2.900000000000000000e+01 1.806546136190290510e-04 3.399802453219961506e-04
3.000000000000000000e+01 2.196209706033112798e-04 4.184324929470756228e-04
3.100000000000000000e+01 2.660089790922359212e-04 5.129616211183895061e-04
3.200000000000000000e+01 3.210303236017249869e-04 6.263867776238419898e-04
3.300000000000000000e+01 3.860748699480248897e-04 7.619187879811228350e-04
3.400000000000000000e+01 4.627119555619043246e-04 9.231939511318968707e-04
3.500000000000000000e+01 5.526707852477562560e-04 1.114306668249439311e-03
3.600000000000000000e+01 6.578133097853289387e-04 1.339839914254919388e-03
3.700000000000000000e+01 7.801251036666616290e-04 1.604892404786905724e-03
3.800000000000000000e+01 9.217458074146688343e-04 1.915101097234564367e-03
3.900000000000000000e+01 1.085035991513284490e-03 2.276657409321062361e-03
4.000000000000000000e+01 1.272642812662808402e-03 2.696315346668789938e-03
4.100000000000000000e+01 1.487507288014955310e-03 3.181389721662495566e-03
4.200000000000000000e+01 1.732775115129711520e-03 3.739742802151816651e-03
4.300000000000000000e+01 2.011632360662912906e-03 4.379757797437731047e-03
4.400000000000000000e+01 2.327154877567107205e-03 5.110297283471043270e-03
4.500000000000000000e+01 2.682282627744651642e-03 5.940644077275719810e-03
4.600000000000000000e+01 3.079969233302467732e-03 6.880421857778655677e-03
4.700000000000000000e+01 3.523429231783516656e-03 7.939493730124005250e-03
4.800000000000000000e+01 4.016289587652164053e-03 9.127838730486542013e-03
4.900000000000000000e+01 4.562448954630290814e-03 1.045540742106198726e-02
5.000000000000000000e+01 5.165604909803520571e-03 1.193195663349295998e-02
5.100000000000000000e+01 5.828657725725145886e-03 1.356686071262251832e-02
5.200000000000000000e+01 6.553369221667405646e-03 1.536889578529751846e-02
5.300000000000000000e+01 7.340580025452852694e-03 1.734599792028853130e-02
5.400000000000000000e+01 8.190944021240383066e-03 1.950500384105443782e-02
5.500000000000000000e+01 9.105712034140444125e-03 2.185138663723262126e-02
5.600000000000000000e+01 1.008690490827175018e-02 2.438899239466457008e-02
5.700000000000000000e+01 1.113649027344456449e-02 2.711977110897015666e-02
5.800000000000000000e+01 1.225484476687416918e-02 3.004349161528415899e-02
5.900000000000000000e+01 1.343942998156869191e-02 3.315744649690249152e-02
6.000000000000000000e+01 1.468471460225963254e-02 3.645617880445922027e-02
6.100000000000000000e+01 1.598370011838173843e-02 3.993126939903061251e-02
6.200000000000000000e+01 1.733026993517296915e-02 4.357119428954165513e-02
6.300000000000000000e+01 1.872075116786473675e-02 4.736121768311113422e-02
6.400000000000000000e+01 2.015328762015059644e-02 5.128327941520352540e-02
6.500000000000000000e+01 2.162497229896913689e-02 5.531588979593238253e-02
6.600000000000000000e+01 2.312840237496537402e-02 5.943411549194136528e-02
6.700000000000000000e+01 2.465014990359591304e-02 6.360974169856392635e-02
6.800000000000000000e+01 2.617274640761317259e-02 6.781159842821143924e-02
6.900000000000000000e+01 2.767947361821959662e-02 7.200592731717976591e-02
7.000000000000000000e+01 2.915900881145458423e-02 7.615667311166043896e-02
7.100000000000000000e+01 3.060652250014511688e-02 8.022573871609743612e-02
7.200000000000000000e+01 3.201986533825217779e-02 8.417339582489395677e-02
7.300000000000000000e+01 3.339291896178375740e-02 8.795900119630593872e-02
7.400000000000000000e+01 3.471065571383551152e-02 9.154192292599157288e-02
7.500000000000000000e+01 3.594992428465603601e-02 9.488237276509832452e-02
7.600000000000000000e+01 3.708637054688307400e-02 9.794193015006472103e-02
7.700000000000000000e+01 3.810344736839560431e-02 1.006838941621873290e-01
7.800000000000000000e+01 3.899737268743715818e-02 1.030738480547981062e-01
7.900000000000000000e+01 3.977405889468775546e-02 1.050806457251097781e-01
8.000000000000000000e+01 4.043940624613677481e-02 1.066775504517807338e-01
8.100000000000000000e+01 4.098932937808415222e-02 1.078429810896411184e-01
8.200000000000000000e+01 4.140674445840691886e-02 1.085606106599253246e-01
8.300000000000000000e+01 4.166842074046394478e-02 1.088191736048320368e-01
8.400000000000000000e+01 4.175775043263914299e-02 1.086126115674154874e-01
8.500000000000000000e+01 4.167488893576482001e-02 1.079407626184419738e-01
8.600000000000000000e+01 4.143692178106692103e-02 1.068100778339362428e-01
8.700000000000000000e+01 4.106730591630632782e-02 1.052336254370018487e-01
8.800000000000000000e+01 4.058139559167529831e-02 1.032302259000351524e-01
8.900000000000000000e+01 3.997798454037332361e-02 1.008233703963718753e-01
9.000000000000000000e+01 3.924299513701882958e-02 9.804072372682720582e-02
9.100000000000000000e+01 3.836312243099061770e-02 9.491429576144426450e-02
9.200000000000000000e+01 3.734016075767632864e-02 9.148053427744533284e-02
9.300000000000000000e+01 3.619600546703197197e-02 8.777956170763435984e-02
9.400000000000000000e+01 3.496463578467028099e-02 8.385361028471520484e-02
9.500000000000000000e+01 3.367639297077609090e-02 7.974551719765443636e-02
9.600000000000000000e+01 3.234522097188785583e-02 7.549805012856895814e-02
9.700000000000000000e+01 3.096745415237915286e-02 7.115394381435159732e-02
9.800000000000000000e+01 2.953270268981045624e-02 6.675580145248216635e-02
9.900000000000000000e+01 2.803906904492294017e-02 6.234521941629519309e-02
1.000000000000000000e+02 2.650214264031526545e-02 5.796138095745817509e-02
1.010000000000000000e+02 2.495179411717224349e-02 5.363996939007042997e-02
1.020000000000000000e+02 2.341932776699346200e-02 4.941295361756889437e-02
1.030000000000000000e+02 2.192398533090715237e-02 4.530896153553924666e-02
1.040000000000000000e+02 2.046778569145313656e-02 4.135348023274096341e-02
1.050000000000000000e+02 1.904156891804035037e-02 3.756846273888689997e-02
1.060000000000000000e+02 1.763741614023460816e-02 3.397165397119938229e-02
1.070000000000000000e+02 1.625869382639449218e-02 3.057628761307272861e-02
1.080000000000000000e+02 1.492124415516935497e-02 2.739144927762802648e-02
1.090000000000000000e+02 1.364569631238919320e-02 2.442278630051053501e-02
1.100000000000000000e+02 1.244677923193438993e-02 2.167301479534080103e-02
1.110000000000000000e+02 1.132693991899974550e-02 1.914200517308145555e-02
1.120000000000000000e+02 1.027799341279407065e-02 1.682671198368718493e-02
1.130000000000000000e+02 9.288855244541968648e-03 1.472135436058137972e-02
1.140000000000000000e+02 8.353650476519404455e-03 1.281796733852799165e-02
1.150000000000000000e+02 7.474946730472607423e-03 1.110708004163774541e-02
1.160000000000000000e+02 6.660714792713908275e-03 9.578199643601164465e-03
1.170000000000000000e+02 5.917883939363651619e-03 8.220013497091662943e-03
1.180000000000000000e+02 5.247159422127523412e-03 7.020486442058327704e-03
1.190000000000000000e+02 4.642272497293798393e-03 5.967070465910049790e-03
1.200000000000000000e+02 4.093500613528262833e-03 5.047068269313318215e-03
1.210000000000000000e+02 3.592580620817793606e-03 4.248011839115859584e-03
1.220000000000000000e+02 3.135717265293063230e-03 3.557902691789919126e-03
1.230000000000000000e+02 2.723164124725336102e-03 2.965289979735870416e-03
1.240000000000000000e+02 2.356297657580178929e-03 2.459284662053393394e-03
1.250000000000000000e+02 2.034519046339233056e-03 2.029612822162839628e-03
1.260000000000000000e+02 1.753983186916304457e-03 1.666723312962131200e-03
1.270000000000000000e+02 1.508613574237568748e-03 1.361887658156956012e-03
1.280000000000000000e+02 1.292331995877040850e-03 1.107231251235508496e-03
1.290000000000000000e+02 1.100887427467711231e-03 8.956932662772463779e-04
1.300000000000000000e+02 9.322563237793132698e-04 7.209607580936505536e-04
1.310000000000000000e+02 7.856944431034739188e-04 5.774199762139181017e-04
1.320000000000000000e+02 6.603340528039482226e-04 4.601310023901939621e-04
1.330000000000000000e+02 5.542937485009647412e-04 3.648026761687493636e-04
1.340000000000000000e+02 4.647243951758292524e-04 2.877465666544222977e-04
1.350000000000000000e+02 3.885368472609866653e-04 2.258104606124479853e-04
1.360000000000000000e+02 3.231999108402879928e-04 1.763082081533013648e-04
1.370000000000000000e+02 2.671055906017818474e-04 1.369609402326368549e-04
1.380000000000000000e+02 2.193894308022414647e-04 1.058516507269053979e-04
1.390000000000000000e+02 1.794523049919788046e-04 8.138542254898987842e-05
1.400000000000000000e+02 1.465438924027616689e-04 6.224816568378426938e-05
1.410000000000000000e+02 1.196327946357353823e-04 4.736350710989348597e-05
1.420000000000000000e+02 9.755380505037351152e-05 3.585244437924155615e-05
1.430000000000000000e+02 7.925945334421547416e-05 2.699984002033866849e-05
1.440000000000000000e+02 6.399039042147115579e-05 2.022804380230487553e-05
1.450000000000000000e+02 5.128198816166125424e-05 1.507510683776255328e-05
1.460000000000000000e+02 4.084655745023014307e-05 1.117513089042179275e-05
1.470000000000000000e+02 3.243245967995665328e-05 8.240120674299477313e-06
1.480000000000000000e+02 2.574423859258242087e-05 6.044116590311265668e-06
1.490000000000000000e+02 2.044622630972469729e-05 4.410376415088850205e-06
1.500000000000000000e+02 1.621646948608863875e-05 3.201491715182358872e-06
1.510000000000000000e+02 1.279951736207151086e-05 2.311626852185096627e-06
1.520000000000000000e+02 1.002455424089350005e-05 1.660063095099946136e-06
1.530000000000000000e+02 7.787022113666019682e-06 1.185671331134254100e-06
1.540000000000000000e+02 6.013973829722221979e-06 8.423169161252556564e-07
1.550000000000000000e+02 4.636184241865268381e-06 5.952624762452867453e-07
1.560000000000000000e+02 3.578500574122473645e-06 4.184784889398577463e-07
1.570000000000000000e+02 2.765709855046779841e-06 2.926295421083560811e-07
1.580000000000000000e+02 2.133545588955753623e-06 2.035010707495884302e-07
1.590000000000000000e+02 1.635494609291489957e-06 1.407284894755946946e-07
