0.000000000000000000e+00 1.163477539494547233e-07 -3.115108405846374840e-07
1.000000000000000000e+00 1.636988137238622854e-07 4.199735412612653556e-07
2.000000000000000000e+00 2.032362331590070158e-07 5.128388391975349147e-07
3.000000000000000000e+00 2.832436348439299885e-07 7.054021856158428632e-07
4.000000000000000000e+00 3.954979349796182578e-07 9.723950803250037282e-07
5.000000000000000000e+00 5.500527681892886904e-07 1.335285869504671585e-06
6.000000000000000000e+00 7.614885939340216986e-07 1.825409455496035219e-06
7.000000000000000000e+00 1.049264716292374566e-06 2.484063529857058231e-06
8.000000000000000000e+00 1.439037237894173702e-06 3.364930049819139108e-06
9.000000000000000000e+00 1.964407862933023864e-06 4.537356889057839391e-06
1.000000000000000000e+01 2.669116903051020186e-06 6.090462875121208374e-06
1.100000000000000000e+01 3.609778379458486405e-06 8.138165955113963755e-06
1.200000000000000000e+01 4.859288282551773203e-06 1.082526907336321564e-05
1.300000000000000000e+01 6.511037903666869845e-06 1.433478860972275461e-05
1.400000000000000000e+01 8.684043931581566473e-06 1.889677054169384941e-05
1.500000000000000000e+01 1.152910541966415233e-05 2.479886841441121146e-05
1.600000000000000000e+01 1.523615014600318243e-05 3.239892135715199435e-05
1.700000000000000000e+01 2.004302045291533966e-05 4.213969908087888982e-05
1.800000000000000000e+01 2.624598919940844462e-05 5.456595499096708065e-05
1.900000000000000000e+01 3.421222250823676087e-05 7.034400974807646719e-05
2.000000000000000000e+01 4.439426019848626058e-05 9.028422102624373983e-05
2.100000000000000000e+01 5.734652781866014662e-05 1.153667265397372331e-04
2.200000000000000000e+01 7.374404683066093527e-05 1.467706572129048989e-04
2.300000000000000000e+01 9.440376769458845216e-05 1.859066888500414665e-04
2.400000000000000000e+01 1.203090002317875468e-04 2.344525974543729325e-04
2.500000000000000000e+01 1.526370298437342368e-04 2.943916149681118826e-04
2.600000000000000000e+01 1.927893973228189195e-04 3.680537138964732084e-04
2.700000000000000000e+01 2.424240668115680867e-04 4.581600296389551265e-04
2.800000000000000000e+01 3.034892043741578365e-04 5.678700982562694902e-04
2.900000000000000000e+01 3.782591365294368292e-04 7.008306425213586517e-04
3.000000000000000000e+01 4.693732063385800454e-04 8.612240129612205907e-04
3.100000000000000000e+01 5.798770183841751684e-04 1.053814676520058646e-03
3.200000000000000000e+01 7.132636776912411282e-04 1.283993064636948988e-03
3.300000000000000000e+01 8.735118828697844336e-04 1.557816522368511139e-03
3.400000000000000000e+01 1.065119256452330080e-03 1.882046130767428636e-03
3.500000000000000000e+01 1.293131904275853297e-03 2.264176220689335852e-03
3.600000000000000000e+01 1.563171969051693625e-03 2.712452140159356088e-03
3.700000000000000000e+01 1.881462095518026192e-03 3.235872651609201806e-03
3.800000000000000000e+01 2.254841140981601010e-03 3.844175643044055526e-03
3.900000000000000000e+01 2.690763702431334115e-03 4.547807284120649815e-03
4.000000000000000000e+01 3.197279844573057677e-03 5.357873483914108413e-03
4.100000000000000000e+01 3.782998013803550840e-03 6.286069413682785108e-03
4.200000000000000000e+01 4.457036819353821927e-03 7.344581214192548446e-03
4.300000000000000000e+01 5.228966176963670970e-03 8.545956203661386752e-03
4.400000000000000000e+01 6.108729235909359130e-03 9.902942507901741145e-03
4.500000000000000000e+01 7.106532947442990855e-03 1.142830170077597206e-02
4.600000000000000000e+01 8.232702558106692534e-03 1.313459605281899929e-02
4.700000000000000000e+01 9.497508302383977224e-03 1.503394782799473764e-02
4.800000000000000000e+01 1.091097863043831093e-02 1.713776747304469883e-02
4.900000000000000000e+01 1.248270639234414989e-02 1.945645309702652426e-02
5.000000000000000000e+01 1.422163962377100653e-02 2.199907079722631872e-02
5.100000000000000000e+01 1.613584265403952139e-02 2.477302649072043658e-02
5.200000000000000000e+01 1.823222451508653419e-02 2.778373324356240778e-02
5.300000000000000000e+01 2.051625089659978030e-02 3.103427183589067481e-02
5.400000000000000000e+01 2.299166438342396465e-02 3.452504680223734274e-02
5.500000000000000000e+01 2.566022648533885023e-02 3.825345484714364613e-02
5.600000000000000000e+01 2.852147559739232063e-02 4.221359261324492823e-02
5.700000000000000000e+01 3.157248855639464835e-02 4.639602154025185970e-02
5.800000000000000000e+01 3.480764783146871738e-02 5.078758354084328408e-02
5.900000000000000000e+01 3.821843672957611626e-02 5.537124770023865716e-02
6.000000000000000000e+01 4.179328899104335637e-02 6.012598666613675619e-02
6.100000000000000000e+01 4.551750205454525161e-02 6.502672087575438187e-02
6.200000000000000000e+01 4.937320442136793747e-02 7.004438754187820859e-02
6.300000000000000000e+01 5.333936899156323241e-02 7.514615728420764862e-02
6.400000000000000000e+01 5.739188417175374035e-02 8.029575446152770191e-02
6.500000000000000000e+01 6.150370708794215824e-02 8.545380331589053080e-02
6.600000000000000000e+01 6.564510814326905697e-02 9.057816897647118226e-02
6.700000000000000000e+01 6.978398595245553782e-02 9.562435838268418253e-02
6.800000000000000000e+01 7.388622177378627309e-02 1.005460929244679780e-01
6.900000000000000000e+01 7.791607015825566251e-02 1.052960920164841274e-01
7.000000000000000000e+01 8.183661988237711515e-02 1.098269614619944573e-01
7.100000000000000000e+01 8.561035780288839270e-02 1.140920031010006774e-01
7.200000000000000000e+01 8.919981495055233356e-02 1.180458524135505061e-01
7.300000000000000000e+01 9.256821704749287893e-02 1.216450454401337422e-01
7.400000000000000000e+01 9.568006693482790370e-02 1.248487239474296018e-01
7.500000000000000000e+01 9.850166333109572347e-02 1.276195729178769556e-01
7.600000000000000000e+01 1.010016365167680646e-01 1.299248281391288951e-01
7.700000000000000000e+01 1.031515689237969963e-01 1.317370430560792505e-01
7.800000000000000000e+01 1.049266614985494006e-01 1.330344394147833231e-01
7.900000000000000000e+01 1.063063049119277181e-01 1.338009870275350399e-01
8.000000000000000000e+01 1.072744316074527166e-01 1.340265552618171430e-01
8.100000000000000000e+01 1.078196639335234214e-01 1.337073334940028779e-01
8.200000000000000000e+01 1.079354071040642821e-01 1.328463439282792091e-01
8.300000000000000000e+01 1.076200229822951576e-01 1.314536330985551504e-01
8.400000000000000000e+01 1.068770583052232326e-01 1.295458875159961332e-01
8.500000000000000000e+01 1.057153433728491715e-01 1.271456477581140720e-01
8.600000000000000000e+01 1.041487908199202339e-01 1.242805811995123660e-01
8.700000000000000000e+01 1.021959134882832604e-01 1.209831231915789174e-01
8.800000000000000000e+01 9.987926914477464335e-02 1.172903430817720666e-01
8.900000000000000000e+01 9.722503908605731326e-02 1.132435791233697142e-01
9.000000000000000000e+01 9.426274992179933809e-02 1.088875311146715180e-01
9.100000000000000000e+01 9.102494405993223625e-02 1.042689674393385141e-01
9.200000000000000000e+01 8.754659859965747970e-02 9.943553742732226530e-02
9.300000000000000000e+01 8.386429566883786546e-02 9.443505543017854942e-02
9.400000000000000000e+01 8.001536283623146562e-02 8.931516767177061222e-02
9.500000000000000000e+01 7.603721964897247609e-02 8.412297440035967910e-02
9.600000000000000000e+01 7.196697060162446369e-02 7.890427797761988271e-02
9.700000000000000000e+01 6.784106898514746797e-02 7.370254688958705058e-02
9.800000000000000000e+01 6.369484709758958807e-02 6.855800774562614830e-02
9.900000000000000000e+01 5.956188459575047917e-02 6.350720163548710662e-02
1.000000000000000000e+02 5.547338826742698875e-02 5.858296596926571703e-02
1.010000000000000000e+02 5.145778925853359415e-02 5.381450139665385629e-02
1.020000000000000000e+02 4.754060738337914649e-02 4.922722644325481373e-02
1.030000000000000000e+02 4.374444665682405281e-02 4.484243251546594228e-02
1.040000000000000000e+02 4.008894504410748932e-02 4.067701175064623864e-02
1.050000000000000000e+02 3.659062610017242007e-02 3.674350625835735157e-02
1.060000000000000000e+02 3.326275552672559865e-02 3.305047630308346335e-02
1.070000000000000000e+02 3.011534413743393451e-02 2.960296375459630508e-02
1.080000000000000000e+02 2.715533938898234342e-02 2.640282923755549876e-02
1.090000000000000000e+02 2.438691907670966288e-02 2.344892980339036495e-02
1.100000000000000000e+02 2.181176271063548985e-02 2.073728052157139748e-02
1.110000000000000000e+02 1.942924778670604424e-02 1.826135417415268927e-02
1.120000000000000000e+02 1.723661688670819966e-02 1.601253879490356982e-02
1.130000000000000000e+02 1.522919482658344030e-02 1.398063830858937637e-02
1.140000000000000000e+02 1.340068606731090531e-02 1.215428465329799861e-02
1.150000000000000000e+02 1.174351102723641439e-02 1.052122229123558794e-02
1.160000000000000000e+02 1.024911360450941021e-02 9.068526604035212837e-03
1.170000000000000000e+02 8.908204988034330862e-03 7.782839768387196482e-03
1.180000000000000000e+02 7.710959854241950483e-03 6.650651176284442384e-03
1.190000000000000000e+02 6.647202938352646077e-03 5.658581173733128779e-03
1.200000000000000000e+02 5.706605845100278830e-03 4.793607945062886531e-03
1.210000000000000000e+02 4.878882067775952569e-03 4.043212463343052315e-03
1.220000000000000000e+02 4.153953797676017412e-03 3.395463686546074372e-03
1.230000000000000000e+02 3.522075246410248921e-03 2.839084104363223324e-03
1.240000000000000000e+02 2.973917988708131392e-03 2.363517809933351164e-03
1.250000000000000000e+02 2.500634671459378393e-03 1.958994130773649648e-03
1.260000000000000000e+02 2.093912712304071052e-03 1.616566540728220716e-03
1.270000000000000000e+02 1.746018275751949709e-03 1.328115608622603642e-03
1.280000000000000000e+02 1.449824412644669901e-03 1.086322543781068376e-03
1.290000000000000000e+02 1.198819486916596292e-03 8.846296367854620916e-04
1.300000000000000000e+02 9.870982482456265843e-04 7.172000923407909154e-04
1.310000000000000000e+02 8.093417787468440167e-04 5.788793629322584906e-04
1.320000000000000000e+02 6.607917738871651623e-04 4.651531742728817124e-04
1.330000000000000000e+02 5.372214263586728121e-04 3.720981512182656797e-04
1.340000000000000000e+02 4.349028454554665184e-04 2.963261005526696200e-04
1.350000000000000000e+02 3.505707935400849060e-04 2.349269062413605934e-04
1.360000000000000000e+02 2.813836503213511990e-04 1.854147969416134877e-04
1.370000000000000000e+02 2.248833999516923108e-04 1.456797660150234517e-04
1.380000000000000000e+02 1.789563780046113351e-04 1.139432191791532237e-04
1.390000000000000000e+02 1.417958299041328896e-04 8.871631200346998480e-05
1.400000000000000000e+02 1.118666627956724203e-04 6.876050280621491626e-05
1.410000000000000000e+02 8.787246547682940525e-05 5.305104519320305231e-05
1.420000000000000000e+02 6.872486654642019220e-05 4.074441165867089801e-05
1.430000000000000000e+02 5.351537755414017866e-05 3.115003518324509593e-05
1.440000000000000000e+02 4.148987591292398132e-05 2.370600121279238182e-05
1.450000000000000000e+02 3.202580165511080274e-05 1.795799471638536245e-05
1.460000000000000000e+02 2.461202215236112307e-05 1.354095007290665112e-05
1.470000000000000000e+02 1.883121301740158627e-05 1.016314999433335916e-05
1.480000000000000000e+02 1.434454190038011239e-05 7.592680413703269593e-06
1.490000000000000000e+02 1.087842923751456062e-05 5.646110380786304914e-06
1.500000000000000000e+02 8.213179436439510078e-06 4.179147340103446998e-06
1.510000000000000000e+02 6.173300857758325597e-06 3.078949106676216377e-06
1.520000000000000000e+02 4.619343738016465497e-06 2.257793898801637383e-06
1.530000000000000000e+02 3.441080924615443356e-06 1.647878280379241761e-06
1.540000000000000000e+02 2.551850627176174193e-06 1.197074652388831426e-06
1.550000000000000000e+02 1.883886739337447066e-06 8.655111120809176758e-07
1.560000000000000000e+02 1.384482392297356754e-06 6.228455063876700382e-07
1.570000000000000000e+02 1.012857491369500265e-06 4.461105858434770172e-07
1.580000000000000000e+02 7.376214257529490185e-07 3.180186356957995654e-07
1.590000000000000000e+02 5.347350801678535836e-07 2.256315536868989448e-07
