0.000000000000000000e+00 5.491862066181029285e-07 -5.567571998896619659e-07
1.000000000000000000e+00 9.706673958111065437e-07 6.764996964481414801e-07
2.000000000000000000e+00 1.125568783876529194e-06 8.145651091284632008e-07
3.000000000000000000e+00 1.500836031741403108e-06 1.110335731316956236e-06
4.000000000000000000e+00 2.016297381559044496e-06 1.518935108655883297e-06
5.000000000000000000e+00 2.701792399642896917e-06 2.070338736407767818e-06
6.000000000000000000e+00 3.605882936213014389e-06 2.809132432756528155e-06
7.000000000000000000e+00 4.792491151325775696e-06 3.793742351127548538e-06
8.000000000000000000e+00 6.343278922346987352e-06 5.099440395728693906e-06
9.000000000000000000e+00 8.361091574440118756e-06 6.822469507241029085e-06
1.000000000000000000e+01 1.097416778532366678e-05 9.085107241933053338e-06
1.100000000000000000e+01 1.434160048435129643e-05 1.204180234049133339e-05
1.200000000000000000e+01 1.866058040113536016e-05 1.588659545998619645e-05
1.300000000000000000e+01 2.417547512742326333e-05 2.086201353975131526e-05
1.400000000000000000e+01 3.118811492408337256e-05 2.726955219218611345e-05
1.500000000000000000e+01 4.006838779919565216e-05 3.548182655613290611e-05
1.600000000000000000e+01 5.126487580371824648e-05 4.595655614675290271e-05
1.700000000000000000e+01 6.531661085442663490e-05 5.925270442371018023e-05
1.800000000000000000e+01 8.286806950017761963e-05 7.604914411869998230e-05
1.900000000000000000e+01 1.046890401663505923e-04 9.716602634979697585e-05
2.000000000000000000e+01 1.316987001289064002e-04 1.235886984275098876e-04
2.100000000000000000e+01 1.649905622406217399e-04 1.564938565832303251e-04
2.200000000000000000e+01 2.058544015376268768e-04 1.972778585212017907e-04
2.300000000000000000e+01 2.557943567508192046e-04 2.475875528124048611e-04
2.400000000000000000e+01 3.165475662787690242e-04 3.093540476784546289e-04
2.500000000000000000e+01 3.901105187636664542e-04 3.848291858209548126e-04
2.600000000000000000e+01 4.787767594047638835e-04 4.766234946754344245e-04
2.700000000000000000e+01 5.851804692611326962e-04 5.877439787722714025e-04
2.800000000000000000e+01 7.123326067202602778e-04 7.216308542523903026e-04
2.900000000000000000e+01 8.636381966329540740e-04 8.821935321380496367e-04
3.000000000000000000e+01 1.042896758123656922e-03 1.073846346278281051e-03
3.100000000000000000e+01 1.254303398741570593e-03 1.301542916057426896e-03
3.200000000000000000e+01 1.502470631055680475e-03 1.570805747741864291e-03
3.300000000000000000e+01 1.792473111329727278e-03 1.887746993629101132e-03
3.400000000000000000e+01 2.129890166981337346e-03 2.259078293535040326e-03
3.500000000000000000e+01 2.520808582474733626e-03 2.692110592610902353e-03
3.600000000000000000e+01 2.971767902015662408e-03 3.194745467983768194e-03
3.700000000000000000e+01 3.489672502756409941e-03 3.775456407415368754e-03
3.800000000000000000e+01 4.081723438297311414e-03 4.443254254792962550e-03
3.900000000000000000e+01 4.755406161249328342e-03 5.207630224885998263e-03
4.000000000000000000e+01 5.518512209090376680e-03 6.078474238121940078e-03
4.100000000000000000e+01 6.379120854383500856e-03 7.065972206270479221e-03
4.200000000000000000e+01 7.345473738555550851e-03 8.180487385616776533e-03
4.300000000000000000e+01 8.425748795066058394e-03 9.432426024278435864e-03
4.400000000000000000e+01 9.627822539300568902e-03 1.083208109869552953e-02
4.500000000000000000e+01 1.095912370896206904e-02 1.238944724978284159e-02
4.600000000000000000e+01 1.242659953547681044e-02 1.411400712671842875e-02
4.700000000000000000e+01 1.403670037725220435e-02 1.601449814090656967e-02
4.800000000000000000e+01 1.579524510380779512e-02 1.809867073726887515e-02
4.900000000000000000e+01 1.770711230760847396e-02 2.037304291269365769e-02
5.000000000000000000e+01 1.977585159787963176e-02 2.284264800374751631e-02
5.100000000000000000e+01 2.200339277173404828e-02 2.551077247980303858e-02
5.200000000000000000e+01 2.438996136081605232e-02 2.837868853795804877e-02
5.300000000000000000e+01 2.693413458684223646e-02 3.144539474361220804e-02
5.400000000000000000e+01 2.963284518074840723e-02 3.470737873986964178e-02
5.500000000000000000e+01 3.248118513960719655e-02 3.815840983493076766e-02
5.600000000000000000e+01 3.547205044537447144e-02 4.178936412460310806e-02
5.700000000000000000e+01 3.859583665286818455e-02 4.558808616333551861e-02
5.800000000000000000e+01 4.184038658673901873e-02 4.953929540742893489e-02
5.900000000000000000e+01 4.519120284159658385e-02 5.362454530565111122e-02
6.000000000000000000e+01 4.863173348684830810e-02 5.782223761523501426e-02
6.100000000000000000e+01 5.214350485391827661e-02 6.210769265389928101e-02
6.200000000000000000e+01 5.570604580137763356e-02 6.645328339954731378e-02
6.300000000000000000e+01 5.929677181459146185e-02 7.082864952920614465e-02
6.400000000000000000e+01 6.289107221498001221e-02 7.520100108428041941e-02
6.500000000000000000e+01 6.646270101498837068e-02 7.953549795105283038e-02
6.600000000000000000e+01 6.998433996642081101e-02 8.379567172566701472e-02
6.700000000000000000e+01 7.342808885260912466e-02 8.794386680374892407e-02
6.800000000000000000e+01 7.676574056558080339e-02 9.194171568511057269e-02
6.900000000000000000e+01 7.996891861038943339e-02 9.575069070610410515e-02
7.000000000000000000e+01 8.300929242220106419e-02 9.933275082344342199e-02
7.100000000000000000e+01 8.585902226360744849e-02 1.026510362893988393e-01
7.200000000000000000e+01 8.849138538702690238e-02 1.056705186864498464e-01
7.300000000000000000e+01 9.088138133209751335e-02 1.083585465698921613e-01
7.400000000000000000e+01 9.300613885187178353e-02 1.106853207828243368e-01
7.500000000000000000e+01 9.484511746199184024e-02 1.126243964963751232e-01
7.600000000000000000e+01 9.638025466086534709e-02 1.141532626332596168e-01
7.700000000000000000e+01 9.759621863057736657e-02 1.152539217799667948e-01
7.800000000000000000e+01 9.848078868850079770e-02 1.159133110346651785e-01
7.900000000000000000e+01 9.902523261348064598e-02 1.161234676459788617e-01
8.000000000000000000e+01 9.922451660532594087e-02 1.158815108945576294e-01
8.100000000000000000e+01 9.907729179949589793e-02 1.151896202656197410e-01
8.200000000000000000e+01 9.858574839481587526e-02 1.140551160505488409e-01
8.300000000000000000e+01 9.775548541922936263e-02 1.124905497119013664e-01
8.400000000000000000e+01 9.659546856820735994e-02 1.105135875776945831e-01
8.500000000000000000e+01 9.511801544044304335e-02 1.081465650789828759e-01
8.600000000000000000e+01 9.333867694544971394e-02 1.054158246908764862e-01
8.700000000000000000e+01 9.127593440204530284e-02 1.023510958943016358e-01
8.800000000000000000e+01 8.895075444683091248e-02 9.898507403575665387e-02
8.900000000000000000e+01 8.638612954590367543e-02 9.535309923582742375e-02
9.000000000000000000e+01 8.360670918720727873e-02 9.149268451149020209e-02
9.100000000000000000e+01 8.063852094959830796e-02 8.744275505997650688e-02
9.200000000000000000e+01 7.750868702659874376e-02 8.324273039818738673e-02
9.300000000000000000e+01 7.424504066460818619e-02 7.893173588117673167e-02
9.400000000000000000e+01 7.087563517274889091e-02 7.454811247219091108e-02
9.500000000000000000e+01 6.742823574896965322e-02 7.012912285536049284e-02
9.600000000000000000e+01 6.392990690777106133e-02 6.571060062680622593e-02
9.700000000000000000e+01 6.040673952427062787e-02 6.132640324068952542e-02
9.800000000000000000e+01 5.688366399600336409e-02 5.700778361100648783e-02
9.900000000000000000e+01 5.338425352927805845e-02 5.278293009458637219e-02
1.000000000000000000e+02 4.993046615129462240e-02 4.867681257208331808e-02
1.010000000000000000e+02 4.654236168770554266e-02 4.471123789207213234e-02
1.020000000000000000e+02 4.323788282333751454e-02 4.090489665332953939e-02
1.030000000000000000e+02 4.003276451199019176e-02 3.727328057035152187e-02
1.040000000000000000e+02 3.694055939255506960e-02 3.382854856170371821e-02
1.050000000000000000e+02 3.397270610481127606e-02 3.057951712642541925e-02
1.060000000000000000e+02 3.113857103086591083e-02 2.753186437142620541e-02
1.070000000000000000e+02 2.844545221747275116e-02 2.468847155620058215e-02
1.080000000000000000e+02 2.589859273853208771e-02 2.204974785093169465e-02
1.090000000000000000e+02 2.350126084223414305e-02 1.961385361309316358e-02
1.100000000000000000e+02 2.125491296464989549e-02 1.737686672467627855e-02
1.110000000000000000e+02 1.915940306361819945e-02 1.533299532859247992e-02
1.120000000000000000e+02 1.721318211756047226e-02 1.347488667424735082e-02
1.130000000000000000e+02 1.541345648656210557e-02 1.179398628148696851e-02
1.140000000000000000e+02 1.375631672032941351e-02 1.028086076915347633e-02
1.150000000000000000e+02 1.223687221055556884e-02 8.925438787986576111e-03
1.160000000000000000e+02 1.084941603042864633e-02 7.717193886401941226e-03
1.170000000000000000e+02 9.587613377242469939e-03 6.645322544112035323e-03
1.180000000000000000e+02 8.444684689188313234e-03 5.698943251732325674e-03
1.190000000000000000e+02 7.413557270713564719e-03 4.867297049611433481e-03
1.200000000000000000e+02 6.486980560626520731e-03 4.139912258437436314e-03
1.210000000000000000e+02 5.657619968631738203e-03 3.506715785988414203e-03
1.220000000000000000e+02 4.918147629486522253e-03 2.958103865977181144e-03
1.230000000000000000e+02 4.261336575318457921e-03 2.484996952640842680e-03
1.240000000000000000e+02 3.680150522929667538e-03 2.078891710269635019e-03
1.250000000000000000e+02 3.167816573807092067e-03 1.731904890852649067e-03
1.260000000000000000e+02 2.717874418848509159e-03 1.436797345740702852e-03
1.270000000000000000e+02 2.324205781679820459e-03 1.186973892992786508e-03
1.280000000000000000e+02 1.981053257066335647e-03 9.764655378862358058e-04
1.290000000000000000e+02 1.683035570813062659e-03 7.999041962118514986e-04
1.300000000000000000e+02 1.425160246285245638e-03 6.524956096315838276e-04
1.310000000000000000e+02 1.202830341608689688e-03 5.299899460043733853e-04
1.320000000000000000e+02 1.011842096829698332e-03 4.286474325882360021e-04
1.330000000000000000e+02 8.483735900240650099e-04 3.451985997689551063e-04
1.340000000000000000e+02 7.089674987355718471e-04 2.768017228971514495e-04
1.350000000000000000e+02 5.905116088176683153e-04 2.210008048021020550e-04
1.360000000000000000e+02 4.902190869334963888e-04 1.756859258645593325e-04
1.370000000000000000e+02 4.056085350569440737e-04 1.390559618226219166e-04
1.380000000000000000e+02 3.344829858062240736e-04 1.095830587315856325e-04
1.390000000000000000e+02 2.749074686234455117e-04 8.597878828791562439e-05
1.400000000000000000e+02 2.251857357758067161e-04 6.716257033976451643e-05
1.410000000000000000e+02 1.838372671307140962e-04 5.223301934030777003e-05
1.420000000000000000e+02 1.495754807873854800e-04 4.044243152603571291e-05
1.430000000000000000e+02 1.212874960237910171e-04 3.117418577143403978e-05
1.440000000000000000e+02 9.801532629020807128e-05 2.392270686274169191e-05
1.450000000000000000e+02 7.893827090261915308e-05 1.827576723321026284e-05
1.460000000000000000e+02 6.335643269379844238e-05 1.389903723111345275e-05
1.470000000000000000e+02 5.067547358302989347e-05 1.052279564872319309e-05
1.480000000000000000e+02 4.039276683328358073e-05 7.930623630610460342e-06
1.490000000000000000e+02 3.208501341049041896e-05 5.949835985342525479e-06
1.500000000000000000e+02 2.539726047908383278e-05 4.443406393697883462e-06
1.510000000000000000e+02 2.003318349099379828e-05 3.303189233477099987e-06
1.520000000000000000e+02 1.574649130291160389e-05 2.444280391946495959e-06
1.530000000000000000e+02 1.233335144140216603e-05 1.800372291832474059e-06
1.540000000000000000e+02 9.625765189020804035e-06 1.319957907422438571e-06
1.550000000000000000e+02 7.485828918732872014e-06 9.632445290880302343e-07
1.560000000000000000e+02 5.800805871251970515e-06 6.996556923379293492e-07
1.570000000000000000e+02 4.478918980535303051e-06 5.058212217712753738e-07
1.580000000000000000e+02 3.445772207045116134e-06 3.639724251482515758e-07
1.590000000000000000e+02 2.641315693071938174e-06 2.606707024541439372e-07
