0.000000000000000000e+00 -2.684694871627370651e-07 1.374556191431942615e-05
1.000000000000000000e+00 3.479474917926231967e-07 6.473454599749514144e-07
2.000000000000000000e+00 4.303022416962195894e-07 7.424271911948128524e-07
3.000000000000000000e+00 5.988167435025395145e-07 9.866337070658606117e-07
4.000000000000000000e+00 8.321983016615630447e-07 1.312525418984225408e-06
5.000000000000000000e+00 1.151034482333271264e-06 1.739646645815927723e-06
6.000000000000000000e+00 1.584001762586903447e-06 2.294306968806355535e-06
7.000000000000000000e+00 2.169304485215320639e-06 3.010017375463688715e-06
8.000000000000000000e+00 2.957749574098972956e-06 3.931406568710291616e-06
9.000000000000000000e+00 4.016113224954215732e-06 5.118526700405833889e-06
1.000000000000000000e+01 5.430586754827071937e-06 6.649728642310054265e-06
1.100000000000000000e+01 7.310781239675507693e-06 8.621957920527621507e-06
1.200000000000000000e+01 9.795461512131506735e-06 1.114932037587015528e-05
1.300000000000000000e+01 1.306120145052969497e-05 1.436322101922161779e-05
1.400000000000000000e+01 1.733411397216035694e-05 1.841842075489029539e-05
1.500000000000000000e+01 2.290325155642423792e-05 2.350732227503108762e-05
1.600000000000000000e+01 3.013361200297409373e-05 2.987981403535494828e-05
1.700000000000000000e+01 3.947815495206581714e-05 3.786080515716668091e-05
1.800000000000000000e+01 5.149144019033662697e-05 4.785649725142794418e-05
1.900000000000000000e+01 6.684995997262408070e-05 6.034646007173704945e-05
2.000000000000000000e+01 8.638296385264956337e-05 7.587012132920775210e-05
2.100000000000000000e+01 1.111119939422845841e-04 9.502625405449534465e-05
2.200000000000000000e+01 1.422911315100261053e-04 1.185032885428874460e-04
2.300000000000000000e+01 1.814392388308447854e-04 1.471424514071183718e-04
2.400000000000000000e+01 2.303635844185474946e-04 1.820112263288529194e-04
2.500000000000000000e+01 2.911868242292498204e-04 2.244479373187848316e-04
2.600000000000000000e+01 3.663953419312958228e-04 2.760465720431565023e-04
2.700000000000000000e+01 4.589171521261091653e-04 3.385880426540886128e-04
2.800000000000000000e+01 5.722147963250863098e-04 4.139713359680728720e-04
2.900000000000000000e+01 7.103603208528725321e-04 5.042207160523485936e-04
3.000000000000000000e+01 8.780658184951346552e-04 6.116149165385884219e-04
3.100000000000000000e+01 1.080677614511117279e-03 7.389051302561653245e-04
3.200000000000000000e+01 1.324181077995548400e-03 8.895061876477203646e-04
3.300000000000000000e+01 1.615268411232050148e-03 1.067524924552988672e-03
3.400000000000000000e+01 1.961474937042849073e-03 1.277570112322790399e-03
3.500000000000000000e+01 2.371317336782061396e-03 1.524440356945022321e-03
3.600000000000000000e+01 2.854332615799640236e-03 1.812912917311080251e-03
3.700000000000000000e+01 3.420967112357749425e-03 2.147847844974864855e-03
3.800000000000000000e+01 4.082379631683602690e-03 2.534640842931238161e-03
3.900000000000000000e+01 4.850309189832485365e-03 2.979793391410444098e-03
4.000000000000000000e+01 5.737120810400958212e-03 3.491203149339880754e-03
4.100000000000000000e+01 6.755979671221440039e-03 4.077871334474437136e-03
4.200000000000000000e+01 7.920937136767919329e-03 4.749078777165452979e-03
4.300000000000000000e+01 9.246705622159255566e-03 5.513495407376455687e-03
4.400000000000000000e+01 1.074810579208172918e-02 6.378853536688620061e-03
4.500000000000000000e+01 1.243944626965010070e-02 7.352538796449641090e-03
4.600000000000000000e+01 1.433419184184085010e-02 8.442833543354887407e-03
4.700000000000000000e+01 1.644505250223888410e-02 9.659977861419540013e-03
4.800000000000000000e+01 1.878422303101668495e-02 1.101614291052861044e-02
4.900000000000000000e+01 2.136327131000285984e-02 1.252401076794197946e-02
5.000000000000000000e+01 2.419237647329124108e-02 1.419461821109238922e-02
5.100000000000000000e+01 2.727915257784542871e-02 1.603579680625211168e-02
5.200000000000000000e+01 3.062771408848419946e-02 1.805235635758080728e-02
5.300000000000000000e+01 3.423852353497295470e-02 2.024807883941648692e-02
5.400000000000000000e+01 3.810892548244650124e-02 2.262825535941644095e-02
5.500000000000000000e+01 4.223363374334811182e-02 2.520086485532862380e-02
5.600000000000000000e+01 4.660440506750791745e-02 2.797515906359201998e-02
5.700000000000000000e+01 5.120882120813510796e-02 3.095810917679291119e-02
5.800000000000000000e+01 5.602896062440296254e-02 3.415079871935736838e-02
5.900000000000000000e+01 6.104098706544937303e-02 3.754720023603594359e-02
6.000000000000000000e+01 6.621601659377582272e-02 4.113639909174979237e-02
6.100000000000000000e+01 7.152157384657556460e-02 4.490699275073476576e-02
6.200000000000000000e+01 7.692245025396478308e-02 4.885068372248872748e-02
6.300000000000000000e+01 8.238033164208712067e-02 5.296232673920332756e-02
6.400000000000000000e+01 8.785272757507338326e-02 5.723593809476142796e-02
6.500000000000000000e+01 9.329247544628785360e-02 6.165902133068173335e-02
6.600000000000000000e+01 9.864871197653533874e-02 6.620901639149763540e-02
6.700000000000000000e+01 1.038690075341284214e-01 7.085455492609843420e-02
6.800000000000000000e+01 1.089014060648512416e-01 7.556107450227669831e-02
6.900000000000000000e+01 1.136952640321356733e-01 8.029728430485562340e-02
7.000000000000000000e+01 1.182008984932074319e-01 8.503817308320610335e-02
7.100000000000000000e+01 1.223691273260096024e-01 8.976242730979983042e-02
7.200000000000000000e+01 1.261518576738992481e-01 9.444592481368863091e-02
7.300000000000000000e+01 1.295039167218375031e-01 9.905580083202319974e-02
7.400000000000000000e+01 1.323852154161976324e-01 1.035494112237661524e-01
7.500000000000000000e+01 1.347620710724155013e-01 1.078793308347257562e-01
7.600000000000000000e+01 1.366072682807235872e-01 1.120014430935559746e-01
7.700000000000000000e+01 1.378994745246072684e-01 1.158810180910695986e-01
7.800000000000000000e+01 1.386230204552157119e-01 1.194929758643111378e-01
7.900000000000000000e+01 1.387685267096373243e-01 1.228164405979084717e-01
8.000000000000000000e+01 1.383339696581013523e-01 1.258275471040194715e-01
8.100000000000000000e+01 1.373253448274053823e-01 1.284956218247303439e-01
8.200000000000000000e+01 1.357564287794252866e-01 1.307855377431357546e-01
8.300000000000000000e+01 1.336478566629910325e-01 1.326648500631532612e-01
8.400000000000000000e+01 1.310261516820100114e-01 1.341111375350183266e-01
8.500000000000000000e+01 1.279231541199967459e-01 1.351149324356490378e-01
8.600000000000000000e+01 1.243757726551568688e-01 1.356766559484118562e-01
8.700000000000000000e+01 1.204256394833284061e-01 1.357999466703275204e-01
8.800000000000000000e+01 1.161183571170028850e-01 1.354859907985430101e-01
8.900000000000000000e+01 1.115023955897448682e-01 1.347325311107499535e-01
9.000000000000000000e+01 1.066279515013383583e-01 1.335379256807687487e-01
9.100000000000000000e+01 1.015460162416550044e-01 1.319072743126465108e-01
9.200000000000000000e+01 9.630764909151577624e-02 1.298564483719042706e-01
9.300000000000000000e+01 9.096328469307690678e-02 1.274114737193335345e-01
9.400000000000000000e+01 8.556195810532327140e-02 1.246038638969534096e-01
9.500000000000000000e+01 8.015050172351266544e-02 1.214650120323653160e-01
9.600000000000000000e+01 7.477286211780208303e-02 1.180230468070716382e-01
9.700000000000000000e+01 6.946962030099149144e-02 1.143036431424049870e-01
9.800000000000000000e+01 6.427766645666546652e-02 1.103335994410585968e-01
9.900000000000000000e+01 5.922992287673264911e-02 1.061443539458093582e-01
1.000000000000000000e+02 5.435507269808672465e-02 1.017729535590100320e-01
1.010000000000000000e+02 4.967735476117344368e-02 9.725987112548938052e-02
1.020000000000000000e+02 4.521651563952653469e-02 9.264511690184472348e-02
1.030000000000000000e+02 4.098794230503283176e-02 8.796498640857132456e-02
1.040000000000000000e+02 3.700290618355215472e-02 8.325110401469805466e-02
1.050000000000000000e+02 3.326882109514713026e-02 7.853179361938519842e-02
1.060000000000000000e+02 2.978947256455870274e-02 7.383438692868779518e-02
1.070000000000000000e+02 2.656525376855315215e-02 6.918672748599641320e-02
1.080000000000000000e+02 2.359347062597141886e-02 6.461690880309670093e-02
1.090000000000000000e+02 2.086873764816858309e-02 6.015154289271860272e-02
1.100000000000000000e+02 1.838342286918695501e-02 5.581373728169770898e-02
1.110000000000000000e+02 1.612807301013533326e-02 5.162197608801804422e-02
1.120000000000000000e+02 1.409177699428674352e-02 4.759038170358968756e-02
1.130000000000000000e+02 1.226247591583746153e-02 4.372994374811774859e-02
1.140000000000000000e+02 1.062725584269673222e-02 4.004981707463602103e-02
1.150000000000000000e+02 9.172648427926434131e-03 3.655793522535644158e-02
1.160000000000000000e+02 7.884931675705959472e-03 3.326075724094596647e-02
1.170000000000000000e+02 6.750401269583986702e-03 3.016253757744809944e-02
1.180000000000000000e+02 5.755587763730229608e-03 2.726473378680917964e-02
1.190000000000000000e+02 4.887417418874795763e-03 2.456597502691741652e-02
1.200000000000000000e+02 4.133333334513229068e-03 2.206260469837836857e-02
1.210000000000000000e+02 3.481395552059418121e-03 1.974947414931405715e-02
1.220000000000000000e+02 2.920367265318203273e-03 1.762058836265474604e-02
1.230000000000000000e+02 2.439782101372564137e-03 1.566937910342830476e-02
1.240000000000000000e+02 2.029984441362674575e-03 1.388864795751649020e-02
1.250000000000000000e+02 1.682140818017445385e-03 1.227040203136315309e-02
1.260000000000000000e+02 1.388228409506241231e-03 1.080581133255186302e-02
1.270000000000000000e+02 1.141009947817815890e-03 9.485385525178142985e-03
1.280000000000000000e+02 9.340018513647565298e-04 8.299309191659786505e-03
1.290000000000000000e+02 7.614376430315460955e-04 7.237789320765586516e-03
1.300000000000000000e+02 6.182258231877570251e-04 6.291289048809124533e-03
1.310000000000000000e+02 4.999016938483183967e-04 5.450609753564983340e-03
1.320000000000000000e+02 4.025746698112222730e-04 4.706871110611741613e-03
1.330000000000000000e+02 3.228740814078681978e-04 4.051475011700647957e-03
1.340000000000000000e+02 2.578962889597084546e-04 3.476116753413147423e-03
1.350000000000000000e+02 2.051546121881027906e-04 2.972854493693692299e-03
1.360000000000000000e+02 1.625323118501644610e-04 2.534204224735497543e-03
1.370000000000000000e+02 1.282383830722558563e-04 2.153215331401882055e-03
1.380000000000000000e+02 1.007661403176379246e-04 1.823499355792169291e-03
1.390000000000000000e+02 7.885494631675336657e-05 1.539213365614069615e-03
1.400000000000000000e+02 6.145552991088994871e-05 1.295019658072763501e-03
1.410000000000000000e+02 4.769910547353858616e-05 1.086046304603952972e-03
1.420000000000000000e+02 3.687017443611501164e-05 9.078618892517502934e-04
1.430000000000000000e+02 2.838268221367931695e-05 7.564632237039782721e-04
1.440000000000000000e+02 2.175918084225330492e-05 6.282660684421854502e-04
1.450000000000000000e+02 1.661272392042409727e-05 5.200889935942126958e-04
1.460000000000000000e+02 1.263128478560495417e-05 4.291265402891553181e-04
1.470000000000000000e+02 9.564493218110083192e-06 3.529144625343165823e-04
1.480000000000000000e+02 7.212452350715814126e-06 2.892931026722968084e-04
1.490000000000000000e+02 5.416371098276896248e-06 2.363741076222567253e-04
1.500000000000000000e+02 4.050752831630344057e-06 1.925125200644020411e-04
1.510000000000000000e+02 3.016911908387806696e-06 1.562832696605949954e-04
1.520000000000000000e+02 2.237625781003062661e-06 1.264597953673818364e-04
1.530000000000000000e+02 1.652757456606967208e-06 1.019930189193911569e-04
1.540000000000000000e+02 1.215699882686603698e-06 8.199022995607798932e-05
1.550000000000000000e+02 8.905068469221436387e-07 6.569457301190197737e-05
1.560000000000000000e+02 6.495898535438858159e-07 5.246618413717230218e-05
1.570000000000000000e+02 4.718779824466831948e-07 4.176567781074509630e-05
1.580000000000000000e+02 3.413553507496221474e-07 3.314006394093206890e-05
1.590000000000000000e+02 2.459058477997799232e-07 2.621070349002090075e-05
