0.000000000000000000e+00 -4.911970434273315215e-08 -3.996915553294501598e-08
1.000000000000000000e+00 6.080326571888218310e-08 1.798993960160383262e-07
2.000000000000000000e+00 8.189453814830354252e-08 2.289439724942375237e-07
3.000000000000000000e+00 1.209331582223157141e-07 3.255087646723029915e-07
4.000000000000000000e+00 1.782183981046163537e-07 4.632965844056358951e-07
5.000000000000000000e+00 2.611570082363639514e-07 6.564655848580009353e-07
6.000000000000000000e+00 3.804447081607923331e-07 9.254774934367390395e-07
7.000000000000000000e+00 5.509681897241039140e-07 1.297971524330573181e-06
8.000000000000000000e+00 7.932284254169216544e-07 1.810842989003230661e-06
9.000000000000000000e+00 1.135246924825317686e-06 2.513067041090938625e-06
1.000000000000000000e+01 1.615101631365791275e-06 3.469341207507235569e-06
1.100000000000000000e+01 2.284243087164056094e-06 4.764641925125523105e-06
1.200000000000000000e+01 3.211717149495030562e-06 6.509818820355434502e-06
1.300000000000000000e+01 4.489456619845410282e-06 8.848445995948115255e-06
1.400000000000000000e+01 6.238931342339434134e-06 1.196526012873990850e-05
1.500000000000000000e+01 8.619567494928773803e-06 1.609655183657472663e-05
1.600000000000000000e+01 1.183932116133210667e-05 2.154283051801455433e-05
1.700000000000000000e+01 1.616764180206619036e-05 2.868403432325592956e-05
1.800000000000000000e+01 2.195102633938641169e-05 3.799756439112165628e-05
1.900000000000000000e+01 2.963161766882300803e-05 5.007942894065835535e-05
2.000000000000000000e+01 3.976961035899020865e-05 6.566872309014038552e-05
2.100000000000000000e+01 5.307011221206101872e-05 8.567565204094606634e-05
2.200000000000000000e+01 7.041451538636727130e-05 1.112135304421149899e-04
2.300000000000000000e+01 9.289606081354691975e-05 1.436355404546039245e-04
2.400000000000000000e+01 1.218598272313901047e-04 1.845768771206693251e-04
2.500000000000000000e+01 1.589483055236934317e-04 2.360017507772000723e-04
2.600000000000000000e+01 2.061534393618146607e-04 3.002532513252401331e-04
2.700000000000000000e+01 2.658739662654471250e-04 3.801041306837968782e-04
2.800000000000000000e+01 3.409751076741267565e-04 4.788090453493323785e-04
2.900000000000000000e+01 4.348488471078165588e-04 6.001615407082027016e-04
3.000000000000000000e+01 5.514764660709480740e-04 7.485578533025542217e-04
3.100000000000000000e+01 6.954957698087457958e-04 9.290631462791743662e-04
3.200000000000000000e+01 8.722701657394400440e-04 1.147469457375872772e-03
3.300000000000000000e+01 1.087949887261195018e-03 1.410336797062976917e-03
3.400000000000000000e+01 1.349516384405696334e-03 1.725020727710063068e-03
3.500000000000000000e+01 1.664811154625930314e-03 2.099699963594722253e-03
3.600000000000000000e+01 2.042558312016530975e-03 2.543411275081268290e-03
3.700000000000000000e+01 2.492382380390222377e-03 3.066076557911909424e-03
3.800000000000000000e+01 3.024803498131528167e-03 3.678490175522060833e-03
3.900000000000000000e+01 3.651184760385800358e-03 4.392247297065487825e-03
4.000000000000000000e+01 4.383626148864516910e-03 5.219631242240263189e-03
4.100000000000000000e+01 5.234828390876480018e-03 6.173501993776672574e-03
4.200000000000000000e+01 6.217950958911108369e-03 7.267204699184109246e-03
4.300000000000000000e+01 7.346451733861020933e-03 8.514460172913643210e-03
4.400000000000000000e+01 8.633862103678502375e-03 9.929169399602614729e-03
4.500000000000000000e+01 1.009346918734907624e-02 1.152510602351261224e-02
4.600000000000000000e+01 1.173793794989246887e-02 1.331555459753762383e-02
4.700000000000000000e+01 1.357894097521004581e-02 1.531298939275257953e-02
4.800000000000000000e+01 1.562682206020912096e-02 1.752882529957822122e-02
4.900000000000000000e+01 1.789024240764098411e-02 1.997316320237023379e-02
5.000000000000000000e+01 2.037574185896758039e-02 2.265441753746725434e-02
5.100000000000000000e+01 2.308722727701969721e-02 2.557880945821207341e-02
5.200000000000000000e+01 2.602549151023112947e-02 2.874984840415690732e-02
5.300000000000000000e+01 2.918785627647790121e-02 3.216795617370864224e-02
5.400000000000000000e+01 3.256792134345863621e-02 3.583026106362579427e-02
5.500000000000000000e+01 3.615531904024314042e-02 3.973042949622501707e-02
5.600000000000000000e+01 3.993542467236443211e-02 4.385838590719214752e-02
5.700000000000000000e+01 4.388910763678259552e-02 4.819993159187380138e-02
5.800000000000000000e+01 4.799266493670025641e-02 5.273644682490165325e-02
5.900000000000000000e+01 5.221798244467568823e-02 5.744485631126890895e-02
6.000000000000000000e+01 5.653282678160550384e-02 6.229784875255205134e-02
6.100000000000000000e+01 6.090114851012289748e-02 6.726416341771349061e-02
6.200000000000000000e+01 6.528339978644706609e-02 7.230878159598219668e-02
6.300000000000000000e+01 6.963698740425709743e-02 7.739306358462548496e-02
6.400000000000000000e+01 7.391695224360113337e-02 8.247503338334606637e-02
6.500000000000000000e+01 7.807682280547992293e-02 8.750995776299697049e-02
6.600000000000000000e+01 8.206949999871161749e-02 9.245115258419352167e-02
6.700000000000000000e+01 8.584808940118097975e-02 9.725080444289602166e-02
6.800000000000000000e+01 8.936672378425508656e-02 1.018606672312108163e-01
6.900000000000000000e+01 9.258146019375307345e-02 1.062326929165888223e-01
7.000000000000000000e+01 9.545125197628202829e-02 1.103197645489603224e-01
7.100000000000000000e+01 9.793889424114565756e-02 1.140766073698837729e-01
7.200000000000000000e+01 1.000118369359745962e-01 1.174607706219619463e-01
7.300000000000000000e+01 1.016428439945313705e-01 1.204334960752731221e-01
7.400000000000000000e+01 1.028105442702966499e-01 1.229603892063099863e-01
7.500000000000000000e+01 1.034999026114531012e-01 1.250119642384835972e-01
7.600000000000000000e+01 1.037025775063745020e-01 1.265641781907912988e-01
7.700000000000000000e+01 1.034171072773814870e-01 1.275989698625895619e-01
7.800000000000000000e+01 1.026489023655710736e-01 1.281047002800233259e-01
7.900000000000000000e+01 1.014100671481686505e-01 1.280763828275970351e-01
8.000000000000000000e+01 9.971908268282660137e-02 1.275156933735729359e-01
8.100000000000000000e+01 9.760036039547326236e-02 1.264308454152283379e-01
8.200000000000000000e+01 9.508366644823219860e-02 1.248364060009641702e-01
8.300000000000000000e+01 9.220343159613471340e-02 1.227530404254170843e-01
8.400000000000000000e+01 8.899797791061361818e-02 1.202071148265373007e-01
8.500000000000000000e+01 8.550869008566980289e-02 1.172301210871869864e-01
8.600000000000000000e+01 8.177914585402340508e-02 1.138579743785446130e-01
8.700000000000000000e+01 7.785422142108942845e-02 1.101302748613966348e-01
8.800000000000000000e+01 7.377920463835326015e-02 1.060895817873973301e-01
8.900000000000000000e+01 6.959895669387597406e-02 1.017806749844029218e-01
9.000000000000000000e+01 6.535714715819211651e-02 9.724975811299427231e-02
9.100000000000000000e+01 6.109556309766987076e-02 9.254360981950508769e-02
9.200000000000000000e+01 5.685348779721177692e-02 8.770875284000316519e-02
9.300000000000000000e+01 5.266716189327345921e-02 8.279071696182868645e-02
9.400000000000000000e+01 4.856935458909417136e-02 7.783341466758457450e-02
9.500000000000000000e+01 4.458906302106713931e-02 7.287858973260562256e-02
9.600000000000000000e+01 4.075133131390532015e-02 6.796529775996451583e-02
9.700000000000000000e+01 3.707716462756154713e-02 6.312942852217993950e-02
9.800000000000000000e+01 3.358352169883158794e-02 5.840332423826860575e-02
9.900000000000000000e+01 3.028338785460287647e-02 5.381553806689349378e-02
1.000000000000000000e+02 2.718593539578449680e-02 4.939072481560988215e-02
1.010000000000000000e+02 2.429676388992919184e-02 4.514961486822059722e-02
1.020000000000000000e+02 2.161819591036106061e-02 4.110903002346508184e-02
1.030000000000000000e+02 1.914960196164704198e-02 3.728194152534472505e-02
1.040000000000000000e+02 1.688774115953738456e-02 3.367759966516187253e-02
1.050000000000000000e+02 1.482711610031614211e-02 3.030175284449733095e-02
1.060000000000000000e+02 1.296033975700138820e-02 2.715693755860999065e-02
1.070000000000000000e+02 1.127850316806656809e-02 2.424279753996251563e-02
1.080000000000000000e+02 9.771527418365490159e-03 2.155640044307681469e-02
1.090000000000000000e+02 8.428487947291040880e-03 1.909254921494097854e-02
1.100000000000000000e+02 7.237908285068045920e-03 1.684410280687775180e-02
1.110000000000000000e+02 6.188025228695356698e-03 1.480231333314990620e-02
1.120000000000000000e+02 5.267025751778326922e-03 1.295716673214785189e-02
1.130000000000000000e+02 4.463252311401533917e-03 1.129770350327441442e-02
1.140000000000000000e+02 3.765372965651828802e-03 9.812303995271493343e-03
1.150000000000000000e+02 3.162516224646040250e-03 8.488938923038466533e-03
1.160000000000000000e+02 2.644374219588127746e-03 7.315394678414788993e-03
1.170000000000000000e+02 2.201278684463855474e-03 6.279479143259597898e-03
1.180000000000000000e+02 1.824252866209183106e-03 5.369204537921387806e-03
1.190000000000000000e+02 1.505041193902184821e-03 4.572939733618070629e-03
1.200000000000000000e+02 1.236118751065262743e-03 3.879528519412869629e-03
1.210000000000000000e+02 1.010683700475336656e-03 3.278377364445989300e-03
1.220000000000000000e+02 8.226364452721807424e-04 2.759519655682267369e-03
1.230000000000000000e+02 6.665489307220516090e-04 2.313661538111938098e-03
1.240000000000000000e+02 5.376266297874531235e-04 1.932210720447365138e-03
1.250000000000000000e+02 4.316651583299436871e-04 1.607287924261319818e-03
1.260000000000000000e+02 3.450033315437996606e-04 1.331721936330043351e-03
1.270000000000000000e+02 2.744744848084615797e-04 1.099031425393478785e-03
1.280000000000000000e+02 2.173577066483387476e-04 9.033975447721180520e-04
1.290000000000000000e+02 1.713302427759314666e-04 7.396304426031183451e-04
1.300000000000000000e+02 1.344219196418309961e-04 6.031313402007093148e-04
1.310000000000000000e+02 1.049721565730742188e-04 4.898510665332291448e-04
1.320000000000000000e+02 8.158998345852789267e-05 3.962460725946447600e-04
1.330000000000000000e+02 6.311736632861437383e-05 3.192333636270296214e-04
1.340000000000000000e+02 4.859600755618739940e-05 2.561458465591553990e-04
1.350000000000000000e+02 3.723764082809406318e-05 2.046892000110277915e-04
1.360000000000000000e+02 2.839772141672655415e-05 1.629008610727984609e-04
1.370000000000000000e+02 2.155233798076165670e-05 1.291114036857637763e-04
1.380000000000000000e+02 1.627813304755725384e-05 1.019085075569979505e-04
1.390000000000000000e+02 1.223499657393895542e-05 8.010373263423661838e-05
1.400000000000000000e+02 9.151280526462835565e-06 6.270227540426026645e-05
1.410000000000000000e+02 6.811272692017215047e-06 4.887576458724772417e-05
1.420000000000000000e+02 5.044668014593749314e-06 3.793801977778932548e-05
1.430000000000000000e+02 3.717785645687336451e-06 2.932360973366554890e-05
1.440000000000000000e+02 2.726296493009383363e-06 2.256901742711774270e-05
1.450000000000000000e+02 1.989245834349567087e-06 1.729621832920410994e-05
1.460000000000000000e+02 1.444176315217983749e-06 1.319847815936224465e-05
1.470000000000000000e+02 1.043177434980575431e-06 1.002816844119430443e-05
1.480000000000000000e+02 7.497080670928016018e-07 7.586390057161054574e-06
1.490000000000000000e+02 5.360583359285653667e-07 5.714195039444645464e-06
1.500000000000000000e+02 3.813359088735847084e-07 4.285206675608890307e-06
1.510000000000000000e+02 2.698790748743588203e-07 3.199453816890565992e-06
1.520000000000000000e+02 1.900145651586875014e-07 2.378252599508036659e-06
1.530000000000000000e+02 1.330917793309887160e-07 1.759985329108975364e-06
1.540000000000000000e+02 9.273694430505918118e-08 1.296641744049171979e-06
1.550000000000000000e+02 6.428091845460267413e-08 9.510026876337273784e-07
1.560000000000000000e+02 4.432305319348152196e-08 6.943606429901151603e-07
1.570000000000000000e+02 3.040089298360599927e-08 5.046855249116957774e-07
1.580000000000000000e+02 2.074164588144557388e-08 3.651572671897163297e-07
1.590000000000000000e+02 1.407640441905802590e-08 2.629987310500071460e-07
