0.000000000000000000e+00 -7.856979727408005135e-07 -9.133983695403396012e-07
1.000000000000000000e+00 1.729880465503594673e-06 1.092859393092915413e-06
2.000000000000000000e+00 2.005743668959834155e-06 1.261739997244039361e-06
3.000000000000000000e+00 2.612690588323920374e-06 1.670293712241499233e-06
4.000000000000000000e+00 3.424773665154867151e-06 2.218934325112343618e-06
5.000000000000000000e+00 4.478577305094764283e-06 2.938421921873201081e-06
6.000000000000000000e+00 5.835796704296298901e-06 3.876714473287653199e-06
7.000000000000000000e+00 7.575642442798646564e-06 5.095333809101481620e-06
8.000000000000000000e+00 9.796759611983732290e-06 6.671777389821692523e-06
9.000000000000000000e+00 1.262092758728333671e-05 8.703087952702153119e-06
1.000000000000000000e+01 1.619768438549448465e-05 1.131021169265054438e-05
1.100000000000000000e+01 2.070980243034002363e-05 1.464320428337673592e-05
1.200000000000000000e+01 2.637967520405441708e-05 1.888740447624053653e-05
1.300000000000000000e+01 3.347670409744900788e-05 2.427070451811419620e-05
1.400000000000000000e+01 4.232578445586380480e-05 3.107204543523153534e-05
1.500000000000000000e+01 5.331699533696282960e-05 3.963126484689720111e-05
1.600000000000000000e+01 6.691659762532786780e-05 5.036043390842070814e-05
1.700000000000000000e+01 8.367943881545292413e-05 6.375683638227722886e-05
1.800000000000000000e+01 1.042628484421358420e-04 8.041775443922134054e-05
1.900000000000000000e+01 1.294420864521152268e-04 1.010572099308256714e-04
2.000000000000000000e+01 1.601273817958996713e-04 1.265247548866645544e-04
2.100000000000000000e+01 1.973825740058415172e-04 1.578263231914316144e-04
2.200000000000000000e+01 2.424453447274379342e-04 1.961470859587928224e-04
2.300000000000000000e+01 2.967489934995610470e-04 2.428762377097263029e-04
2.400000000000000000e+01 3.619456619079932779e-04 2.996336806495197608e-04
2.500000000000000000e+01 4.399308368545176468e-04 3.682986006024836301e-04
2.600000000000000000e+01 5.328688683310239815e-04 4.510398304334264268e-04
2.700000000000000000e+01 6.432191391705242758e-04 5.503476089966250146e-04
2.800000000000000000e+01 7.737624458360947092e-04 6.690659457006470703e-04
2.900000000000000000e+01 9.276271060750281971e-04 8.104245262055714306e-04
3.000000000000000000e+01 1.108314274726670884e-03 9.780691864363414388e-04
3.100000000000000000e+01 1.319721862763101024e-03 1.176090429086571907e-03
3.200000000000000000e+01 1.566166251920016227e-03 1.409049859901417975e-03
3.300000000000000000e+01 1.852400702642892577e-03 1.682004167323289737e-03
3.400000000000000000e+01 2.183629114875779327e-03 2.000525073445685257e-03
3.500000000000000000e+01 2.565513827939901702e-03 2.370712105678123450e-03
3.600000000000000000e+01 3.004176481358004566e-03 2.799194393583853517e-03
3.700000000000000000e+01 3.506191313063798491e-03 3.293119099228914749e-03
3.800000000000000000e+01 4.078570122322149917e-03 3.860127135358610694e-03
3.900000000000000000e+01 4.728737215580928327e-03 4.508319158593921197e-03
4.000000000000000000e+01 5.464491522635189606e-03 5.246213571506402537e-03
4.100000000000000000e+01 6.293952956475952487e-03 6.082692849781480213e-03
4.200000000000000000e+01 7.225491878519474734e-03 7.026928527025206456e-03
4.300000000000000000e+01 8.267643400814313898e-03 8.088274777468285395e-03
4.400000000000000000e+01 9.429009573857899049e-03 9.276129216315730230e-03
4.500000000000000000e+01 1.071814992170640364e-02 1.059977305503614735e-02
4.600000000000000000e+01 1.214345532867235414e-02 1.206820982704705225e-02
4.700000000000000000e+01 1.371299720183291951e-02 1.369001267530825516e-02
4.800000000000000000e+01 1.543434869475717418e-02 1.547316725863631150e-02
4.900000000000000000e+01 1.731438683214703983e-02 1.742487872812744504e-02
5.000000000000000000e+01 1.935909385213155018e-02 1.955131846551148855e-02
5.100000000000000000e+01 2.157337101887278272e-02 2.185732352330528247e-02
5.200000000000000000e+01 2.396085761026712710e-02 2.434610424610455376e-02
5.300000000000000000e+01 2.652372873593127761e-02 2.701902338573926310e-02
5.400000000000000000e+01 2.926245185465833551e-02 2.987546267694800653e-02
5.500000000000000000e+01 3.217551896017210172e-02 3.291271773179015037e-02
5.600000000000000000e+01 3.525921144706881810e-02 3.612582440596087685e-02
5.700000000000000000e+01 3.850745342795211523e-02 3.950726997096998261e-02
5.800000000000000000e+01 4.191175065327710364e-02 4.304666067418128766e-02
5.900000000000000000e+01 4.546113918190572423e-02 4.673051003298030887e-02
6.000000000000000000e+01 4.914205779048095440e-02 5.054228130364414595e-02
6.100000000000000000e+01 5.293814708168744637e-02 5.446265576833554667e-02
6.200000000000000000e+01 5.683010373575564378e-02 5.846982377922985141e-02
6.300000000000000000e+01 6.079575280441205931e-02 6.253957088178849211e-02
6.400000000000000000e+01 6.481037315675894361e-02 6.664511828162340834e-02
6.500000000000000000e+01 6.884710657404835565e-02 7.075695010341097324e-02
6.600000000000000000e+01 7.287719886718582729e-02 7.484298148322472699e-02
6.700000000000000000e+01 7.686998904922211218e-02 7.886924171001206962e-02
6.800000000000000000e+01 8.079287047544224387e-02 8.280086643042530725e-02
6.900000000000000000e+01 8.461159994863212686e-02 8.660292227647117813e-02
7.000000000000000000e+01 8.829111800495145768e-02 9.024069456556500779e-02
7.100000000000000000e+01 9.179659708527569684e-02 9.367952240022596466e-02
7.200000000000000000e+01 9.509417170047637646e-02 9.688471085519907711e-02
7.300000000000000000e+01 9.815104823512381393e-02 9.982208188983487940e-02
7.400000000000000000e+01 1.009352963994449154e-01 1.024592526432581974e-01
7.500000000000000000e+01 1.034160274274669999e-01 1.047671043120830953e-01
7.600000000000000000e+01 1.055644010945039069e-01 1.067206623280143596e-01
7.700000000000000000e+01 1.073551217888973480e-01 1.082990065806235108e-01
7.800000000000000000e+01 1.087675028443383929e-01 1.094845887498921977e-01
7.900000000000000000e+01 1.097854336292666821e-01 1.102628287701099552e-01
8.000000000000000000e+01 1.103965439839588308e-01 1.106226441088103002e-01
8.100000000000000000e+01 1.105916440477122398e-01 1.105577677053882490e-01
8.200000000000000000e+01 1.103653031228371550e-01 1.100679765851055592e-01
8.300000000000000000e+01 1.097173158578023389e-01 1.091593090905358249e-01
8.400000000000000000e+01 1.086538147761257206e-01 1.078430655997788395e-01
8.500000000000000000e+01 1.071869350010575955e-01 1.061343008112170805e-01
8.600000000000000000e+01 1.053331793319870063e-01 1.040508778466813500e-01
8.700000000000000000e+01 1.031118225967030122e-01 1.016136563108848423e-01
8.800000000000000000e+01 1.005446523943952786e-01 9.884742364799652126e-02
8.900000000000000000e+01 9.765703895359138798e-02 9.578152957361071862e-02
9.000000000000000000e+01 9.447897809726860108e-02 9.244936907006029436e-02
9.100000000000000000e+01 9.104467587232667469e-02 8.888672879689427098e-02
9.200000000000000000e+01 8.739055581864554889e-02 8.512987079639869337e-02
9.300000000000000000e+01 8.355302971148759195e-02 8.121440033239325784e-02
9.400000000000000000e+01 7.956757658672858335e-02 7.717533084591934878e-02
9.500000000000000000e+01 7.546942606424873745e-02 7.304783274533577231e-02
9.600000000000000000e+01 7.129464089259983373e-02 6.886765732698810205e-02
9.700000000000000000e+01 6.708006845288203013e-02 6.467052748395231421e-02
9.800000000000000000e+01 6.286175936058657765e-02 6.049062534462599366e-02
9.900000000000000000e+01 5.867292102679391719e-02 5.635902282485211190e-02
1.000000000000000000e+02 5.454289336675052779e-02 5.230295155182254629e-02
1.010000000000000000e+02 5.049766531928082808e-02 4.834618206422582054e-02
1.020000000000000000e+02 4.656107261578890100e-02 4.450998272616473600e-02
1.030000000000000000e+02 4.275532632981673964e-02 4.081376810967123764e-02
1.040000000000000000e+02 3.910030048827423110e-02 3.727487657203325255e-02
1.050000000000000000e+02 3.561223478585277824e-02 3.390765265053532346e-02
1.060000000000000000e+02 3.230302494717858519e-02 3.072256903562489705e-02
1.070000000000000000e+02 2.918068117150670812e-02 2.772608766990941262e-02
1.080000000000000000e+02 2.625048546718231068e-02 2.492139197368911305e-02
1.090000000000000000e+02 2.351586404071154615e-02 2.230948831603318111e-02
1.100000000000000000e+02 2.097840531845906673e-02 1.988996259074879425e-02
1.110000000000000000e+02 1.863730855426649902e-02 1.766101955494377845e-02
1.120000000000000000e+02 1.648902575384238525e-02 1.561902343386711682e-02
1.130000000000000000e+02 1.452759473260863479e-02 1.375812355984672164e-02
1.140000000000000000e+02 1.274549764602389904e-02 1.207042937121110930e-02
1.150000000000000000e+02 1.113445879139249133e-02 1.054673446160959635e-02
1.160000000000000000e+02 9.685744308863661681e-03 9.177371543237011070e-03
1.170000000000000000e+02 8.390019704455697197e-03 7.952724724163837827e-03
1.180000000000000000e+02 7.237173776068450345e-03 6.863233296989200427e-03
1.190000000000000000e+02 6.216454129502913331e-03 5.899111799420981087e-03
1.200000000000000000e+02 5.316913746973934464e-03 5.050175643405385890e-03
1.210000000000000000e+02 4.527889305239438111e-03 4.306007370252434331e-03
1.220000000000000000e+02 3.839243254955149870e-03 3.656390480427262023e-03
1.230000000000000000e+02 3.241334168631017365e-03 3.091733796846553306e-03
1.240000000000000000e+02 2.724891870781735465e-03 2.603247708389723990e-03
1.250000000000000000e+02 2.280993490473180989e-03 2.182844697609486427e-03
1.260000000000000000e+02 1.901191245647435978e-03 1.822930672224452701e-03
1.270000000000000000e+02 1.577690912620811903e-03 1.516288307659032549e-03
1.280000000000000000e+02 1.303448466151638577e-03 1.256133780707981758e-03
1.290000000000000000e+02 1.072138262256985049e-03 1.036274205064593133e-03
1.300000000000000000e+02 8.780502029602616724e-04 8.512265771401610320e-04
1.310000000000000000e+02 7.160063103282548894e-04 6.962108737886236543e-04
1.320000000000000000e+02 5.813406408591167106e-04 5.670355441373230035e-04
1.330000000000000000e+02 4.699187697584747848e-04 4.599627117666672100e-04
1.340000000000000000e+02 3.781441170878352669e-04 3.716306832516465221e-04
1.350000000000000000e+02 3.029206312767189209e-04 2.990488613119622369e-04
1.360000000000000000e+02 2.415825985382590274e-04 2.396234110539696770e-04
1.370000000000000000e+02 1.918242877440292315e-04 1.911607263477992146e-04
1.380000000000000000e+02 1.516528675627726839e-04 1.518260984660372507e-04
1.390000000000000000e+02 1.193638629493100751e-04 1.200737577387343889e-04
1.400000000000000000e+02 9.352260291723148394e-05 9.458130337785584474e-05
1.410000000000000000e+02 7.293733552703812945e-05 7.421044381807056090e-05
1.420000000000000000e+02 5.662251508463848968e-05 5.799278051448385153e-05
1.430000000000000000e+02 4.376081887364657213e-05 4.512404725252051039e-05
1.440000000000000000e+02 3.367278005154750376e-05 3.495122358271280727e-05
1.450000000000000000e+02 2.579636415207816973e-05 2.694852712470044979e-05
1.460000000000000000e+02 1.967260208087662769e-05 2.068895151901621352e-05
1.470000000000000000e+02 1.493210872888176219e-05 1.582053839506166826e-05
1.480000000000000000e+02 1.128023816993092466e-05 1.205180403030163602e-05
1.490000000000000000e+02 8.482075548772473182e-06 9.144386442082173854e-06
1.500000000000000000e+02 6.349650266918685333e-06 6.907970309444884944e-06
1.510000000000000000e+02 4.732585575583750640e-06 5.193827822418967545e-06
1.520000000000000000e+02 3.511597310391424679e-06 3.886518497143828362e-06
1.530000000000000000e+02 2.593399288822080607e-06 2.895547115941492342e-06
1.540000000000000000e+02 1.905960573964800877e-06 2.148890721688464557e-06
1.550000000000000000e+02 1.393950292318531199e-06 1.588984226350600604e-06
1.560000000000000000e+02 1.014764537747252899e-06 1.170433375992834310e-06
1.570000000000000000e+02 7.354862246785818020e-07 8.583070460290464991e-07
1.580000000000000000e+02 5.307600188914262436e-07 6.262970249258625392e-07
1.590000000000000000e+02 3.812785064623571335e-07 4.547109957384367948e-07
