0.000000000000000000e+00 -1.125223871553282518e-03 -1.559117370436353955e-03
1.000000000000000000e+00 7.894572611230021549e-04 1.184946203093173011e-03
2.000000000000000000e+00 6.145601579909162459e-04 9.087253284691209189e-04
3.000000000000000000e+00 6.531945643448130220e-04 9.856902579948533492e-04
4.000000000000000000e+00 7.356083137804821830e-04 1.108372937998937900e-03
5.000000000000000000e+00 8.358834511178931965e-04 1.249473387637857220e-03
6.000000000000000000e+00 9.501202969240552659e-04 1.407359650796893760e-03
7.000000000000000000e+00 1.078572911384115393e-03 1.583176152502769468e-03
8.000000000000000000e+00 1.222495139250079658e-03 1.778278589992155065e-03
9.000000000000000000e+00 1.383474147950203292e-03 1.993967731905178526e-03
1.000000000000000000e+01 1.563230646182171661e-03 2.231541333699494332e-03
1.100000000000000000e+01 1.763523098193940522e-03 2.492430901801292401e-03
1.200000000000000000e+01 1.986097192653893308e-03 2.778366290682501502e-03
1.300000000000000000e+01 2.232683989763141301e-03 3.091513558813689059e-03
1.400000000000000000e+01 2.505053938569373837e-03 3.434527492856622854e-03
1.500000000000000000e+01 2.805117485317763608e-03 3.810474069149997686e-03
1.600000000000000000e+01 3.135041452783841973e-03 4.222614011747762019e-03
1.700000000000000000e+01 3.497334632712546364e-03 4.674089713697347076e-03
1.800000000000000000e+01 3.894854684130331923e-03 5.167606483430315679e-03
1.900000000000000000e+01 4.330706890175429168e-03 5.705223196153295581e-03
2.000000000000000000e+01 4.808043119937475442e-03 6.288351618858984207e-03
2.100000000000000000e+01 5.329816415534143793e-03 6.918007866604869785e-03
2.200000000000000000e+01 5.898583122760976509e-03 7.595278354308232505e-03
2.300000000000000000e+01 6.516448378576746546e-03 8.321878906108281723e-03
2.400000000000000000e+01 7.185210968343836574e-03 9.100624468827641506e-03
2.500000000000000000e+01 7.906689051562890841e-03 9.935613475126198191e-03
2.600000000000000000e+01 8.683125411327817164e-03 1.083198565519209039e-02
2.700000000000000000e+01 9.517512014391004554e-03 1.179523718378885748e-02
2.800000000000000000e+01 1.041366630771344351e-02 1.283024242032111684e-02
2.900000000000000000e+01 1.137595194139327283e-02 1.394027599008944296e-02
3.000000000000000000e+01 1.240866093177755980e-02 1.512638532515921293e-02
3.100000000000000000e+01 1.351522860230453676e-02 1.638739484846773661e-02
3.200000000000000000e+01 1.469757227101634034e-02 1.772064186896751478e-02
3.300000000000000000e+01 1.595585931418324124e-02 1.912330482880451876e-02
3.400000000000000000e+01 1.728888672477066693e-02 2.059395675548060869e-02
3.500000000000000000e+01 1.869502493444160848e-02 2.213383061767842941e-02
3.600000000000000000e+01 2.017342969004320280e-02 2.374728266001136651e-02
3.700000000000000000e+01 2.172505637164426351e-02 2.544112579766318397e-02
3.800000000000000000e+01 2.335299756549800293e-02 2.722286054387817664e-02
3.900000000000000000e+01 2.506184280546545906e-02 2.909825254862898752e-02
4.000000000000000000e+01 2.685610777903800137e-02 3.106902628177604306e-02
4.100000000000000000e+01 2.873819736097061456e-02 3.313151084675130392e-02
4.200000000000000000e+01 3.070667584615073553e-02 3.527683376720341935e-02
4.300000000000000000e+01 3.275563797604464505e-02 3.749278510852373930e-02
4.400000000000000000e+01 3.487563450576795787e-02 3.976691915638091990e-02
4.500000000000000000e+01 3.705601138422874585e-02 4.208998899581684050e-02
4.600000000000000000e+01 3.928790882597120449e-02 4.445856809914978947e-02
4.700000000000000000e+01 4.156678463850269067e-02 4.687582062037821962e-02
4.800000000000000000e+01 4.389334154569919655e-02 4.934988480096465235e-02
4.900000000000000000e+01 4.627220127269469907e-02 5.189013335505048008e-02
5.000000000000000000e+01 4.870849170915558107e-02 5.450240102017452071e-02
5.100000000000000000e+01 5.120343947401272827e-02 5.718477409818747276e-02
5.200000000000000000e+01 5.375068867899336633e-02 5.992547615803444500e-02
5.300000000000000000e+01 5.633502607224549763e-02 6.270375857199454728e-02
5.400000000000000000e+01 5.893438412815495825e-02 6.549374128939432216e-02
5.500000000000000000e+01 6.152470634113525738e-02 6.827016452452154549e-02
5.600000000000000000e+01 6.408603059855901007e-02 7.101429307940020086e-02
5.700000000000000000e+01 6.660748152195111738e-02 7.371798847310410963e-02
5.800000000000000000e+01 6.908903780865055522e-02 7.638437879035372968e-02
5.900000000000000000e+01 7.153896729576710023e-02 7.902459661864388862e-02
6.000000000000000000e+01 7.396744643703315192e-02 8.165143658735639354e-02
6.100000000000000000e+01 7.637855912509936007e-02 8.427198185799740504e-02
6.200000000000000000e+01 7.876386248689573599e-02 8.688173734718376839e-02
6.300000000000000000e+01 8.110041312135611580e-02 8.946236043159887241e-02
6.400000000000000000e+01 8.335452403017845624e-02 9.198389077746668696e-02
6.500000000000000000e+01 8.549021703373752001e-02 9.441090816855528256e-02
6.600000000000000000e+01 8.747934487701132522e-02 9.671075986878081843e-02
6.700000000000000000e+01 8.930949539428952033e-02 9.886124832853072919e-02
6.800000000000000000e+01 9.098638334745595690e-02 1.008551956959404527e-01
6.900000000000000000e+01 9.252933162400819866e-02 1.027002034059748548e-01
7.000000000000000000e+01 9.396108703569933107e-02 1.044135263591773471e-01
7.100000000000000000e+01 9.529567808098887705e-02 1.060137427287797807e-01
7.200000000000000000e+01 9.652919935253365114e-02 1.075120921770100768e-01
7.300000000000000000e+01 9.763755464725437649e-02 1.089064546738874456e-01
7.400000000000000000e+01 9.858249126616472346e-02 1.101799504119182066e-01
7.500000000000000000e+01 9.932386939366119605e-02 1.113045350777207565e-01
7.600000000000000000e+01 9.983352808950513024e-02 1.122483547630434980e-01
7.700000000000000000e+01 1.001053606673630997e-01 1.129844679524940609e-01
7.800000000000000000e+01 1.001575075813468246e-01 1.134981071628733962e-01
7.900000000000000000e+01 1.000254487309270301e-01 1.137900902076109805e-01
8.000000000000000000e+01 9.974829894412272357e-02 1.138752715766422896e-01
8.100000000000000000e+01 9.935350422900324219e-02 1.137766812294272317e-01
8.200000000000000000e+01 9.884609453860707107e-02 1.135175404741954053e-01
8.300000000000000000e+01 9.820700475520387218e-02 1.131139921525799452e-01
8.400000000000000000e+01 9.740129720829433790e-02 1.125708992051582952e-01
8.500000000000000000e+01 9.639305811072675090e-02 1.118817927666898304e-01
8.600000000000000000e+01 9.516109575880743465e-02 1.110326087478411272e-01
8.700000000000000000e+01 9.370932553918340235e-02 1.100077302457515421e-01
8.800000000000000000e+01 9.206779449044773245e-02 1.087962704047527318e-01
8.900000000000000000e+01 9.028384501488299907e-02 1.073965625884726327e-01
9.000000000000000000e+01 8.840673094343151628e-02 1.058174960276954957e-01
9.100000000000000000e+01 8.647168531156776417e-02 1.040765049975419104e-01
9.200000000000000000e+01 8.448978977050868033e-02 1.021952601415131168e-01
9.300000000000000000e+01 8.244765436964218708e-02 1.001948500823174049e-01
9.400000000000000000e+01 8.031683350009911904e-02 9.809214631686072328e-02
9.500000000000000000e+01 7.806895637952121492e-02 9.589827814866966338e-02
9.600000000000000000e+01 7.569046275284786740e-02 9.361921402816508753e-02
9.700000000000000000e+01 7.319127895380159177e-02 9.125778655059887945e-02
9.800000000000000000e+01 7.060429890756647620e-02 8.881622851527296025e-02
9.900000000000000000e+01 6.797608732606437443e-02 8.629831878574646675e-02
1.000000000000000000e+02 6.535255988460153542e-02 8.371049892000982651e-02
1.010000000000000000e+02 6.276531827928412410e-02 8.106178937844281396e-02
1.020000000000000000e+02 6.022398477183273091e-02 7.836287763877577972e-02
1.030000000000000000e+02 5.771731395307033025e-02 7.562508658648790794e-02
1.040000000000000000e+02 5.522217519596077373e-02 7.285982496573029099e-02
1.050000000000000000e+02 5.271640009612912903e-02 7.007864168181111852e-02
1.060000000000000000e+02 5.019028105931096218e-02 6.729351637591043933e-02
1.070000000000000000e+02 4.765244856441581273e-02 6.451686615751275888e-02
1.080000000000000000e+02 4.512828365797401375e-02 6.176097277155069565e-02
1.090000000000000000e+02 4.265190867891468368e-02 5.903690405257826929e-02
1.100000000000000000e+02 4.025514777983431325e-02 5.635328166786453957e-02
1.110000000000000000e+02 3.795785928593873454e-02 5.371536435770944695e-02
1.120000000000000000e+02 3.576330480740017026e-02 5.112490075225641084e-02
1.130000000000000000e+02 3.366000505527240449e-02 4.858104387978919025e-02
1.140000000000000000e+02 3.162882826673983627e-02 4.608226301860327001e-02
1.150000000000000000e+02 2.965209882232607702e-02 4.362870802952760474e-02
1.160000000000000000e+02 2.772107366701211453e-02 4.122413093514885885e-02
1.170000000000000000e+02 2.583916583069683151e-02 3.887651940447276605e-02
1.180000000000000000e+02 2.402015315916915250e-02 3.659708121000794512e-02
1.190000000000000000e+02 2.228251563881085417e-02 3.439788261325642249e-02
1.200000000000000000e+02 2.064236637431447405e-02 3.228894859185758165e-02
1.210000000000000000e+02 1.910777675134336245e-02 3.027579515691875695e-02
1.220000000000000000e+02 1.767654443916366613e-02 2.835820277976776327e-02
1.230000000000000000e+02 1.633792730303551197e-02 2.653065910668195304e-02
1.240000000000000000e+02 1.507724783993433237e-02 2.478438965502107599e-02
1.250000000000000000e+02 1.388127961605536802e-02 2.311036006472596410e-02
1.260000000000000000e+02 1.274230917894726700e-02 2.150224925021427397e-02
1.270000000000000000e+02 1.165956423141841121e-02 1.995836092527285277e-02
1.280000000000000000e+02 1.063784513703353030e-02 1.848182969420806079e-02
1.290000000000000000e+02 9.684222397334543014e-03 1.707912468973523182e-02
1.300000000000000000e+02 8.804253856956174157e-03 1.575745685211883337e-02
1.310000000000000000e+02 7.999189585068268438e-03 1.452201375333816123e-02
1.320000000000000000e+02 7.265101517788839953e-03 1.337391633512757631e-02
1.330000000000000000e+02 6.594027332738791082e-03 1.230949703124764941e-02
1.340000000000000000e+02 5.976424275039529492e-03 1.132106223002369259e-02
1.350000000000000000e+02 5.403824821728886972e-03 1.039883762477500188e-02
1.360000000000000000e+02 4.870688296565128111e-03 9.533421687364084310e-03
1.370000000000000000e+02 4.374912438168203008e-03 8.717919863243005912e-03
1.380000000000000000e+02 3.917044141041736184e-03 7.949078989846376786e-03
1.390000000000000000e+02 3.498681772656890739e-03 7.227137418748804526e-03
1.400000000000000000e+02 3.120770082995404961e-03 6.554575323340192279e-03
1.410000000000000000e+02 2.782425751860497301e-03 5.934293980391810476e-03
1.420000000000000000e+02 2.480647579975655929e-03 5.367865062520655629e-03
1.430000000000000000e+02 2.210882002725030656e-03 4.854383213984011375e-03
1.440000000000000000e+02 1.968093276500630304e-03 4.390208538310865112e-03
1.450000000000000000e+02 1.747855416513558868e-03 3.969590038732479301e-03
1.460000000000000000e+02 1.547064896327390686e-03 3.585893850282880282e-03
1.470000000000000000e+02 1.364091394599781671e-03 3.232991640271314863e-03
1.480000000000000000e+02 1.198420997532470425e-03 2.906349968989643210e-03
1.490000000000000000e+02 1.050012451063606078e-03 2.603507396274937040e-03
1.500000000000000000e+02 9.186448479896317833e-04 2.323869605818656633e-03
1.510000000000000000e+02 8.034887215556459506e-04 2.067988086822707648e-03
1.520000000000000000e+02 7.030130219112223477e-04 1.836626725939756498e-03
1.530000000000000000e+02 6.151981525889400329e-04 1.629934065191545938e-03
1.540000000000000000e+02 5.379167648551005237e-04 1.446953082273846544e-03
1.550000000000000000e+02 4.693084105085828421e-04 1.285564204914800297e-03
1.560000000000000000e+02 4.080131805953818953e-04 1.142816444437770931e-03
1.570000000000000000e+02 3.532107708404822258e-04 1.015491314546186283e-03
1.580000000000000000e+02 3.044924761106065176e-04 9.006916550205055138e-04
1.590000000000000000e+02 2.616450202677485454e-04 7.962665998555642100e-04
