0.000000000000000000e+00 -7.875430755673675040e-07 8.677172630940722073e-12
1.000000000000000000e+00 1.131691349169060749e-06 1.811133568845733056e-10
2.000000000000000000e+00 1.347191699758108521e-06 3.205623493585385492e-10
3.000000000000000000e+00 1.796637638737685051e-06 5.668092225923110095e-10
4.000000000000000000e+00 2.403983671723966193e-06 9.922610203066207969e-10
5.000000000000000000e+00 3.205962024261403876e-06 1.719838422466206861e-09
6.000000000000000000e+00 4.258054515410651111e-06 2.951494282250485218e-09
7.000000000000000000e+00 5.631733880882376970e-06 5.015543668658014272e-09
8.000000000000000000e+00 7.417345445704122934e-06 8.439965991333852609e-09
9.000000000000000000e+00 9.728298268935380770e-06 1.406486685449474422e-08
1.000000000000000000e+01 1.270620463203469560e-05 2.321296354780657007e-08
1.100000000000000000e+01 1.652702021038356082e-05 3.794488456949253303e-08
1.200000000000000000e+01 2.140830893004048020e-05 6.143723465566412820e-08
1.300000000000000000e+01 2.761777792951810545e-05 9.853601113297780995e-08
1.400000000000000000e+01 3.548323644051706643e-05 1.565571211776167267e-07
1.500000000000000000e+01 4.540413620950201854e-05 2.464310837314375948e-07
1.600000000000000000e+01 5.786485290627384637e-05 3.843208269242820558e-07
1.700000000000000000e+01 7.344986624366522585e-05 5.938815256012444681e-07
1.800000000000000000e+01 9.286098882149480696e-05 9.093803395456086164e-07
1.900000000000000000e+01 1.169367755509875188e-04 1.379952917086714057e-06
2.000000000000000000e+01 1.466742143986689967e-04 2.075342623118252985e-06
2.100000000000000000e+01 1.832527572184798267e-04 3.093547516061321479e-06
2.200000000000000000e+01 2.280607009949941837e-04 4.570888476314747127e-06
2.300000000000000000e+01 2.827238794332375738e-04 6.695106525900389587e-06
2.400000000000000000e+01 3.491365635554152238e-04 9.722195919391175039e-06
2.500000000000000000e+01 4.294943870659401089e-04 1.399777579003207343e-05
2.600000000000000000e+01 5.263289926686109997e-04 1.998389136038663603e-05
2.700000000000000000e+01 6.425439472920647542e-04 2.829220646892535056e-05
2.800000000000000000e+01 7.814513270904640445e-04 3.972459318371610314e-05
2.900000000000000000e+01 9.468082576243592834e-04 5.532212966357854958e-05
3.000000000000000000e+01 1.142852605715307529e-03 7.642347098362279928e-05
3.100000000000000000e+01 1.374336897251437518e-03 1.047334479626800541e-04
3.200000000000000000e+01 1.646559302405767224e-03 1.424025612524825010e-04
3.300000000000000000e+01 1.965390192013686654e-03 1.921177618536636014e-04
3.400000000000000000e+01 2.337292470642295030e-03 2.572045339458657923e-04
3.500000000000000000e+01 2.769333840434451324e-03 3.417398141502693120e-04
3.600000000000000000e+01 3.269189384047359054e-03 4.506746895153268084e-04
3.700000000000000000e+01 3.845133081359989637e-03 5.899651132965027340e-04
3.800000000000000000e+01 4.506016620847270136e-03 7.667080686085870787e-04
3.900000000000000000e+01 5.261233009219652527e-03 9.892797023287323074e-04
4.000000000000000000e+01 6.120661681260077328e-03 1.267470959697343004e-03
4.100000000000000000e+01 7.094592192779871319e-03 1.612615191629794683e-03
4.200000000000000000e+01 8.193625556046668298e-03 2.037701105561964821e-03
4.300000000000000000e+01 9.428554512350355299e-03 2.557463316898022851e-03
4.400000000000000000e+01 1.081022406615068238e-02 3.188441668439254660e-03
4.500000000000000000e+01 1.234937040204879370e-02 3.948999466804389326e-03
4.600000000000000000e+01 1.405643258587812271e-02 4.859289895263147613e-03
4.700000000000000000e+01 1.594133243615316123e-02 5.941159175746009435e-03
4.800000000000000000e+01 1.801322600989263903e-02 7.217974657947024385e-03
4.900000000000000000e+01 2.028023995306745333e-02 8.714366018286028373e-03
5.000000000000000000e+01 2.274920697703743805e-02 1.045586828382455251e-02
5.100000000000000000e+01 2.542540193333478471e-02 1.246845660147289162e-02
5.200000000000000000e+01 2.831226340656721116e-02 1.477796470643971856e-02
5.300000000000000000e+01 3.141108560237211578e-02 1.740938205098233396e-02
5.400000000000000000e+01 3.472069121374837808e-02 2.038602866573750033e-02
5.500000000000000000e+01 3.823712934103853239e-02 2.372861215167011012e-02
5.600000000000000000e+01 4.195344641515571377e-02 2.745417778209812906e-02
5.700000000000000000e+01 4.585953497250572913e-02 3.157497043690766364e-02
5.800000000000000000e+01 4.994200793335019928e-02 3.609723577541611855e-02
5.900000000000000000e+01 5.418403908142532810e-02 4.101999741572114749e-02
6.000000000000000000e+01 5.856518288899346947e-02 4.633385651840333380e-02
6.100000000000000000e+01 6.306128201258276444e-02 5.201986929505843932e-02
6.200000000000000000e+01 6.764458189925585951e-02 5.804856559546801853e-02
6.300000000000000000e+01 7.228405361565454212e-02 6.437917720841618285e-02
6.400000000000000000e+01 7.694577204207027343e-02 7.095914729817379141e-02
6.500000000000000000e+01 8.159317557537570931e-02 7.772399117924706780e-02
6.600000000000000000e+01 8.618721112814860252e-02 8.459757186576810639e-02
6.700000000000000000e+01 9.068659501509326870e-02 9.149284172125429770e-02
6.800000000000000000e+01 9.504844318958448335e-02 9.831308538485149240e-02
6.900000000000000000e+01 9.922925599767314087e-02 1.049536780855825358e-01
7.000000000000000000e+01 1.031859116169325935e-01 1.113043457065626546e-01
7.100000000000000000e+01 1.068762902319638219e-01 1.172518816784777623e-01
7.200000000000000000e+01 1.102595246342583379e-01 1.226832469726836794e-01
7.300000000000000000e+01 1.132963182003006442e-01 1.274889524102991445e-01
7.400000000000000000e+01 1.159497977685916281e-01 1.315665929124717748e-01
7.500000000000000000e+01 1.181868598703614548e-01 1.348243778541716731e-01
7.600000000000000000e+01 1.199793905062344901e-01 1.371844924230851692e-01
7.700000000000000000e+01 1.213047232485311294e-01 1.385861273399701665e-01
7.800000000000000000e+01 1.221453601506231751e-01 1.389880156149331247e-01
7.900000000000000000e+01 1.224886931565039860e-01 1.383703242867146688e-01
8.000000000000000000e+01 1.223274572703013235e-01 1.367357843927584360e-01
8.100000000000000000e+01 1.216608353844142593e-01 1.341099902601060601e-01
8.200000000000000000e+01 1.204953058988741527e-01 1.305408336239735345e-01
8.300000000000000000e+01 1.188443759161662006e-01 1.260970719616849867e-01
8.400000000000000000e+01 1.167273095557972012e-01 1.208660889148594070e-01
8.500000000000000000e+01 1.141678911207072017e-01 1.149509642532455245e-01
8.600000000000000000e+01 1.111941670150701639e-01 1.084669958678449869e-01
8.700000000000000000e+01 1.078390270889955371e-01 1.015378285708457284e-01
8.800000000000000000e+01 1.041405070412878692e-01 9.429137702202822213e-02
8.900000000000000000e+01 1.001408538891570277e-01 8.685575308068207989e-02
9.000000000000000000e+01 9.588457012608696262e-02 7.935538549009812925e-02
9.100000000000000000e+01 9.141664501095395079e-02 7.190748517102149573e-02
9.200000000000000000e+01 8.678196562346601750e-02 6.461899864767704782e-02
9.300000000000000000e+01 8.202569364898064375e-02 5.758417285539300240e-02
9.400000000000000000e+01 7.719343695683832107e-02 5.088279833338710256e-02
9.500000000000000000e+01 7.233030867572710909e-02 4.457914350690278527e-02
9.600000000000000000e+01 6.747915192664306894e-02 3.872156997152081948e-02
9.700000000000000000e+01 6.267908549992985690e-02 3.334279433905698586e-02
9.800000000000000000e+01 5.796522428348566819e-02 2.846071712968208794e-02
9.900000000000000000e+01 5.336930759566582694e-02 2.407970884045803478e-02
1.000000000000000000e+02 4.892018994198976678e-02 2.019224404741589221e-02
1.010000000000000000e+02 4.464345693149159716e-02 1.678077502604806079e-02
1.020000000000000000e+02 4.056043331587960016e-02 1.381972593375694301e-02
1.030000000000000000e+02 3.668750238104581674e-02 1.127749369619598235e-02
1.040000000000000000e+02 3.303635010632359481e-02 9.118366944143425912e-03
1.050000000000000000e+02 2.961487630876505003e-02 7.304294306100026640e-03
1.060000000000000000e+02 2.642798124774787399e-02 5.796443751625118997e-03
1.070000000000000000e+02 2.347771300638491418e-02 4.556513560982486909e-03
1.080000000000000000e+02 2.076298056206704601e-02 3.547781799284977031e-03
1.090000000000000000e+02 1.827945391062162778e-02 2.735898027290317204e-03
1.100000000000000000e+02 1.602003327730195173e-02 2.089428710728534130e-03
1.110000000000000000e+02 1.397569767938081076e-02 1.580178278125924426e-03
1.120000000000000000e+02 1.213622872674572500e-02 1.183319207872449239e-03
1.130000000000000000e+02 1.049050222654726063e-02 8.773678040876579931e-04
1.140000000000000000e+02 9.026479189224490690e-03 6.440397154955412916e-04
1.150000000000000000e+02 7.731260462223383916e-03 4.680180928691614751e-04
1.160000000000000000e+02 6.591419952560757106e-03 3.366664576344119246e-04
1.170000000000000000e+02 5.593511183668803920e-03 2.397136386214342586e-04
1.180000000000000000e+02 4.724478390369841324e-03 1.689314806405407539e-04
1.190000000000000000e+02 3.971814730040911998e-03 1.178212344356917751e-04
1.200000000000000000e+02 3.323538885372094229e-03 8.132091122711375766e-05
1.210000000000000000e+02 2.768176684613354085e-03 5.554146513326988811e-05
1.220000000000000000e+02 2.294859032753945177e-03 3.753535472441407999e-05
1.230000000000000000e+02 1.893493035469888527e-03 2.509832582046568936e-05
1.240000000000000000e+02 1.554885961031328076e-03 1.660364065290642713e-05
1.250000000000000000e+02 1.270751548354448089e-03 1.086649269546815631e-05
1.260000000000000000e+02 1.033629815865892742e-03 7.035209858052088262e-06
1.270000000000000000e+02 8.368028216963328174e-04 4.505491743290538769e-06
1.280000000000000000e+02 6.742582177011063362e-04 2.854047008685585466e-06
1.290000000000000000e+02 5.406881845505451993e-04 1.788172028460994348e-06
1.300000000000000000e+02 4.314778216956577936e-04 1.108059120549843147e-06
1.310000000000000000e+02 3.426542348380172669e-04 6.790485684949912074e-07
1.320000000000000000e+02 2.708060262718461442e-04 4.115310364379431710e-07
1.330000000000000000e+02 2.130035069918290733e-04 2.466299433028765725e-07
1.340000000000000000e+02 1.667403366939211086e-04 1.461531029980742192e-07
1.350000000000000000e+02 1.298944224537999423e-04 8.563884032259477970e-08
1.360000000000000000e+02 1.006927425351878140e-04 4.961550622607496677e-08
1.370000000000000000e+02 7.766899435581792925e-05 2.842024082007386000e-08
1.380000000000000000e+02 5.961533146171462690e-05 1.609457185390583389e-08
1.390000000000000000e+02 4.553695811973030905e-05 9.010641685468121131e-09
1.400000000000000000e+02 3.461631901929915228e-05 4.987063657511390432e-09
1.410000000000000000e+02 2.618680630042129315e-05 2.728537169655225927e-09
1.420000000000000000e+02 1.971138506817681591e-05 1.475660988134534336e-09
1.430000000000000000e+02 1.476210706397344539e-05 7.888560387894379679e-10
1.440000000000000000e+02 1.099985090949928530e-05 4.168288558464767343e-10
1.450000000000000000e+02 8.156078295468595008e-06 2.176987148971754495e-10
1.460000000000000000e+02 6.018299609369050775e-06 1.123737773641791099e-10
1.470000000000000000e+02 4.419308722582022028e-06 5.732732089850879878e-11
1.480000000000000000e+02 3.228942052859235502e-06 2.890320402265272211e-11
1.490000000000000000e+02 2.347055143453462011e-06 1.440193364079060393e-11
1.500000000000000000e+02 1.697181668465445475e-06 7.091837031230046190e-12
1.510000000000000000e+02 1.221041015057410473e-06 3.450804555995243520e-12
1.520000000000000000e+02 8.741950714457949688e-07 1.659217963896848457e-12
1.530000000000000000e+02 6.228625206921580446e-07 7.883785924641477531e-13
1.540000000000000000e+02 4.415944512870203683e-07 3.701707219390726606e-13
1.550000000000000000e+02 3.114544864223391709e-07 1.717278348492643659e-13
1.560000000000000000e+02 2.184923412707440378e-07 7.870824756354659854e-14
1.570000000000000000e+02 1.524697504943367738e-07 3.564453215850888073e-14
1.580000000000000000e+02 1.058656401519890849e-07 1.595138364738864894e-14
1.590000000000000000e+02 7.315616840763304153e-08 7.052803205758317746e-15
