0.000000000000000000e+00 -4.200248230939315571e-07 5.080365281144691790e-10
1.000000000000000000e+00 4.358560323506358454e-07 4.871409813478179720e-10
2.000000000000000000e+00 5.574365969697921957e-07 7.671786290137441075e-10
3.000000000000000000e+00 7.801876328669714540e-07 1.236660160712862636e-09
4.000000000000000000e+00 1.089402302837927330e-06 1.981275428106577910e-09
5.000000000000000000e+00 1.514177424096533271e-06 3.154241308240513943e-09
6.000000000000000000e+00 2.094711402632061171e-06 4.990080129603418759e-09
7.000000000000000000e+00 2.884244173163746604e-06 7.844909243050925283e-09
8.000000000000000000e+00 3.952791854994614008e-06 1.225587037273526252e-08
9.000000000000000000e+00 5.391926071226491756e-06 1.902756325782782252e-08
1.000000000000000000e+01 7.320759198621901620e-06 2.935702167871829197e-08
1.100000000000000000e+01 9.893380466323039820e-06 4.501302451275258759e-08
1.200000000000000000e+01 1.330802909717171591e-05 6.859126310991596794e-08
1.300000000000000000e+01 1.781833136092624448e-05 1.038750783033590272e-07
1.400000000000000000e+01 2.374697169661875635e-05 1.563411195230176639e-07
1.500000000000000000e+01 3.150220746269332344e-05 2.338631028515011855e-07
1.600000000000000000e+01 4.159766854784167483e-05 3.476835940927739980e-07
1.700000000000000000e+01 5.467590378085619192e-05 5.137456089474177938e-07
1.800000000000000000e+01 7.153614855956517667e-05 7.545030569706168620e-07
1.900000000000000000e+01 9.316679505092266209e-05 1.101362490171063005e-06
2.000000000000000000e+01 1.207830464102036547e-04 1.597950667968600885e-06
2.100000000000000000e+01 1.558702098533890708e-04 2.304451896857891606e-06
2.200000000000000000e+01 2.002330096225600378e-04 3.303318968933899118e-06
2.300000000000000000e+01 2.560511627123843973e-04 4.706730483024054795e-06
2.400000000000000000e+01 3.259412782189677771e-04 6.666247535739083652e-06
2.500000000000000000e+01 4.130249544444611906e-04 9.385212067323637938e-06
2.600000000000000000e+01 5.210027756414381322e-04 1.313452854058844392e-05
2.700000000000000000e+01 6.542337029743849159e-04 1.827257499704904915e-05
2.800000000000000000e+01 8.178189991121705962e-04 2.527009778678584404e-05
2.900000000000000000e+01 1.017689253252656916e-03 3.474104993362004898e-05
3.000000000000000000e+01 1.260692383278004709e-03 4.748042906368034994e-05
3.100000000000000000e+01 1.554679952269255854e-03 6.451024932375581825e-05
3.200000000000000000e+01 1.908588945884793792e-03 8.713482714201866526e-05
3.300000000000000000e+01 2.332516134418741519e-03 1.170065627308126423e-04
3.400000000000000000e+01 2.837781713047994505e-03 1.562033406026309740e-04
3.500000000000000000e+01 3.436977631401451003e-03 2.073185373597757452e-04
3.600000000000000000e+01 4.143994314768549569e-03 2.735643915901498583e-04
3.700000000000000000e+01 4.974018707684605550e-03 3.588891319124251416e-04
3.800000000000000000e+01 5.943497867297631992e-03 4.681077573244689198e-04
3.900000000000000000e+01 7.070064964327207532e-03 6.070457146556341088e-04
4.000000000000000000e+01 8.372425706053749500e-03 7.826939190719393175e-04
4.100000000000000000e+01 9.870200491841158927e-03 1.003372601607397784e-03
4.200000000000000000e+01 1.158371257943667521e-02 1.278900306996017498e-03
4.300000000000000000e+01 1.353371105373984452e-02 1.620763002590206369e-03
4.400000000000000000e+01 1.574102453747218064e-02 2.042276772901195289e-03
4.500000000000000000e+01 1.822615453960025819e-02 2.558736106735154826e-03
4.600000000000000000e+01 2.100882457922865348e-02 3.187538406743996300e-03
4.700000000000000000e+01 2.410749270278320436e-02 3.948273967151039350e-03
4.800000000000000000e+01 2.753881590826143255e-02 4.862769167530766462e-03
4.900000000000000000e+01 3.131704691414627373e-02 5.955069247728091847e-03
5.000000000000000000e+01 3.545336529814398924e-02 7.251346394808346266e-03
5.100000000000000000e+01 3.995518674404455878e-02 8.779719450212816745e-03
5.200000000000000000e+01 4.482551690078774576e-02 1.056997288330721943e-02
5.300000000000000000e+01 5.006238693819385632e-02 1.265316371367824350e-02
5.400000000000000000e+01 5.565834269245012456e-02 1.506110573841189931e-02
5.500000000000000000e+01 6.159992498804987837e-02 1.782572270834192202e-02
5.600000000000000000e+01 6.786713056698751023e-02 2.097826820514146415e-02
5.700000000000000000e+01 7.443295279252533370e-02 2.454841875528502443e-02
5.800000000000000000e+01 8.126315976709239108e-02 2.856325336208356824e-02
5.900000000000000000e+01 8.831638676636595353e-02 3.304613429469151209e-02
6.000000000000000000e+01 9.554444587132086830e-02 3.801550555817176380e-02
6.100000000000000000e+01 1.028926580813289138e-01 4.348363577318965084e-02
6.200000000000000000e+01 1.103001242867200221e-01 4.945535109557214204e-02
6.300000000000000000e+01 1.177000996255369580e-01 5.592681692524942294e-02
6.400000000000000000e+01 1.250207700327100879e-01 6.288442102696971403e-02
6.500000000000000000e+01 1.321865611751534830e-01 7.030379425642763191e-02
6.600000000000000000e+01 1.391197450833210614e-01 7.814900551700759701e-02
6.700000000000000000e+01 1.457419027558184144e-01 8.637199482085569646e-02
6.800000000000000000e+01 1.519750101826495281e-01 9.491233130033001342e-02
6.900000000000000000e+01 1.577423917576559198e-01 1.036973605031831502e-01
7.000000000000000000e+01 1.629700548136325533e-01 1.126427453821363112e-01
7.100000000000000000e+01 1.675886451258412069e-01 1.216533712357825425e-01
7.200000000000000000e+01 1.715356426450239669e-01 1.306246183316215337e-01
7.300000000000000000e+01 1.747570562256272608e-01 1.394440582799957029e-01
7.400000000000000000e+01 1.772081986503686035e-01 1.479936077933378669e-01
7.500000000000000000e+01 1.788538854546385948e-01 1.561520637933584976e-01
7.600000000000000000e+01 1.796688628629884987e-01 1.637978559042456150e-01
7.700000000000000000e+01 1.796389183611901696e-01 1.708118899015541314e-01
7.800000000000000000e+01 1.787622434199059585e-01 1.770804699754316147e-01
7.900000000000000000e+01 1.770500658240526937e-01 1.824983180922701009e-01
8.000000000000000000e+01 1.745259517082665413e-01 1.869715875870744393e-01
8.100000000000000000e+01 1.712241908956067260e-01 1.904206279790123801e-01
8.200000000000000000e+01 1.671883543433327901e-01 1.927822791480137132e-01
8.300000000000000000e+01 1.624707575205200372e-01 1.940116494951846793e-01
8.400000000000000000e+01 1.571324828550785258e-01 1.940834644979519685e-01
8.500000000000000000e+01 1.512428540840216051e-01 1.929930090251244512e-01
8.600000000000000000e+01 1.448775869938266625e-01 1.907565192460012049e-01
8.700000000000000000e+01 1.381159808013921186e-01 1.874108324987980301e-01
8.800000000000000000e+01 1.310383699524973744e-01 1.830122635024312716e-01
8.900000000000000000e+01 1.237247866611064506e-01 1.776348887174271918e-01
9.000000000000000000e+01 1.162546362289308827e-01 1.713684711771806535e-01
9.100000000000000000e+01 1.087062658169110907e-01 1.643161112706343352e-01
9.200000000000000000e+01 1.011555011927953579e-01 1.565915474052241574e-01
9.300000000000000000e+01 9.367333765059389361e-02 1.483160530819700451e-01
9.400000000000000000e+01 8.632391415930572298e-02 1.396150805913651538e-01
9.500000000000000000e+01 7.916376550418299796e-02 1.306149736782552251e-01
9.600000000000000000e+01 7.224228612364458346e-02 1.214400119992453397e-01
9.700000000000000000e+01 6.560238945278436262e-02 1.122098032878497409e-01
9.800000000000000000e+01 5.928040218920842264e-02 1.030368709186965104e-01
9.900000000000000000e+01 5.330518667557607865e-02 9.402438945410727944e-02
1.000000000000000000e+02 4.769737561230857903e-02 8.526427341108488989e-02
1.010000000000000000e+02 4.246958745277831099e-02 7.683590124288053325e-02
1.020000000000000000e+02 3.762764492956665457e-02 6.880552681366226830e-02
1.030000000000000000e+02 3.317200356973837305e-02 6.122614121718956276e-02
1.040000000000000000e+02 2.909857323734371670e-02 5.413753338326551812e-02
1.050000000000000000e+02 2.539882868856941506e-02 4.756655840875870234e-02
1.060000000000000000e+02 2.205981181724592927e-02 4.152781556591790546e-02
1.070000000000000000e+02 1.906467313648039369e-02 3.602481340493407513e-02
1.080000000000000000e+02 1.639382478735083512e-02 3.105141519387520643e-02
1.090000000000000000e+02 1.402619723453996797e-02 2.659326693457114699e-02
1.100000000000000000e+02 1.194004410943310876e-02 2.262910747233452813e-02
1.110000000000000000e+02 1.011319175347096498e-02 1.913208304604823579e-02
1.120000000000000000e+02 8.523093045710363261e-03 1.607117293173064912e-02
1.130000000000000000e+02 7.147098964842737989e-03 1.341263663429823408e-02
1.140000000000000000e+02 5.963031522976851642e-03 1.112128469064485418e-02
1.150000000000000000e+02 4.949798346891462648e-03 9.161478381425848180e-03
1.160000000000000000e+02 4.087745278086661604e-03 7.497931662311540027e-03
1.170000000000000000e+02 3.358679972555800482e-03 6.096425139239584207e-03
1.180000000000000000e+02 2.745748867611682263e-03 4.924441504518708816e-03
1.190000000000000000e+02 2.233389352326562143e-03 3.951646690081986844e-03
1.200000000000000000e+02 1.807421516072640595e-03 3.150169623830311599e-03
1.210000000000000000e+02 1.455173707469375761e-03 2.494720285418931295e-03
1.220000000000000000e+02 1.165505024298593142e-03 1.962622814877135191e-03
1.230000000000000000e+02 9.286881589354469392e-04 1.533802929933294774e-03
1.240000000000000000e+02 7.362269949970133651e-04 1.190719766724893016e-03
1.250000000000000000e+02 5.807061685328258850e-04 9.182272020596981589e-04
1.260000000000000000e+02 4.557082040618857513e-04 7.033789331183712542e-04
1.270000000000000000e+02 3.557631721036032756e-04 5.352115654530076143e-04
1.280000000000000000e+02 2.762780416804415688e-04 4.045312932305102603e-04
1.290000000000000000e+02 2.134270093935197905e-04 3.037093267787248363e-04
1.300000000000000000e+02 1.640253454212290437e-04 2.264817243876248646e-04
1.310000000000000000e+02 1.254204990533699742e-04 1.677539872727517288e-04
1.320000000000000000e+02 9.541495844283908291e-05 1.234178303881464155e-04
1.330000000000000000e+02 7.221094076402114295e-05 9.018775053478504645e-05
1.340000000000000000e+02 5.435892872866406598e-05 6.545967450556909898e-05
1.350000000000000000e+02 4.070132558077196666e-05 4.718926160536901856e-05
1.360000000000000000e+02 3.031546653909255229e-05 3.378660249292916840e-05
1.370000000000000000e+02 2.246492963306569087e-05 2.402571080866169073e-05
1.380000000000000000e+02 1.656351550511637780e-05 1.696851496740438964e-05
1.390000000000000000e+02 1.214935484228118061e-05 1.190279417551355219e-05
1.400000000000000000e+02 8.863735584553662935e-06 8.292400471676539741e-06
1.410000000000000000e+02 6.431229484735491577e-06 5.737434676346632471e-06
1.420000000000000000e+02 4.641157453095414299e-06 3.942286316708671230e-06
1.430000000000000000e+02 3.332087143137545750e-06 2.690152870679239552e-06
1.440000000000000000e+02 2.380327580409682722e-06 1.823142418652385082e-06
1.450000000000000000e+02 1.691821378779981912e-06 1.227109139923265365e-06
1.460000000000000000e+02 1.196038522150196988e-06 8.202421070649578563e-07
1.470000000000000000e+02 8.408036790335447974e-07 5.444558546238887759e-07
1.480000000000000000e+02 5.877670158301834499e-07 3.588662665885446349e-07
1.490000000000000000e+02 4.087027365604630389e-07 2.348969473430209295e-07
1.500000000000000000e+02 2.827832966996666714e-07 1.526977782217222268e-07
1.510000000000000000e+02 1.947043889717691620e-07 9.858190593235410130e-08
1.520000000000000000e+02 1.333631948883664512e-07 6.320022717606605483e-08
1.530000000000000000e+02 9.083006826834371225e-08 4.022913695116738239e-08
1.540000000000000000e+02 6.149827165872851297e-08 2.542534076718946126e-08
1.550000000000000000e+02 4.140504832891145103e-08 1.595751597203467215e-08
1.560000000000000000e+02 2.773632473732300163e-08 9.947082921499429597e-09
1.570000000000000000e+02 1.849335447392001875e-08 6.157831139747080982e-09
1.580000000000000000e+02 1.227072567224529929e-08 3.784879930589016870e-09
1.590000000000000000e+02 8.096914213425030919e-09 2.309357766908518927e-09
