-1.202426890037626289e-01
-2.731812585158653953e-02
-1.543398652696567792e-02
-1.049326738298858759e-02
-5.980480058961041602e-03
-5.991276910768459155e-03
-6.478881010794605363e-03
-5.511834061690370871e-03
-6.782733491491651188e-03
-4.335329651895412396e-03
-4.880093743210523784e-03
-2.931486693586635248e-03
-1.096736589636538662e-03
-1.668544726061964995e-03
-2.995432032180793316e-03
-1.684866097189216885e-03
-4.028428892809945462e-03
-1.432739957096060756e-03
-2.269432585850442424e-03
2.180947973883171347e-04
1.929871391079212087e-03
5.559221178981580682e-04
-9.934470428851589156e-04
-3.563727102540304305e-04
-1.994135638928673168e-03
-7.284214084599792839e-05
-9.430929450208438893e-04
2.108529068453045795e-03
3.159669031400758662e-03
1.614055050801429560e-03
1.998986474493992180e-04
3.541960911357749063e-04
-1.474580821428251882e-03
5.215509238873170927e-04
-4.060261431836041115e-04
2.944809197282476001e-03
3.282754804307896034e-03
1.763388239131545143e-03
9.608964608340100954e-04
7.741893448951657009e-04
-1.710449606442324805e-04
1.518445695962163545e-03
7.904732461287443173e-04
5.433028037046021969e-03
4.828165291093066032e-03
2.995311780067695401e-03
2.206363267163512047e-03
2.662520823747277238e-03
1.793982892220728461e-03
3.954136041742915136e-03
3.235739963933360278e-03
8.736713521493391990e-03
8.002333051316519105e-03
6.438246380625811151e-03
6.149369373934203062e-03
7.087872736473078104e-03
6.997042220670103910e-03
1.018132201158821436e-02
1.013320785472826384e-02
1.603482830307440335e-02
1.561643311576555414e-02
1.437291799690544776e-02
1.533334618129056706e-02
1.665917290899263797e-02
1.772533664928695185e-02
2.060796362898285883e-02
2.069750645918680410e-02
2.839317562679980964e-02
2.739467161246600738e-02
2.596429404454139722e-02
2.701954631172141102e-02
2.780277447039207137e-02
2.862314073330857189e-02
3.212752589475278975e-02
3.281750250173463834e-02
3.890210935285884353e-02
3.810799750255104701e-02
3.548166404768272886e-02
3.587671551251194607e-02
3.591652074279880896e-02
3.586993645851346835e-02
3.878761812272987775e-02
3.782738194264550352e-02
4.366122022240243733e-02
4.149741045830958319e-02
3.798675230826820820e-02
3.799580763350245832e-02
3.675596629680681626e-02
3.583017923292523138e-02
3.765876158561685255e-02
3.558594246620950391e-02
4.103008553630922012e-02
3.713597100982424931e-02
3.243868033235215720e-02
3.201062127469731650e-02
3.021445638195008679e-02
2.856347446381585567e-02
2.952462107892965537e-02
2.629097974067542628e-02
3.092580199521859086e-02
2.621975551271394159e-02
2.116135853258961641e-02
2.084245183109987437e-02
1.849066648687345063e-02
1.721711620216154898e-02
1.737198842344699068e-02
1.409094746815984199e-02
1.904210710498420792e-02
1.399050416088702502e-02
8.583219837764013982e-03
9.147170369351672117e-03
6.967406030232319025e-03
5.845272086599758062e-03
6.281381841937471074e-03
3.982873922091038563e-03
8.635695539855842845e-03
3.635816498104152156e-03
-5.585339589709908872e-04
1.641977810796433604e-04
-1.381488504161133791e-03
-1.569864338491261087e-03
-9.907239464483912246e-04
-2.762311483883130980e-03
2.024719784947483225e-03
-2.786701211737068352e-03
-6.367678644310958633e-03
-4.723976673966481972e-03
-5.621206722847320314e-03
-5.288972385290939202e-03
-4.723721518397609731e-03
-5.625808621118927495e-03
-6.916290006260790782e-04
-4.593428164140540663e-03
-8.070625795935860297e-03
-6.024183710331641392e-03
-6.141261566729171693e-03
-5.808952320103371800e-03
-4.674199444034607236e-03
-5.396208181790816336e-03
-3.908306817226630181e-04
-4.093673489728311653e-03
-7.163701113300300315e-03
-4.848946309874363828e-03
-4.439427547331703527e-03
-3.706589327822831098e-03
-2.904982405427899983e-03
-3.178757339266345423e-03
1.282792039773471456e-03
-2.359555403545695283e-03
-5.557918695448713607e-03
-3.744584274673896495e-03
-3.217047849273197997e-03
-2.598927197421636772e-03
-1.595610734004578816e-03
-1.453452231988983838e-03
1.551005744230718767e-03
-1.814836077272606943e-03
-5.097542865655992246e-03
-4.186436558201223936e-03
-3.904983412539380153e-03
