0.000000000000000000e+00 -3.674017641133617783e-04 -3.393038018867785265e-06
1.000000000000000000e+00 -3.773117510360739600e-06 -7.247246775807292685e-10
2.000000000000000000e+00 -3.814330682219806501e-06 -1.029571902127025853e-09
3.000000000000000000e+00 -4.716349275655031093e-06 -1.571324598365482762e-09
4.000000000000000000e+00 -5.868040739620822689e-06 -2.391740089011822373e-09
5.000000000000000000e+00 -7.305891136925649292e-06 -3.621805988893303944e-09
6.000000000000000000e+00 -9.106109749324602131e-06 -5.452958754210436349e-09
7.000000000000000000e+00 -1.135233229304538050e-05 -8.163315093837694256e-09
8.000000000000000000e+00 -1.412681831659887003e-05 -1.215821553341273624e-08
9.000000000000000000e+00 -1.750847229456821324e-05 -1.802530517345633889e-08
1.000000000000000000e+01 -2.158151400381651863e-05 -2.660502665329942004e-08
1.100000000000000000e+01 -2.645564625390411999e-05 -3.908162382574167671e-08
1.200000000000000000e+01 -3.229217391424657192e-05 -5.710930022155304960e-08
1.300000000000000000e+01 -3.932481199612910633e-05 -8.299779429819597077e-08
1.400000000000000000e+01 -4.786270351212597925e-05 -1.199822705915038018e-07
1.500000000000000000e+01 -5.826901768341556420e-05 -1.725904902350559207e-07
1.600000000000000000e+01 -7.092088077313939132e-05 -2.471069247439207209e-07
1.700000000000000000e+01 -8.617050611684927332e-05 -3.521418851767302322e-07
1.800000000000000000e+01 -1.043350619316607916e-04 -4.993580293218344463e-07
1.900000000000000000e+01 -1.257364324816354008e-04 -7.044674676387859045e-07
2.000000000000000000e+01 -1.507901255476422537e-04 -9.886383516892803046e-07
2.100000000000000000e+01 -1.801131310398549398e-04 -1.380399482197474693e-06
2.200000000000000000e+01 -2.145987779266224056e-04 -1.918034032006717704e-06
2.300000000000000000e+01 -2.554080666875796035e-04 -2.652417428546225201e-06
2.400000000000000000e+01 -3.038588118111173564e-04 -3.650385257470697915e-06
2.500000000000000000e+01 -3.612483756551520533e-04 -4.998987160027721614e-06
2.600000000000000000e+01 -4.286982648377577160e-04 -6.811185376817421947e-06
2.700000000000000000e+01 -5.071262321740125419e-04 -9.233448669111565907e-06
2.800000000000000000e+01 -5.974105368603037586e-04 -1.245525889864387016e-05
2.900000000000000000e+01 -7.007178307438367924e-04 -1.672014072614525084e-05
3.000000000000000000e+01 -8.188613687470832616e-04 -2.233795127741324240e-05
3.100000000000000000e+01 -9.544984678017137290e-04 -2.969899104615811530e-05
3.200000000000000000e+01 -1.111012202826894583e-03 -3.929148758998441364e-05
3.300000000000000000e+01 -1.292058959736213253e-03 -5.172418117806045054e-05
3.400000000000000000e+01 -1.500951875325419287e-03 -6.775453532090330313e-05
3.500000000000000000e+01 -1.740194708700514101e-03 -8.832113798064663993e-05
3.600000000000000000e+01 -2.011480520721616386e-03 -1.145778598520136169e-04
3.700000000000000000e+01 -2.316282757635092920e-03 -1.479287620059269962e-04
3.800000000000000000e+01 -2.656855512744819327e-03 -1.900661667044017673e-04
3.900000000000000000e+01 -3.037177830247058449e-03 -2.430169681936361094e-04
4.000000000000000000e+01 -3.463293212972224158e-03 -3.092008784343963841e-04
4.100000000000000000e+01 -3.942703465730227480e-03 -3.914982358569985888e-04
4.200000000000000000e+01 -4.482928297742734720e-03 -4.933182117120627798e-04
4.300000000000000000e+01 -5.089841473396295585e-03 -6.186573603261563865e-04
4.400000000000000000e+01 -5.766661885226213695e-03 -7.721469962555392499e-04
4.500000000000000000e+01 -6.514298136477638182e-03 -9.591008482514826747e-04
4.600000000000000000e+01 -7.333121436875788754e-03 -1.185579496009214360e-03
4.700000000000000000e+01 -8.225446809364459974e-03 -1.458475501562989151e-03
4.800000000000000000e+01 -9.197461174652664384e-03 -1.785597972306606634e-03
4.900000000000000000e+01 -1.025939950773390244e-02 -2.175719099490765456e-03
5.000000000000000000e+01 -1.142351239400261897e-02 -2.638559647420331278e-03
5.100000000000000000e+01 -1.270050776652313293e-02 -3.184732536257083024e-03
5.200000000000000000e+01 -1.409612505983803138e-02 -3.825698189234871469e-03
5.300000000000000000e+01 -1.560972067031527258e-02 -4.573770295302911904e-03
5.400000000000000000e+01 -1.723593727594010389e-02 -5.442142753971574050e-03
5.500000000000000000e+01 -1.896898400012128616e-02 -6.444843034843525213e-03
5.600000000000000000e+01 -2.080753890998050804e-02 -7.596528108981058514e-03
5.700000000000000000e+01 -2.275765348890881890e-02 -8.912142228068464789e-03
5.800000000000000000e+01 -2.483175502010660438e-02 -1.040656928446722848e-02
5.900000000000000000e+01 -2.704370034236421028e-02 -1.209441537219685392e-02
6.000000000000000000e+01 -2.940198380976147621e-02 -1.398991287669309157e-02
6.100000000000000000e+01 -3.190449843013537512e-02 -1.610676177561130157e-02
6.200000000000000000e+01 -3.453783670298316705e-02 -1.845770152911974452e-02
6.300000000000000000e+01 -3.728199446230012759e-02 -2.105380515649599160e-02
6.400000000000000000e+01 -4.011850000411905370e-02 -2.390374899146355259e-02
6.500000000000000000e+01 -4.303794114857777825e-02 -2.701337198242509743e-02
6.600000000000000000e+01 -4.604279674449508752e-02 -3.038558878702832602e-02
6.700000000000000000e+01 -4.914360472408846325e-02 -3.402036407866801393e-02
6.800000000000000000e+01 -5.234988226554725121e-02 -3.791435127933339561e-02
6.900000000000000000e+01 -5.566016323435973856e-02 -4.206010554119343769e-02
7.000000000000000000e+01 -5.905638259134606688e-02 -4.644524668066872530e-02
7.100000000000000000e+01 -6.250593150732176861e-02 -5.105211041566376506e-02
7.200000000000000000e+01 -6.597084567211536354e-02 -5.585807135107043186e-02
7.300000000000000000e+01 -6.941976463865227875e-02 -6.083614667005930732e-02
7.400000000000000000e+01 -7.283659255925802045e-02 -6.595526042205622497e-02
7.500000000000000000e+01 -7.622120855893360636e-02 -7.117993588216009471e-02
7.600000000000000000e+01 -7.958151275393077206e-02 -7.646984959486832767e-02
7.700000000000000000e+01 -8.292061382741187925e-02 -8.177996932063011370e-02
7.800000000000000000e+01 -8.622570964823451922e-02 -8.706158503844681207e-02
7.900000000000000000e+01 -8.946460665773360577e-02 -9.226379381420637960e-02
8.000000000000000000e+01 -9.259201719556976740e-02 -9.733464316312701037e-02
8.100000000000000000e+01 -9.556270659634308329e-02 -1.022215414911180342e-01
8.200000000000000000e+01 -9.834493299104182795e-02 -1.068713293252907537e-01
8.300000000000000000e+01 -1.009273725684750600e-01 -1.112308025770366582e-01
8.400000000000000000e+01 -1.033159985310995871e-01 -1.152480907193393078e-01
8.500000000000000000e+01 -1.055225155813763749e-01 -1.188744921507267210e-01
8.600000000000000000e+01 -1.075503183484980141e-01 -1.220659346460122308e-01
8.700000000000000000e+01 -1.093852544289382611e-01 -1.247835744303030514e-01
8.800000000000000000e+01 -1.109959874261656904e-01 -1.269938225004575427e-01
8.900000000000000000e+01 -1.123437615184121885e-01 -1.286685370480699087e-01
9.000000000000000000e+01 -1.133965319009891948e-01 -1.297858324007736541e-01
9.100000000000000000e+01 -1.141402856476368410e-01 -1.303312394045431089e-01
9.200000000000000000e+01 -1.145819641986144943e-01 -1.302985118188674518e-01
9.300000000000000000e+01 -1.147427813252636375e-01 -1.296896077575887540e-01
9.400000000000000000e+01 -1.146456078399805123e-01 -1.285140217477458435e-01
9.500000000000000000e+01 -1.143029791986798910e-01 -1.267880729248533900e-01
9.600000000000000000e+01 -1.137117370891063267e-01 -1.245345933931235605e-01
9.700000000000000000e+01 -1.128567059600450728e-01 -1.217829152556865885e-01
9.800000000000000000e+01 -1.117211139765587891e-01 -1.185686674871978541e-01
9.900000000000000000e+01 -1.102981809590127815e-01 -1.149330056087234236e-01
1.000000000000000000e+02 -1.085980181686515555e-01 -1.109213544560981729e-01
1.010000000000000000e+02 -1.066466585201388539e-01 -1.065820954907890084e-01
1.020000000000000000e+02 -1.044781282452330873e-01 -1.019655729144698236e-01
1.030000000000000000e+02 -1.021238580539738372e-01 -9.712343124919267656e-02
1.040000000000000000e+02 -9.960476344462042275e-02 -9.210799491420605667e-02
1.050000000000000000e+02 -9.692961624919230190e-02 -8.697141822888401763e-02
1.060000000000000000e+02 -9.409992401459262024e-02 -8.176460939958471452e-02
1.070000000000000000e+02 -9.111829076316618758e-02 -7.653618098584737128e-02
1.080000000000000000e+02 -8.799578177507091925e-02 -7.133168383185971295e-02
1.090000000000000000e+02 -8.475471270385440126e-02 -6.619317286713578830e-02
1.100000000000000000e+02 -8.142585202414802381e-02 -6.115894571287171233e-02
1.110000000000000000e+02 -7.804184318214463234e-02 -5.626326672370088322e-02
1.120000000000000000e+02 -7.463031928666684356e-02 -5.153603087370566688e-02
1.130000000000000000e+02 -7.120998699484534789e-02 -4.700247764799226485e-02
1.140000000000000000e+02 -6.779116963265224838e-02 -4.268309451613132993e-02
1.150000000000000000e+02 -6.437997264331257741e-02 -3.859374815510184520e-02
1.160000000000000000e+02 -6.098358576076830240e-02 -3.474595960666147093e-02
1.170000000000000000e+02 -5.761399855831970951e-02 -3.114720425139506227e-02
1.180000000000000000e+02 -5.428851380562982332e-02 -2.780118056017169548e-02
1.190000000000000000e+02 -5.102718475875635956e-02 -2.470807817497636810e-02
1.200000000000000000e+02 -4.784876065493237629e-02 -2.186490695682169472e-02
1.210000000000000000e+02 -4.476723610909787848e-02 -1.926590996357966518e-02
1.220000000000000000e+02 -4.179053758626290888e-02 -1.690302360772983833e-02
1.230000000000000000e+02 -3.892165574761367874e-02 -1.476632343157995193e-02
1.240000000000000000e+02 -3.616133328678829834e-02 -1.284441768746317006e-02
1.250000000000000000e+02 -3.351082281995793055e-02 -1.112479278668889252e-02
1.260000000000000000e+02 -3.097343148088540013e-02 -9.594136482500893043e-03
1.270000000000000000e+02 -2.855434389418130131e-02 -8.238654573485566096e-03
1.280000000000000000e+02 -2.625910473173499390e-02 -7.044372808559295172e-03
1.290000000000000000e+02 -2.409170993161097868e-02 -5.997402364025199509e-03
1.300000000000000000e+02 -2.205328583910772661e-02 -5.084153884569567877e-03
1.310000000000000000e+02 -2.014189962285309332e-02 -4.291501679090938513e-03
1.320000000000000000e+02 -1.835342608931650812e-02 -3.606910734535926505e-03
1.330000000000000000e+02 -1.668292095277858558e-02 -3.018538075740058620e-03
1.340000000000000000e+02 -1.512581792211994264e-02 -2.515311752959124413e-03
1.350000000000000000e+02 -1.367847483790425242e-02 -2.086984581122359496e-03
1.360000000000000000e+02 -1.233798088639045422e-02 -1.724160253921388879e-03
1.370000000000000000e+02 -1.110148999477346063e-02 -1.418294269888721679e-03
1.380000000000000000e+02 -9.965508973572971899e-03 -1.161676079952843766e-03
1.390000000000000000e+02 -8.925503669876589524e-03 -9.473990940118410913e-04
1.400000000000000000e+02 -7.975966789853098857e-03 -7.693226217077780505e-04
1.410000000000000000e+02 -7.110849816098929570e-03 -6.220272494244803501e-04
1.420000000000000000e+02 -6.324115009190890181e-03 -5.007643649077789120e-04
1.430000000000000000e+02 -5.610159225998027563e-03 -4.014012832174502663e-04
1.440000000000000000e+02 -4.963970116292020993e-03 -3.203643408303795013e-04
1.450000000000000000e+02 -4.381022873644470177e-03 -2.545824044655193956e-04
1.460000000000000000e+02 -3.857037041005415001e-03 -2.014324993783189483e-04
1.470000000000000000e+02 -3.387745870824149935e-03 -1.586883459451094011e-04
1.480000000000000000e+02 -2.968787978119676041e-03 -1.244720584343342318e-04
1.490000000000000000e+02 -2.595749013162841536e-03 -9.720917950481571250e-05
1.500000000000000000e+02 -2.264306106389550599e-03 -7.558733001763488974e-05
1.510000000000000000e+02 -1.970392118072590831e-03 -5.851876468402592317e-05
1.520000000000000000e+02 -1.710306681345083631e-03 -4.510696556260960843e-05
1.530000000000000000e+02 -1.480740849822703882e-03 -3.461717774821567969e-05
1.540000000000000000e+02 -1.278726757516765455e-03 -2.645062435483857077e-05
1.550000000000000000e+02 -1.101552244182583441e-03 -2.012208069838899573e-05
1.560000000000000000e+02 -9.466843714732893489e-04 -1.524050472397088643e-05
1.570000000000000000e+02 -8.117296404070777028e-04 -1.149245140118316058e-05
1.580000000000000000e+02 -6.944348215078224472e-04 -8.628006509325667248e-06
1.590000000000000000e+02 -5.927132303973326431e-04 -6.448964838896208436e-06
