0.000000000000000000e+00 -7.609397182302989072e-07 -1.398187592333463469e-05
1.000000000000000000e+00 -2.247300503466142405e-09 -5.811418539921140259e-06
2.000000000000000000e+00 -3.262158098786777967e-09 -5.979676261167559075e-06
3.000000000000000000e+00 -4.888669300244217236e-09 -7.514817855762996799e-06
4.000000000000000000e+00 -7.297119760405338240e-09 -9.566998878835103763e-06
5.000000000000000000e+00 -1.083815262407620992e-08 -1.215032212463459767e-05
6.000000000000000000e+00 -1.601705801816681099e-08 -1.537304747879853490e-05
7.000000000000000000e+00 -2.355254167275202247e-08 -1.938736379002038831e-05
8.000000000000000000e+00 -3.446090101437276430e-08 -2.438824499858306750e-05
9.000000000000000000e+00 -5.017137311464803644e-08 -3.061284815946801037e-05
1.000000000000000000e+01 -7.268292750567783866e-08 -3.833578403841185592e-05
1.100000000000000000e+01 -1.047760837984636757e-07 -4.786518880930784559e-05
1.200000000000000000e+01 -1.502973736391787272e-07 -5.954801183713457767e-05
1.300000000000000000e+01 -2.145390899537158915e-07 -7.379054623708538609e-05
1.400000000000000000e+01 -3.047431407151821273e-07 -9.109205882663113545e-05
1.500000000000000000e+01 -4.307653670160044898e-07 -1.120793700770692316e-04
1.600000000000000000e+01 -6.059458949787027674e-07 -1.375253278834471138e-04
1.700000000000000000e+01 -8.482423037431017071e-07 -1.683401827971826143e-04
1.800000000000000000e+01 -1.181695878530688512e-06 -2.055417298655776463e-04
1.900000000000000000e+01 -1.638317115379895745e-06 -2.502291749403041379e-04
2.000000000000000000e+01 -2.260495006176635263e-06 -3.035933371331526716e-04
2.100000000000000000e+01 -3.104055580409476344e-06 -3.669818032012304629e-04
2.200000000000000000e+01 -4.242118994195274640e-06 -4.420044800982692100e-04
2.300000000000000000e+01 -5.769931440756625872e-06 -5.306306380451791165e-04
2.400000000000000000e+01 -7.810878289612838032e-06 -6.352183299056607347e-04
2.500000000000000000e+01 -1.052391751012044336e-05 -7.584469679354965879e-04
2.600000000000000000e+01 -1.411270642578637217e-05 -9.031851025566737991e-04
2.700000000000000000e+01 -1.883672893672959473e-05 -1.072382917925479530e-03
2.800000000000000000e+01 -2.502476369003517039e-05 -1.269088739247616060e-03
2.900000000000000000e+01 -3.309106569516266042e-05 -1.496628530773193039e-03
3.000000000000000000e+01 -4.355466334807127311e-05 -1.758879841972697594e-03
3.100000000000000000e+01 -5.706219669892506868e-05 -2.060481937601530561e-03
3.200000000000000000e+01 -7.441473595357764380e-05 -2.406822800746727473e-03
3.300000000000000000e+01 -9.659901595728264279e-05 -2.803756942846194478e-03
3.400000000000000000e+01 -1.248234991813153500e-04 -3.257184426936474229e-03
3.500000000000000000e+01 -1.605596363061669691e-04 -3.772750195588022402e-03
3.600000000000000000e+01 -2.055886302468932050e-04 -4.355898047131712136e-03
3.700000000000000000e+01 -2.620539211205231110e-04 -5.012314313152741070e-03
3.800000000000000000e+01 -3.325194816304945255e-04 -5.748523500656729790e-03
3.900000000000000000e+01 -4.200338274114896872e-04 -6.572230872930653195e-03
4.000000000000000000e+01 -5.281994016420577497e-04 -7.492088870880455470e-03
4.100000000000000000e+01 -6.612467088899207134e-04 -8.516891476493898550e-03
4.200000000000000000e+01 -8.241122798831790244e-04 -9.654592985351683962e-03
4.300000000000000000e+01 -1.022519245140570765e-03 -1.091174095797684505e-02
4.400000000000000000e+01 -1.263058923036092501e-03 -1.229373063243923911e-02
4.500000000000000000e+01 -1.553271315743064021e-03 -1.380578615364630619e-02
4.600000000000000000e+01 -1.901721774616235618e-03 -1.545404825817777925e-02
4.700000000000000000e+01 -2.318070513417945944e-03 -1.724596454488913633e-02
4.800000000000000000e+01 -2.813131313986678636e-03 -1.918952257547305168e-02
4.900000000000000000e+01 -3.398915662366787469e-03 -2.129158214542593158e-02
5.000000000000000000e+01 -4.088658312568405409e-03 -2.355621168203959892e-02
5.100000000000000000e+01 -4.896819508375787819e-03 -2.598405548924124370e-02
5.200000000000000000e+01 -5.839057979814685911e-03 -2.857319339642423739e-02
5.300000000000000000e+01 -6.932168329246595102e-03 -3.132100060963852184e-02
5.400000000000000000e+01 -8.193977479669814143e-03 -3.422578401422535915e-02
5.500000000000000000e+01 -9.643197057708826486e-03 -3.728699201417016995e-02
5.600000000000000000e+01 -1.129922983882549088e-02 -4.050363600185024476e-02
5.700000000000000000e+01 -1.318192686030951813e-02 -4.387173409133621194e-02
5.800000000000000000e+01 -1.531128878662298826e-02 -4.738232748740720673e-02
5.900000000000000000e+01 -1.770710520931358112e-02 -5.102138252205113550e-02
6.000000000000000000e+01 -2.038853228857766958e-02 -5.477175073485210377e-02
6.100000000000000000e+01 -2.337361923447996842e-02 -5.861601789606503410e-02
6.200000000000000000e+01 -2.667879807444046084e-02 -6.253842678821180945e-02
6.300000000000000000e+01 -3.031834285698953302e-02 -6.652458816687907561e-02
6.400000000000000000e+01 -3.430379156544011848e-02 -7.055910961169498119e-02
6.500000000000000000e+01 -3.864332481690786053e-02 -7.462267142226908234e-02
6.600000000000000000e+01 -4.334111910052575872e-02 -7.869052572309503946e-02
6.700000000000000000e+01 -4.839672165398770098e-02 -8.273354685773912087e-02
6.800000000000000000e+01 -5.380449572357863530e-02 -8.672133509953894315e-02
6.900000000000000000e+01 -5.955314666383861033e-02 -9.062553687407498559e-02
7.000000000000000000e+01 -6.562529599198620167e-02 -9.442139376791930383e-02
7.100000000000000000e+01 -7.199707812678915464e-02 -9.808668665624861727e-02
7.200000000000000000e+01 -7.863780456972235822e-02 -1.015989482522844933e-01
7.300000000000000000e+01 -8.550980618131978628e-02 -1.049329540477226541e-01
7.400000000000000000e+01 -9.256853829536805522e-02 -1.080603153448217862e-01
7.500000000000000000e+01 -9.976291351073546254e-02 -1.109516115766697592e-01
7.600000000000000000e+01 -1.070357298810875601e-01 -1.135798379947849240e-01
7.700000000000000000e+01 -1.143241134003207538e-01 -1.159231131857655500e-01
7.800000000000000000e+01 -1.215600688955339459e-01 -1.179651202682588940e-01
7.900000000000000000e+01 -1.286713433584478206e-01 -1.196932608237581686e-01
8.000000000000000000e+01 -1.355826883884999334e-01 -1.210959662063119807e-01
8.100000000000000000e+01 -1.422173419760290047e-01 -1.221610803867510531e-01
8.200000000000000000e+01 -1.484984179825485362e-01 -1.228764293141099834e-01
8.300000000000000000e+01 -1.543500796407858144e-01 -1.232321971192253257e-01
8.400000000000000000e+01 -1.596987144461978481e-01 -1.232235530750691310e-01
8.500000000000000000e+01 -1.644744333246903611e-01 -1.228518727210557854e-01
8.600000000000000000e+01 -1.686129110175528800e-01 -1.221238776279526123e-01
8.700000000000000000e+01 -1.720571606848616542e-01 -1.210493760833554894e-01
8.800000000000000000e+01 -1.747587805702839059e-01 -1.196391158624747070e-01
8.900000000000000000e+01 -1.766786430256335194e-01 -1.179040560155988487e-01
9.000000000000000000e+01 -1.777874688491400401e-01 -1.158563279404927759e-01
9.100000000000000000e+01 -1.780666934415132685e-01 -1.135110204496698749e-01
9.200000000000000000e+01 -1.775094824460340115e-01 -1.108874382784876544e-01
9.300000000000000000e+01 -1.761212983967278267e-01 -1.080089142498207588e-01
9.400000000000000000e+01 -1.739196049615167883e-01 -1.049012466221029560e-01
9.500000000000000000e+01 -1.709329558901981627e-01 -1.015906962441276706e-01
9.600000000000000000e+01 -1.672001185098175025e-01 -9.810266823216370891e-02
9.700000000000000000e+01 -1.627695602097589678e-01 -9.446165697254399474e-02
9.800000000000000000e+01 -1.576989431136785746e-01 -9.069216913727522200e-02
9.900000000000000000e+01 -1.520540196205842354e-01 -8.681974386748511630e-02
1.000000000000000000e+02 -1.459068009673985256e-01 -8.287121986674245155e-02
1.010000000000000000e+02 -1.393335319453778975e-01 -7.887397219672788451e-02
1.020000000000000000e+02 -1.324130875020566867e-01 -7.485453309508713349e-02
1.030000000000000000e+02 -1.252258327150369555e-01 -7.083736813188933057e-02
1.040000000000000000e+02 -1.178524410023274460e-01 -6.684441171793625847e-02
1.050000000000000000e+02 -1.103722757551895695e-01 -6.289543839588186691e-02
1.060000000000000000e+02 -1.028615473914424316e-01 -5.900883273955798147e-02
1.070000000000000000e+02 -9.539182800001234919e-02 -5.520214331922469742e-02
1.080000000000000000e+02 -8.802921658542472994e-02 -5.149203515170865803e-02
1.090000000000000000e+02 -8.083386714683507557e-02 -4.789369473762347673e-02
1.100000000000000000e+02 -7.385940547186400917e-02 -4.442009005640730479e-02
1.110000000000000000e+02 -6.715215226512491475e-02 -4.108154067867512277e-02
1.120000000000000000e+02 -6.075053754073363177e-02 -3.788581802602337262e-02
1.130000000000000000e+02 -5.468507713200686238e-02 -3.483865768450807726e-02
1.140000000000000000e+02 -4.897882872816988753e-02 -3.194434711413647598e-02
1.150000000000000000e+02 -4.364790154987605725e-02 -2.920606934590375819e-02
1.160000000000000000e+02 -3.870174307687614806e-02 -2.662588961614479818e-02
1.170000000000000000e+02 -3.414335563150215636e-02 -2.420451198180711277e-02
1.180000000000000000e+02 -2.996979103725163490e-02 -2.194105607547221920e-02
1.190000000000000000e+02 -2.617303047779756878e-02 -1.983305557581834661e-02
1.200000000000000000e+02 -2.274098846082040631e-02 -1.787671793645953869e-02
1.210000000000000000e+02 -1.965830672487261371e-02 -1.606732608810030813e-02
1.220000000000000000e+02 -1.690687773383910825e-02 -1.439960152164578358e-02
1.230000000000000000e+02 -1.446632359032739082e-02 -1.286790317827395981e-02
1.240000000000000000e+02 -1.231464743717324527e-02 -1.146625368160943993e-02
1.250000000000000000e+02 -1.042902117460947804e-02 -1.018828285378555257e-02
1.260000000000000000e+02 -8.786480483068964328e-03 -9.027204283469543455e-03
1.270000000000000000e+02 -7.364362291015034284e-03 -7.975893593380566429e-03
1.280000000000000000e+02 -6.140537699486321027e-03 -7.027059515354003826e-03
1.290000000000000000e+02 -5.093618852104539116e-03 -6.173442467328251956e-03
1.300000000000000000e+02 -4.203242496713189072e-03 -5.407968331974247547e-03
1.310000000000000000e+02 -3.450371592842819794e-03 -4.723820906075396238e-03
1.320000000000000000e+02 -2.817488654564645912e-03 -4.114445019718913563e-03
1.330000000000000000e+02 -2.288629684708184172e-03 -3.573523039998732949e-03
1.340000000000000000e+02 -1.849322376188743599e-03 -3.094967107557278739e-03
1.350000000000000000e+02 -1.486526945697324870e-03 -2.672945636465196440e-03
1.360000000000000000e+02 -1.188617838063718785e-03 -2.301934528138272536e-03
1.370000000000000000e+02 -9.453696260545542754e-04 -1.976768150943816749e-03
1.380000000000000000e+02 -7.478949371799225665e-04 -1.692667936667844328e-03
1.390000000000000000e+02 -5.885248698232016301e-04 -1.445241238617050918e-03
1.400000000000000000e+02 -4.606673498416489760e-04 -1.230458503956574851e-03
1.410000000000000000e+02 -3.586833935708974921e-04 -1.044624095733069115e-03
1.420000000000000000e+02 -2.777919003873830840e-04 -8.843533845196611693e-04
1.430000000000000000e+02 -2.139862174654179544e-04 -7.465602180037360022e-04
1.440000000000000000e+02 -1.639437614387011255e-04 -6.284508401365034589e-04
1.450000000000000000e+02 -1.249268380285088406e-04 -5.275170280595807256e-04
1.460000000000000000e+02 -9.468709596778810192e-05 -4.415230714317255325e-04
1.470000000000000000e+02 -7.138556360154762895e-05 -3.684856895674015450e-04
1.480000000000000000e+02 -5.352984510095879221e-05 -3.066498301956989544e-04
1.490000000000000000e+02 -3.992182752198032854e-05 -2.544645903404691442e-04
1.500000000000000000e+02 -2.960932650286435074e-05 -2.105622837297117301e-04
1.510000000000000000e+02 -2.184037360132605135e-05 -1.737413490635444696e-04
1.520000000000000000e+02 -1.602288209728389167e-05 -1.429519214425516215e-04
1.530000000000000000e+02 -1.169217933696968507e-05 -1.172823126609481501e-04
1.540000000000000000e+02 -8.486102416918785349e-06 -9.594523758672747656e-05
1.550000000000000000e+02 -6.125298326228893395e-06 -7.826367083314477694e-05
1.560000000000000000e+02 -4.396504791194773826e-06 -6.365699997855939099e-05
1.570000000000000000e+02 -3.138002015264339572e-06 -5.162831846960827043e-05
1.580000000000000000e+02 -2.227495249592721766e-06 -4.175337317636382522e-05
1.590000000000000000e+02 -1.572717061931634330e-06 -3.367118106095006342e-05
