0.000000000000000000e+00 -2.001085065219080968e-06 -1.556850793798077648e-05
1.000000000000000000e+00 -4.685531769555255669e-10 -2.200571079385469929e-10
2.000000000000000000e+00 -6.900860679678050160e-10 -3.174188119041242225e-10
3.000000000000000000e+00 -1.082194716992098424e-09 -4.894149718681128439e-10
4.000000000000000000e+00 -1.691153595379379445e-09 -7.516564882534616402e-10
5.000000000000000000e+00 -2.627708345635688080e-09 -1.149332062108809782e-09
6.000000000000000000e+00 -4.058305861383483959e-09 -1.750527467882070684e-09
7.000000000000000000e+00 -6.231122945120537662e-09 -2.655026651030611466e-09
8.000000000000000000e+00 -9.515037401428413379e-09 -4.006820242372077572e-09
9.000000000000000000e+00 -1.445367137041871375e-08 -6.012805165906502592e-09
1.000000000000000000e+01 -2.183895393030398151e-08 -8.971810438499296833e-09
1.100000000000000000e+01 -3.281360843435623152e-08 -1.331782675365683883e-08
1.200000000000000000e+01 -4.901883607447887689e-08 -1.967927258600822465e-08
1.300000000000000000e+01 -7.280781813014682486e-08 -2.895471317127558886e-08
1.400000000000000000e+01 -1.075442819349393106e-07 -4.240878641118717856e-08
1.500000000000000000e+01 -1.580025327654857884e-07 -6.180213252427651087e-08
1.600000000000000000e+01 -2.308928632941667416e-07 -8.958129574369667270e-08
1.700000000000000000e+01 -3.355623144691322136e-07 -1.291584809236151465e-07
1.800000000000000000e+01 -4.849556780727788326e-07 -1.852995621385131779e-07
1.900000000000000000e+01 -6.969395146749248816e-07 -2.646200317592557731e-07
2.000000000000000000e+01 -9.960774707909728034e-07 -3.761877902586888509e-07
2.100000000000000000e+01 -1.415923169271851780e-06 -5.322719707649225663e-07
2.200000000000000000e+01 -2.001923469877085418e-06 -7.493489903721811011e-07
2.300000000000000000e+01 -2.815127980372967891e-06 -1.049527474615630955e-06
2.400000000000000000e+01 -3.937025702987857273e-06 -1.462521536056863396e-06
2.500000000000000000e+01 -5.475869929691097601e-06 -2.028188470869507921e-06
2.600000000000000000e+01 -7.574768046723851710e-06 -2.799555746168745940e-06
2.700000000000000000e+01 -1.042171543774691162e-05 -3.846339446074749035e-06
2.800000000000000000e+01 -1.426182098004395832e-05 -5.259242806370251691e-06
2.900000000000000000e+01 -1.941224048337058944e-05 -7.155641782619335975e-06
3.000000000000000000e+01 -2.628059753478601709e-05 -9.687299539672958047e-06
3.100000000000000000e+01 -3.538767388786212353e-05 -1.305033724411650029e-05
3.200000000000000000e+01 -4.739490147583138864e-05 -1.749707941158864862e-05
3.300000000000000000e+01 -6.313698462038294797e-05 -2.334920039508777786e-05
3.400000000000000000e+01 -8.366004929076556972e-05 -3.101229297510825164e-05
3.500000000000000000e+01 -1.102658962000249194e-04 -4.099328818861113015e-05
3.600000000000000000e+01 -1.445629203523740808e-04 -5.392299044045428439e-05
3.700000000000000000e+01 -1.885241304686791541e-04 -7.058523424747500333e-05
3.800000000000000000e+01 -2.445528566039492711e-04 -9.195185300016782881e-05
3.900000000000000000e+01 -3.155570229463086998e-04 -1.192204715263311509e-04
4.000000000000000000e+01 -4.050321864730018016e-04 -1.538524352004522037e-04
4.100000000000000000e+01 -5.171512315750855871e-04 -1.976117820758457508e-04
4.200000000000000000e+01 -6.568563977942950497e-04 -2.526107484660870773e-04
4.300000000000000000e+01 -8.299505522993671364e-04 -3.213684007680896572e-04
4.400000000000000000e+01 -1.043189754341870791e-03 -4.068836309208022839e-04
4.500000000000000000e+01 -1.304382447405482651e-03 -5.127143056007998174e-04
4.600000000000000000e+01 -1.622494611600212898e-03 -6.430486173742962306e-04
4.700000000000000000e+01 -2.007746366215605073e-03 -8.027602114443295120e-04
4.800000000000000000e+01 -2.471678034954074947e-03 -9.974545277055633236e-04
4.900000000000000000e+01 -3.027176289605839656e-03 -1.233527462047132430e-03
5.000000000000000000e+01 -3.688476460576304954e-03 -1.518252778981515460e-03
5.100000000000000000e+01 -4.471166152080340885e-03 -1.859887898911387772e-03
5.200000000000000000e+01 -5.392186722077241083e-03 -2.267757355339489623e-03
5.300000000000000000e+01 -6.469783622689333040e-03 -2.752270318568910204e-03
5.400000000000000000e+01 -7.723347459930486256e-03 -3.324867627496435902e-03
5.500000000000000000e+01 -9.173142591944077537e-03 -3.997949395242726342e-03
5.600000000000000000e+01 -1.083999323434065541e-02 -4.784852298225727996e-03
5.700000000000000000e+01 -1.274500161412305335e-02 -5.699891466111802266e-03
5.800000000000000000e+01 -1.490928065736793484e-02 -6.758386930541088536e-03
5.900000000000000000e+01 -1.735358252691658609e-02 -7.976547399713845854e-03
6.000000000000000000e+01 -2.009772121433326189e-02 -9.371153226447404352e-03
6.100000000000000000e+01 -2.315983807077320530e-02 -1.095913100361104245e-02
6.200000000000000000e+01 -2.655569620944904508e-02 -1.275720893075127371e-02
6.300000000000000000e+01 -3.029814483013312104e-02 -1.478176508614164469e-02
6.400000000000000000e+01 -3.439668356926058740e-02 -1.704876237928798152e-02
6.500000000000000000e+01 -3.885690271895958503e-02 -1.957349957227082909e-02
6.600000000000000000e+01 -4.367967720589713970e-02 -2.236998899340550406e-02
6.700000000000000000e+01 -4.886027850597422090e-02 -2.545007674018532479e-02
6.800000000000000000e+01 -5.438773330119108657e-02 -2.882268368276690029e-02
6.900000000000000000e+01 -6.024459010026479711e-02 -3.249348125397932135e-02
7.000000000000000000e+01 -6.640690600705041746e-02 -3.646492384425627925e-02
7.100000000000000000e+01 -7.284411760615831788e-02 -4.073618465480116635e-02
7.200000000000000000e+01 -7.951870344729052020e-02 -4.530257865264966655e-02
7.300000000000000000e+01 -8.638593592060873905e-02 -5.015454040881714426e-02
7.400000000000000000e+01 -9.339412100268022765e-02 -5.527673167267093540e-02
7.500000000000000000e+01 -1.004853973637806347e-01 -6.064786776708810251e-02
7.600000000000000000e+01 -1.075967512518993113e-01 -6.624128953790335561e-02
7.700000000000000000e+01 -1.146608553427004573e-01 -7.202566477160221581e-02
7.800000000000000000e+01 -1.216067157691526901e-01 -7.796511797472127636e-02
7.900000000000000000e+01 -1.283604950063224059e-01 -8.401870140462483483e-02
8.000000000000000000e+01 -1.348468394031716588e-01 -9.013988161096304907e-02
8.100000000000000000e+01 -1.409906182239578087e-01 -9.627687601358025926e-02
8.200000000000000000e+01 -1.467186389135654578e-01 -1.023740278829676498e-01
8.300000000000000000e+01 -1.519610066875732024e-01 -1.083735389173224595e-01
8.400000000000000000e+01 -1.566522119476470853e-01 -1.142166228981219556e-01
8.500000000000000000e+01 -1.607322890935321269e-01 -1.198437711922001880e-01
8.600000000000000000e+01 -1.641482228758421036e-01 -1.251947452101696556e-01
8.700000000000000000e+01 -1.668553940948279690e-01 -1.302092429646675986e-01
8.800000000000000000e+01 -1.688186877638478411e-01 -1.348285982938017546e-01
8.900000000000000000e+01 -1.700131006174844805e-01 -1.389979205673081974e-01
9.000000000000000000e+01 -1.704240215851273998e-01 -1.426676747105159460e-01
9.100000000000000000e+01 -1.700474516809808989e-01 -1.457942121930870527e-01
9.200000000000000000e+01 -1.688902122864118505e-01 -1.483396897369521072e-01
9.300000000000000000e+01 -1.669699389367462206e-01 -1.502722744403619248e-01
9.400000000000000000e+01 -1.643146544610617210e-01 -1.515671227921807362e-01
9.500000000000000000e+01 -1.609619428471884550e-01 -1.522077635917772898e-01
9.600000000000000000e+01 -1.569579379824371235e-01 -1.521870309088433904e-01
9.700000000000000000e+01 -1.523563026467081860e-01 -1.515070069838311273e-01
9.800000000000000000e+01 -1.472171796215399342e-01 -1.501782073373228443e-01
9.900000000000000000e+01 -1.416059823013914587e-01 -1.482187384555594123e-01
1.000000000000000000e+02 -1.355919745430785583e-01 -1.456539598714321759e-01
1.010000000000000000e+02 -1.292467569966597452e-01 -1.425165342086500697e-01
1.020000000000000000e+02 -1.226428382808956441e-01 -1.388462800381706219e-01
1.030000000000000000e+02 -1.158523700007043217e-01 -1.346893567986628126e-01
1.040000000000000000e+02 -1.089459893025527676e-01 -1.300968466465524387e-01
1.050000000000000000e+02 -1.019916879331714266e-01 -1.251232355724196665e-01
1.060000000000000000e+02 -9.505372107026323347e-02 -1.198252635159599983e-01
1.070000000000000000e+02 -8.819166199316078036e-02 -1.142611986099153487e-01
1.080000000000000000e+02 -8.145969610402309380e-02 -1.084902062736871758e-01
1.090000000000000000e+02 -7.490615087630728142e-02 -1.025714599136354627e-01
1.100000000000000000e+02 -6.857318379794032082e-02 -9.656294577149582281e-02
1.110000000000000000e+02 -6.249656703046168466e-02 -9.052023600111958057e-02
1.120000000000000000e+02 -5.670558004010016473e-02 -8.449555899893279598e-02
1.130000000000000000e+02 -5.122306287841457695e-02 -7.853727469556222307e-02
1.140000000000000000e+02 -4.606565210534631361e-02 -7.268959491154712571e-02
1.150000000000000000e+02 -4.124415817618942021e-02 -6.699230807978530378e-02
1.160000000000000000e+02 -3.676401400335431446e-02 -6.148040825269251303e-02
1.170000000000000000e+02 -3.262575097975944222e-02 -5.618372971203140082e-02
1.180000000000000000e+02 -2.882550408847737999e-02 -5.112676606977668153e-02
1.190000000000000000e+02 -2.535556403984368795e-02 -4.632876037810303160e-02
1.200000000000000000e+02 -2.220497237140474714e-02 -4.180399761915469525e-02
1.210000000000000000e+02 -1.936012557828955052e-02 -3.756215387691878155e-02
1.220000000000000000e+02 -1.680534861694098214e-02 -3.360860573446439181e-02
1.230000000000000000e+02 -1.452341855693340192e-02 -2.994471156451063154e-02
1.240000000000000000e+02 -1.249604244984152401e-02 -2.656814046517464584e-02
1.250000000000000000e+02 -1.070429919599369221e-02 -2.347330047918535709e-02
1.260000000000000000e+02 -9.129044451500858623e-03 -2.065184495107544663e-02
1.270000000000000000e+02 -7.751266635270346456e-03 -1.809318629326144359e-02
1.280000000000000000e+02 -6.552382931340732658e-03 -1.578495670020715197e-02
1.290000000000000000e+02 -5.514474494543899867e-03 -1.371340414700799107e-02
1.300000000000000000e+02 -4.620469176500316411e-03 -1.186375128158928191e-02
1.310000000000000000e+02 -3.854281205608173048e-03 -1.022054610089803348e-02
1.320000000000000000e+02 -3.200912621607611940e-03 -8.768006473563186992e-03
1.330000000000000000e+02 -2.646517438391038889e-03 -7.490336005312248253e-03
1.340000000000000000e+02 -2.178430084251304147e-03 -6.371986945653847385e-03
1.350000000000000000e+02 -1.785162947391953810e-03 -5.397863185362793831e-03
1.360000000000000000e+02 -1.456380096601960113e-03 -4.553474609291731715e-03
1.370000000000000000e+02 -1.182853716883204695e-03 -3.825059148974191501e-03
1.380000000000000000e+02 -9.564076950150303836e-04 -3.199681246587676286e-03
1.390000000000000000e+02 -7.698511948141730388e-04 -2.665305421993201425e-03
1.400000000000000000e+02 -6.169048277736868769e-04 -2.210840217404164924e-03
1.410000000000000000e+02 -4.921224672528859076e-04 -1.826151842543957161e-03
1.420000000000000000e+02 -3.908118400756058902e-04 -1.502052937231255526e-03
1.430000000000000000e+02 -3.089564139558671849e-04 -1.230274601109710786e-03
1.440000000000000000e+02 -2.431401957949343086e-04 -1.003428111256030215e-03
1.450000000000000000e+02 -1.904763908555479296e-04 -8.149592235215464067e-04
1.460000000000000000e+02 -1.485405955622111308e-04 -6.590957430445693998e-04
1.470000000000000000e+02 -1.153091058580134798e-04 -5.307891481793589094e-04
1.480000000000000000e+02 -8.910277452256549677e-05 -4.256523172202871441e-04
1.490000000000000000e+02 -6.853659244457631665e-05 -3.398962097169142579e-04
1.500000000000000000e+02 -5.247489806681030226e-05 -2.702680038905842471e-04
1.510000000000000000e+02 -3.999194110742477522e-05 -2.139921341885041468e-04
1.520000000000000000e+02 -3.033745338033021107e-05 -1.687147331909938505e-04
1.530000000000000000e+02 -2.290686013764606902e-05 -1.324516055725292248e-04
1.540000000000000000e+02 -1.721574528287669680e-05 -1.035399325039210308e-04
1.550000000000000000e+02 -1.287815797877782827e-05 -8.059404528080477560e-05
1.560000000000000000e+02 -9.588329046833144861e-06 -6.246556310052343668e-05
1.570000000000000000e+02 -7.105372917373444641e-06 -4.820796481858836600e-05
1.580000000000000000e+02 -5.240577676728383298e-06 -3.704541299468385688e-05
1.590000000000000000e+02 -3.846922926285837951e-06 -2.834549875868767118e-05
