0.000000000000000000e+00 -1.817726574546819720e-06 -1.468362268673911400e-06
1.000000000000000000e+00 -3.058179312430744917e-11 -4.533786379258460027e-12
2.000000000000000000e+00 -4.821638129652832067e-11 -7.487696677805393338e-12
3.000000000000000000e+00 -7.949678125216878191e-11 -1.276237075274069969e-11
4.000000000000000000e+00 -1.303325418963400629e-10 -2.163546527197449906e-11
5.000000000000000000e+00 -2.122665714421397719e-10 -3.645160710845234592e-11
6.000000000000000000e+00 -3.435849966326396550e-10 -6.100997655103741912e-11
7.000000000000000000e+00 -5.529965185212489710e-10 -1.014268773034675243e-10
8.000000000000000000e+00 -8.850509862650201350e-10 -1.675175589643000997e-10
9.000000000000000000e+00 -1.408050762762654192e-09 -2.749529843176604467e-10
1.000000000000000000e+01 -2.225940744959111405e-09 -4.485391711281863726e-10
1.100000000000000000e+01 -3.496522497303978718e-09 -7.271519179137341609e-10
1.200000000000000000e+01 -5.458888459151288828e-09 -1.171222462553477820e-09
1.300000000000000000e+01 -8.473128916410931386e-09 -1.874197375826222315e-09
1.400000000000000000e+01 -1.307608837604544584e-08 -2.979951756148659698e-09
1.500000000000000000e+01 -2.005982278330277573e-08 -4.708651640281542641e-09
1.600000000000000000e+01 -3.058475019541646850e-08 -7.394355759571901592e-09
1.700000000000000000e+01 -4.634482954970805505e-08 -1.153939588156908297e-08
1.800000000000000000e+01 -6.980406336951555349e-08 -1.789364123009552339e-08
1.900000000000000000e+01 -1.045231336930268809e-07 -2.757042940737074102e-08
2.000000000000000000e+01 -1.556000410728783510e-07 -4.221396889372275301e-08
2.100000000000000000e+01 -2.302676770782646803e-07 -6.423570003387823807e-08
2.200000000000000000e+01 -3.387203747461920189e-07 -9.714279253731586453e-08
2.300000000000000000e+01 -4.952615377559477550e-07 -1.459944961088688828e-07
2.400000000000000000e+01 -7.198612473910096907e-07 -2.180400743293051177e-07
2.500000000000000000e+01 -1.040204462224381883e-06 -3.236075527623240785e-07
2.600000000000000000e+01 -1.494342709192204328e-06 -4.773202124779639798e-07
2.700000000000000000e+01 -2.134155219541425275e-06 -6.997277867628449086e-07
2.800000000000000000e+01 -3.029925688028198153e-06 -1.019473450008742840e-06
2.900000000000000000e+01 -4.276358793957000867e-06 -1.476181942720612517e-06
3.000000000000000000e+01 -6.000290306821152864e-06 -2.124317006759322048e-06
3.100000000000000000e+01 -8.370322104020545487e-06 -3.038275336288173408e-06
3.200000000000000000e+01 -1.160878252417836084e-05 -4.318972208128732541e-06
3.300000000000000000e+01 -1.600669995182974154e-05 -6.102217744736727857e-06
3.400000000000000000e+01 -2.194259097180813905e-05 -8.569347219417267625e-06
3.500000000000000000e+01 -2.990564073697353137e-05 -1.196076870495824232e-05
3.600000000000000000e+01 -4.052357945787204388e-05 -1.659313107932063096e-05
3.700000000000000000e+01 -5.459572140462568110e-05 -2.288064396471764164e-05
3.800000000000000000e+01 -7.313220452657761693e-05 -3.136096903797999712e-05
3.900000000000000000e+01 -9.740068516023316471e-05 -4.272638341779895200e-05
4.000000000000000000e+01 -1.289810084763658670e-04 -5.786145386852819010e-05
4.100000000000000000e+01 -1.698273692144490249e-04 -7.788857203535083369e-05
4.200000000000000000e+01 -2.223376515311977766e-04 -1.042219536439241678e-04
4.300000000000000000e+01 -2.894310778112341685e-04 -1.386297732714963449e-04
4.400000000000000000e+01 -3.746357315163806800e-04 -1.833042798233031653e-04
4.500000000000000000e+01 -4.821848875846969059e-04 -2.409411164807844592e-04
4.600000000000000000e+01 -6.171173012768874783e-04 -3.148297111531226408e-04
4.700000000000000000e+01 -7.853767038535945048e-04 -4.089545689588070985e-04
4.800000000000000000e+01 -9.939111304713206963e-04 -5.281037944006675708e-04
4.900000000000000000e+01 -1.250776541358251297e-03 -6.779802322370313741e-04
5.000000000000000000e+01 -1.565242991210715612e-03 -8.653140500313502136e-04
5.100000000000000000e+01 -1.947888233390477567e-03 -1.097978989935635306e-03
5.200000000000000000e+01 -2.410659098439448325e-03 -1.385111296537953115e-03
5.300000000000000000e+01 -2.966895954279757421e-03 -1.737221081321356064e-03
5.400000000000000000e+01 -3.631336022344065165e-03 -2.166280758058642796e-03
5.500000000000000000e+01 -4.420108187714054220e-03 -2.685782364541226905e-03
5.600000000000000000e+01 -5.350698385900271026e-03 -3.310767973222810551e-03
5.700000000000000000e+01 -6.441836413044260516e-03 -4.057837335882466707e-03
5.800000000000000000e+01 -7.713275469707356682e-03 -4.945118900600204738e-03
5.900000000000000000e+01 -9.185495506088370982e-03 -5.992173913901804871e-03
6.000000000000000000e+01 -1.087939186984119774e-02 -7.219813025735971786e-03
6.100000000000000000e+01 -1.281596098680330871e-02 -8.649835803887713157e-03
6.200000000000000000e+01 -1.501590981799304052e-02 -1.030471922409078103e-02
6.300000000000000000e+01 -1.749910417968012985e-02 -1.220725655427698335e-02
6.400000000000000000e+01 -2.028387328707551701e-02 -1.438010918902332680e-02
6.500000000000000000e+01 -2.338630162245069685e-02 -1.684523500555443892e-02
6.600000000000000000e+01 -2.681962037114927686e-02 -1.962321042448499087e-02
6.700000000000000000e+01 -3.059365744002931486e-02 -2.273251268826905619e-02
6.800000000000000000e+01 -3.471419287909150581e-02 -2.618881052511600610e-02
6.900000000000000000e+01 -3.918215291629517649e-02 -3.000424166314306917e-02
7.000000000000000000e+01 -4.399278960238516695e-02 -3.418662414839220010e-02
7.100000000000000000e+01 -4.913508572252843487e-02 -3.873860919900300875e-02
7.200000000000000000e+01 -5.459146243963788198e-02 -4.365687525758848997e-02
7.300000000000000000e+01 -6.033761973488768748e-02 -4.893147305737327590e-02
7.400000000000000000e+01 -6.634230442031932573e-02 -5.454533812524446634e-02
7.500000000000000000e+01 -7.256704132193270151e-02 -6.047390038739089424e-02
7.600000000000000000e+01 -7.896610603610529355e-02 -6.668475308394364309e-02
7.700000000000000000e+01 -8.548696144467259062e-02 -7.313746285197475494e-02
7.800000000000000000e+01 -9.207106789348504239e-02 -7.978366046728761762e-02
7.900000000000000000e+01 -9.865476467281830697e-02 -8.656746407056593873e-02
8.000000000000000000e+01 -1.051700580845831567e-01 -9.342614802694890197e-02
8.100000000000000000e+01 -1.115454753758579054e-01 -1.002909435367086988e-01
8.200000000000000000e+01 -1.177072645936245582e-01 -1.070879703732307425e-01
8.300000000000000000e+01 -1.235809874057236107e-01 -1.137394062305913389e-01
8.400000000000000000e+01 -1.290932340362067055e-01 -1.201649580571801518e-01
8.500000000000000000e+01 -1.341731521758711687e-01 -1.262835473891459892e-01
8.600000000000000000e+01 -1.387537539175299206e-01 -1.320150346417497123e-01
8.700000000000000000e+01 -1.427732155530205271e-01 -1.372818827647541429e-01
8.800000000000000000e+01 -1.461763257131333260e-01 -1.420107991402230763e-01
8.900000000000000000e+01 -1.489159552118370644e-01 -1.461344234362621508e-01
9.000000000000000000e+01 -1.509542568524972761e-01 -1.495930132370440202e-01
9.100000000000000000e+01 -1.522634380903616913e-01 -1.523359607079660394e-01
9.200000000000000000e+01 -1.528262113446628434e-01 -1.543229963136899252e-01
9.300000000000000000e+01 -1.526361155403492265e-01 -1.555250732797783808e-01
9.400000000000000000e+01 -1.516977440928364285e-01 -1.559250194579235027e-01
9.500000000000000000e+01 -1.500267230036468058e-01 -1.555179929335174793e-01
9.600000000000000000e+01 -1.476492868487736532e-01 -1.543116603082198002e-01
9.700000000000000000e+01 -1.446014828848378730e-01 -1.523259851180327473e-01
9.800000000000000000e+01 -1.409281780711302556e-01 -1.495926139990669257e-01
9.900000000000000000e+01 -1.366820021155509546e-01 -1.461539692439367821e-01
1.000000000000000000e+02 -1.319222091535404706e-01 -1.420621681250034130e-01
1.010000000000000000e+02 -1.267133690806288571e-01 -1.373777949391961628e-01
1.020000000000000000e+02 -1.211238804189393864e-01 -1.321684762063684571e-01
1.030000000000000000e+02 -1.152244221085402809e-01 -1.265072466124461115e-01
1.040000000000000000e+02 -1.090864870464784975e-01 -1.204707980729636529e-01
1.050000000000000000e+02 -1.027810497956496150e-01 -1.141377539287850990e-01
1.060000000000000000e+02 -9.637732755940832396e-02 -1.075870520317115664e-01
1.070000000000000000e+02 -8.994159607478759144e-02 -1.008964276753551298e-01
1.080000000000000000e+02 -8.353609860112731766e-02 -9.414096493232071428e-02
1.090000000000000000e+02 -7.721813604276163423e-02 -8.739174613158640081e-02
1.100000000000000000e+02 -7.103939234267607483e-02 -8.071468887908217482e-02
1.110000000000000000e+02 -6.504547405349013489e-02 -7.416964247748727979e-02
1.120000000000000000e+02 -5.927560711379586955e-02 -6.780974049347633648e-02
1.130000000000000000e+02 -5.376246307771721800e-02 -6.168095582380942604e-02
1.140000000000000000e+02 -4.853213363349258291e-02 -5.582182322275764524e-02
1.150000000000000000e+02 -4.360427877345199321e-02 -5.026334340430158726e-02
1.160000000000000000e+02 -3.899243650098425940e-02 -4.502909639346530657e-02
1.170000000000000000e+02 -3.470444473583667033e-02 -4.013555444203752154e-02
1.180000000000000000e+02 -3.074292585429983654e-02 -3.559254129548235918e-02
1.190000000000000000e+02 -2.710581302271659540e-02 -3.140378009426426920e-02
1.200000000000000000e+02 -2.378691950875185326e-02 -2.756750232538696110e-02
1.210000000000000000e+02 -2.077654694464612858e-02 -2.407711501789312758e-02
1.220000000000000000e+02 -1.806210862060588646e-02 -2.092191781164381287e-02
1.230000000000000000e+02 -1.562873464117546518e-02 -1.808783960679064343e-02
1.240000000000000000e+02 -1.345983628116062363e-02 -1.555815547041160957e-02
1.250000000000000000e+02 -1.153762435388266255e-02 -1.331415771860960245e-02
1.260000000000000000e+02 -9.843584316243545948e-03 -1.133577453013152360e-02
1.270000000000000000e+02 -8.358906390475467213e-03 -9.602136704820860361e-03
1.280000000000000000e+02 -7.064862308371208655e-03 -8.092087472464051801e-03
1.290000000000000000e+02 -5.943120807468674043e-03 -6.784624423648886321e-03
1.300000000000000000e+02 -4.976001226594647421e-03 -5.659265826612659527e-03
1.310000000000000000e+02 -4.146671270388002130e-03 -4.696342674222752332e-03
1.320000000000000000e+02 -3.439296331485853196e-03 -3.877224133873013231e-03
1.330000000000000000e+02 -2.839145161312668034e-03 -3.184484053473974827e-03
1.340000000000000000e+02 -2.332654663173257606e-03 -2.602013370967722929e-03
1.350000000000000000e+02 -1.907457381551819426e-03 -2.115082478110746206e-03
1.360000000000000000e+02 -1.552377463357767703e-03 -1.710359566714089339e-03
1.370000000000000000e+02 -1.257401978434670962e-03 -1.375893106322966918e-03
1.380000000000000000e+02 -1.013633714882341370e-03 -1.101066724163506658e-03
1.390000000000000000e+02 -8.132300148648199511e-04 -8.765332622546796477e-04
1.400000000000000000e+02 -6.493312249519177237e-04 -6.941333251302474758e-04
1.410000000000000000e+02 -5.159821693182971292e-04 -5.468030574342938686e-04
1.420000000000000000e+02 -4.080500804956976434e-04 -4.284757595934511739e-04
1.430000000000000000e+02 -3.211420553269371601e-04 -3.339815164387387918e-04
1.440000000000000000e+02 -2.515243486320797883e-04 -2.589481265509444214e-04
1.450000000000000000e+02 -1.960450525333645917e-04 -1.997056604584275313e-04
1.460000000000000000e+02 -1.520612099895492881e-04 -1.531962793458872167e-04
1.470000000000000000e+02 -1.173711447566245050e-04 -1.168905042107270989e-04
1.480000000000000000e+02 -9.015257545784253774e-05 -8.871075161096680668e-05
1.490000000000000000e+02 -6.890681615874804126e-05 -6.696255147450438168e-05
1.500000000000000000e+02 -5.240908144299535225e-05 -5.027348541910982673e-05
1.510000000000000000e+02 -3.966469175885883875e-05 -3.753961133007836402e-05
1.520000000000000000e+02 -2.987084911112866209e-05 -2.787897624553319065e-05
1.530000000000000000e+02 -2.238359259352807676e-05 -2.059171869118168080e-05
1.540000000000000000e+02 -1.668950762801299452e-05 -1.512618562704025923e-05
1.550000000000000000e+02 -1.238173187228762948e-05 -1.105043920798233855e-05
1.560000000000000000e+02 -9.139782205201254042e-06 -8.028514468658888982e-06
1.570000000000000000e+02 -6.712730363426821004e-06 -5.800811756109827442e-06
1.580000000000000000e+02 -4.905280053618098393e-06 -4.168048099306969653e-06
1.590000000000000000e+02 -3.566334669255490901e-06 -2.978237862425176280e-06
