0.000000000000000000e+00 -8.772404531574290042e-05 -2.829437569460089769e-05
1.000000000000000000e+00 -1.521429695220031622e-06 -1.814534416333653479e-08
2.000000000000000000e+00 -1.654162939792274071e-06 -2.274101524930388518e-08
3.000000000000000000e+00 -2.121420489404318287e-06 -3.188872730235495935e-08
4.000000000000000000e+00 -2.739461666487757414e-06 -4.476570265591908342e-08
5.000000000000000000e+00 -3.529709539313673494e-06 -6.268698851803930906e-08
6.000000000000000000e+00 -4.534688160608708586e-06 -8.745323694361465296e-08
7.000000000000000000e+00 -5.808400469284902131e-06 -1.214071203173020708e-07
8.000000000000000000e+00 -7.417481702515230274e-06 -1.676483187643977717e-07
9.000000000000000000e+00 -9.443754359119924870e-06 -2.303845256235911139e-07
1.000000000000000000e+01 -1.198741144159324588e-05 -3.153900358299201173e-07
1.100000000000000000e+01 -1.517077384124273503e-05 -4.304865299698678595e-07
1.200000000000000000e+01 -1.914262040332523430e-05 -5.859616001218506868e-07
1.300000000000000000e+01 -2.408310180602219296e-05 -7.949477839564710989e-07
1.400000000000000000e+01 -3.020930380418100883e-05 -1.073968480841543346e-06
1.500000000000000000e+01 -3.778162313488875730e-05 -1.443989578113436723e-06
1.600000000000000000e+01 -4.711121730284962737e-05 -1.932236877087228032e-06
1.700000000000000000e+01 -5.856881538225184236e-05 -2.574697419348281897e-06
1.800000000000000000e+01 -7.259507011670205496e-05 -3.418794930409271305e-06
1.900000000000000000e+01 -8.971239817298054639e-05 -4.525591669071819586e-06
2.000000000000000000e+01 -1.105380031770469005e-04 -5.971345187530243918e-06
2.100000000000000000e+01 -1.357976869337971452e-04 -7.849255160622171471e-06
2.200000000000000000e+01 -1.663402809329333392e-04 -1.027311779754428476e-05
2.300000000000000000e+01 -2.031530591511755733e-04 -1.338444993507455891e-05
2.400000000000000000e+01 -2.473790623247268047e-04 -1.736302482288287776e-05
2.500000000000000000e+01 -3.003374355176521284e-04 -2.243842303330332438e-05
2.600000000000000000e+01 -3.635472955885873871e-04 -2.889899311501553406e-05
2.700000000000000000e+01 -4.387543490672086446e-04 -3.709630277071927469e-05
2.800000000000000000e+01 -5.279580946069660627e-04 -4.744766925177206472e-05
2.900000000000000000e+01 -6.334369574434773904e-04 -6.044388367127926135e-05
3.000000000000000000e+01 -7.577698789379056811e-04 -7.666955261084679250e-05
3.100000000000000000e+01 -9.038555549314977386e-04 -9.683721288673002175e-05
3.200000000000000000e+01 -1.074933273596471138e-03 -1.218261833137204540e-04
3.300000000000000000e+01 -1.274610012211522614e-03 -1.527105778239752653e-04
3.400000000000000000e+01 -1.506895587372583147e-03 -1.907657203910249032e-04
3.500000000000000000e+01 -1.776241770013320918e-03 -2.374590086855987671e-04
3.600000000000000000e+01 -2.087575496405990032e-03 -2.944498705501113946e-04
3.700000000000000000e+01 -2.446315000559972763e-03 -3.636275922278382148e-04
3.800000000000000000e+01 -2.858363655057568134e-03 -4.471955913715783921e-04
3.900000000000000000e+01 -3.330087965487655340e-03 -5.477743817184217408e-04
4.000000000000000000e+01 -3.868296977158995446e-03 -6.684692653743921518e-04
4.100000000000000000e+01 -4.480241769274719704e-03 -8.128601401822939344e-04
4.200000000000000000e+01 -5.173640923602582618e-03 -9.849236816165155787e-04
4.300000000000000000e+01 -5.956714987369280193e-03 -1.188960522077851627e-03
4.400000000000000000e+01 -6.838193340561965136e-03 -1.429619755253334294e-03
4.500000000000000000e+01 -7.827256382841062121e-03 -1.712057603683532318e-03
4.600000000000000000e+01 -8.933401948075576915e-03 -2.042159529499978140e-03
4.700000000000000000e+01 -1.016626764985645998e-02 -2.426672742389747710e-03
4.800000000000000000e+01 -1.153547478754886509e-02 -2.873119356678488761e-03
4.900000000000000000e+01 -1.305055634954815739e-02 -3.389501864653606152e-03
5.000000000000000000e+01 -1.472098127961866780e-02 -3.983984505556214389e-03
5.100000000000000000e+01 -1.655621109430838525e-02 -4.664796302230891922e-03
5.200000000000000000e+01 -1.856567091487783608e-02 -5.440469054101348262e-03
5.300000000000000000e+01 -2.075853178692613904e-02 -6.320256992855185010e-03
5.400000000000000000e+01 -2.314329583950260408e-02 -7.314377913016983576e-03
5.500000000000000000e+01 -2.572730648942773979e-02 -8.433761440579442409e-03
5.600000000000000000e+01 -2.851638875975637255e-02 -9.689311934009812999e-03
5.700000000000000000e+01 -3.151478557879806852e-02 -1.109108305295213731e-02
5.800000000000000000e+01 -3.472538785171308540e-02 -1.264790414310145578e-02
5.900000000000000000e+01 -3.815004466463210037e-02 -1.436772088041783288e-02
6.000000000000000000e+01 -4.178962578194504729e-02 -1.625835987984546732e-02
6.100000000000000000e+01 -4.564359956225681747e-02 -1.832800898381942156e-02
6.200000000000000000e+01 -4.970917453284760812e-02 -2.058479811378122887e-02
6.300000000000000000e+01 -5.398037921668687178e-02 -2.303548496780867885e-02
6.400000000000000000e+01 -5.844760049732293516e-02 -2.568397192948347271e-02
6.500000000000000000e+01 -6.309791764826715166e-02 -2.853062580097214668e-02
6.600000000000000000e+01 -6.791610908502862531e-02 -3.157286526789609971e-02
6.700000000000000000e+01 -7.288573405392489990e-02 -3.480652985436748920e-02
6.800000000000000000e+01 -7.798953241261717684e-02 -3.822686831118044665e-02
6.900000000000000000e+01 -8.320872073594358376e-02 -4.182817058108630193e-02
7.000000000000000000e+01 -8.852146129340582315e-02 -4.560206372182010193e-02
7.100000000000000000e+01 -9.390142953292535122e-02 -4.953557852181688509e-02
7.200000000000000000e+01 -9.931754327527443638e-02 -5.361040361172203506e-02
7.300000000000000000e+01 -1.047353484969261450e-01 -5.780395870644053358e-02
7.400000000000000000e+01 -1.101195470983399871e-01 -6.209157821605635480e-02
7.500000000000000000e+01 -1.154363210925945515e-01 -6.644823120447952702e-02
7.600000000000000000e+01 -1.206540541428900021e-01 -7.084852919221422407e-02
7.700000000000000000e+01 -1.257419352066728169e-01 -7.526509080042224908e-02
7.800000000000000000e+01 -1.306672935967047866e-01 -7.966664465787501315e-02
7.900000000000000000e+01 -1.353935040476204332e-01 -8.401752942505756605e-02
8.000000000000000000e+01 -1.398801867003121036e-01 -8.827924867169169298e-02
8.100000000000000000e+01 -1.440861357197038006e-01 -9.241321775974691011e-02
8.200000000000000000e+01 -1.479736638048199104e-01 -9.638297650668510574e-02
8.300000000000000000e+01 -1.515119678694972771e-01 -1.001545973864639144e-01
8.400000000000000000e+01 -1.546775007804527535e-01 -1.036954222601095127e-01
8.500000000000000000e+01 -1.574510789030326152e-01 -1.069725145506265351e-01
8.600000000000000000e+01 -1.598135478787952035e-01 -1.099523686255965693e-01
8.700000000000000000e+01 -1.617429155044187994e-01 -1.126024023270152524e-01
8.800000000000000000e+01 -1.632151280344014965e-01 -1.148934009816304364e-01
8.900000000000000000e+01 -1.642084476060195752e-01 -1.168014257264763101e-01
9.000000000000000000e+01 -1.647090340704274181e-01 -1.183081842719058141e-01
9.100000000000000000e+01 -1.647143761029331577e-01 -1.194000303208205410e-01
9.200000000000000000e+01 -1.642323627300782407e-01 -1.200666805836993756e-01
9.300000000000000000e+01 -1.632764144223520786e-01 -1.203007631295835989e-01
9.400000000000000000e+01 -1.618595812547911073e-01 -1.200985240833764012e-01
9.500000000000000000e+01 -1.599912487122978622e-01 -1.194611008147391656e-01
9.600000000000000000e+01 -1.576785249664058586e-01 -1.183954068790671887e-01
9.700000000000000000e+01 -1.549314521715360049e-01 -1.169140449202795695e-01
9.800000000000000000e+01 -1.517687334969632373e-01 -1.150343812449930447e-01
9.900000000000000000e+01 -1.482202655232255639e-01 -1.127774083020158524e-01
1.000000000000000000e+02 -1.443246931437764946e-01 -1.101669853540468147e-01
1.010000000000000000e+02 -1.401232662222203218e-01 -1.072296199670056682e-01
1.020000000000000000e+02 -1.356535486695325532e-01 -1.039945229286041994e-01
1.030000000000000000e+02 -1.309465794725371279e-01 -1.004935372723802373e-01
1.040000000000000000e+02 -1.260288979372490847e-01 -9.676071873651306832e-02
1.050000000000000000e+02 -1.209278277388540490e-01 -9.283161862977269696e-02
1.060000000000000000e+02 -1.156764644803024156e-01 -8.874247497497632364e-02
1.070000000000000000e+02 -1.103151058065437173e-01 -8.452949304226486937e-02
1.080000000000000000e+02 -1.048881481254302916e-01 -8.022828052211428140e-02
1.090000000000000000e+02 -9.943827290145304532e-02 -7.587341420208795761e-02
1.100000000000000000e+02 -9.400131536799172238e-02 -7.149809696120149050e-02
1.110000000000000000e+02 -8.860463957438209637e-02 -6.713387822740195243e-02
1.120000000000000000e+02 -8.326959717738861844e-02 -6.281041087755126484e-02
1.130000000000000000e+02 -7.801619346197280480e-02 -5.855520387146193051e-02
1.140000000000000000e+02 -7.286692289729466976e-02 -5.439333885074684738e-02
1.150000000000000000e+02 -6.784747685974133746e-02 -5.034716831112946017e-02
1.160000000000000000e+02 -6.298408317186136862e-02 -4.643607170903161357e-02
1.170000000000000000e+02 -5.829927358914775704e-02 -4.267635872881767045e-02
1.180000000000000000e+02 -5.380866905630102281e-02 -3.908135175477335521e-02
1.190000000000000000e+02 -4.952055589022679588e-02 -3.566158915644342814e-02
1.200000000000000000e+02 -4.543823885842674520e-02 -3.242503733204738642e-02
1.210000000000000000e+02 -4.156355856405108407e-02 -2.937722561731059834e-02
1.220000000000000000e+02 -3.789947479070360226e-02 -2.652130338983526778e-02
1.230000000000000000e+02 -3.445040939153729692e-02 -2.385809631389812502e-02
1.240000000000000000e+02 -3.122050410892405342e-02 -2.138625084302593626e-02
1.250000000000000000e+02 -2.821114419831852529e-02 -1.910249860268236483e-02
1.260000000000000000e+02 -2.541935797482197321e-02 -1.700199384696649343e-02
1.270000000000000000e+02 -2.283799243781954591e-02 -1.507863733067129654e-02
1.280000000000000000e+02 -2.045742901672334413e-02 -1.332532278144125427e-02
1.290000000000000000e+02 -1.826775902139322200e-02 -1.173410299120434402e-02
1.300000000000000000e+02 -1.626023193622142676e-02 -1.029632294200609650e-02
1.310000000000000000e+02 -1.442737622061285307e-02 -9.002774026736467053e-03
1.320000000000000000e+02 -1.276203207990291022e-02 -7.843889728798979222e-03
1.330000000000000000e+02 -1.125610709161296678e-02 -6.809960443664301796e-03
1.340000000000000000e+02 -9.899882741092836877e-03 -5.891325199449392105e-03
1.350000000000000000e+02 -8.682244014366005333e-03 -5.078510325507573642e-03
1.360000000000000000e+02 -7.591615313809594104e-03 -4.362314684112860927e-03
1.370000000000000000e+02 -6.617021443606136907e-03 -3.733864275679153917e-03
1.380000000000000000e+02 -5.748719141272788831e-03 -3.184661872358582162e-03
1.390000000000000000e+02 -4.978177689555444291e-03 -2.706642985049711493e-03
1.400000000000000000e+02 -4.297582578547766430e-03 -2.292231983481163738e-03
1.410000000000000000e+02 -3.699259179434216498e-03 -1.934384207908564643e-03
1.420000000000000000e+02 -3.175371813310495957e-03 -1.626604353683162646e-03
1.430000000000000000e+02 -2.718023481673552573e-03 -1.362942030028307982e-03
1.440000000000000000e+02 -2.319629756481707272e-03 -1.137973484282497590e-03
1.450000000000000000e+02 -1.973311477674456575e-03 -9.467794162724190105e-04
1.460000000000000000e+02 -1.673090782402818872e-03 -7.849240055681375259e-04
1.470000000000000000e+02 -1.413825553158447280e-03 -6.484345172371075612e-04
1.480000000000000000e+02 -1.190971027507994233e-03 -5.337781095631883264e-04
1.490000000000000000e+02 -1.000328227547689656e-03 -4.378335023440220594e-04
1.500000000000000000e+02 -8.379067210209891403e-04 -3.578580273065768281e-04
1.510000000000000000e+02 -6.999356652676681561e-04 -2.914527459696964287e-04
1.520000000000000000e+02 -5.829678333238196616e-04 -2.365285398259131468e-04
1.530000000000000000e+02 -4.839840390255393306e-04 -1.912747762469846173e-04
1.540000000000000000e+02 -4.004277372972593987e-04 -1.541306035339877500e-04
1.550000000000000000e+02 -3.301546299564444686e-04 -1.237581296089993311e-04
1.560000000000000000e+02 -2.713315875436947758e-04 -9.901686937962349646e-05
1.570000000000000000e+02 -2.223375915525479087e-04 -7.893943150185446815e-05
1.580000000000000000e+02 -1.817048511941409764e-04 -6.270887173331131945e-05
1.590000000000000000e+02 -1.481073310922685887e-04 -4.963818739371395105e-05
