0.000000000000000000e+00 -7.228855282990466633e-08 -3.107243526307553218e-06
1.000000000000000000e+00 -1.585619539953219634e-13 -5.777930444373522861e-11
2.000000000000000000e+00 -2.860922408792473976e-13 -8.881165648518683469e-11
3.000000000000000000e+00 -5.191929034517994425e-13 -1.434232605930654178e-10
4.000000000000000000e+00 -9.335719735920634307e-13 -2.304182029313072456e-10
5.000000000000000000e+00 -1.666317318875157293e-12 -3.677703461818622166e-10
6.000000000000000000e+00 -2.958433782507347154e-12 -5.833666308414125690e-10
7.000000000000000000e+00 -5.226689473710239952e-12 -9.203409309879081697e-10
8.000000000000000000e+00 -9.175543301569866204e-12 -1.444831820179808908e-09
9.000000000000000000e+00 -1.597928360711510006e-11 -2.256768190136643057e-09
1.000000000000000000e+01 -2.759714906042316159e-11 -3.505195330610199902e-09
1.100000000000000000e+01 -4.731956097197801895e-11 -5.411230528501765621e-09
1.200000000000000000e+01 -8.066045708164096354e-11 -8.303229607357707395e-09
1.300000000000000000e+01 -1.367209097299565906e-10 -1.266899678539802694e-08
1.400000000000000000e+01 -2.302374716544162565e-10 -1.922894724093474922e-08
1.500000000000000000e+01 -3.848054841097553297e-10 -2.903459028031266635e-08
1.600000000000000000e+01 -6.382081486136271380e-10 -4.360220663640117336e-08
1.700000000000000000e+01 -1.051128123602171771e-09 -6.510255321457811916e-08
1.800000000000000000e+01 -1.720540261373300820e-09 -9.663768743848681250e-08
1.900000000000000000e+01 -2.799169353593246692e-09 -1.426367129187092950e-07
2.000000000000000000e+01 -4.523710159094371826e-09 -2.093932637575722147e-07
2.100000000000000000e+01 -7.257848560356278179e-09 -3.057653733674044205e-07
2.200000000000000000e+01 -1.156012440226008630e-08 -4.440858087114262433e-07
2.300000000000000000e+01 -1.828811874231301587e-08 -6.413893052782681851e-07
2.400000000000000000e+01 -2.874866202441222375e-08 -9.211148999145782172e-07
2.500000000000000000e+01 -4.490535818961850856e-08 -1.315436783504737889e-06
2.600000000000000000e+01 -6.966990014261061850e-08 -1.868316366988260276e-06
2.700000000000000000e+01 -1.073317920626318903e-07 -2.639336335244776919e-06
2.800000000000000000e+01 -1.642014710604831986e-07 -3.708480069835345756e-06
2.900000000000000000e+01 -2.495323610749459780e-07 -5.182251761775508799e-06
3.000000000000000000e+01 -3.767650682289200319e-07 -7.201720422382608785e-06
3.100000000000000000e+01 -5.651664550049010147e-07 -9.953012537519577093e-06
3.200000000000000000e+01 -8.420607424886833266e-07 -1.368049349801847596e-05
3.300000000000000000e+01 -1.245996397455333751e-06 -1.870268995726774244e-05
3.400000000000000000e+01 -1.831201448316642619e-06 -2.543126004956367095e-05
3.500000000000000000e+01 -2.673510545811909384e-06 -3.439395741809590871e-05
3.600000000000000000e+01 -3.877847488239369664e-06 -4.626301244227742015e-05
3.700000000000000000e+01 -5.587657961525888197e-06 -6.189012661686244020e-05
3.800000000000000000e+01 -7.997336508633280314e-06 -8.234842946387730745e-05
3.900000000000000000e+01 -1.136901196589779140e-05 -1.089810298548636092e-04
4.000000000000000000e+01 -1.605447087979090104e-05 -1.434559086539516565e-04
4.100000000000000000e+01 -2.252202444360435583e-05 -1.878277930037854158e-04
4.200000000000000000e+01 -3.138822313659172841e-05 -2.446085737378666234e-04
4.300000000000000000e+01 -4.345612262481785058e-05 -3.168479924462533630e-04
4.400000000000000000e+01 -5.976359979521203613e-05 -4.082253319084361352e-04
4.500000000000000000e+01 -8.164433494679639285e-05 -5.231506431399115566e-04
4.600000000000000000e+01 -1.108004839420939142e-04 -6.668712467702522144e-04
4.700000000000000000e+01 -1.493836927583863303e-04 -8.455778410002704262e-04
4.800000000000000000e+01 -2.000837078651408947e-04 -1.066507126124077720e-03
4.900000000000000000e+01 -2.662292940492117801e-04 -1.338044082103375786e-03
5.000000000000000000e+01 -3.519072608397389584e-04 -1.669830633460356404e-03
5.100000000000000000e+01 -4.620983240548123686e-04 -2.072880057218635681e-03
5.200000000000000000e+01 -6.028193699960935400e-04 -2.559678830100823709e-03
5.300000000000000000e+01 -7.812607706980481161e-04 -3.144245800767384198e-03
5.400000000000000000e+01 -1.005916383497406936e-03 -3.842131786921948976e-03
5.500000000000000000e+01 -1.286711936585928882e-03 -4.670377455847410028e-03
5.600000000000000000e+01 -1.635133307936078965e-03 -5.647468348060744395e-03
5.700000000000000000e+01 -2.064341593526135710e-03 -6.793297141289574882e-03
5.800000000000000000e+01 -2.589250056433218747e-03 -8.129077606472280559e-03
5.900000000000000000e+01 -3.226539345906497946e-03 -9.677121266517103859e-03
6.000000000000000000e+01 -3.994600449322228790e-03 -1.146044529038767364e-02
6.100000000000000000e+01 -4.913410207540529900e-03 -1.350229403384250494e-02
6.200000000000000000e+01 -6.004349597562042354e-03 -1.582570552404882411e-02
6.300000000000000000e+01 -7.289959428975710358e-03 -1.845315452194646808e-02
6.400000000000000000e+01 -8.793595410301894427e-03 -2.140613206267903343e-02
6.500000000000000000e+01 -1.053892756537068258e-02 -2.470447151588814338e-02
6.600000000000000000e+01 -1.254926808206104256e-02 -2.836540612872054043e-02
6.700000000000000000e+01 -1.484679366427350128e-02 -3.240259693781756545e-02
6.800000000000000000e+01 -1.745176439938981444e-02 -3.682541939869295178e-02
6.900000000000000000e+01 -2.038175777195793542e-02 -4.163853536170512154e-02
7.000000000000000000e+01 -2.365080361274703863e-02 -4.684144921562086172e-02
7.100000000000000000e+01 -2.726830625028433749e-02 -5.242773210655536642e-02
7.200000000000000000e+01 -3.123784225018353539e-02 -5.838397856623923909e-02
7.300000000000000000e+01 -3.555612233365921387e-02 -6.468896374616382727e-02
7.400000000000000000e+01 -4.021232241872434165e-02 -7.131343120455611861e-02
7.500000000000000000e+01 -4.518765013563509625e-02 -7.822043687055284245e-02
7.600000000000000000e+01 -5.045482315757063296e-02 -8.536571684225119361e-02
7.700000000000000000e+01 -5.597740323269527474e-02 -9.269765912720520640e-02
7.800000000000000000e+01 -6.170939849097502317e-02 -1.001570725314182564e-01
7.900000000000000000e+01 -6.759561237529440603e-02 -1.076774125383271885e-01
8.000000000000000000e+01 -7.357269614684933123e-02 -1.151859043193065729e-01
8.100000000000000000e+01 -7.957033374050255514e-02 -1.226052851165355118e-01
8.200000000000000000e+01 -8.551214296786056879e-02 -1.298554260169434427e-01
8.300000000000000000e+01 -9.131659302661888911e-02 -1.368543947886682322e-01
8.400000000000000000e+01 -9.689862616610070423e-02 -1.435192755692726307e-01
8.500000000000000000e+01 -1.021721693837472494e-01 -1.497674560008244449e-01
8.600000000000000000e+01 -1.070528784836308200e-01 -1.555186953232855496e-01
8.700000000000000000e+01 -1.114603121954008402e-01 -1.606975172988536760e-01
8.800000000000000000e+01 -1.153195012696196786e-01 -1.652351444183491336e-01
8.900000000000000000e+01 -1.185626185526585663e-01 -1.690706356793973963e-01
9.000000000000000000e+01 -1.211312372038040319e-01 -1.721516179188394280e-01
9.100000000000000000e+01 -1.229787451384258129e-01 -1.744352464302358630e-01
9.200000000000000000e+01 -1.240720048075354409e-01 -1.758895718852575840e-01
9.300000000000000000e+01 -1.243918989788862228e-01 -1.764948464219824042e-01
9.400000000000000000e+01 -1.239333004019887718e-01 -1.762441461536846665e-01
9.500000000000000000e+01 -1.227051680900418384e-01 -1.751431455056952080e-01
9.600000000000000000e+01 -1.207307695415719972e-01 -1.732094463223735892e-01
9.700000000000000000e+01 -1.180473734597543845e-01 -1.704719764428366813e-01
9.800000000000000000e+01 -1.147049418857809949e-01 -1.669705755729706531e-01
9.900000000000000000e+01 -1.107641016766237746e-01 -1.627554363342337829e-01
1.000000000000000000e+02 -1.062940794860610383e-01 -1.578860184671056488e-01
1.010000000000000000e+02 -1.013709306474333549e-01 -1.524294095004283811e-01
1.020000000000000000e+02 -9.607579328689186404e-02 -1.464584760616104431e-01
1.030000000000000000e+02 -9.049277674452932407e-02 -1.400501833099666027e-01
1.040000000000000000e+02 -8.470651734260715993e-02 -1.332841743817095859e-01
1.050000000000000000e+02 -7.879983973904318428e-02 -1.262414154259880184e-01
1.060000000000000000e+02 -7.285189357484193884e-02 -1.190026940056875537e-01
1.070000000000000000e+02 -6.693674352920779558e-02 -1.116469818373928558e-01
1.080000000000000000e+02 -6.112215517906685602e-02 -1.042498860034034164e-01
1.090000000000000000e+02 -5.546845145555115431e-02 -9.688241384102880271e-02
1.100000000000000000e+02 -5.002757975157251513e-02 -8.961009433975052063e-02
1.110000000000000000e+02 -4.484259791761364966e-02 -8.249232717333375431e-02
1.120000000000000000e+02 -3.994761556208271253e-02 -7.558181993916521235e-02
1.130000000000000000e+02 -3.536804162176269972e-02 -6.892409935525314890e-02
1.140000000000000000e+02 -3.112097892981884398e-02 -6.255719683478763726e-02
1.150000000000000000e+02 -2.721572996857777108e-02 -5.651160380610088796e-02
1.160000000000000000e+02 -2.365446571362905120e-02 -5.081048989658457776e-02
1.170000000000000000e+02 -2.043307670360124811e-02 -4.547008636191703090e-02
1.180000000000000000e+02 -1.754213847193848014e-02 -4.050013557700603978e-02
1.190000000000000000e+02 -1.496788828532004748e-02 -3.590437591736900941e-02
1.200000000000000000e+02 -1.269315067935418602e-02 -3.168109135429459516e-02
1.210000000000000000e+02 -1.069820621350449710e-02 -2.782375339473606990e-02
1.220000000000000000e+02 -8.961614074610801603e-03 -2.432173540442636450e-02
1.230000000000000000e+02 -7.460977045191463999e-03 -2.116104076891682506e-02
1.240000000000000000e+02 -6.173617290952247705e-03 -1.832499132734187117e-02
1.250000000000000000e+02 -5.077138397368469863e-03 -1.579485815387252773e-02
1.260000000000000000e+02 -4.149872397161430242e-03 -1.355044577565964886e-02
1.270000000000000000e+02 -3.371226311430889494e-03 -1.157064156627470031e-02
1.280000000000000000e+02 -2.721942088006453452e-03 -9.833923873497371279e-03
1.290000000000000000e+02 -2.184276280444464712e-03 -8.318809283891014789e-03
1.300000000000000000e+02 -1.742103343749381011e-03 -7.004223947666402342e-03
1.310000000000000000e+02 -1.380950875078897945e-03 -5.869799159414417628e-03
1.320000000000000000e+02 -1.087980309854825502e-03 -4.896102647767391208e-03
1.330000000000000000e+02 -8.519274033683271741e-04 -4.064817130509891172e-03
1.340000000000000000e+02 -6.630138670792357254e-04 -3.358871190561929336e-03
1.350000000000000000e+02 -5.128383523404574269e-04 -2.762523041479426032e-03
1.360000000000000000e+02 -3.942536482550461135e-04 -2.261399094248975686e-03
1.370000000000000000e+02 -3.012368266897587224e-04 -1.842493646878220212e-03
1.380000000000000000e+02 -2.287585842551490836e-04 -1.494138774082891643e-03
1.390000000000000000e+02 -1.726566536930037882e-04 -1.205952719229038675e-03
1.400000000000000000e+02 -1.295164586908451108e-04 -9.687724318712378959e-04
1.410000000000000000e+02 -9.656087891950747033e-05 -7.745738964963629026e-04
1.420000000000000000e+02 -7.155023077009448507e-05 -6.163835435628608160e-04
1.430000000000000000e+02 -5.269308831066279704e-05 -4.881845094730855863e-04
1.440000000000000000e+02 -3.856810653900316556e-05 -3.848216053850604212e-04
1.450000000000000000e+02 -2.805653613045959774e-05 -3.019081402940830832e-04
1.460000000000000000e+02 -2.028474187605393378e-05 -2.357366514457961862e-04
1.470000000000000000e+02 -1.457582052770971184e-05 -1.831947268736348986e-04
1.480000000000000000e+02 -1.040933698566519554e-05 -1.416866753317515650e-04
1.490000000000000000e+02 -7.388194088505912018e-06 -1.090616326110426703e-04
1.500000000000000000e+02 -5.211676310254583634e-06 -8.354852607892160289e-05
1.510000000000000000e+02 -3.653751861011161603e-06 -6.369805240514185693e-05
1.520000000000000000e+02 -2.545782854833490690e-06 -4.833152523133521944e-05
1.530000000000000000e+02 -1.762878012727894754e-06 -3.649622240877040743e-05
1.540000000000000000e+02 -1.213220252075712326e-06 -2.742674830996580235e-05
1.550000000000000000e+02 -8.297965753406822058e-07 -2.051189215198357305e-05
1.560000000000000000e+02 -5.640486449213331715e-07 -1.526645842715223589e-05
1.570000000000000000e+02 -3.810418724624756388e-07 -1.130754393636231652e-05
1.580000000000000000e+02 -2.558220181815994022e-07 -8.334734109435863638e-06
1.590000000000000000e+02 -1.706906351547475485e-07 -6.113704627587328796e-06
