0.000000000000000000e+00 -3.103630015287756951e-06 -1.661793800616786644e-05
1.000000000000000000e+00 -2.969132206201529018e-10 -1.992129484848506738e-09
2.000000000000000000e+00 -4.307695377255030418e-10 -2.682329935639249314e-09
3.000000000000000000e+00 -6.677159714383863147e-10 -3.932378019685729570e-09
4.000000000000000000e+00 -1.032159148333068544e-09 -5.749646498082807939e-09
5.000000000000000000e+00 -1.588133267344025482e-09 -8.360316105997593730e-09
6.000000000000000000e+00 -2.430501231795609069e-09 -1.208401935870991862e-08
7.000000000000000000e+00 -3.698038317776418307e-09 -1.737511714178073824e-08
8.000000000000000000e+00 -5.594236875453600355e-09 -2.488433167048461206e-08
9.000000000000000000e+00 -8.417924638232917025e-09 -3.553084747048184645e-08
1.000000000000000000e+01 -1.260540505313812832e-08 -5.057783475282434610e-08
1.100000000000000000e+01 -1.878592424940652449e-08 -7.171728160167693002e-08
1.200000000000000000e+01 -2.785542407047633722e-08 -1.011937328231517070e-07
1.300000000000000000e+01 -4.108002124941591014e-08 -1.420149987532976715e-07
1.400000000000000000e+01 -6.024683798715031637e-08 -1.982885883632022988e-07
1.500000000000000000e+01 -8.788018107607229194e-08 -2.756774564479366194e-07
1.600000000000000000e+01 -1.275345398183792045e-07 -3.819143383168557784e-07
1.700000000000000000e+01 -1.841710593132625004e-07 -5.273083380633205646e-07
1.800000000000000000e+01 -2.646353370415451580e-07 -7.252678939549613183e-07
1.900000000000000000e+01 -3.782867143649739761e-07 -9.930267897397074582e-07
2.000000000000000000e+01 -5.378653755866695673e-07 -1.352874988423464916e-06
2.100000000000000000e+01 -7.606913397207093165e-07 -1.834114754050890259e-06
2.200000000000000000e+01 -1.070254396961566734e-06 -2.475649971053519953e-06
2.300000000000000000e+01 -1.498210189310719337e-06 -3.328766155670448968e-06
2.400000000000000000e+01 -2.086814352653856543e-06 -4.459632437519217086e-06
2.500000000000000000e+01 -2.891942199899070076e-06 -5.951602729482107393e-06
2.600000000000000000e+01 -3.986997143446269069e-06 -7.908304516464642489e-06
2.700000000000000000e+01 -5.468070267970240702e-06 -1.045905932082889138e-05
2.800000000000000000e+01 -7.460586739768916658e-06 -1.376760318109627939e-05
2.900000000000000000e+01 -1.012744981804426413e-05 -1.804332410708950088e-05
3.000000000000000000e+01 -1.367861449745464172e-05 -2.355246130994392967e-05
3.100000000000000000e+01 -1.838227873248830739e-05 -3.062674562445332155e-05
3.200000000000000000e+01 -2.457836646112432856e-05 -3.966976758054646901e-05
3.300000000000000000e+01 -3.269529361049363606e-05 -5.116556364446819155e-05
3.400000000000000000e+01 -4.327077636025150842e-05 -6.569597664235447289e-05
3.500000000000000000e+01 -5.697669645457098021e-05 -8.397009273004613257e-05
3.600000000000000000e+01 -7.464733006502573146e-05 -1.068610780521951382e-04
3.700000000000000000e+01 -9.731027081117481063e-05 -1.354386751886726449e-04
3.800000000000000000e+01 -1.262203765944251536e-04 -1.709869193956560214e-04
3.900000000000000000e+01 -1.628984464204436325e-04 -2.150088741616112465e-04
4.000000000000000000e+01 -2.091768428937792329e-04 -2.692361929266782225e-04
4.100000000000000000e+01 -2.672528557020222560e-04 -3.356669392090471044e-04
4.200000000000000000e+01 -3.397474852088063456e-04 -4.166402090663862958e-04
4.300000000000000000e+01 -4.297646238087761872e-04 -5.149263471027787798e-04
4.400000000000000000e+01 -5.409462971832717463e-04 -6.337895228013403588e-04
4.500000000000000000e+01 -6.775247235104261447e-04 -7.769894831099437163e-04
4.600000000000000000e+01 -8.443779356222065515e-04 -9.487342392517699938e-04
4.700000000000000000e+01 -1.047095671028438167e-03 -1.153645304591079807e-03
4.800000000000000000e+01 -1.292052165803886593e-03 -1.396805785379524965e-03
4.900000000000000000e+01 -1.586468235899998270e-03 -1.683905583381968682e-03
5.000000000000000000e+01 -1.938441025263738533e-03 -2.021407200539389153e-03
5.100000000000000000e+01 -2.356935912508509399e-03 -2.416604038816379078e-03
5.200000000000000000e+01 -2.851761659745699444e-03 -2.877492559951379692e-03
5.300000000000000000e+01 -3.433559608640250269e-03 -3.412516464055165375e-03
5.400000000000000000e+01 -4.113810786064791246e-03 -4.030364302694008569e-03
5.500000000000000000e+01 -4.904817191341373853e-03 -4.739992252188671151e-03
5.600000000000000000e+01 -5.819593589859693716e-03 -5.550870624776688134e-03
5.700000000000000000e+01 -6.871648923102081918e-03 -6.473230066456416715e-03
5.800000000000000000e+01 -8.074715699663562868e-03 -7.518004241447655278e-03
5.900000000000000000e+01 -9.442522138585216288e-03 -8.696342073326280078e-03
6.000000000000000000e+01 -1.098863923647068301e-02 -1.001889815362091291e-02
6.100000000000000000e+01 -1.272631550011419678e-02 -1.149533705123742706e-02
6.200000000000000000e+01 -1.466815812174909577e-02 -1.313437330611612851e-02
6.300000000000000000e+01 -1.682561329242905981e-02 -1.494424030410645629e-02
6.400000000000000000e+01 -1.920837455546806766e-02 -1.693305921097021383e-02
6.500000000000000000e+01 -2.182392943813295932e-02 -1.910854802344251480e-02
6.600000000000000000e+01 -2.467732896286004701e-02 -2.147697671914974502e-02
6.700000000000000000e+01 -2.777102913291526129e-02 -2.404191308119319956e-02
6.800000000000000000e+01 -3.110454954508821632e-02 -2.680357564756460226e-02
6.900000000000000000e+01 -3.467386313780046470e-02 -2.975921217729684404e-02
7.000000000000000000e+01 -3.847073574034693549e-02 -3.290410174408343186e-02
7.100000000000000000e+01 -4.248236433580456634e-02 -3.623219985475564786e-02
7.200000000000000000e+01 -4.669145245334292704e-02 -3.973565250909143892e-02
7.300000000000000000e+01 -5.107649173991276464e-02 -4.340331556887530584e-02
7.400000000000000000e+01 -5.561186635197429284e-02 -4.721931766733884067e-02
7.500000000000000000e+01 -6.026764405050186180e-02 -5.116281286067524137e-02
7.600000000000000000e+01 -6.500933716331083745e-02 -5.520921090634998279e-02
7.700000000000000000e+01 -6.979807851895128423e-02 -5.933200256715341625e-02
7.800000000000000000e+01 -7.459137390066342133e-02 -6.350379495068263214e-02
7.900000000000000000e+01 -7.934413091656787598e-02 -6.769581078804610963e-02
8.000000000000000000e+01 -8.400948819981307603e-02 -7.187640614820164919e-02
8.100000000000000000e+01 -8.853926110300947006e-02 -7.601005290196008457e-02
8.200000000000000000e+01 -9.288428655636728204e-02 -8.005794665691674805e-02
8.300000000000000000e+01 -9.699511825747331173e-02 -8.398014148374549626e-02
8.400000000000000000e+01 -1.008232262856503525e-01 -8.773791106079914526e-02
8.500000000000000000e+01 -1.043223951370279012e-01 -9.129488882038071240e-02
8.600000000000000000e+01 -1.074498465485959342e-01 -9.461656494175924026e-02
8.700000000000000000e+01 -1.101668862016671746e-01 -9.766905908108269863e-02
8.800000000000000000e+01 -1.124392968030982209e-01 -1.004186426610779725e-01
8.900000000000000000e+01 -1.142378592365161510e-01 -1.028328261944237987e-01
9.000000000000000000e+01 -1.155391507806545898e-01 -1.048825359304185884e-01
9.100000000000000000e+01 -1.163264018091060281e-01 -1.065440491990144178e-01
9.200000000000000000e+01 -1.165900481151817686e-01 -1.077995947509669261e-01
9.300000000000000000e+01 -1.163278053402417994e-01 -1.086365884233867346e-01
9.400000000000000000e+01 -1.155444052623872120e-01 -1.090464635942123700e-01
9.500000000000000000e+01 -1.142512773909076795e-01 -1.090242062664621703e-01
9.600000000000000000e+01 -1.124663346346149173e-01 -1.085689851751694412e-01
9.700000000000000000e+01 -1.102137826241062907e-01 -1.076853297663956377e-01
9.800000000000000000e+01 -1.075237469870646001e-01 -1.063838973773058721e-01
9.900000000000000000e+01 -1.044315927543313233e-01 -1.046812294082286598e-01
1.000000000000000000e+02 -1.009769963921765268e-01 -1.025986495932412201e-01
1.010000000000000000e+02 -9.720295367002433629e-02 -1.001609898942986132e-01
1.020000000000000000e+02 -9.315487796361705819e-02 -9.739578743077820233e-02
1.030000000000000000e+02 -8.887981332111181965e-02 -9.433310863144195313e-02
1.040000000000000000e+02 -8.442567604548181781e-02 -9.100565493829715358e-02
1.050000000000000000e+02 -7.984043232250166711e-02 -8.744864609670546796e-02
1.060000000000000000e+02 -7.517120605239385744e-02 -8.369920468854742668e-02
1.070000000000000000e+02 -7.046340696547349902e-02 -7.979534424053141839e-02
1.080000000000000000e+02 -6.575999399617120378e-02 -7.577490614718500328e-02
1.090000000000000000e+02 -6.110092874989972445e-02 -7.167476611037669476e-02
1.100000000000000000e+02 -5.652278515601220910e-02 -6.753041300418816117e-02
1.110000000000000000e+02 -5.205843806763280068e-02 -6.337577251533740852e-02
1.120000000000000000e+02 -4.773678415303057865e-02 -5.924304992180812190e-02
1.130000000000000000e+02 -4.358251587436535318e-02 -5.516243161308390097e-02
1.140000000000000000e+02 -3.961600892153152587e-02 -5.116163996527575003e-02
1.150000000000000000e+02 -3.585336188807236590e-02 -4.726546959799422798e-02
1.160000000000000000e+02 -3.230656861263475621e-02 -4.349546685887077657e-02
1.170000000000000000e+02 -2.898376257629059136e-02 -3.986984249121802021e-02
1.180000000000000000e+02 -2.588948115093796243e-02 -3.640358802629357210e-02
1.190000000000000000e+02 -2.302493959198904233e-02 -3.310867965410226738e-02
1.200000000000000000e+02 -2.038833767526670310e-02 -2.999425022835455409e-02
1.210000000000000000e+02 -1.797521838942739078e-02 -2.706668238399577431e-02
1.220000000000000000e+02 -1.577886809329900539e-02 -2.432966578008894168e-02
1.230000000000000000e+02 -1.379072294691755136e-02 -2.178430546368404289e-02
1.240000000000000000e+02 -1.200074849420486832e-02 -1.942934146579080451e-02
1.250000000000000000e+02 -1.039778169267685341e-02 -1.726146989055035025e-02
1.260000000000000000e+02 -8.969844730540178085e-03 -1.527569805102836978e-02
1.270000000000000000e+02 -7.704442093016912463e-03 -1.346565993673935410e-02
1.280000000000000000e+02 -6.588840213315852283e-03 -1.182386025017154868e-02
1.290000000000000000e+02 -5.610317798487986750e-03 -1.034186797454026557e-02
1.300000000000000000e+02 -4.756375071050901460e-03 -9.010504983877027502e-03
1.310000000000000000e+02 -4.014899586741012272e-03 -7.820059907060947918e-03
1.320000000000000000e+02 -3.374295337876567682e-03 -6.760521626825786827e-03
1.330000000000000000e+02 -2.823583732401396210e-03 -5.821800811027611627e-03
1.340000000000000000e+02 -2.352480836745913118e-03 -4.993908729845882542e-03
1.350000000000000000e+02 -1.951450758968738090e-03 -4.267084236200140157e-03
1.360000000000000000e+02 -1.611734380331086153e-03 -3.631882468670298222e-03
1.370000000000000000e+02 -1.325355339526183927e-03 -3.079246669724138886e-03
1.380000000000000000e+02 -1.085107992034627490e-03 -2.600576017045970814e-03
1.390000000000000000e+02 -8.845326322974951180e-04 -2.187788023354202659e-03
1.400000000000000000e+02 -7.178817830269018565e-04 -1.833365727891874157e-03
1.410000000000000000e+02 -5.800795822489578698e-04 -1.530381925309345567e-03
1.420000000000000000e+02 -4.666755688620503472e-04 -1.272500806770457491e-03
1.430000000000000000e+02 -3.737944627763761319e-04 -1.053964220533586517e-03
1.440000000000000000e+02 -2.980840008288273505e-04 -8.695709253163150633e-04
1.450000000000000000e+02 -2.366628531665424104e-04 -7.146535826027271190e-04
1.460000000000000000e+02 -1.870700988951286140e-04 -5.850537424442755303e-04
1.470000000000000000e+02 -1.472170968890487285e-04 -4.770929907144165157e-04
1.480000000000000000e+02 -1.153421884071218211e-04 -3.875392786414012434e-04
1.490000000000000000e+02 -8.996854463923261553e-05 -3.135695575574300544e-04
1.500000000000000000e+02 -6.986545111735043456e-05 -2.527312116894598693e-04
1.510000000000000000e+02 -5.401324706800877853e-05 -2.029046202958085675e-04
1.520000000000000000e+02 -4.157198654759661173e-05 -1.622680275003828020e-04
1.530000000000000000e+02 -3.185372571589652408e-05 -1.292647827135297875e-04
1.540000000000000000e+02 -2.429822976083255217e-05 -1.025725758144655734e-04
1.550000000000000000e+02 -1.845184523424042402e-05 -8.107448019854663333e-05
1.560000000000000000e+02 -1.394927476327871158e-05 -6.383199038680077415e-05
1.570000000000000000e+02 -1.049798961843727095e-05 -5.006041327179695691e-05
1.580000000000000000e+02 -7.865012827887486526e-06 -3.910685719496198576e-05
1.590000000000000000e+02 -5.865803803607640420e-06 -3.043081133279641268e-05
