0.000000000000000000e+00 -4.296611884019524099e-07 -1.074200174024461103e-05
1.000000000000000000e+00 -3.610730662374702925e-10 -8.470698912768942788e-07
2.000000000000000000e+00 -5.445724698714240317e-10 -9.696272101533212470e-07
3.000000000000000000e+00 -8.685165147616270211e-10 -1.268667949054661275e-06
4.000000000000000000e+00 -1.378971827763364762e-09 -1.665489556280040313e-06
5.000000000000000000e+00 -2.175823032335110286e-09 -2.180217361189267904e-06
6.000000000000000000e+00 -3.411496630021651181e-09 -2.844789922551171466e-06
7.000000000000000000e+00 -5.316687534464498627e-09 -3.699825344319125336e-06
8.000000000000000000e+00 -8.238204154181085762e-09 -4.796136928610068530e-06
9.000000000000000000e+00 -1.269203965192829432e-08 -6.196984510489463126e-06
1.000000000000000000e+01 -1.943810114817765500e-08 -7.980822515211517186e-06
1.100000000000000000e+01 -2.958810357859405459e-08 -1.024459213707592283e-05
1.200000000000000000e+01 -4.476289373242406660e-08 -1.310763033187047680e-05
1.300000000000000000e+01 -6.731695525958797919e-08 -1.671626910103102002e-05
1.400000000000000000e+01 -1.006474274215825932e-07 -2.124920347927099570e-05
1.500000000000000000e+01 -1.496103676955966205e-07 -2.692372392241484158e-05
1.600000000000000000e+01 -2.210855124762983807e-07 -3.400293756193397023e-05
1.700000000000000000e+01 -3.247576811698049692e-07 -4.280413156747077722e-05
1.800000000000000000e+01 -4.742001947141935776e-07 -5.370844151492961890e-05
1.900000000000000000e+01 -6.883415526793809865e-07 -6.717196147411250943e-05
2.000000000000000000e+01 -9.933900290054244282e-07 -8.373837031220328212e-05
2.100000000000000000e+01 -1.425323846605381047e-06 -1.040530767520218402e-04
2.200000000000000000e+01 -2.033142409611135181e-06 -1.288788517781304724e-04
2.300000000000000000e+01 -2.883164058834637937e-06 -1.591129643215791764e-04
2.400000000000000000e+01 -4.064667617511702740e-06 -1.958059643245581261e-04
2.500000000000000000e+01 -5.697109892851480655e-06 -2.401823929021737122e-04
2.600000000000000000e+01 -7.939137790737532771e-06 -2.936637080548056477e-04
2.700000000000000000e+01 -1.099977685053528311e-05 -3.578934743510768339e-04
2.800000000000000000e+01 -1.515243942598147925e-05 -4.347643823745453570e-04
2.900000000000000000e+01 -2.075248785782587432e-05 -5.264461546846343175e-04
3.000000000000000000e+01 -2.825887845795630937e-05 -6.354132323287951280e-04
3.100000000000000000e+01 -3.826017758066936316e-05 -7.644716175176874493e-04
3.200000000000000000e+01 -5.150541231779943942e-05 -9.167852824888823686e-04
3.300000000000000000e+01 -6.894073766047949378e-05 -1.095903492819378690e-03
3.400000000000000000e+01 -9.175306345000973254e-05 -1.305790258510930576e-03
3.500000000000000000e+01 -1.214210895952365051e-04 -1.550855297462678910e-03
3.600000000000000000e+01 -1.597733174884378461e-04 -1.835982902069750820e-03
3.700000000000000000e+01 -2.090528438428928496e-04 -2.166552828580692747e-03
3.800000000000000000e+01 -2.719900797735370088e-04 -2.548448104918461538e-03
3.900000000000000000e+01 -3.518848361409167660e-04 -2.988049391177381719e-03
4.000000000000000000e+01 -4.526966813475972020e-04 -3.492222129215292667e-03
4.100000000000000000e+01 -5.791390339499732573e-04 -4.068306291244906496e-03
4.200000000000000000e+01 -7.367727429174638883e-04 -4.724114285321815397e-03
4.300000000000000000e+01 -9.321000171095402895e-04 -5.467930197486446653e-03
4.400000000000000000e+01 -1.172662997793506336e-03 -6.308489854567351368e-03
4.500000000000000000e+01 -1.467145241112466358e-03 -7.254917545783323533e-03
4.600000000000000000e+01 -1.825461846816191832e-03 -8.316609674017119008e-03
4.700000000000000000e+01 -2.258819914397722055e-03 -9.503084142854270264e-03
4.800000000000000000e+01 -2.779745208819675226e-03 -1.082383881743732151e-02
4.900000000000000000e+01 -3.402090098133991360e-03 -1.228826010216189056e-02
5.000000000000000000e+01 -4.141034798499042963e-03 -1.390558404988321423e-02
5.100000000000000000e+01 -5.013062376132798939e-03 -1.568485555517784569e-02
5.200000000000000000e+01 -6.035861154875187332e-03 -1.763479760978307193e-02
5.300000000000000000e+01 -7.228126917521472510e-03 -1.976353065132990805e-02
5.400000000000000000e+01 -8.609293405201119687e-03 -2.207817248538438554e-02
5.500000000000000000e+01 -1.019924920088097729e-02 -2.458444992752495048e-02
5.600000000000000000e+01 -1.201805340888537424e-02 -2.728648339837191211e-02
5.700000000000000000e+01 -1.408558190461248888e-02 -3.018681445837263777e-02
5.800000000000000000e+01 -1.642102204853286562e-02 -3.328656781446392987e-02
5.900000000000000000e+01 -1.904222790924498671e-02 -3.658549351095462254e-02
6.000000000000000000e+01 -2.196505741805646061e-02 -4.008165446664700704e-02
6.100000000000000000e+01 -2.520280056271816116e-02 -4.377074687613109749e-02
6.200000000000000000e+01 -2.876566532903239784e-02 -4.764534680016606349e-02
6.300000000000000000e+01 -3.266017639847020038e-02 -5.169453922973947513e-02
6.400000000000000000e+01 -3.688841450867994670e-02 -5.590422927524917041e-02
6.500000000000000000e+01 -4.144722604985224407e-02 -6.025799499200774900e-02
6.600000000000000000e+01 -4.632763151883204089e-02 -6.473789816994748869e-02
6.700000000000000000e+01 -5.151451940867400603e-02 -6.932458233277302706e-02
6.800000000000000000e+01 -5.698647402080281310e-02 -7.399641866007294899e-02
6.900000000000000000e+01 -6.271553457362681605e-02 -7.872819278612186444e-02
7.000000000000000000e+01 -6.866690037008942038e-02 -8.349034247444901691e-02
7.100000000000000000e+01 -7.479883937116527104e-02 -8.824959142389454669e-02
7.200000000000000000e+01 -8.106302876329191109e-02 -9.297095376218311724e-02
7.300000000000000000e+01 -8.740526719253573218e-02 -9.762004648576105836e-02
7.400000000000000000e+01 -9.376627491899508504e-02 -1.021642306095109504e-01
7.500000000000000000e+01 -1.000824016168481295e-01 -1.065717583149471404e-01
7.600000000000000000e+01 -1.062863712763960355e-01 -1.108095221231514688e-01
7.700000000000000000e+01 -1.123083412393726388e-01 -1.148412104481366658e-01
7.800000000000000000e+01 -1.180773568461736395e-01 -1.186276875557885080e-01
7.900000000000000000e+01 -1.235229664693920232e-01 -1.221300203956162123e-01
8.000000000000000000e+01 -1.285766853316922809e-01 -1.253136277998714576e-01
8.100000000000000000e+01 -1.331732364528852297e-01 -1.281509528161164368e-01
8.200000000000000000e+01 -1.372517636202765512e-01 -1.306208112655954101e-01
8.300000000000000000e+01 -1.407571980052821081e-01 -1.327048219761046977e-01
8.400000000000000000e+01 -1.436416971707434320e-01 -1.343835472752757387e-01
8.500000000000000000e+01 -1.458658762450495971e-01 -1.356354643974097551e-01
8.600000000000000000e+01 -1.473996377038777061e-01 -1.364400740172740378e-01
8.700000000000000000e+01 -1.482226639449250316e-01 -1.367834603502597612e-01
8.800000000000000000e+01 -1.483247707395360937e-01 -1.366625943359880690e-01
8.900000000000000000e+01 -1.477062005555278557e-01 -1.360852324134833868e-01
9.000000000000000000e+01 -1.463777275165811520e-01 -1.350652098711025428e-01
9.100000000000000000e+01 -1.443603963206051277e-01 -1.336162447646220275e-01
9.200000000000000000e+01 -1.416848717557922521e-01 -1.317486089390990378e-01
9.300000000000000000e+01 -1.383905506343506842e-01 -1.294711291996769320e-01
9.400000000000000000e+01 -1.345245989413238197e-01 -1.267971774190306267e-01
9.500000000000000000e+01 -1.301409387779599303e-01 -1.237503088559949449e-01
9.600000000000000000e+01 -1.252990961848759188e-01 -1.203652585487405835e-01
9.700000000000000000e+01 -1.200628559258724165e-01 -1.166831835955882551e-01
9.800000000000000000e+01 -1.144987987514678174e-01 -1.127441163312263989e-01
9.900000000000000000e+01 -1.086748702997684807e-01 -1.085816188727988518e-01
1.000000000000000000e+02 -1.026590767547647665e-01 -1.042230952843451186e-01
1.010000000000000000e+02 -9.651829375894858953e-02 -9.969519694171891100e-02
1.020000000000000000e+02 -9.031713182464312650e-02 -9.503014328144111789e-02
1.030000000000000000e+02 -8.411685592768147757e-02 -9.026817498952294239e-02
1.040000000000000000e+02 -7.797443208556030514e-02 -8.545416773505749852e-02
1.050000000000000000e+02 -7.194178120569968971e-02 -8.063059786476516055e-02
1.060000000000000000e+02 -6.606525635901792926e-02 -7.583156805065088824e-02
1.070000000000000000e+02 -6.038529598653001595e-02 -7.108172752583860610e-02
1.080000000000000000e+02 -5.493620292606713612e-02 -6.640039165736094651e-02
1.090000000000000000e+02 -4.974604484321708958e-02 -6.180757788655297236e-02
1.100000000000000000e+02 -4.483670518421292717e-02 -5.732755849647273166e-02
1.110000000000000000e+02 -4.022409838390071657e-02 -5.298753933202007826e-02
1.120000000000000000e+02 -3.591852009323263234e-02 -4.881261605719289243e-02
1.130000000000000000e+02 -3.192507953047586666e-02 -4.482066294570932058e-02
1.140000000000000000e+02 -2.824417580416831511e-02 -4.102060691120668762e-02
1.150000000000000000e+02 -2.487201004078958347e-02 -3.741497977980016987e-02
1.160000000000000000e+02 -2.180113707583257107e-02 -3.400468697194736906e-02
1.170000000000000000e+02 -1.902104702067096073e-02 -3.079265158213793235e-02
1.180000000000000000e+02 -1.651874872248350681e-02 -2.778411076712641870e-02
1.190000000000000000e+02 -1.427932526426659715e-02 -2.498384856127604595e-02
1.200000000000000000e+02 -1.228644639348659348e-02 -2.239268442380165647e-02
1.210000000000000000e+02 -1.052283785098126652e-02 -2.000576932626981289e-02
1.220000000000000000e+02 -8.970710449344370535e-03 -1.781372750138332170e-02
1.230000000000000000e+02 -7.612145095147336907e-03 -1.580566074207972321e-02
1.240000000000000000e+02 -6.429424986763206291e-03 -1.397193173149667393e-02
1.250000000000000000e+02 -5.405309298061329593e-03 -1.230508042942699345e-02
1.260000000000000000e+02 -4.523250290125429250e-03 -1.079869319241545146e-02
1.270000000000000000e+02 -3.767560808048593841e-03 -9.445406965030336832e-03
1.280000000000000000e+02 -3.123538695396908815e-03 -8.235599833392344415e-03
1.290000000000000000e+02 -2.577551760773620724e-03 -7.157608086119282911e-03
1.300000000000000000e+02 -2.117085698492826400e-03 -6.199165252349673680e-03
1.310000000000000000e+02 -1.730758802081996733e-03 -5.349008409759475197e-03
1.320000000000000000e+02 -1.408309355127844616e-03 -4.597667394039429284e-03
1.330000000000000000e+02 -1.140562109771081460e-03 -3.937150217487564788e-03
1.340000000000000000e+02 -9.193791343940006019e-04 -3.359989812193528002e-03
1.350000000000000000e+02 -7.375988629072197534e-04 -2.858423227253768881e-03
1.360000000000000000e+02 -5.889664848907250234e-04 -2.424224443742639418e-03
1.370000000000000000e+02 -4.680588160327402787e-04 -2.049179782863065971e-03
1.380000000000000000e+02 -3.702067823383881767e-04 -1.725781827866317833e-03
1.390000000000000000e+02 -2.914181996890366760e-04 -1.447664885541722615e-03
1.400000000000000000e+02 -2.283027794840604386e-04 -1.209568268204119995e-03
1.410000000000000000e+02 -1.780006223112936864e-04 -1.006953748235726734e-03
1.420000000000000000e+02 -1.381150703433246048e-04 -8.355859132104404442e-04
1.430000000000000000e+02 -1.066505825049577115e-04 -6.913301570548030647e-04
1.440000000000000000e+02 -8.195610126044838991e-05 -5.702232086308716037e-04
1.450000000000000000e+02 -6.267412629564392246e-05 -4.686866921466233864e-04
1.460000000000000000e+02 -4.769545347986245621e-05 -3.836974936218389971e-04
1.470000000000000000e+02 -3.611935039120497379e-05 -3.128030338992373195e-04
1.480000000000000000e+02 -2.721884215747522498e-05 -2.539942575546862450e-04
1.490000000000000000e+02 -2.041073637157123224e-05 -2.055329281944964391e-04
1.500000000000000000e+02 -1.522998652907645534e-05 -1.658316953001861248e-04
1.510000000000000000e+02 -1.130796733082935860e-05 -1.334266670488877711e-04
1.520000000000000000e+02 -8.354220155306475942e-06 -1.070158666793608239e-04
1.530000000000000000e+02 -6.141234662978404705e-06 -8.550590770503451084e-05
1.540000000000000000e+02 -4.491857581268952763e-06 -6.802241175064291997e-05
1.550000000000000000e+02 -3.268955334459466596e-06 -5.387600093844150100e-05
1.560000000000000000e+02 -2.366993025687991880e-06 -4.250596107428066537e-05
1.570000000000000000e+02 -1.705226694107363387e-06 -3.343132566369549962e-05
1.580000000000000000e+02 -1.222239874433627437e-06 -2.622653755227662679e-05
1.590000000000000000e+02 -8.715893955648954976e-07 -2.051990382285552141e-05
