0.000000000000000000e+00 -6.112869556642853592e-07 -5.706766198614966133e-05
1.000000000000000000e+00 -6.788983170984687827e-13 -3.995854876338311354e-07
2.000000000000000000e+00 -1.212948280712042618e-12 -4.618758406636564036e-07
3.000000000000000000e+00 -2.209612492020095474e-12 -6.050302789413345692e-07
4.000000000000000000e+00 -3.995207450224074705e-12 -7.990379507047556735e-07
5.000000000000000000e+00 -7.170955996058689242e-12 -1.053518374074527575e-06
6.000000000000000000e+00 -1.277719075471215273e-11 -1.384819526231503167e-06
7.000000000000000000e+00 -2.259179747549983770e-11 -1.814281371049353659e-06
8.000000000000000000e+00 -3.962758986337269241e-11 -2.368926058807557577e-06
9.000000000000000000e+00 -6.896394798912065366e-11 -3.082686452671771797e-06
1.000000000000000000e+01 -1.191149260552403133e-10 -3.997973898839275459e-06
1.100000000000000000e+01 -2.042215690390661777e-10 -5.167585181002147025e-06
1.200000000000000000e+01 -3.475129978005201310e-10 -6.656982796542266067e-06
1.300000000000000000e+01 -5.867894076728883939e-10 -8.546995411497398975e-06
1.400000000000000000e+01 -9.831581603746824364e-10 -1.093700236161487651e-05
1.500000000000000000e+01 -1.634811506597922741e-09 -1.394868882011233908e-05
1.600000000000000000e+01 -2.698253383496511501e-09 -1.773047553147412349e-05
1.700000000000000000e+01 -4.420416858326730661e-09 -2.246272450210866950e-05
1.800000000000000000e+01 -7.187183269631152181e-09 -2.836379654341184952e-05
1.900000000000000000e+01 -1.159704201826809659e-08 -3.569700568306075273e-05
2.000000000000000000e+01 -1.857217023904620101e-08 -4.477851095442896511e-05
2.100000000000000000e+01 -2.952251775864594656e-08 -5.598622917903310067e-05
2.200000000000000000e+01 -4.658354102683206291e-08 -6.976992680641881726e-05
2.300000000000000000e+01 -7.295890837086789223e-08 -8.666269752463973716e-05
2.400000000000000000e+01 -1.134162773050024694e-07 -1.072939923018996977e-04
2.500000000000000000e+01 -1.750009349228465438e-07 -1.324042283757686286e-04
2.600000000000000000e+01 -2.680438220992404488e-07 -1.628608372056727580e-04
2.700000000000000000e+01 -4.075571565818439098e-07 -1.996755443537056814e-04
2.800000000000000000e+01 -6.151526924894518183e-07 -2.440227881851259333e-04
2.900000000000000000e+01 -9.216846183034839656e-07 -2.972594226320095429e-04
3.000000000000000000e+01 -1.370874873635658722e-06 -3.609460158083499189e-04
3.100000000000000000e+01 -2.024195505114199662e-06 -4.368699421573954433e-04
3.200000000000000000e+01 -2.967307613387941867e-06 -5.270700337633919645e-04
3.300000000000000000e+01 -4.318479322107829396e-06 -6.338620310854452093e-04
3.400000000000000000e+01 -6.239611621732478580e-06 -7.598638230492813428e-04
3.500000000000000000e+01 -8.950616984439718624e-06 -9.080197196549082920e-04
3.600000000000000000e+01 -1.274780927346245735e-05 -1.081623607289871258e-03
3.700000000000000000e+01 -1.802688753977920249e-05 -1.284341306960952792e-03
3.800000000000000000e+01 -2.531137525073700023e-05 -1.520232307145696730e-03
3.900000000000000000e+01 -3.528788982522326642e-05 -1.793770224611057054e-03
4.000000000000000000e+01 -4.884967725775283528e-05 -2.109860360710414957e-03
4.100000000000000000e+01 -6.714913025366594330e-05 -2.473852273033691485e-03
4.200000000000000000e+01 -9.165938995012936784e-05 -2.891545690979188069e-03
4.300000000000000000e+01 -1.242457333221165321e-04 -3.369188984713109621e-03
4.400000000000000000e+01 -1.672486275107232831e-04 -3.913469977061074558e-03
4.500000000000000000e+01 -2.235798156154568275e-04 -4.531498733979696589e-03
4.600000000000000000e+01 -2.968299762586855189e-04 -5.230781443496345870e-03
4.700000000000000000e+01 -3.913844529979668748e-04 -6.019184386638545305e-03
4.800000000000000000e+01 -5.125453186703108352e-04 -6.904887573366067476e-03
4.900000000000000000e+01 -6.666610181713037960e-04 -7.896328005077151574e-03
5.000000000000000000e+01 -8.612626986341778614e-04 -9.002131465490822992e-03
5.100000000000000000e+01 -1.105198702973020017e-03 -1.023102925610520041e-02
5.200000000000000000e+01 -1.408754611293986910e-03 -1.159175471677043219e-02
5.300000000000000000e+01 -1.783752325229766723e-03 -1.309291698486780668e-02
5.400000000000000000e+01 -2.243629614471767762e-03 -1.474285699200474087e-02
5.500000000000000000e+01 -2.803496488743105822e-03 -1.654949872158660920e-02
5.600000000000000000e+01 -3.480148844447375489e-03 -1.852020927117908194e-02
5.700000000000000000e+01 -4.292014925251794698e-03 -2.066166933579480572e-02
5.800000000000000000e+01 -5.259027668198064907e-03 -2.297973648304947256e-02
5.900000000000000000e+01 -6.402434246169733285e-03 -2.547927247041425688e-02
6.000000000000000000e+01 -7.744544209520709717e-03 -2.816391827777240536e-02
6.100000000000000000e+01 -9.308389683866973713e-03 -3.103583650847328151e-02
6.200000000000000000e+01 -1.111726865607141554e-02 -3.409547775258378599e-02
6.300000000000000000e+01 -1.319418000879786675e-02 -3.734143182614928919e-02
6.400000000000000000e+01 -1.556119117657582367e-02 -4.077037902938006331e-02
6.500000000000000000e+01 -1.823875990006534539e-02 -4.437708239530534227e-02
6.600000000000000000e+01 -2.124498727791344910e-02 -4.815431559280184542e-02
6.700000000000000000e+01 -2.459478166101233473e-02 -5.209265469895810186e-02
6.800000000000000000e+01 -2.829897336717716524e-02 -5.618017393284981120e-02
6.900000000000000000e+01 -3.236346186627566540e-02 -6.040220339196311627e-02
7.000000000000000000e+01 -3.678844039851217329e-02 -6.474132926466454052e-02
7.100000000000000000e+01 -4.156767917112080130e-02 -6.917769403661468142e-02
7.200000000000000000e+01 -4.668785375235307011e-02 -7.368944804795704573e-02
7.300000000000000000e+01 -5.212797985165418951e-02 -7.825306764583420116e-02
7.400000000000000000e+01 -5.785905433717909024e-02 -8.284332497290350372e-02
7.500000000000000000e+01 -6.384394432251598583e-02 -8.743296468733212368e-02
7.600000000000000000e+01 -7.003748698735054456e-02 -9.199243448874543094e-02
7.700000000000000000e+01 -7.638676868992284874e-02 -9.649008752973434189e-02
7.800000000000000000e+01 -8.283162610186031727e-02 -1.008930133509425703e-01
7.900000000000000000e+01 -8.930543844661249786e-02 -1.051682030783563232e-01
8.000000000000000000e+01 -9.573621041476251814e-02 -1.092834489088031075e-01
8.100000000000000000e+01 -1.020478670558181700e-01 -1.132075004472187785e-01
8.200000000000000000e+01 -1.081616899230079670e-01 -1.169095321188655945e-01
8.300000000000000000e+01 -1.139978885333904068e-01 -1.203585534711933136e-01
8.400000000000000000e+01 -1.194773187704684103e-01 -1.235235522192512786e-01
8.500000000000000000e+01 -1.245233010236284216e-01 -1.263746996353418972e-01
8.600000000000000000e+01 -1.290634341825050713e-01 -1.288851458452158205e-01
8.700000000000000000e+01 -1.330313160265575168e-01 -1.310323879837647087e-01
8.800000000000000000e+01 -1.363681351397936503e-01 -1.327983829346965350e-01
8.900000000000000000e+01 -1.390241186239834503e-01 -1.341684415697879662e-01
9.000000000000000000e+01 -1.409597889127419679e-01 -1.351298714967989478e-01
9.100000000000000000e+01 -1.421469564288564968e-01 -1.356715970055308307e-01
9.200000000000000000e+01 -1.425693938331103749e-01 -1.357853021923139669e-01
9.300000000000000000e+01 -1.422231807981440832e-01 -1.354674666054092314e-01
9.400000000000000000e+01 -1.411167313204415297e-01 -1.347208784583655838e-01
9.500000000000000000e+01 -1.392705096952114863e-01 -1.335544678837848609e-01
9.600000000000000000e+01 -1.367164337485095305e-01 -1.319814736808773981e-01
9.700000000000000000e+01 -1.334969763513064733e-01 -1.300171843299247620e-01
9.800000000000000000e+01 -1.296640015733530882e-01 -1.276778287495974606e-01
9.900000000000000000e+01 -1.252773901130503353e-01 -1.249813359032093257e-01
1.000000000000000000e+02 -1.204035109283275590e-01 -1.219492501723944827e-01
1.010000000000000000e+02 -1.151135892619728901e-01 -1.186081664320505075e-01
1.020000000000000000e+02 -1.094820173711869987e-01 -1.149893562013153125e-01
1.030000000000000000e+02 -1.035846583563806433e-01 -1.111265773733259715e-01
1.040000000000000000e+02 -9.749720009946070964e-02 -1.070533955783480873e-01
1.050000000000000000e+02 -9.129361517968105633e-02 -1.028016837785915572e-01
1.060000000000000000e+02 -8.504476981377298572e-02 -9.840206108636438687e-02
1.070000000000000000e+02 -7.881720830052678373e-02 -9.388558134890623297e-02
1.080000000000000000e+02 -7.267213044503412211e-02 -8.928508758908307308e-02
1.090000000000000000e+02 -6.666457892662666640e-02 -8.463496415693158581e-02
1.100000000000000000e+02 -6.084285109242184436e-02 -7.996926347933182300e-02
1.110000000000000000e+02 -5.524813750024981651e-02 -7.531939064949191853e-02
1.120000000000000000e+02 -4.991437336676400605e-02 -7.071280571456661779e-02
1.130000000000000000e+02 -4.486828045751848487e-02 -6.617339977592545663e-02
1.140000000000000000e+02 -4.012957820716490237e-02 -6.172297554483495430e-02
1.150000000000000000e+02 -3.571134497438249733e-02 -5.738254371817715083e-02
1.160000000000000000e+02 -3.162050587347001174e-02 -5.317242077223682112e-02
1.170000000000000000e+02 -2.785841616247940189e-02 -4.911109670599576177e-02
1.180000000000000000e+02 -2.442150725072897086e-02 -4.521375267566128675e-02
1.190000000000000000e+02 -2.130196778231943644e-02 -4.149149566918323290e-02
1.200000000000000000e+02 -1.848843857670282378e-02 -3.795178021785673012e-02
1.210000000000000000e+02 -1.596670212813312492e-02 -3.459961960753110688e-02
1.220000000000000000e+02 -1.372034681041777067e-02 -3.143870422571223150e-02
1.230000000000000000e+02 -1.173138799412794253e-02 -2.847174348219998902e-02
1.240000000000000000e+02 -9.980834018843382643e-03 -2.570000053114335908e-02
1.250000000000000000e+02 -8.449190783004593974e-03 -2.312257022141395169e-02
1.260000000000000000e+02 -7.116901660168681136e-03 -2.073605915631374086e-02
1.270000000000000000e+02 -5.964720463635338199e-03 -1.853495503968966701e-02
1.280000000000000000e+02 -4.974016847242290588e-03 -1.651245420526622348e-02
1.290000000000000000e+02 -4.127016474156595775e-03 -1.466123828755079399e-02
1.300000000000000000e+02 -3.406980951898060800e-03 -1.297380998741796444e-02
1.310000000000000000e+02 -2.798333648275355343e-03 -1.144236445710320425e-02
1.320000000000000000e+02 -2.286737501456118874e-03 -1.005848898796493120e-02
1.330000000000000000e+02 -1.859130951528377429e-03 -8.813039757128189947e-03
1.340000000000000000e+02 -1.503728500614196547e-03 -7.696349814142926585e-03
1.350000000000000000e+02 -1.209992641367003789e-03 -6.698658503636560103e-03
1.360000000000000000e+02 -9.685835478924803739e-04 -5.810514254026681764e-03
1.370000000000000000e+02 -7.712921701736666358e-04 -5.022960642200994565e-03
1.380000000000000000e+02 -6.109616279845449336e-04 -4.327490625774030493e-03
1.390000000000000000e+02 -4.814012210316217242e-04 -3.715902277737057405e-03
1.400000000000000000e+02 -3.772968240353095524e-04 -3.180216417500108736e-03
1.410000000000000000e+02 -2.941207954854393840e-04 -2.712730528898048624e-03
1.420000000000000000e+02 -2.280438409913373727e-04 -2.306167352466777145e-03
1.430000000000000000e+02 -1.758506560786406256e-04 -1.953815434139512339e-03
1.440000000000000000e+02 -1.348606757197868395e-04 -1.649581269655881833e-03
1.450000000000000000e+02 -1.028548430242885351e-04 -1.387943970104771243e-03
1.460000000000000000e+02 -7.800894047854441008e-05 -1.163864261890973015e-03
1.470000000000000000e+02 -5.883370306741994018e-05 -9.727122260565948097e-04
1.480000000000000000e+02 -4.412167461806562705e-05 -8.102461324926899227e-04
1.490000000000000000e+02 -3.290058028452498063e-05 -6.726303283562988728e-04
1.500000000000000000e+02 -2.439285616316183683e-05 -5.564556937534988462e-04
1.510000000000000000e+02 -1.798088487702092443e-05 -4.587325199051751163e-04
1.520000000000000000e+02 -1.317742668206138135e-05 -3.768504584164503873e-04
1.530000000000000000e+02 -9.600707297380271142e-06 -3.085222279226044941e-04
1.540000000000000000e+02 -6.953620680291103476e-06 -2.517334308328818184e-04
1.550000000000000000e+02 -5.006522294863325656e-06 -2.047109313963894135e-04
1.560000000000000000e+02 -3.583118329848507572e-06 -1.659074385951234045e-04
1.570000000000000000e+02 -2.548992966472769503e-06 -1.339910556965832216e-04
1.580000000000000000e+02 -1.802359786003251248e-06 -1.078295474239756571e-04
1.590000000000000000e+02 -1.266668150591340341e-06 -8.646638622892183256e-05
