0.000000000000000000e+00 -1.524026551658406396e-03 -2.207187366056401141e-05
1.000000000000000000e+00 -4.345319962542699890e-04 -9.018147827003244145e-09
2.000000000000000000e+00 -3.470183612837061753e-04 -1.161133576550727326e-08
3.000000000000000000e+00 -3.633172895371785662e-04 -1.661964420496097767e-08
4.000000000000000000e+00 -4.058621588608036330e-04 -2.383138781148714120e-08
5.000000000000000000e+00 -4.596669902771709877e-04 -3.405596035836818966e-08
6.000000000000000000e+00 -5.214614929120799406e-04 -4.844920186736826988e-08
7.000000000000000000e+00 -5.910624574989103378e-04 -6.858352054504529973e-08
8.000000000000000000e+00 -6.693844727153818938e-04 -9.660884241052379321e-08
9.000000000000000000e+00 -7.578046676055304794e-04 -1.354812365111974364e-07
1.000000000000000000e+01 -8.578276541486559497e-04 -1.892466463244992090e-07
1.100000000000000000e+01 -9.708333230606296192e-04 -2.633631482753460405e-07
1.200000000000000000e+01 -1.097899783381726295e-03 -3.650690694155475185e-07
1.300000000000000000e+01 -1.239746395309422253e-03 -5.038577248735838459e-07
1.400000000000000000e+01 -1.396830592011507688e-03 -6.921699253074192554e-07
1.500000000000000000e+01 -1.569588694602361105e-03 -9.464118458147735236e-07
1.600000000000000000e+01 -1.758759385957725562e-03 -1.288323203338231277e-06
1.700000000000000000e+01 -1.965690044651023736e-03 -1.746604005318201855e-06
1.800000000000000000e+01 -2.192515398687655288e-03 -2.358669502634645025e-06
1.900000000000000000e+01 -2.442122072621594198e-03 -3.172543337184816753e-06
2.000000000000000000e+01 -2.717871100006673691e-03 -4.249191947637264837e-06
2.100000000000000000e+01 -3.023132494680215183e-03 -5.665846023982162451e-06
2.200000000000000000e+01 -3.360766960726951393e-03 -7.520778132664709883e-06
2.300000000000000000e+01 -3.732735513902124894e-03 -9.939518767614210988e-06
2.400000000000000000e+01 -4.139999713906936281e-03 -1.308187983638672239e-05
2.500000000000000000e+01 -4.582789641906640128e-03 -1.714899031293647884e-05
2.600000000000000000e+01 -5.061191334563305486e-03 -2.239026420269267317e-05
2.700000000000000000e+01 -5.575885962609225012e-03 -2.911157427546645770e-05
2.800000000000000000e+01 -6.128801484568009543e-03 -3.768687199255982186e-05
2.900000000000000000e+01 -6.723437875509431956e-03 -4.857490781619124492e-05
3.000000000000000000e+01 -7.364704901389341335e-03 -6.234036669900171938e-05
3.100000000000000000e+01 -8.058255482295904881e-03 -7.967610101889478812e-05
3.200000000000000000e+01 -8.809474745114719355e-03 -1.014226967889930465e-04
3.300000000000000000e+01 -9.622436083315585170e-03 -1.285848369346195635e-04
3.400000000000000000e+01 -1.049919167201482893e-02 -1.623493340686903001e-04
3.500000000000000000e+01 -1.143968311927870928e-02 -2.041129109984054016e-04
3.600000000000000000e+01 -1.244235562066489491e-02 -2.555245779174903677e-04
3.700000000000000000e+01 -1.350531195621134870e-02 -3.185379938769342329e-04
3.800000000000000000e+01 -1.462764489551076665e-02 -3.954599687991555050e-04
3.900000000000000000e+01 -1.581050457451065386e-02 -4.889813404166299836e-04
4.000000000000000000e+01 -1.705751340490202148e-02 -6.021896001707755354e-04
4.100000000000000000e+01 -1.837432296338448526e-02 -7.385812451389047080e-04
4.200000000000000000e+01 -1.976737687293952245e-02 -9.020997855314896383e-04
4.300000000000000000e+01 -2.124222973440878862e-02 -1.097210472698483810e-03
4.400000000000000000e+01 -2.280197054940058185e-02 -1.328990534874795659e-03
4.500000000000000000e+01 -2.444630934953474083e-02 -1.603188635523745140e-03
4.600000000000000000e+01 -2.617167562140685494e-02 -1.926216251022671959e-03
4.700000000000000000e+01 -2.797232078948647810e-02 -2.305080003561033562e-03
4.800000000000000000e+01 -2.984206196803803474e-02 -2.747315717927305452e-03
4.900000000000000000e+01 -3.177608694112257076e-02 -3.260993934743454305e-03
5.000000000000000000e+01 -3.377222223888112773e-02 -3.854810039184665676e-03
5.100000000000000000e+01 -3.583123320555722802e-02 -4.538183479003676454e-03
5.200000000000000000e+01 -3.795602433441698509e-02 -5.321244932351950133e-03
5.300000000000000000e+01 -4.014996717164504014e-02 -6.214644147748221714e-03
5.400000000000000000e+01 -4.241489917494607048e-02 -7.229241588798317360e-03
5.500000000000000000e+01 -4.474948353622017899e-02 -8.375851396435709043e-03
5.600000000000000000e+01 -4.714850591083079301e-02 -9.665176322494630975e-03
5.700000000000000000e+01 -4.960333244988112539e-02 -1.110790982024408187e-02
5.800000000000000000e+01 -5.210331754280551203e-02 -1.271479919258165781e-02
5.900000000000000000e+01 -5.463762603973142118e-02 -1.449643363756130884e-02
6.000000000000000000e+01 -5.719684297842971693e-02 -1.646270383534740797e-02
6.100000000000000000e+01 -5.977387568653019095e-02 -1.862215003508077907e-02
6.200000000000000000e+01 -6.236392039968935430e-02 -2.098154104508618417e-02
6.300000000000000000e+01 -6.496357511028247322e-02 -2.354586527962586329e-02
6.400000000000000000e+01 -6.756945776460922259e-02 -2.631856608095543143e-02
6.500000000000000000e+01 -7.017685546451918333e-02 -2.930160688267638425e-02
6.600000000000000000e+01 -7.277890425135516428e-02 -3.249504867022184884e-02
6.700000000000000000e+01 -7.536655725019847374e-02 -3.589622326193527696e-02
6.800000000000000000e+01 -7.792923969957327168e-02 -3.949896855374662730e-02
6.900000000000000000e+01 -8.045580228827289848e-02 -4.329340994576371532e-02
7.000000000000000000e+01 -8.293532305411731309e-02 -4.726636992679176391e-02
7.100000000000000000e+01 -8.535747845722843619e-02 -5.140198305276133528e-02
7.200000000000000000e+01 -8.771247382884646282e-02 -5.568192561131929397e-02
7.300000000000000000e+01 -8.999073696961322477e-02 -6.008501104220791839e-02
7.400000000000000000e+01 -9.218265957335659844e-02 -6.458648490588997371e-02
7.500000000000000000e+01 -9.427862613235367395e-02 -6.915767930461309831e-02
7.600000000000000000e+01 -9.626943041667425371e-02 -7.376646013506760191e-02
7.700000000000000000e+01 -9.814697316975681818e-02 -7.837829822873511321e-02
7.800000000000000000e+01 -9.990492033324961663e-02 -8.295732699950762734e-02
7.900000000000000000e+01 -1.015388966555043349e-01 -8.746681567593195261e-02
8.000000000000000000e+01 -1.030459114379196073e-01 -9.186902906546053071e-02
8.100000000000000000e+01 -1.044230609199919280e-01 -9.612499584691525101e-02
8.200000000000000000e+01 -1.056659609542103112e-01 -1.001948026115890011e-01
8.300000000000000000e+01 -1.067675991885956993e-01 -1.040386051594752864e-01
8.400000000000000000e+01 -1.077182139314961234e-01 -1.076179788184130071e-01
8.500000000000000000e+01 -1.085064427136094162e-01 -1.108969936626498926e-01
8.600000000000000000e+01 -1.091215043440159765e-01 -1.138426668965958344e-01
8.700000000000000000e+01 -1.095557662483377381e-01 -1.164249542121787578e-01
8.800000000000000000e+01 -1.098068296579986364e-01 -1.186167609899293623e-01
8.900000000000000000e+01 -1.098783121651737416e-01 -1.203943494315230234e-01
9.000000000000000000e+01 -1.097788531389587985e-01 -1.217381249023362921e-01
9.100000000000000000e+01 -1.095194625941093153e-01 -1.226334522739488397e-01
9.200000000000000000e+01 -1.091099929113611561e-01 -1.230711298059661285e-01
9.300000000000000000e+01 -1.085559511665876997e-01 -1.230474001172376652e-01
9.400000000000000000e+01 -1.078568522770859961e-01 -1.225636658775214188e-01
9.500000000000000000e+01 -1.070068071356905653e-01 -1.216261844764853217e-01
9.600000000000000000e+01 -1.059972469131673228e-01 -1.202459074003031647e-01
9.700000000000000000e+01 -1.048209235927947264e-01 -1.184384378860717235e-01
9.800000000000000000e+01 -1.034758689334926846e-01 -1.162239589755419134e-01
9.900000000000000000e+01 -1.019679708381976413e-01 -1.136269911487218093e-01
1.000000000000000000e+02 -1.003112334086309343e-01 -1.106759286772033835e-01
1.010000000000000000e+02 -9.852551771429751692e-02 -1.074023997444020218e-01
1.020000000000000000e+02 -9.663241134635584817e-02 -1.038405508219747003e-01
1.030000000000000000e+02 -9.465056165923513287e-02 -1.000263623192433060e-01
1.040000000000000000e+02 -9.259204989834277089e-02 -9.599706677082479878e-02
1.050000000000000000e+02 -9.046104797114587481e-02 -9.179067445927642510e-02
1.060000000000000000e+02 -8.825519818445574927e-02 -8.744554178590330240e-02
1.070000000000000000e+02 -8.596920608172307909e-02 -8.299988895310843329e-02
1.080000000000000000e+02 -8.359940007633083481e-02 -7.849121603981346063e-02
1.090000000000000000e+02 -8.114773020122592606e-02 -7.395566032840572568e-02
1.100000000000000000e+02 -7.862390356729134777e-02 -6.942741436573945935e-02
1.110000000000000000e+02 -7.604498108224162778e-02 -6.493831860927315458e-02
1.120000000000000000e+02 -7.343258955150488987e-02 -6.051765187922607259e-02
1.130000000000000000e+02 -7.080868493717056011e-02 -5.619203611514451968e-02
1.140000000000000000e+02 -6.819127907986638482e-02 -5.198533440340895317e-02
1.150000000000000000e+02 -6.559153251033149334e-02 -4.791848145122556274e-02
1.160000000000000000e+02 -6.301311093725045498e-02 -4.400929080299390006e-02
1.170000000000000000e+02 -6.045389633310190025e-02 -4.027234515288535821e-02
1.180000000000000000e+02 -5.790935046514929241e-02 -3.671904701109866137e-02
1.190000000000000000e+02 -5.537633495481587148e-02 -3.335781619841234752e-02
1.200000000000000000e+02 -5.285613401069680362e-02 -3.019434530269559866e-02
1.210000000000000000e+02 -5.035576961689535586e-02 -2.723182177718963190e-02
1.220000000000000000e+02 -4.788729573096275893e-02 -2.447108879507805743e-02
1.230000000000000000e+02 -4.546541345661744837e-02 -2.191078792286990651e-02
1.240000000000000000e+02 -4.310426693328384129e-02 -1.954754880402568076e-02
1.250000000000000000e+02 -4.081449967452474570e-02 -1.737625473100962853e-02
1.260000000000000000e+02 -3.860150127694003674e-02 -1.539035597175078540e-02
1.270000000000000000e+02 -3.646531499583900021e-02 -1.358217275670583514e-02
1.280000000000000000e+02 -3.440208927345516504e-02 -1.194314543804131032e-02
1.290000000000000000e+02 -3.240646452223059498e-02 -1.046403050379455732e-02
1.300000000000000000e+02 -3.047405274222878338e-02 -9.135072135080165093e-03
1.310000000000000000e+02 -2.860323341861521415e-02 -7.946179095928389627e-03
1.320000000000000000e+02 -2.679578702038017471e-02 -6.887113062871480854e-03
1.330000000000000000e+02 -2.505629445462263447e-02 -5.947670578860268266e-03
1.340000000000000000e+02 -2.339061761708922590e-02 -5.117835008437353513e-03
1.350000000000000000e+02 -2.180403320094220082e-02 -4.387887585757500701e-03
1.360000000000000000e+02 -2.029964856572017556e-02 -3.748484307432251809e-03
1.370000000000000000e+02 -1.887757574853135556e-02 -3.190714112730029181e-03
1.380000000000000000e+02 -1.753504234801887482e-02 -2.706149771057324901e-03
1.390000000000000000e+02 -1.626729362800327303e-02 -2.286892715283944492e-03
1.400000000000000000e+02 -1.506890708926807675e-02 -1.925605952009166533e-03
1.410000000000000000e+02 -1.393506581458574603e-02 -1.615529498032801294e-03
1.420000000000000000e+02 -1.286241662602360947e-02 -1.350478193575753525e-03
1.430000000000000000e+02 -1.184931915939997638e-02 -1.124826852724110501e-03
1.440000000000000000e+02 -1.089550148578596542e-02 -9.334889535589322319e-04
1.450000000000000000e+02 -1.000131391627005761e-02 -7.718927158313224285e-04
1.460000000000000000e+02 -9.166869998250351537e-03 -6.359551976384995387e-04
1.470000000000000000e+02 -8.391361043696922775e-03 -5.220534135641091440e-04
1.480000000000000000e+02 -7.672736918119760219e-03 -4.269919453708159642e-04
1.490000000000000000e+02 -7.007801210156101857e-03 -3.479679376253995470e-04
1.500000000000000000e+02 -6.392629645751606200e-03 -2.825353236576743287e-04
1.510000000000000000e+02 -5.823134489153540365e-03 -2.285700167624947553e-04
1.520000000000000000e+02 -5.295584151726131540e-03 -1.842369901970535592e-04
1.530000000000000000e+02 -4.806935189350550024e-03 -1.479593762466921653e-04
1.540000000000000000e+02 -4.354914712289739871e-03 -1.183893897306007048e-04
1.550000000000000000e+02 -3.937874708676263567e-03 -9.438099136772008086e-05
1.560000000000000000e+02 -3.554502792849625111e-03 -7.496444607093386199e-05
1.570000000000000000e+02 -3.203502573849585037e-03 -5.932303452806133968e-05
1.580000000000000000e+02 -2.883347293818166925e-03 -4.677208707483879993e-05
1.590000000000000000e+02 -2.592169926908978461e-03 -3.674032896689305037e-05
