0.000000000000000000e+00 -9.862288262814562772e-07 -5.723951093385268229e-18
1.000000000000000000e+00 -1.284388628253403841e-09 -3.027657694352392133e-19
2.000000000000000000e+00 -1.892345988345623998e-09 -9.043271972064783338e-19
3.000000000000000000e+00 -2.935546731232988362e-09 -2.655005971764135881e-18
4.000000000000000000e+00 -4.534988248903005615e-09 -7.654012772137445170e-18
5.000000000000000000e+00 -6.965135902680784972e-09 -2.167234071729696034e-17
6.000000000000000000e+00 -1.063448654378378556e-08 -6.027060721150242949e-17
7.000000000000000000e+00 -1.614192336299892274e-08 -1.646424411560006197e-16
8.000000000000000000e+00 -2.435861706529471292e-08 -4.418151125299710356e-16
9.000000000000000000e+00 -3.654267479719865752e-08 -1.164767145768404473e-15
1.000000000000000000e+01 -5.449932084676553624e-08 -3.017018294810343024e-15
1.100000000000000000e+01 -8.080375421294041139e-08 -7.678933436508984114e-15
1.200000000000000000e+01 -1.191076718986084471e-07 -1.920655763812849601e-14
1.300000000000000000e+01 -1.745549272943145051e-07 -4.721370665408430051e-14
1.400000000000000000e+01 -2.543398645490842602e-07 -1.140779333914220950e-13
1.500000000000000000e+01 -3.684554363606197968e-07 -2.709546573773767793e-13
1.600000000000000000e+01 -5.306945936162323851e-07 -6.327037921401580847e-13
1.700000000000000000e+01 -7.599816776977015168e-07 -1.452652347195258157e-12
1.800000000000000000e+01 -1.082119217354493793e-06 -3.279670051437567938e-12
1.900000000000000000e+01 -1.532048981646469330e-06 -7.282102429187392659e-12
2.000000000000000000e+01 -2.156757638974675842e-06 -1.590353751129844512e-11
2.100000000000000000e+01 -3.019005701537243831e-06 -3.416602014394205387e-11
2.200000000000000000e+01 -4.202099762568230098e-06 -7.221266216767320717e-11
2.300000000000000000e+01 -5.815938516367741089e-06 -1.501780554895911314e-10
2.400000000000000000e+01 -8.004556513698713767e-06 -3.073483297556834521e-10
2.500000000000000000e+01 -1.095541946897207710e-05 -6.190772740905215922e-10
2.600000000000000000e+01 -1.491082373969627237e-05 -1.227462186020820008e-09
2.700000000000000000e+01 -2.018186569418664976e-05 -2.395970928986615816e-09
2.800000000000000000e+01 -2.716546167790446855e-05 -4.604975389107999336e-09
2.900000000000000000e+01 -3.636478290671629000e-05 -8.715832882108713429e-09
3.000000000000000000e+01 -4.841336075800303220e-05 -1.624766793474024502e-08
3.100000000000000000e+01 -6.410320638984760128e-05 -2.983594263057569391e-08
3.200000000000000000e+01 -8.441754713294656240e-05 -5.397869655865379634e-08
3.300000000000000000e+01 -1.105688847911019055e-04 -9.622934235614135951e-08
3.400000000000000000e+01 -1.440427324845566662e-04 -1.690693998558105196e-07
3.500000000000000000e+01 -1.866467732159410374e-04 -2.927965984527111802e-07
3.600000000000000000e+01 -2.405649246552783390e-04 -4.998998412740187867e-07
3.700000000000000000e+01 -3.084162261575334519e-04 -8.415688247167030650e-07
3.800000000000000000e+01 -3.933190065352343149e-04 -1.397207602010797962e-06
3.900000000000000000e+01 -4.989603846992414363e-04 -2.288090381363615470e-06
4.000000000000000000e+01 -6.296695892172051020e-04 -3.696612285750693844e-06
4.100000000000000000e+01 -7.904921557296887540e-04 -5.892939239503030505e-06
4.200000000000000000e+01 -9.872623329622303052e-04 -9.271232778494774347e-06
4.300000000000000000e+01 -1.226672709337412641e-03 -1.439799047499233891e-05
4.400000000000000000e+01 -1.516340755360905471e-03 -2.207536267640334876e-05
4.500000000000000000e+01 -1.864869776069591088e-03 -3.342253200037289927e-05
4.600000000000000000e+01 -2.281898153416804520e-03 -4.997831436899423049e-05
4.700000000000000000e+01 -2.778129654175621067e-03 -7.382799364606203358e-05
4.800000000000000000e+01 -3.365340762378494187e-03 -1.077569690619683954e-04
4.900000000000000000e+01 -4.056365052661320761e-03 -1.554330136952904672e-04
5.000000000000000000e+01 -4.865054133720224730e-03 -2.216177643403258570e-04
5.100000000000000000e+01 -5.806209043613120603e-03 -3.124064597426543096e-04
5.200000000000000000e+01 -6.895471458442552389e-03 -4.354929142215480174e-04
5.300000000000000000e+01 -8.149167207170772420e-03 -6.004542872568658035e-04
5.400000000000000000e+01 -9.584103568569792009e-03 -8.190474489056648582e-04
5.500000000000000000e+01 -1.121732713573186935e-02 -1.105505736928005496e-03
5.600000000000000000e+01 -1.306584433171071279e-02 -1.476821767019298459e-03
5.700000000000000000e+01 -1.514629762528240178e-02 -1.952998817588388544e-03
5.800000000000000000e+01 -1.747458954225784844e-02 -2.557250292546260715e-03
5.900000000000000000e+01 -2.006545794395040230e-02 -3.316123992379940624e-03
6.000000000000000000e+01 -2.293201920400116806e-02 -4.259525512438350550e-03
6.100000000000000000e+01 -2.608529694136883792e-02 -5.420613156941572926e-03
6.200000000000000000e+01 -2.953374268178975484e-02 -6.835535446989569712e-03
6.300000000000000000e+01 -3.328274628604083185e-02 -8.542981797963460772e-03
6.400000000000000000e+01 -3.733414087852283264e-02 -1.058351751487930821e-02
6.500000000000000000e+01 -4.168572358635939945e-02 -1.299867628599018360e-02
6.600000000000000000e+01 -4.633082151287783168e-02 -1.582978736215649371e-02
6.700000000000000000e+01 -5.125792334583570420e-02 -1.911652123973622830e-02
6.800000000000000000e+01 -5.645038249337167024e-02 -2.289514765487603298e-02
6.900000000000000000e+01 -6.188619531350867536e-02 -2.719651378392740071e-02
7.000000000000000000e+01 -6.753786949805433426e-02 -3.204376932203793771e-02
7.100000000000000000e+01 -7.337240679553208578e-02 -3.744988883831514015e-02
7.200000000000000000e+01 -7.935141793802003018e-02 -4.341507017973678106e-02
7.300000000000000000e+01 -8.543137260563091195e-02 -4.992411962819658794e-02
7.400000000000000000e+01 -9.156398049229638736e-02 -5.694396794453036176e-02
7.500000000000000000e+01 -9.769670497962797129e-02 -6.442149323958736018e-02
7.600000000000000000e+01 -1.037734141350520195e-01 -7.228185268074649450e-02
7.700000000000000000e+01 -1.097351627039386546e-01 -8.042754052626545358e-02
7.800000000000000000e+01 -1.155210827497404474e-01 -8.873838979183720777e-02
7.900000000000000000e+01 -1.210693590850773632e-01 -9.707271436298853251e-02
8.000000000000000000e+01 -1.263182794481037263e-01 -1.052697442309993292e-01
8.100000000000000000e+01 -1.312073545572164934e-01 -1.131534375782983354e-01
8.200000000000000000e+01 -1.356784817878801674e-01 -1.205376614512622402e-01
8.300000000000000000e+01 -1.396770963454818937e-01 -1.272326228993200803e-01
8.400000000000000000e+01 -1.431532537396883187e-01 -1.330523133051246254e-01
8.500000000000000000e+01 -1.460626253903557770e-01 -1.378226117088628411e-01
8.600000000000000000e+01 -1.483674230335463584e-01 -1.413895915297679051e-01
8.700000000000000000e+01 -1.500372502859378676e-01 -1.436275026171777158e-01
8.800000000000000000e+01 -1.510498235757675722e-01 -1.444458688691587500e-01
8.900000000000000000e+01 -1.513914787184973132e-01 -1.437951590063824281e-01
9.000000000000000000e+01 -1.510574292917763461e-01 -1.416705574087647190e-01
9.100000000000000000e+01 -1.500518252398393426e-01 -1.381134803101460584e-01
9.200000000000000000e+01 -1.483876821360710363e-01 -1.332106411548850122e-01
9.300000000000000000e+01 -1.460866826835366672e-01 -1.270906528675029568e-01
9.400000000000000000e+01 -1.431787727459018500e-01 -1.199183461431217318e-01
9.500000000000000000e+01 -1.397014891444904316e-01 -1.118871625067562048e-01
9.600000000000000000e+01 -1.356990652439873934e-01 -1.032101300834147167e-01
9.700000000000000000e+01 -1.312214457361873532e-01 -9.411003368120851587e-02
9.800000000000000000e+01 -1.263233037149002480e-01 -8.480943961857594082e-02
9.900000000000000000e+01 -1.210630327493187886e-01 -7.552122586050899478e-02
1.000000000000000000e+02 -1.155016268044272709e-01 -6.644020211896668748e-02
1.010000000000000000e+02 -1.097014373352506178e-01 -5.773629189295408082e-02
1.020000000000000000e+02 -1.037249240495042302e-01 -4.954960198194287291e-02
1.030000000000000000e+02 -9.763354436416678273e-02 -4.198754032398344105e-02
1.040000000000000000e+02 -9.148682055372051036e-02 -3.512397724262242976e-02
1.050000000000000000e+02 -8.534150385258088001e-02 -2.900029392814083146e-02
1.060000000000000000e+02 -7.925075563056234451e-02 -2.362803769655511671e-02
1.070000000000000000e+02 -7.326337762326272374e-02 -1.899281555323275791e-02
1.080000000000000000e+02 -6.742320856478611901e-02 -1.505901055668587216e-02
1.090000000000000000e+02 -6.176876294455299621e-02 -1.177489906564980690e-02
1.100000000000000000e+02 -5.633306922596269944e-02 -9.077777007875818469e-03
1.110000000000000000e+02 -5.114360325755915732e-02 -6.898762611497450889e-03
1.120000000000000000e+02 -4.622226646364385738e-02 -5.167021841370113278e-03
1.130000000000000000e+02 -4.158545224386978739e-02 -3.813250600686406665e-03
1.140000000000000000e+02 -3.724426677775086181e-02 -2.772334913589468829e-03
1.150000000000000000e+02 -3.320490353749930984e-02 -1.985188431569001599e-03
1.160000000000000000e+02 -2.946909729897718988e-02 -1.399829555873160439e-03
1.170000000000000000e+02 -2.603458261176416072e-02 -9.718050404468501439e-04
1.180000000000000000e+02 -2.289554268096156628e-02 -6.640924704737068921e-04
1.190000000000000000e+02 -2.004308228792670010e-02 -4.466219483101736246e-04
1.200000000000000000e+02 -1.746574540464441300e-02 -2.955508951366435204e-04
1.210000000000000000e+02 -1.515005097380488046e-02 -1.924092073420254328e-04
1.220000000000000000e+02 -1.308099690583788485e-02 -1.232093057152346951e-04
1.230000000000000000e+02 -1.124250413037625358e-02 -7.759078146971838436e-05
1.240000000000000000e+02 -9.617809200870951550e-03 -4.804549982954188286e-05
1.250000000000000000e+02 -8.189826409712542415e-03 -2.924828791723863299e-05
1.260000000000000000e+02 -6.941483588473491319e-03 -1.750187715517198699e-05
1.270000000000000000e+02 -5.856015920052342477e-03 -1.029292184743741745e-05
1.280000000000000000e+02 -4.917201824096942980e-03 -5.948371229810509110e-06
1.290000000000000000e+02 -4.109540960983052750e-03 -3.377538409418438670e-06
1.300000000000000000e+02 -3.418387495112259512e-03 -1.884017085050244002e-06
1.310000000000000000e+02 -2.830050726385233834e-03 -1.032269424114088026e-06
1.320000000000000000e+02 -2.331865879286145003e-03 -5.554797037981909923e-07
1.330000000000000000e+02 -1.912232406616515019e-03 -2.935318360114555365e-07
1.340000000000000000e+02 -1.560620115711940656e-03 -1.523003298648021992e-07
1.350000000000000000e+02 -1.267549431292464609e-03 -7.758065059680412761e-08
1.360000000000000000e+02 -1.024554345498694110e-03 -3.879385893338004596e-08
1.370000000000000000e+02 -8.241339585569747942e-04 -1.904061642968540292e-08
1.380000000000000000e+02 -6.596948762001207623e-04 -9.171918095991945681e-09
1.390000000000000000e+02 -5.254855873282521283e-04 -4.335661032668642374e-09
1.400000000000000000e+02 -4.165251659745095817e-04 -2.011045024169203848e-09
1.410000000000000000e+02 -3.285298457212360284e-04 -9.151989712363901350e-10
1.420000000000000000e+02 -2.578406583236090167e-04 -4.086033203259486271e-10
1.430000000000000000e+02 -2.013539010110413925e-04 -1.789488507864712111e-10
1.440000000000000000e+02 -1.564550510522029708e-04 -7.687164053215566614e-11
1.450000000000000000e+02 -1.209565084537800816e-04 -3.238807904156219403e-11
1.460000000000000000e+02 -9.303980205700735902e-05 -1.338186563412922256e-11
1.470000000000000000e+02 -7.120295164231340017e-05 -5.422265428090988825e-12
1.480000000000000000e+02 -5.421333333965820786e-05 -2.154671751486877292e-12
1.490000000000000000e+02 -4.106593506485062972e-05 -8.392743542841374275e-13
1.500000000000000000e+02 -3.094663572714385837e-05 -3.207170057586399831e-13
1.510000000000000000e+02 -2.320014005977601406e-05 -1.202414955814561358e-13
1.520000000000000000e+02 -1.730227313576051105e-05 -4.410932744110181354e-14
1.530000000000000000e+02 -1.283633344274677241e-05 -1.591829070723784775e-14
1.540000000000000000e+02 -9.473125082621336061e-06 4.306165620502913340e-15
1.550000000000000000e+02 -6.954224522360565901e-06 -1.948417958663245010e-15
1.560000000000000000e+02 -5.078043167334416987e-06 -6.743958079360669639e-16
1.570000000000000000e+02 -3.688301446258646874e-06 1.757913841086424900e-14
1.580000000000000000e+02 -2.664584659737076015e-06 1.775809902969649814e-14
1.590000000000000000e+02 -1.914679660538183957e-06 -2.738398137168831694e-17
