0.000000000000000000e+00 -1.476472726748057916e-06 -4.411027446070504084e-06
1.000000000000000000e+00 -2.228635329244914743e-09 -1.599465728374919741e-10
2.000000000000000000e+00 -3.240183570073644979e-09 -2.375762704306195259e-10
3.000000000000000000e+00 -4.879748847487595095e-09 -3.749354358048836308e-10
4.000000000000000000e+00 -7.320698076798327014e-09 -5.898243690253041985e-10
5.000000000000000000e+00 -1.092298907643279992e-08 -9.232788196741355650e-10
6.000000000000000000e+00 -1.620749260130139565e-08 -1.437264254388970873e-09
7.000000000000000000e+00 -2.391546860877404362e-08 -2.224111634592180136e-09
8.000000000000000000e+00 -3.509451139562496632e-08 -3.421281983935910775e-09
9.000000000000000000e+00 -5.121578587123577001e-08 -5.233311983519187933e-09
1.000000000000000000e+01 -7.433253896748107166e-08 -7.962855044673133063e-09
1.100000000000000000e+01 -1.072931308516072048e-07 -1.205307635138072738e-08
1.200000000000000000e+01 -1.540253482499759097e-07 -1.814579035280813028e-08
1.300000000000000000e+01 -2.199128028888453407e-07 -2.716389378023093606e-08
1.400000000000000000e+01 -3.122892820941496595e-07 -4.043081003667979449e-08
1.500000000000000000e+01 -4.410835938223018486e-07 -5.984078889687691690e-08
1.600000000000000000e+01 -6.196558018760226957e-07 -8.809190394054391338e-08
1.700000000000000000e+01 -8.658750601776325453e-07 -1.289940935422802238e-07
1.800000000000000000e+01 -1.203498730055008486e-06 -1.878754346777044098e-07
1.900000000000000000e+01 -1.663922458880156391e-06 -2.721315605192354681e-07
2.000000000000000000e+01 -2.288383177074647576e-06 -3.919831989638489555e-07
2.100000000000000000e+01 -3.130712996906298647e-06 -5.615088724074108183e-07
2.200000000000000000e+01 -4.260760568818004321e-06 -8.000049179530458035e-07
2.300000000000000000e+01 -5.768613689710717525e-06 -1.133721815543991964e-06
2.400000000000000000e+01 -7.769769939480633634e-06 -1.598067815285803135e-06
2.500000000000000000e+01 -1.041141294036720900e-05 -2.240453024699946350e-06
2.600000000000000000e+01 -1.387996654939356516e-05 -3.124011936401179541e-06
2.700000000000000000e+01 -1.841012060348777961e-05 -4.332431099431563776e-06
2.800000000000000000e+01 -2.429554251038804695e-05 -5.976039742548757494e-06
2.900000000000000000e+01 -3.190149553026410480e-05 -8.199299399833403807e-06
3.000000000000000000e+01 -4.167957099341516641e-05 -1.118994047972591929e-05
3.100000000000000000e+01 -5.418471902426676390e-05 -1.519018691651758142e-05
3.200000000000000000e+01 -7.009474940248304530e-05 -2.051061716117213115e-05
3.300000000000000000e+01 -9.023247349804646214e-05 -2.754713270709827978e-05
3.400000000000000000e+01 -1.155906434535390094e-04 -3.680135121978485215e-05
3.500000000000000000e+01 -1.473597815400866991e-04 -4.890470291784184385e-05
3.600000000000000000e+01 -1.869588783374733724e-04 -6.464660282092650836e-05
3.700000000000000000e+01 -2.360688161583156578e-04 -8.500710772043819526e-05
3.800000000000000000e+01 -2.966682918928895650e-04 -1.111943662820299544e-04
3.900000000000000000e+01 -3.710719621973468082e-04 -1.446871791390456983e-04
4.000000000000000000e+01 -4.619704387732426437e-04 -1.872832875249652107e-04
4.100000000000000000e+01 -5.724715561712923582e-04 -2.411541113437652511e-04
4.200000000000000000e+01 -7.061420510004637156e-04 -3.089056643995810852e-04
4.300000000000000000e+01 -8.670485521993238475e-04 -3.936434223914959648e-04
4.400000000000000000e+01 -1.059796674653662582e-03 -4.990380277194973128e-04
4.500000000000000000e+01 -1.289566968198342699e-03 -6.293909416999488851e-04
4.600000000000000000e+01 -1.562146329646894784e-03 -7.897030899531705611e-04
4.700000000000000000e+01 -1.883953155030519732e-03 -9.857498378317611741e-04
4.800000000000000000e+01 -2.262054134295809170e-03 -1.224158562777666629e-03
4.900000000000000000e+01 -2.704170420151320083e-03 -1.512475466358477547e-03
5.000000000000000000e+01 -3.218671014338063494e-03 -1.859207700433703316e-03
5.100000000000000000e+01 -3.814551395077313105e-03 -2.273840801701083186e-03
5.200000000000000000e+01 -4.501395381058128677e-03 -2.766847770456665710e-03
5.300000000000000000e+01 -5.289317997959818059e-03 -3.349703200354169769e-03
5.400000000000000000e+01 -6.188887019919797269e-03 -4.034887948567082543e-03
5.500000000000000000e+01 -7.211021192542297828e-03 -4.835842708849072240e-03
5.600000000000000000e+01 -8.366863787537414179e-03 -5.766838737567663020e-03
5.700000000000000000e+01 -9.667630696064251350e-03 -6.842783163239146010e-03
5.800000000000000000e+01 -1.112443258916073416e-02 -8.079016603370573618e-03
5.900000000000000000e+01 -1.274807109038665620e-02 -9.491138190342102848e-03
6.000000000000000000e+01 -1.454880977343857816e-02 -1.109481619455329575e-02
6.100000000000000000e+01 -1.653612190024214904e-02 -1.290549228691095091e-02
6.200000000000000000e+01 -1.871841756124167921e-02 -1.493793644189560753e-02
6.300000000000000000e+01 -2.110275325358956788e-02 -1.720572667137225051e-02
6.400000000000000000e+01 -2.369452787942842586e-02 -1.972078939416489068e-02
6.500000000000000000e+01 -2.649717139058798548e-02 -2.249305601968475815e-02
6.600000000000000000e+01 -2.951183476548532164e-02 -2.553013640864603556e-02
6.700000000000000000e+01 -3.273709031495847938e-02 -2.883685277440665995e-02
6.800000000000000000e+01 -3.616864892039122620e-02 -3.241460759994853336e-02
6.900000000000000000e+01 -3.979909906979853251e-02 -3.626075804466018931e-02
7.000000000000000000e+01 -4.361767581271610433e-02 -4.036821643228098722e-02
7.100000000000000000e+01 -4.761007499114153219e-02 -4.472531511610998434e-02
7.200000000000000000e+01 -5.175833123921815687e-02 -4.931574384350990992e-02
7.300000000000000000e+01 -5.604077031213957477e-02 -5.411834743635670492e-02
7.400000000000000000e+01 -6.043203246345532631e-02 -5.910680610442297506e-02
7.500000000000000000e+01 -6.490315979455599238e-02 -6.424946609405181308e-02
7.600000000000000000e+01 -6.942175551531332145e-02 -6.950956612996057882e-02
7.700000000000000000e+01 -7.395224226394780942e-02 -7.484581850400866265e-02
7.800000000000000000e+01 -7.845624227601612211e-02 -8.021305348100651877e-02
7.900000000000000000e+01 -8.289306716530263353e-02 -8.556269671994640169e-02
8.000000000000000000e+01 -8.722027179141017550e-02 -9.084316035843553738e-02
8.100000000000000000e+01 -9.139423765383028475e-02 -9.600044954212196002e-02
8.200000000000000000e+01 -9.537080389394207713e-02 -1.009791708120166831e-01
8.300000000000000000e+01 -9.910599773586654948e-02 -1.057237968623340185e-01
8.400000000000000000e+01 -1.025568755174848246e-01 -1.101798491546986392e-01
8.500000000000000000e+01 -1.056823975066238930e-01 -1.142948065811237313e-01
8.600000000000000000e+01 -1.084442238780539969e-01 -1.180188663269410854e-01
8.700000000000000000e+01 -1.108073951550982150e-01 -1.213058270338887856e-01
8.800000000000000000e+01 -1.127409769391980315e-01 -1.241141893339909180e-01
8.900000000000000000e+01 -1.142187636800299638e-01 -1.264082756027463394e-01
9.000000000000000000e+01 -1.152200065397770978e-01 -1.281590741920722309e-01
9.100000000000000000e+01 -1.157299922139773812e-01 -1.293447029951338423e-01
9.200000000000000000e+01 -1.157403299678391589e-01 -1.299506487995432669e-01
9.300000000000000000e+01 -1.152489996766429131e-01 -1.299700011630883500e-01
9.400000000000000000e+01 -1.142603603267661194e-01 -1.294037202654261809e-01
9.500000000000000000e+01 -1.127852290274627967e-01 -1.282607675752922283e-01
9.600000000000000000e+01 -1.108408974291587024e-01 -1.265579090370202164e-01
9.700000000000000000e+01 -1.084508422715083076e-01 -1.243191786906371749e-01
9.800000000000000000e+01 -1.056440663211190012e-01 -1.215751710840274613e-01
9.900000000000000000e+01 -1.024542902418644763e-01 -1.183623364072593498e-01
1.000000000000000000e+02 -9.891927291675085832e-02 -1.147223006705928861e-01
1.010000000000000000e+02 -9.508028566577923779e-02 -1.107010972576184388e-01
1.020000000000000000e+02 -9.098149258871915390e-02 -1.063482125059027478e-01
1.030000000000000000e+02 -8.666902335284218384e-02 -1.017154845487517056e-01
1.040000000000000000e+02 -8.218983783007213773e-02 -9.685600257132284674e-02
1.050000000000000000e+02 -7.759071042179900568e-02 -9.182312929066362150e-02
1.060000000000000000e+02 -7.291753595980367264e-02 -8.666965200808600389e-02
1.070000000000000000e+02 -6.821482607882549398e-02 -8.144698263917206360e-02
1.080000000000000000e+02 -6.352511319929587952e-02 -7.620435179326659481e-02
1.090000000000000000e+02 -5.888817585864185300e-02 -7.098803488198278389e-02
1.100000000000000000e+02 -5.434030018512230054e-02 -6.584070581081866158e-02
1.110000000000000000e+02 -4.991384432761289403e-02 -6.080098070306130115e-02
1.120000000000000000e+02 -4.563712887037607580e-02 -5.590313138375120616e-02
1.130000000000000000e+02 -4.153443110234902869e-02 -5.117689999069673090e-02
1.140000000000000000e+02 -3.762588622420342394e-02 -4.664737056633153772e-02
1.150000000000000000e+02 -3.392733506004904503e-02 -4.233491282800445898e-02
1.160000000000000000e+02 -3.045031572378645301e-02 -3.825524182436634835e-02
1.170000000000000000e+02 -2.720230842175318936e-02 -3.441961001465397574e-02
1.180000000000000000e+02 -2.418713641415478136e-02 -3.083509914125147008e-02
1.190000000000000000e+02 -2.140534350158010066e-02 -2.750495782833040428e-02
1.200000000000000000e+02 -1.885447900717647854e-02 -2.442895189241855308e-02
1.210000000000000000e+02 -1.652937252420731348e-02 -2.160372966637339257e-02
1.220000000000000000e+02 -1.442250248046147813e-02 -1.902321816464057000e-02
1.230000000000000000e+02 -1.252445656994183830e-02 -1.667904986582560700e-02
1.240000000000000000e+02 -1.082438805995523771e-02 -1.456099646446555422e-02
1.250000000000000000e+02 -9.310388753551420218e-03 -1.265737987381836127e-02
1.260000000000000000e+02 -7.969786434778582465e-03 -1.095544518356098181e-02
1.270000000000000000e+02 -6.789425681234508014e-03 -9.441698502072472243e-03
1.280000000000000000e+02 -5.755962644986554501e-03 -8.102218345046261969e-03
1.290000000000000000e+02 -4.856147752609323714e-03 -6.922941707309612086e-03
1.300000000000000000e+02 -4.077053197943745350e-03 -5.889916797083273765e-03
1.310000000000000000e+02 -3.406233170309400093e-03 -4.989513652013667991e-03
1.320000000000000000e+02 -2.831839717761523885e-03 -4.208591028351612966e-03
1.330000000000000000e+02 -2.342719820966694417e-03 -3.534625323056237584e-03
1.340000000000000000e+02 -1.928497227014157192e-03 -2.955808937027916937e-03
1.350000000000000000e+02 -1.579626618201154754e-03 -2.461122205302737100e-03
1.360000000000000000e+02 -1.287412703060064742e-03 -2.040379639454308232e-03
1.370000000000000000e+02 -1.044001244275383038e-03 -1.684251057161261292e-03
1.380000000000000000e+02 -8.423551480449724752e-04 -1.384260504605729601e-03
1.390000000000000000e+02 -6.762230350323239318e-04 -1.132767886886937390e-03
1.400000000000000000e+02 -5.400998996497794174e-04 -9.229381900149339008e-04
1.410000000000000000e+02 -4.291780098929933287e-04 -7.487016692846752610e-04
1.420000000000000000e+02 -3.392900262805046406e-04 -6.047070005638623342e-04
1.430000000000000000e+02 -2.668492738553747304e-04 -4.862690436023158792e-04
1.440000000000000000e+02 -2.087911278755476079e-04 -3.893132156695245207e-04
1.450000000000000000e+02 -1.625166616435427976e-04 -3.103186946663035579e-04
1.460000000000000000e+02 -1.258382658926494749e-04 -2.462623489343119675e-04
1.470000000000000000e+02 -9.692749553742510140e-05 -1.945646388888602079e-04
1.480000000000000000e+02 -7.426630283492207990e-05 -1.530381845589528990e-04
1.490000000000000000e+02 -5.660274710533806213e-05 -1.198394456588098797e-04
1.500000000000000000e+02 -4.291145248498435974e-05 -9.342390933853090998e-05
1.510000000000000000e+02 -3.235846072458331909e-05 -7.250512293125395999e-05
1.520000000000000000e+02 -2.427009831351179092e-05 -5.601775255329153626e-05
1.530000000000000000e+02 -1.810571117769032965e-05 -4.308464789886366515e-05
1.540000000000000000e+02 -1.343418322434507633e-05 -3.298773960231366604e-05
1.550000000000000000e+02 -9.913994390289511256e-06 -2.514252656466650784e-05
1.560000000000000000e+02 -7.276409341939088717e-06 -1.907589611608462247e-05
1.570000000000000000e+02 -5.311370144469769336e-06 -1.440701625628269299e-05
1.580000000000000000e+02 -3.855744749575142786e-06 -1.083102323011888692e-05
1.590000000000000000e+02 -2.783646942760290572e-06 -8.105210165298539567e-06
