0.000000000000000000e+00 -1.506353881585720978e-05 -1.867972243143067889e-07
1.000000000000000000e+00 -1.934956483309030968e-08 -7.902216818352829801e-09
2.000000000000000000e+00 -2.468504534117338671e-08 -1.094492772900019443e-08
3.000000000000000000e+00 -3.505860457773100038e-08 -1.641819326430998114e-08
4.000000000000000000e+00 -4.986400374958666387e-08 -2.456421886754777171e-08
5.000000000000000000e+00 -7.064165633767018840e-08 -3.655742377122834929e-08
6.000000000000000000e+00 -9.965924978052689398e-08 -5.409931182617377173e-08
7.000000000000000000e+00 -1.400336190720470503e-07 -7.961114249178406967e-08
8.000000000000000000e+00 -1.959659261215370441e-07 -1.165275241605775846e-07
9.000000000000000000e+00 -2.730490265841015197e-07 -1.696854071404438276e-07
1.000000000000000000e+01 -3.786930899781056249e-07 -2.458249702746434348e-07
1.100000000000000000e+01 -5.227333911185459554e-07 -3.542476280817646303e-07
1.200000000000000000e+01 -7.182602200950132522e-07 -5.077150078710786668e-07
1.300000000000000000e+01 -9.826591916142973203e-07 -7.236920714599377113e-07
1.400000000000000000e+01 -1.338818081707098493e-06 -1.026016260714951616e-06
1.500000000000000000e+01 -1.816499318439686923e-06 -1.447035093454340009e-06
1.600000000000000000e+01 -2.454004547420136185e-06 -2.030261401372243792e-06
1.700000000000000000e+01 -3.300393997695269123e-06 -2.833695122719283818e-06
1.800000000000000000e+01 -4.418540778018042260e-06 -3.934111329327906006e-06
1.900000000000000000e+01 -5.889124541092357988e-06 -5.432691162122981995e-06
2.000000000000000000e+01 -7.815388132523959651e-06 -7.462283635047559774e-06
2.100000000000000000e+01 -1.032834294503272692e-05 -1.019640292683520936e-05
2.200000000000000000e+01 -1.359234994872667697e-05 -1.386000643554442536e-05
2.300000000000000000e+01 -1.781159368222562291e-05 -1.874232639721170576e-05
2.400000000000000000e+01 -2.323849796288148724e-05 -2.521243643578435794e-05
2.500000000000000000e+01 -3.018504202694235425e-05 -3.373847945844712795e-05
2.600000000000000000e+01 -3.903700239229754081e-05 -4.491128966445091076e-05
2.700000000000000000e+01 -5.026988950539054398e-05 -5.947260372641347551e-05
2.800000000000000000e+01 -6.446488234636224568e-05 -7.834760345431462209e-05
2.900000000000000000e+01 -8.232425408568792109e-05 -1.026815704426500408e-04
3.000000000000000000e+01 -1.046882277441310333e-04 -1.338810143110859545e-04
3.100000000000000000e+01 -1.325570159170694998e-04 -1.736604133580930487e-04
3.200000000000000000e+01 -1.671208045730582009e-04 -2.240960841748347631e-04
3.300000000000000000e+01 -2.097962480101733741e-04 -2.876880276956200223e-04
3.400000000000000000e+01 -2.622633252795735599e-04 -3.674286036163023879e-04
3.500000000000000000e+01 -3.264956388153027363e-04 -4.668744069577812107e-04
3.600000000000000000e+01 -4.047829068149817896e-04 -5.902169925721763213e-04
3.700000000000000000e+01 -4.997535244790257724e-04 -7.423511217022781732e-04
3.800000000000000000e+01 -6.144097703848734127e-04 -9.289446232569483451e-04
3.900000000000000000e+01 -7.521816843967693870e-04 -1.156515909221306855e-03
4.000000000000000000e+01 -9.169895797308444917e-04 -1.432517950931164446e-03
4.100000000000000000e+01 -1.113291808617488700e-03 -1.765413791355888769e-03
4.200000000000000000e+01 -1.346098247350191760e-03 -2.164721724500650972e-03
4.300000000000000000e+01 -1.620953603889823194e-03 -2.641020629838662127e-03
4.400000000000000000e+01 -1.943921456396413431e-03 -3.205931827772380560e-03
4.500000000000000000e+01 -2.321603841028304065e-03 -3.872106524150404662e-03
4.600000000000000000e+01 -2.761200005301974684e-03 -4.653224249166909403e-03
4.700000000000000000e+01 -3.270560875345577753e-03 -5.563960432156802270e-03
4.800000000000000000e+01 -3.858174840804498313e-03 -6.619859549220208882e-03
4.900000000000000000e+01 -4.533054922237982065e-03 -7.837092360573803818e-03
5.000000000000000000e+01 -5.304569821378334570e-03 -9.232155350123255610e-03
5.100000000000000000e+01 -6.182310985980689344e-03 -1.082160465239503412e-02
5.200000000000000000e+01 -7.176059196732222784e-03 -1.262184912590583880e-02
5.300000000000000000e+01 -8.295814728747899144e-03 -1.464890772927779708e-02
5.400000000000000000e+01 -9.551765018305529223e-03 -1.691799455382227840e-02
5.500000000000000000e+01 -1.095407426552725411e-02 -1.944290555838149373e-02
5.600000000000000000e+01 -1.251250421126916257e-02 -2.223535717399025349e-02
5.700000000000000000e+01 -1.423601877665965805e-02 -2.530448062757388594e-02
5.800000000000000000e+01 -1.613255280275692136e-02 -2.865651788516186335e-02
5.900000000000000000e+01 -1.820898780848758530e-02 -3.229453445637938541e-02
6.000000000000000000e+01 -2.047117757577904262e-02 -3.621791386913483096e-02
6.100000000000000000e+01 -2.292378512364203619e-02 -4.042162175358508108e-02
6.200000000000000000e+01 -2.556982794930894726e-02 -4.489551942385178185e-02
6.300000000000000000e+01 -2.841008537225802461e-02 -4.962405036301578698e-02
6.400000000000000000e+01 -3.144267528382144183e-02 -5.458633461900767869e-02
6.500000000000000000e+01 -3.466299994674604257e-02 -5.975636384267380558e-02
6.600000000000000000e+01 -3.806396137734018026e-02 -6.510296372616536376e-02
6.700000000000000000e+01 -4.163611465551222968e-02 -7.058953763755336508e-02
6.800000000000000000e+01 -4.536748460362159674e-02 -7.617397556908246659e-02
6.900000000000000000e+01 -4.924309023228756743e-02 -8.180910425312738765e-02
7.000000000000000000e+01 -5.324452901856880499e-02 -8.744365164365847098e-02
7.100000000000000000e+01 -5.734998646341145367e-02 -9.302330994122537389e-02
7.200000000000000000e+01 -6.153472478331776380e-02 -9.849151222240795645e-02
7.300000000000000000e+01 -6.577173327357352384e-02 -1.037899561358291700e-01
7.400000000000000000e+01 -7.003212331274423497e-02 -1.088592732221701220e-01
7.500000000000000000e+01 -7.428511949414225157e-02 -1.136401735178167588e-01
7.600000000000000000e+01 -7.849790193954543638e-02 -1.180749711975137006e-01
7.700000000000000000e+01 -8.263573571318713618e-02 -1.221090605624903097e-01
7.800000000000000000e+01 -8.666261911308441312e-02 -1.256919943452035338e-01
7.900000000000000000e+01 -9.054227253292557176e-02 -1.287782048442109306e-01
8.000000000000000000e+01 -9.423903283548991372e-02 -1.313276925876267764e-01
8.100000000000000000e+01 -9.771833342592511906e-02 -1.333069198517989051e-01
8.200000000000000000e+01 -1.009468267894718663e-01 -1.346898160591874505e-01
8.300000000000000000e+01 -1.038925116437050405e-01 -1.354585797124490676e-01
8.400000000000000000e+01 -1.065252033067468074e-01 -1.356040464480705587e-01
8.500000000000000000e+01 -1.088173686694394321e-01 -1.351256616856649218e-01
8.600000000000000000e+01 -1.107450191619407526e-01 -1.340312744544125412e-01
8.700000000000000000e+01 -1.122882916671651687e-01 -1.323369173736303472e-01
8.800000000000000000e+01 -1.134315845952942881e-01 -1.300665554243378985e-01
8.900000000000000000e+01 -1.141634386672634310e-01 -1.272516666052802559e-01
9.000000000000000000e+01 -1.144764901601895979e-01 -1.239305518072872508e-01
9.100000000000000000e+01 -1.143676812027357298e-01 -1.201473948904976663e-01
9.200000000000000000e+01 -1.138386268909967330e-01 -1.159511872097476054e-01
9.300000000000000000e+01 -1.128958551443548924e-01 -1.113946342079703555e-01
9.400000000000000000e+01 -1.115506929421947735e-01 -1.065331011372140230e-01
9.500000000000000000e+01 -1.098188073690477690e-01 -1.014235904981560243e-01
9.600000000000000000e+01 -1.077196221769613493e-01 -9.612371675245337532e-02
9.700000000000000000e+01 -1.052758555221062486e-01 -9.069066205718551155e-02
9.800000000000000000e+01 -1.025132589550886431e-01 -8.518014239343202343e-02
9.900000000000000000e+01 -9.946042884840525233e-02 -7.964545355285598816e-02
1.000000000000000000e+02 -9.614847848064922431e-02 -7.413666885232224335e-02
1.010000000000000000e+02 -9.261045839372748778e-02 -6.870001808727037307e-02
1.020000000000000000e+02 -8.888060238012188141e-02 -6.337742052558251182e-02
1.030000000000000000e+02 -8.499359959872580805e-02 -5.820612000890433568e-02
1.040000000000000000e+02 -8.098405688029189364e-02 -5.321839667645507366e-02
1.050000000000000000e+02 -7.688615986215746601e-02 -4.844137856362770028e-02
1.060000000000000000e+02 -7.273339970476870586e-02 -4.389699738079734515e-02
1.070000000000000000e+02 -6.855821548567915535e-02 -3.960210462983884683e-02
1.080000000000000000e+02 -6.439151336364992706e-02 -3.556871425964244077e-02
1.090000000000000000e+02 -6.026216140243377539e-02 -3.180431312061932081e-02
1.100000000000000000e+02 -5.619660905046423155e-02 -2.831219968104218415e-02
1.110000000000000000e+02 -5.221870893776926065e-02 -2.509185045271432671e-02
1.120000000000000000e+02 -4.834969375411522774e-02 -2.213933300412520427e-02
1.130000000000000000e+02 -4.460818753630423766e-02 -1.944776959054240334e-02
1.140000000000000000e+02 -4.101016146270361484e-02 -1.700782643529253485e-02
1.150000000000000000e+02 -3.756884176224413452e-02 -1.480819073286345280e-02
1.160000000000000000e+02 -3.429465418667661247e-02 -1.283601053060479634e-02
1.170000000000000000e+02 -3.119528553996087084e-02 -1.107729604055402231e-02
1.180000000000000000e+02 -2.827587112849457018e-02 -9.517292882036738899e-03
1.190000000000000000e+02 -2.553924407877513833e-02 -8.140831775797033668e-03
1.200000000000000000e+02 -2.298616663521746081e-02 -6.932646524922826334e-03
1.210000000000000000e+02 -2.061550874368551362e-02 -5.877647185484317742e-03
1.220000000000000000e+02 -1.842439979057695562e-02 -4.961141885919185743e-03
1.230000000000000000e+02 -1.640840472679970866e-02 -4.169011163084866169e-03
1.240000000000000000e+02 -1.456175214432519488e-02 -3.487843791010574335e-03
1.250000000000000000e+02 -1.287759702435654213e-02 -2.905040793391407486e-03
1.260000000000000000e+02 -1.134827456248436138e-02 -2.408889460587255397e-03
1.270000000000000000e+02 -9.965511268224964622e-03 -1.988607173466383493e-03
1.280000000000000000e+02 -8.720591038425375488e-03 -1.634356789743933230e-03
1.290000000000000000e+02 -7.604498529057396317e-03 -1.337238458003816221e-03
1.300000000000000000e+02 -6.608062700677094087e-03 -1.089263973369555567e-03
1.310000000000000000e+02 -5.722105243565505338e-03 -8.833186541752129301e-04
1.320000000000000000e+02 -4.937580424118364134e-03 -7.131137989140459493e-04
1.330000000000000000e+02 -4.245689100941649544e-03 -5.731317161271152344e-04
1.340000000000000000e+02 -3.637960021376170344e-03 -4.585653975534148552e-04
1.350000000000000000e+02 -3.106304897476639716e-03 -3.652553278966159315e-04
1.360000000000000000e+02 -2.643059455164374193e-03 -2.896259032613605704e-04
1.370000000000000000e+02 -2.241018531279583264e-03 -2.286233509004092980e-04
1.380000000000000000e+02 -1.893465231080384854e-03 -1.796563121778788595e-04
1.390000000000000000e+02 -1.594189386846128244e-03 -1.405397583039970052e-04
1.400000000000000000e+02 -1.337491777294079476e-03 -1.094427135034057317e-04
1.410000000000000000e+02 -1.118175161764079243e-03 -8.484018801690615603e-05
1.420000000000000000e+02 -9.315267282152441940e-04 -6.546960271221946754e-05
1.430000000000000000e+02 -7.732966944657808112e-04 -5.029179344525289017e-05
1.440000000000000000e+02 -6.396754076689225221e-04 -3.845648843540253530e-05
1.450000000000000000e+02 -5.272688304350469073e-04 -2.927202284751979515e-05
1.460000000000000000e+02 -4.330715128343236601e-04 -2.217899596065238003e-05
1.470000000000000000e+02 -3.544369742163730116e-04 -1.672755611945639777e-05
1.480000000000000000e+02 -2.890466331352766253e-04 -1.255798693165395179e-05
1.490000000000000000e+02 -2.348789245317413896e-04 -9.384257092265513360e-06
1.500000000000000000e+02 -1.901798221116632337e-04 -6.980193309196409864e-06
1.510000000000000000e+02 -1.534351797012772391e-04 -5.167945317369535127e-06
1.520000000000000000e+02 -1.233447510698234173e-04 -3.808433534923787816e-06
1.530000000000000000e+02 -9.879768402766580431e-05 -2.793494678731490015e-06
1.540000000000000000e+02 -7.884951993636305086e-05 -2.039469631463962054e-06
1.550000000000000000e+02 -6.270093532016671461e-05 -1.482004506590255753e-06
1.560000000000000000e+02 -4.967846166133814000e-05 -1.071864224506054210e-06
1.570000000000000000e+02 -3.921725312868045202e-05 -7.715839308769032398e-07
1.580000000000000000e+02 -3.084579227696611294e-05 -5.528086907946649211e-07
1.590000000000000000e+02 -2.417234096608209481e-05 -3.941937504077427703e-07
