0.000000000000000000e+00 -5.999769936328430681e-05 -4.466721367021789636e-05
1.000000000000000000e+00 -4.890117868088941932e-08 -4.333050844814713784e-05
2.000000000000000000e+00 -5.969458889827549633e-08 -4.028621046670401509e-05
3.000000000000000000e+00 -8.161676343143051034e-08 -4.615496348435326645e-05
4.000000000000000000e+00 -1.117234208923438519e-07 -5.480294497423279001e-05
5.000000000000000000e+00 -1.524407813494266949e-07 -6.543259693069179955e-05
6.000000000000000000e+00 -2.072650903110180895e-07 -7.808772899681797552e-05
7.000000000000000000e+00 -2.808060292642295780e-07 -9.302495238884997647e-05
8.000000000000000000e+00 -3.790879621660544109e-07 -1.105888841955061789e-04
9.000000000000000000e+00 -5.099513150882935391e-07 -1.311854938834179662e-04
1.000000000000000000e+01 -6.835594286840202959e-07 -1.552782873095740672e-04
1.100000000000000000e+01 -9.130324443730525158e-07 -1.833909538821353795e-04
1.200000000000000000e+01 -1.215236766015088188e-06 -2.161128110411741823e-04
1.300000000000000000e+01 -1.611765581557807986e-06 -2.541061877017394962e-04
1.400000000000000000e+01 -2.130152153096802658e-06 -2.981151568024759525e-04
1.500000000000000000e+01 -2.805362245127139658e-06 -3.489745896039726293e-04
1.600000000000000000e+01 -3.681616572251798345e-06 -4.076181295834313870e-04
1.700000000000000000e+01 -4.814602109944279483e-06 -4.750838702720697995e-04
1.800000000000000000e+01 -6.274145332930687090e-06 -5.525174916572014785e-04
1.900000000000000000e+01 -8.147438746797848141e-06 -6.411741485188376336e-04
2.000000000000000000e+01 -1.054292606617145874e-05 -7.424217929686831741e-04
2.100000000000000000e+01 -1.359495173862727736e-05 -8.577488608321593268e-04
2.200000000000000000e+01 -1.746926713169455692e-05 -9.887776565910288713e-04
2.300000000000000000e+01 -2.236947448895220699e-05 -1.137281546690488421e-03
2.400000000000000000e+01 -2.854450586724359168e-05 -1.305200561092148505e-03
2.500000000000000000e+01 -3.629729022789096344e-05 -1.494648246631863483e-03
2.600000000000000000e+01 -4.599483451646917316e-05 -1.707904391240732192e-03
2.700000000000000000e+01 -5.807997495012858847e-05 -1.947393947481422267e-03
2.800000000000000000e+01 -7.308498575990415814e-05 -2.215660297663825818e-03
2.900000000000000000e+01 -9.164706879115167438e-05 -2.515346906105743290e-03
3.000000000000000000e+01 -1.145255877115636793e-04 -2.849200806805990156e-03
3.100000000000000000e+01 -1.426209053266554801e-04 -3.220102026942644156e-03
3.200000000000000000e+01 -1.769949127380996258e-04 -3.631107512904952622e-03
3.300000000000000000e+01 -2.188936963354832588e-04 -4.085483733291568088e-03
3.400000000000000000e+01 -2.697729730105297781e-04 -4.586697907675289787e-03
3.500000000000000000e+01 -3.313266267143108240e-04 -5.138349825773877617e-03
3.600000000000000000e+01 -4.055178708940843741e-04 -5.744053280290179787e-03
3.700000000000000000e+01 -4.946116633650555388e-04 -6.407307594576289352e-03
3.800000000000000000e+01 -6.012067206963822011e-04 -7.131417901826678576e-03
3.900000000000000000e+01 -7.282662984193930206e-04 -7.919511573349082359e-03
4.000000000000000000e+01 -8.791485244772222381e-04 -8.774654458225695022e-03
4.100000000000000000e+01 -1.057638326834326814e-03 -9.700010892589618766e-03
4.200000000000000000e+01 -1.267982491519730696e-03 -1.069894667217813865e-02
4.300000000000000000e+01 -1.514926658467237539e-03 -1.177497476573090111e-02
4.400000000000000000e+01 -1.803749396092448878e-03 -1.293150253253920468e-02
4.500000000000000000e+01 -2.140286561595379933e-03 -1.417144049902033243e-02
4.600000000000000000e+01 -2.530941254385201365e-03 -1.549683013037135224e-02
4.700000000000000000e+01 -2.982680580384872680e-03 -1.690868165298556325e-02
4.800000000000000000e+01 -3.503026576148449058e-03 -1.840714309239297256e-02
4.900000000000000000e+01 -4.100049773740155855e-03 -1.999196177812500447e-02
5.000000000000000000e+01 -4.782366999859861273e-03 -2.166302180906026081e-02
5.100000000000000000e+01 -5.559132739921512564e-03 -2.342064403340970991e-02
5.200000000000000000e+01 -6.440004036199058549e-03 -2.526539261489579510e-02
5.300000000000000000e+01 -7.435061463133591994e-03 -2.719734926168717454e-02
5.400000000000000000e+01 -8.554685650438164507e-03 -2.921511052567734787e-02
5.500000000000000000e+01 -9.809411405143960566e-03 -3.131498531964693050e-02
5.600000000000000000e+01 -1.120979312824772062e-02 -3.349086924902588969e-02
5.700000000000000000e+01 -1.276630251284339990e-02 -3.573499617444217402e-02
5.800000000000000000e+01 -1.448924464998511442e-02 -3.803931859781307240e-02
5.900000000000000000e+01 -1.638864324593012484e-02 -4.039687209313588129e-02
6.000000000000000000e+01 -1.847403930780879000e-02 -4.280236664473697356e-02
6.100000000000000000e+01 -2.075418592385386632e-02 -4.525153231447107127e-02
6.200000000000000000e+01 -2.323668828504291128e-02 -4.773934850130209795e-02
6.300000000000000000e+01 -2.592768762432049595e-02 -5.025793582915762808e-02
6.400000000000000000e+01 -2.883167441454816821e-02 -5.279522783263208147e-02
6.500000000000000000e+01 -3.195143165285452974e-02 -5.533530769317636377e-02
6.600000000000000000e+01 -3.528800166852893994e-02 -5.786052484403310381e-02
6.700000000000000000e+01 -3.884052172355816762e-02 -6.035455372596202489e-02
6.800000000000000000e+01 -4.260584209454058857e-02 -6.280492814312597927e-02
6.900000000000000000e+01 -4.657800281513777008e-02 -6.520366179937954476e-02
7.000000000000000000e+01 -5.074779518073983114e-02 -6.754540141351154936e-02
7.100000000000000000e+01 -5.510264546524554219e-02 -6.982381661082370794e-02
7.200000000000000000e+01 -5.962688503655589473e-02 -7.202798938719691402e-02
7.300000000000000000e+01 -6.430220710464985834e-02 -7.414080159178659812e-02
7.400000000000000000e+01 -6.910794794744071212e-02 -7.614047981940526288e-02
7.500000000000000000e+01 -7.402092529035467217e-02 -7.800488667967005185e-02
7.600000000000000000e+01 -7.901490049477477573e-02 -7.971664240930059764e-02
7.700000000000000000e+01 -8.406008733773678854e-02 -8.126653578447565196e-02
7.800000000000000000e+01 -8.912322542748443710e-02 -8.265333745685815581e-02
7.900000000000000000e+01 -9.416843888390455386e-02 -8.387983817538657849e-02
8.000000000000000000e+01 -9.915857032443106678e-02 -8.494690944870265936e-02
8.100000000000000000e+01 -1.040562955503250425e-01 -8.584859009074462255e-02
8.200000000000000000e+01 -1.088244171053449061e-01 -8.657089464604113271e-02
8.300000000000000000e+01 -1.134253121209425341e-01 -8.709525751299428131e-02
8.400000000000000000e+01 -1.178201934622526564e-01 -8.740515011306639048e-02
8.500000000000000000e+01 -1.219691098213825653e-01 -8.749267876121813448e-02
8.600000000000000000e+01 -1.258321876439056630e-01 -8.736180800106835287e-02
8.700000000000000000e+01 -1.293717403885294714e-01 -8.702640451150484013e-02
8.800000000000000000e+01 -1.325541644110302952e-01 -8.650386221750730464e-02
8.900000000000000000e+01 -1.353505749363711486e-01 -8.580738371211109328e-02
9.000000000000000000e+01 -1.377359664143464058e-01 -8.494080943120821403e-02
9.100000000000000000e+01 -1.396877522785433534e-01 -8.389868481521230159e-02
9.200000000000000000e+01 -1.411850511602696367e-01 -8.267161874545593536e-02
9.300000000000000000e+01 -1.422095984229415078e-01 -8.125429040470177888e-02
9.400000000000000000e+01 -1.427479661016206602e-01 -7.965209064864504918e-02
9.500000000000000000e+01 -1.427937299656529269e-01 -7.788301961984274435e-02
9.600000000000000000e+01 -1.423481293169895079e-01 -7.597380184509852641e-02
9.700000000000000000e+01 -1.414187462593538835e-01 -7.395208229802062438e-02
9.800000000000000000e+01 -1.400171046712052059e-01 -7.183855560437482635e-02
9.900000000000000000e+01 -1.381568483717811047e-01 -6.964289704656807800e-02
1.000000000000000000e+02 -1.358537198164914417e-01 -6.736539703415173053e-02
1.010000000000000000e+02 -1.331272212661189780e-01 -6.500331316941410087e-02
1.020000000000000000e+02 -1.300025736105797358e-01 -6.255864645802365620e-02
1.030000000000000000e+02 -1.265113234632483374e-01 -6.004343778874444287e-02
1.040000000000000000e+02 -1.226898803399798232e-01 -5.748000351922284701e-02
1.050000000000000000e+02 -1.185767110884954900e-01 -5.489609423237663821e-02
1.060000000000000000e+02 -1.142098291954971034e-01 -5.231747554747441520e-02
1.070000000000000000e+02 -1.096259482013640651e-01 -4.976161721335797816e-02
1.080000000000000000e+02 -1.048614460721458280e-01 -4.723546422845747994e-02
1.090000000000000000e+02 -9.995401618337121374e-02 -4.473810674171566082e-02
1.100000000000000000e+02 -9.494346247897700319e-02 -4.226674161345291697e-02
1.110000000000000000e+02 -8.987078220070449097e-02 -3.982283433578657356e-02
1.120000000000000000e+02 -8.477592706958954338e-02 -3.741548899939176748e-02
1.130000000000000000e+02 -7.969553807519069721e-02 -3.506056991139921281e-02
1.140000000000000000e+02 -7.466190408187989291e-02 -3.277627375659838971e-02
1.150000000000000000e+02 -6.970350119298801550e-02 -3.057753084452729045e-02
1.160000000000000000e+02 -6.484641126012909151e-02 -2.847200379643209309e-02
1.170000000000000000e+02 -6.011543093510551827e-02 -2.645945284444337423e-02
1.180000000000000000e+02 -5.553404278743090394e-02 -2.453447161855436959e-02
1.190000000000000000e+02 -5.112329931246454434e-02 -2.269100075172266959e-02
1.200000000000000000e+02 -4.690042290963678667e-02 -2.092633889203283221e-02
1.210000000000000000e+02 -4.287805845296428775e-02 -1.924282636913160482e-02
1.220000000000000000e+02 -3.906461094879623563e-02 -1.764665976406776249e-02
1.230000000000000000e+02 -3.546537045522651227e-02 -1.614471897168162987e-02
1.240000000000000000e+02 -3.208367997261261928e-02 -1.474114280705693218e-02
1.250000000000000000e+02 -2.892149481328931335e-02 -1.343531229124076548e-02
1.260000000000000000e+02 -2.597918106135338120e-02 -1.222203967597123263e-02
1.270000000000000000e+02 -2.325492519938499730e-02 -1.109363084844184298e-02
1.280000000000000000e+02 -2.074433233214734162e-02 -1.004265689156585289e-02
1.290000000000000000e+02 -1.844059061030638505e-02 -9.064085438560940539e-03
1.300000000000000000e+02 -1.633516506304797181e-02 -8.155891812728591206e-03
1.310000000000000000e+02 -1.441865453444547002e-02 -7.318095954837948447e-03
1.320000000000000000e+02 -1.268139794053963973e-02 -6.550915235270278122e-03
1.330000000000000000e+02 -1.111363579211251985e-02 -5.853036699663337512e-03
1.340000000000000000e+02 -9.705336707297611276e-03 -5.220806332471053871e-03
1.350000000000000000e+02 -8.445979725828561477e-03 -4.648586096285311012e-03
1.360000000000000000e+02 -7.324548441090711001e-03 -4.129951780385031530e-03
1.370000000000000000e+02 -6.329802994302797907e-03 -3.659067200892597051e-03
1.380000000000000000e+02 -5.450698834066474222e-03 -3.231591554781487047e-03
1.390000000000000000e+02 -4.676742213183667125e-03 -2.844793509733183588e-03
1.400000000000000000e+02 -3.998139489229972018e-03 -2.496964283772508918e-03
1.410000000000000000e+02 -3.405740966469528522e-03 -2.186527542091431381e-03
1.420000000000000000e+02 -2.890895538259722480e-03 -1.911310940782369808e-03
1.430000000000000000e+02 -2.445353193714480157e-03 -1.668284678121771322e-03
1.440000000000000000e+02 -2.061284969379922720e-03 -1.453802816173162607e-03
1.450000000000000000e+02 -1.731394569789715876e-03 -1.264147182112337767e-03
1.460000000000000000e+02 -1.449037826995680294e-03 -1.096072496682480102e-03
1.470000000000000000e+02 -1.208273521623730697e-03 -9.471070672152924518e-04
1.480000000000000000e+02 -1.003823008440342000e-03 -8.155217101324343425e-04
1.490000000000000000e+02 -8.309726494405939934e-04 -7.000471734817440266e-04
1.500000000000000000e+02 -6.854765196195253263e-04 -5.995169818301495420e-04
1.510000000000000000e+02 -5.635003722800016211e-04 -5.126084489718361718e-04
1.520000000000000000e+02 -4.616110274850354156e-04 -4.377733751713519094e-04
1.530000000000000000e+02 -3.767856801054542994e-04 -3.733451008860913349e-04
1.540000000000000000e+02 -3.064095133272163457e-04 -3.177322596655896350e-04
1.550000000000000000e+02 -2.482452156522045009e-04 -2.695901807327847483e-04
1.560000000000000000e+02 -2.003796445382477389e-04 -2.278952714537881171e-04
1.570000000000000000e+02 -1.611659242605981027e-04 -1.919083586864272324e-04
1.580000000000000000e+02 -1.291779622212304419e-04 -1.610659020155420155e-04
1.590000000000000000e+02 -1.031833397992267112e-04 -1.348607749446479687e-04
