0.000000000000000000e+00 -4.192632486235106144e-05 -1.010793597441767753e-05
1.000000000000000000e+00 -2.077038782760599480e-07 -4.710150660523370944e-07
2.000000000000000000e+00 -2.425149154830142458e-07 -5.493264019141475272e-07
3.000000000000000000e+00 -3.232721594644383349e-07 -7.278079800369894870e-07
4.000000000000000000e+00 -4.316204464649726744e-07 -9.683046170286223297e-07
5.000000000000000000e+00 -5.744872865007818724e-07 -1.284636559914514056e-06
6.000000000000000000e+00 -7.620695317436608215e-07 -1.698488389650448502e-06
7.000000000000000000e+00 -1.007487553710657832e-06 -2.237874192505540789e-06
8.000000000000000000e+00 -1.327472161452185487e-06 -2.938320759897024742e-06
9.000000000000000000e+00 -1.743274521557005591e-06 -3.844623978848763385e-06
1.000000000000000000e+01 -2.281770300606630762e-06 -5.013025104034701793e-06
1.100000000000000000e+01 -2.976785633574744363e-06 -6.513854266873134607e-06
1.200000000000000000e+01 -3.870691327926878127e-06 -8.434717193055007916e-06
1.300000000000000000e+01 -5.016331522954625126e-06 -1.088430451566562103e-05
1.400000000000000000e+01 -6.479369372268279503e-06 -1.399690585563867676e-05
1.500000000000000000e+01 -8.341136561466794375e-06 -1.793772328198483618e-05
1.600000000000000000e+01 -1.070206051149458847e-05 -2.290910265479341858e-05
1.700000000000000000e+01 -1.368571749809162594e-05 -2.915782719451240319e-05
1.800000000000000000e+01 -1.744353859506229956e-05 -3.698362897306557413e-05
1.900000000000000000e+01 -2.216020261857941373e-05 -4.674906024630582399e-05
2.000000000000000000e+01 -2.805980300880303398e-05 -5.889083519195201569e-05
2.100000000000000000e+01 -3.541296422114999866e-05 -7.393272877608064394e-05
2.200000000000000000e+01 -4.454516160373249266e-05 -9.250012707900825797e-05
2.300000000000000000e+01 -5.584649898159395912e-05 -1.153363600062325969e-04
2.400000000000000000e+01 -6.978307423738057175e-05 -1.433209756466223333e-04
2.500000000000000000e+01 -8.690984433957967556e-05 -1.774900877364355583e-04
2.600000000000000000e+01 -1.078847128814859244e-04 -2.190588299743820300e-04
2.700000000000000000e+01 -1.334835744169282168e-04 -2.694458300923993784e-04
2.800000000000000000e+01 -1.646163497384881404e-04 -3.302995515581933134e-04
2.900000000000000000e+01 -2.023445178371313018e-04 -4.035263761656683558e-04
3.000000000000000000e+01 -2.479009576693862920e-04 -4.913203462927304447e-04
3.100000000000000000e+01 -3.027126780169957492e-04 -5.961944092904420105e-04
3.200000000000000000e+01 -3.684261286944228884e-04 -7.210127298947318275e-04
3.300000000000000000e+01 -4.469336499238390830e-04 -8.690232768677722160e-04
3.400000000000000000e+01 -5.403990398214114687e-04 -1.043889732766372638e-03
3.500000000000000000e+01 -6.512809123503410669e-04 -1.249722030672549122e-03
3.600000000000000000e+01 -7.823544079411544599e-04 -1.491105319603860686e-03
3.700000000000000000e+01 -9.367337415780201603e-04 -1.773127307770822059e-03
3.800000000000000000e+01 -1.117898294103633356e-03 -2.101403139434776177e-03
3.900000000000000000e+01 -1.329722447803419541e-03 -2.482095334067716767e-03
4.000000000000000000e+01 -1.576505052098372455e-03 -2.921924990257901509e-03
4.100000000000000000e+01 -1.862991181090348485e-03 -3.428170976105496693e-03
4.200000000000000000e+01 -2.194379899208913267e-03 -4.008656718253311192e-03
4.300000000000000000e+01 -2.576317862348413874e-03 -4.671727798633088999e-03
4.400000000000000000e+01 -3.014886412793650432e-03 -5.426224495444094062e-03
4.500000000000000000e+01 -3.516593173436406445e-03 -6.281449138779670628e-03
4.600000000000000000e+01 -4.088373267109660092e-03 -7.247120124956136708e-03
4.700000000000000000e+01 -4.737591673008578752e-03 -8.333298711717489898e-03
4.800000000000000000e+01 -5.472025746139490623e-03 -9.550278289527558764e-03
4.900000000000000000e+01 -6.299806878497066567e-03 -1.090844012880195710e-02
5.000000000000000000e+01 -7.229317477745873972e-03 -1.241809638134406396e-02
5.100000000000000000e+01 -8.269065517747711813e-03 -1.408934579151229632e-02
5.200000000000000000e+01 -9.427574723579286095e-03 -1.593195042531719841e-02
5.300000000000000000e+01 -1.071331680840034543e-02 -1.795520950766209267e-02
5.400000000000000000e+01 -1.213467353852019232e-02 -2.016778320379789685e-02
5.500000000000000000e+01 -1.369987465555004211e-02 -2.257743071437281687e-02
5.600000000000000000e+01 -1.541684762449464959e-02 -2.519067747444680982e-02
5.700000000000000000e+01 -1.729295640310257037e-02 -2.801248545920409852e-02
5.800000000000000000e+01 -1.933468154850821047e-02 -3.104601876076291608e-02
5.900000000000000000e+01 -2.154735116938040485e-02 -3.429254251744329185e-02
6.000000000000000000e+01 -2.393501810176179231e-02 -3.775139004283414867e-02
6.100000000000000000e+01 -2.650048306759706165e-02 -4.141985621824522540e-02
6.200000000000000000e+01 -2.924534138235771602e-02 -4.529290216366919225e-02
6.300000000000000000e+01 -3.216987532531546956e-02 -4.936269687133923445e-02
6.400000000000000000e+01 -3.527269080997957884e-02 -5.361818837233214147e-02
6.500000000000000000e+01 -3.855018079570522727e-02 -5.804495257978856126e-02
6.600000000000000000e+01 -4.199606945980948608e-02 -6.262543129548947540e-02
6.700000000000000000e+01 -4.560130827045986990e-02 -6.733940592240360290e-02
6.800000000000000000e+01 -4.935440343844864353e-02 -7.216435316745671569e-02
6.900000000000000000e+01 -5.324195450857134582e-02 -7.707538056452573061e-02
7.000000000000000000e+01 -5.724898834974302686e-02 -8.204476050668144116e-02
7.100000000000000000e+01 -6.135876079564095420e-02 -8.704146370702514623e-02
7.200000000000000000e+01 -6.555206515232958608e-02 -9.203122818900107138e-02
7.300000000000000000e+01 -6.980650664896921598e-02 -9.697741960826300467e-02
7.400000000000000000e+01 -7.409635736447822696e-02 -1.018423893373331390e-01
7.500000000000000000e+01 -7.839332057136244591e-02 -1.065886203731889054e-01
7.600000000000000000e+01 -8.266793960392375407e-02 -1.111790346492482484e-01
7.700000000000000000e+01 -8.689088240453272938e-02 -1.155764368047156460e-01
7.800000000000000000e+01 -9.103332017670795473e-02 -1.197427838912069054e-01
7.900000000000000000e+01 -9.506619153325668314e-02 -1.236392345983740731e-01
8.000000000000000000e+01 -9.895896516004977495e-02 -1.272274630993278643e-01
8.100000000000000000e+01 -1.026790028115830977e-01 -1.304717961056260644e-01
8.200000000000000000e+01 -1.061923606590323421e-01 -1.333410305220489589e-01
8.300000000000000000e+01 -1.094659389365962021e-01 -1.358088979323115175e-01
8.400000000000000000e+01 -1.124698991870494713e-01 -1.378530632008430901e-01
8.500000000000000000e+01 -1.151789417241517871e-01 -1.394536356192923598e-01
8.600000000000000000e+01 -1.175716936680316904e-01 -1.405925936057132175e-01
8.700000000000000000e+01 -1.196287286223491064e-01 -1.412548913986274857e-01
8.800000000000000000e+01 -1.213307583281020285e-01 -1.414307413806291380e-01
8.900000000000000000e+01 -1.226585355090580309e-01 -1.411175932343245176e-01
9.000000000000000000e+01 -1.235948925523915887e-01 -1.403204250731189262e-01
9.100000000000000000e+01 -1.241278268269033341e-01 -1.390501016603098161e-01
9.200000000000000000e+01 -1.242526911159956421e-01 -1.373209206192320120e-01
9.300000000000000000e+01 -1.239720134042703592e-01 -1.351490378826336880e-01
9.400000000000000000e+01 -1.232930046131089641e-01 -1.325527910704182299e-01
9.500000000000000000e+01 -1.222243863462821323e-01 -1.295545085478997382e-01
9.600000000000000000e+01 -1.207746710446535865e-01 -1.261822622714824926e-01
9.700000000000000000e+01 -1.189530558546921940e-01 -1.224700265421391210e-01
9.800000000000000000e+01 -1.167722823679532423e-01 -1.184558288072564275e-01
9.900000000000000000e+01 -1.142514126451633499e-01 -1.141788890338292090e-01
1.000000000000000000e+02 -1.114164629612159896e-01 -1.096774149242018409e-01
1.010000000000000000e+02 -1.082982463612846835e-01 -1.049881894390947978e-01
1.020000000000000000e+02 -1.049286414742013063e-01 -1.001477800144315866e-01
1.030000000000000000e+02 -1.013375435741274283e-01 -9.519408055869713059e-02
1.040000000000000000e+02 -9.755225475366068044e-02 -9.016674503106739125e-02
1.050000000000000000e+02 -9.359939307810315190e-02 -8.510593406637492753e-02
1.060000000000000000e+02 -8.950771140643395962e-02 -8.005001038623299481e-02
1.070000000000000000e+02 -8.530966104888562662e-02 -7.503352004167736233e-02
1.080000000000000000e+02 -8.104045232909617980e-02 -7.008653740101628005e-02
1.090000000000000000e+02 -7.673508203878023903e-02 -6.523548510009188894e-02
1.100000000000000000e+02 -7.242513022525870481e-02 -6.050458292774240493e-02
1.110000000000000000e+02 -6.813720221257482668e-02 -5.591677464067289910e-02
1.120000000000000000e+02 -6.389372557859220036e-02 -5.149347136692464244e-02
1.130000000000000000e+02 -5.971525644104877517e-02 -4.725333269471251180e-02
1.140000000000000000e+02 -5.562255873235538717e-02 -4.321095577496072287e-02
1.150000000000000000e+02 -5.163703024610067499e-02 -3.937634987467539260e-02
1.160000000000000000e+02 -4.777926157578672034e-02 -3.575550091445042766e-02
1.170000000000000000e+02 -4.406676021314353403e-02 -3.235161690273712087e-02
1.180000000000000000e+02 -4.051233584797154369e-02 -2.916627227359746069e-02
1.190000000000000000e+02 -3.712409655559703592e-02 -2.619984223047434890e-02
1.200000000000000000e+02 -3.390690504190990023e-02 -2.345116429684433734e-02
1.210000000000000000e+02 -3.086425832696183119e-02 -2.091688442044688234e-02
1.220000000000000000e+02 -2.799942716022280759e-02 -1.859110164363441883e-02
1.230000000000000000e+02 -2.531531485704663700e-02 -1.646566018282347860e-02
1.240000000000000000e+02 -2.281337985800901622e-02 -1.453097602210937089e-02
1.250000000000000000e+02 -2.049251610055655495e-02 -1.277695201140507594e-02
1.260000000000000000e+02 -1.834869573724996067e-02 -1.119353219762429970e-02
1.270000000000000000e+02 -1.637559512372589038e-02 -9.770733306752443087e-03
1.280000000000000000e+02 -1.456578634654087483e-02 -8.498342708621231881e-03
1.290000000000000000e+02 -1.291179177383551015e-02 -7.365648646475179626e-03
1.300000000000000000e+02 -1.140649190594787352e-02 -6.361479952186138709e-03
1.310000000000000000e+02 -1.004285186503960092e-02 -5.474576598799386906e-03
1.320000000000000000e+02 -8.813348274718824440e-03 -4.694082231134596300e-03
1.330000000000000000e+02 -7.709587890279990738e-03 -4.009892366955851266e-03
1.340000000000000000e+02 -6.722397789811872769e-03 -3.412717846437423631e-03
1.350000000000000000e+02 -5.842322179405689576e-03 -2.893919487780635767e-03
1.360000000000000000e+02 -5.060219105954751398e-03 -2.445295781499581735e-03
1.370000000000000000e+02 -4.367640269017271891e-03 -2.058991181863403276e-03
1.380000000000000000e+02 -3.756860600101458430e-03 -1.727573503502850783e-03
1.390000000000000000e+02 -3.220651952788691416e-03 -1.444202644344099026e-03
1.400000000000000000e+02 -2.752020212498997552e-03 -1.202763140875800314e-03
1.410000000000000000e+02 -2.344093035620876259e-03 -9.978771109816510481e-04
1.420000000000000000e+02 -1.990208891154006746e-03 -8.248038297786312607e-04
1.430000000000000000e+02 -1.684121765762500948e-03 -6.792992907146699639e-04
1.440000000000000000e+02 -1.420181415814057192e-03 -5.575149929426092676e-04
1.450000000000000000e+02 -1.193390613473925208e-03 -4.559698190228595404e-04
1.460000000000000000e+02 -9.993317541732067450e-04 -3.715732226044880532e-04
1.470000000000000000e+02 -8.340299045351592510e-04 -3.016502076442645081e-04
1.480000000000000000e+02 -6.938373792335888589e-04 -2.439297834560888380e-04
1.490000000000000000e+02 -5.753893002943097530e-04 -1.964917758931148122e-04
1.500000000000000000e+02 -4.756245096298006118e-04 -1.576950812625583283e-04
1.510000000000000000e+02 -3.918288457070476217e-04 -1.261168771012066432e-04
1.520000000000000000e+02 -3.216554512246360071e-04 -1.005186018780585710e-04
1.530000000000000000e+02 -2.631016855185087802e-04 -7.983477286093592935e-05
1.540000000000000000e+02 -2.144526150090820312e-04 -6.316903855137711524e-05
1.550000000000000000e+02 -1.742177400184316809e-04 -4.978332235538452646e-05
1.560000000000000000e+02 -1.410845995844988105e-04 -3.907577153609002901e-05
1.570000000000000000e+02 -1.138973356660824511e-04 -3.055277880986460935e-05
1.580000000000000000e+02 -9.165264715526471630e-05 -2.380367529146112547e-05
1.590000000000000000e+02 -7.349879932143553126e-05 -1.848360850496618156e-05
