0.000000000000000000e+00 -2.705397886787864830e-04 -4.798891972893961635e-05
1.000000000000000000e+00 -1.135019438309005976e-05 -1.615380355241907760e-06
2.000000000000000000e+00 -1.111201339694839608e-05 -1.731537422813235563e-06
3.000000000000000000e+00 -1.333408879380464176e-05 -2.202437607439018469e-06
4.000000000000000000e+00 -1.635011916811602279e-05 -2.828162540859449964e-06
5.000000000000000000e+00 -2.006755301017793319e-05 -3.625050227913157634e-06
6.000000000000000000e+00 -2.458461653048343525e-05 -4.633054229736154256e-06
7.000000000000000000e+00 -3.004969312186652527e-05 -5.903572393673562103e-06
8.000000000000000000e+00 -3.664301300491391280e-05 -7.499914318923342597e-06
9.000000000000000000e+00 -4.457682049455063988e-05 -9.499492002299073630e-06
1.000000000000000000e+01 -5.409934467512206009e-05 -1.199655935401330794e-05
1.100000000000000000e+01 -6.550005837143686803e-05 -1.510536111784524203e-05
1.200000000000000000e+01 -7.911569577785857702e-05 -1.896371658753198957e-05
1.300000000000000000e+01 -9.533681215884441847e-05 -2.373713891858494831e-05
1.400000000000000000e+01 -1.146147125837346242e-04 -2.962364965164639310e-05
1.500000000000000000e+01 -1.374686524752025216e-04 -3.685946373764705875e-05
1.600000000000000000e+01 -1.644933915479645820e-04 -4.572566118056437315e-05
1.700000000000000000e+01 -1.963674303969341014e-04 -5.655583037436765815e-05
1.800000000000000000e+01 -2.338624519386896966e-04 -6.974452348398230584e-05
1.900000000000000000e+01 -2.778544550923119929e-04 -8.575630561508554924e-05
2.000000000000000000e+01 -3.293366830007248306e-04 -1.051352940997372009e-04
2.100000000000000000e+01 -3.894337627651921099e-04 -1.285153721422028486e-04
2.200000000000000000e+01 -4.594157680885777311e-04 -1.566315891939063767e-04
2.300000000000000000e+01 -5.407106280859041601e-04 -1.903333943561132981e-04
2.400000000000000000e+01 -6.349138319787446571e-04 -2.306000796644237880e-04
2.500000000000000000e+01 -7.437958087105377755e-04 -2.785581252699101526e-04
2.600000000000000000e+01 -8.693092344955427424e-04 -3.354993297748932188e-04
2.700000000000000000e+01 -1.013599812006163708e-03 -4.028981957897561023e-04
2.800000000000000000e+01 -1.179023568633492036e-03 -4.824274848728557410e-04
2.900000000000000000e+01 -1.368170839665260215e-03 -5.759721889860347282e-04
3.000000000000000000e+01 -1.583892573593271343e-03 -6.856437733679627633e-04
3.100000000000000000e+01 -1.829320584500153304e-03 -8.137973382954416827e-04
3.200000000000000000e+01 -2.107872659419864417e-03 -9.630533560306373279e-04
3.300000000000000000e+01 -2.423237942564131740e-03 -1.136322787603991297e-03
3.400000000000000000e+01 -2.779347288709326565e-03 -1.336830927547779041e-03
3.500000000000000000e+01 -3.180343518623592394e-03 -1.568133481830020527e-03
3.600000000000000000e+01 -3.630571439900869175e-03 -1.834120096804457093e-03
3.700000000000000000e+01 -4.134601478469665699e-03 -2.139005962493909906e-03
3.800000000000000000e+01 -4.697283088909732021e-03 -2.487318740995775670e-03
3.900000000000000000e+01 -5.323801498473577920e-03 -2.883891609492896663e-03
4.000000000000000000e+01 -6.019696204100741244e-03 -3.333869904408860024e-03
4.100000000000000000e+01 -6.790804271501427354e-03 -3.842728460022566163e-03
4.200000000000000000e+01 -7.643120615260178517e-03 -4.416284048049453660e-03
4.300000000000000000e+01 -8.582612464874858973e-03 -5.060680592628603001e-03
4.400000000000000000e+01 -9.615063888653359314e-03 -5.782331028232470110e-03
4.500000000000000000e+01 -1.074603134135665612e-02 -6.587819000569481928e-03
4.600000000000000000e+01 -1.198094708655219297e-02 -7.483787013938535647e-03
4.700000000000000000e+01 -1.332532505265109773e-02 -8.476849955000457029e-03
4.800000000000000000e+01 -1.478494228625495607e-02 -9.573561650802331693e-03
4.900000000000000000e+01 -1.636583909855414756e-02 -1.078042735115396049e-02
5.000000000000000000e+01 -1.807403680891572079e-02 -1.210391384451274532e-02
5.100000000000000000e+01 -1.991500742544052849e-02 -1.355038869055797193e-02
5.200000000000000000e+01 -2.189308770609571519e-02 -1.512594196321757380e-02
5.300000000000000000e+01 -2.401112001796418260e-02 -1.683610580308155663e-02
5.400000000000000000e+01 -2.627054639391670013e-02 -1.868555778121132327e-02
5.500000000000000000e+01 -2.867197176210070295e-02 -2.067792643515845019e-02
5.600000000000000000e+01 -3.121593476898402303e-02 -2.281577702472067232e-02
5.700000000000000000e+01 -3.390343113223003718e-02 -2.510074992901170296e-02
5.800000000000000000e+01 -3.673576239301247492e-02 -2.753370955297874956e-02
5.900000000000000000e+01 -3.971357280919449867e-02 -3.011471679647281102e-02
6.000000000000000000e+01 -4.283538540364582176e-02 -3.284271353923211983e-02
6.100000000000000000e+01 -4.609632714145126681e-02 -3.571498214343677563e-02
6.200000000000000000e+01 -4.948779361436413810e-02 -3.872662019077735551e-02
6.300000000000000000e+01 -5.299842872161159707e-02 -4.187032696270965443e-02
6.400000000000000000e+01 -5.661611183621143017e-02 -4.513666379617555652e-02
6.500000000000000000e+01 -6.032999774621974898e-02 -4.851467373997008642e-02
6.600000000000000000e+01 -6.413143257656625518e-02 -5.199248773446570049e-02
6.700000000000000000e+01 -6.801298664961366591e-02 -5.555748884244170877e-02
6.800000000000000000e+01 -7.196579105720675440e-02 -5.919583470016164667e-02
6.900000000000000000e+01 -7.597639596703555098e-02 -6.289155246077839101e-02
7.000000000000000000e+01 -8.002489263279850829e-02 -6.662577180780836217e-02
7.100000000000000000e+01 -8.408564181239898405e-02 -7.037669444580045564e-02
7.200000000000000000e+01 -8.813069358451100510e-02 -7.412052833889626324e-02
7.300000000000000000e+01 -9.213446481868761695e-02 -7.783302308814830928e-02
7.400000000000000000e+01 -9.607730476950715470e-02 -8.149079725803208551e-02
7.500000000000000000e+01 -9.994585098416308711e-02 -8.507167717558873632e-02
7.600000000000000000e+01 -1.037295842982701444e-01 -8.855382429515182285e-02
7.700000000000000000e+01 -1.074150661593485101e-01 -9.191421726768755907e-02
7.800000000000000000e+01 -1.109808800270713353e-01 -9.512757534095162004e-02
7.900000000000000000e+01 -1.143963233648540162e-01 -9.816667049024797864e-02
8.000000000000000000e+01 -1.176251742837352565e-01 -1.010041817516213747e-01
8.100000000000000000e+01 -1.206331627085625580e-01 -1.036152503132748703e-01
8.200000000000000000e+01 -1.233955469611514588e-01 -1.059793421802830010e-01
8.300000000000000000e+01 -1.259007439096708203e-01 -1.080803313598188847e-01
8.400000000000000000e+01 -1.281477191815388883e-01 -1.099047641560187971e-01
8.500000000000000000e+01 -1.301380645703051342e-01 -1.114394339249068361e-01
8.600000000000000000e+01 -1.318667261884307884e-01 -1.126699246758122164e-01
8.700000000000000000e+01 -1.333164614316787733e-01 -1.135812664456365417e-01
8.800000000000000000e+01 -1.344594652355201592e-01 -1.141605446054565626e-01
8.900000000000000000e+01 -1.352659037235876271e-01 -1.144000206515797535e-01
9.000000000000000000e+01 -1.357152649492575081e-01 -1.142988927141639632e-01
9.100000000000000000e+01 -1.358046129532060886e-01 -1.138625725399345645e-01
9.200000000000000000e+01 -1.355491359940646234e-01 -1.130998558679068289e-01
9.300000000000000000e+01 -1.349742805751339148e-01 -1.120196835085891240e-01
9.400000000000000000e+01 -1.341032816888501900e-01 -1.106294750497260893e-01
9.500000000000000000e+01 -1.329465843811617476e-01 -1.089360499687518913e-01
9.600000000000000000e+01 -1.314989035687881558e-01 -1.069485238188018217e-01
9.700000000000000000e+01 -1.297457327403649940e-01 -1.046813085104126712e-01
9.800000000000000000e+01 -1.276760524556106724e-01 -1.021552536494882285e-01
9.900000000000000000e+01 -1.252945623265521169e-01 -9.939609885530992228e-02
1.000000000000000000e+02 -1.226268621518411817e-01 -9.643105323347653246e-02
1.010000000000000000e+02 -1.197146404594246899e-01 -9.328544610628289324e-02
1.020000000000000000e+02 -1.166031990849026589e-01 -8.998130346197200091e-02
1.030000000000000000e+02 -1.133277421920412670e-01 -8.653847644488277258e-02
1.040000000000000000e+02 -1.099055479251133810e-01 -8.297737687007264440e-02
1.050000000000000000e+02 -1.063380068546492530e-01 -7.932144166697353838e-02
1.060000000000000000e+02 -1.026212504251130114e-01 -7.559769625026725726e-02
1.070000000000000000e+02 -9.875957137355180493e-02 -7.183501024593913487e-02
1.080000000000000000e+02 -9.477447222244445024e-02 -6.806104832199517951e-02
1.090000000000000000e+02 -9.070462386773862906e-02 -6.429964931222975633e-02
1.100000000000000000e+02 -8.659688809403287557e-02 -6.057001409606822817e-02
1.110000000000000000e+02 -8.249322545231184411e-02 -5.688793129319770492e-02
1.120000000000000000e+02 -7.842030963616394845e-02 -5.326807094044663793e-02
1.130000000000000000e+02 -7.438701294994165547e-02 -4.972584748854351477e-02
1.140000000000000000e+02 -7.039061808039367985e-02 -4.627774940513282309e-02
1.150000000000000000e+02 -6.642805011207829347e-02 -4.294003929504168482e-02
1.160000000000000000e+02 -6.250603589686112849e-02 -3.972669899901756785e-02
1.170000000000000000e+02 -5.864501583197544859e-02 -3.664786011273724747e-02
1.180000000000000000e+02 -5.487517325786030881e-02 -3.370956625565890707e-02
1.190000000000000000e+02 -5.122710378336870624e-02 -3.091487158464482909e-02
1.200000000000000000e+02 -4.772222706972781281e-02 -2.826553076114581009e-02
1.210000000000000000e+02 -4.436781345026256235e-02 -2.576329906848770501e-02
1.220000000000000000e+02 -4.115877147918180906e-02 -2.341021077010614279e-02
1.230000000000000000e+02 -3.808472533788068159e-02 -2.120786807975767047e-02
1.240000000000000000e+02 -3.513835777093797519e-02 -1.915633311572221414e-02
1.250000000000000000e+02 -3.232073459436225066e-02 -1.725336338168588154e-02
1.260000000000000000e+02 -2.964127573541063682e-02 -1.549443876594746444e-02
1.270000000000000000e+02 -2.711297521726679580e-02 -1.387352404730762302e-02
1.280000000000000000e+02 -2.474580049640931131e-02 -1.238411086733224101e-02
1.290000000000000000e+02 -2.254180228689015020e-02 -1.101999548145038074e-02
1.300000000000000000e+02 -2.049421726041658620e-02 -9.775475489774768101e-03
1.310000000000000000e+02 -1.859058291941138863e-02 -8.645016105724295796e-03
1.320000000000000000e+02 -1.681787536334269223e-02 -7.622716993802616456e-03
1.330000000000000000e+02 -1.516692246493658511e-02 -6.701961048619367416e-03
1.340000000000000000e+02 -1.363406542639638251e-02 -5.875457092152230887e-03
1.350000000000000000e+02 -1.221967814844916907e-02 -5.135631415248211561e-03
1.360000000000000000e+02 -1.092475674661777876e-02 -4.475135574654086346e-03
1.370000000000000000e+02 -9.747566695647285478e-03 -3.887210689660150053e-03
1.380000000000000000e+02 -8.682015832810204004e-03 -3.365768401944409498e-03
1.390000000000000000e+02 -7.718322380194798937e-03 -2.905223438073881170e-03
1.400000000000000000e+02 -6.845328841721981528e-03 -2.500235822889494783e-03
1.410000000000000000e+02 -6.053103795701778554e-03 -2.145534157815616200e-03
1.420000000000000000e+02 -5.334551361204405671e-03 -1.835909247900996324e-03
1.430000000000000000e+02 -4.685444385743426331e-03 -1.566353773320799253e-03
1.440000000000000000e+02 -4.103159660959100272e-03 -1.332246761093221904e-03
1.450000000000000000e+02 -3.584968486530108311e-03 -1.129475635207309505e-03
1.460000000000000000e+02 -3.126795204504253297e-03 -9.544423272126689685e-04
1.470000000000000000e+02 -2.722962990334254485e-03 -8.039715562303954063e-04
1.480000000000000000e+02 -2.366871603564466627e-03 -6.751859482050404397e-04
1.490000000000000000e+02 -2.052110006642890883e-03 -5.654143159974759931e-04
1.500000000000000000e+02 -1.773391616990281378e-03 -4.721654330852590375e-04
1.510000000000000000e+02 -1.526905651124596574e-03 -3.931565134181195164e-04
1.520000000000000000e+02 -1.310038431405947555e-03 -3.263586210765809063e-04
1.530000000000000000e+02 -1.120725813200736717e-03 -2.700210825301603947e-04
1.540000000000000000e+02 -9.568160477075878618e-04 -2.226573583029474717e-04
1.550000000000000000e+02 -8.157357659627481388e-04 -1.829997476640291183e-04
1.560000000000000000e+02 -6.945446498139811169e-04 -1.499451485563791818e-04
1.570000000000000000e+02 -5.902608876424600805e-04 -1.225134248855566806e-04
1.580000000000000000e+02 -5.002371860954097542e-04 -9.982810413224009645e-05
1.590000000000000000e+02 -4.223936003408925235e-04 -8.111534233896087499e-05
