0.000000000000000000e+00 -2.677487042687132178e-07 -1.422571356744017232e-06
1.000000000000000000e+00 2.132051194800057003e-06 3.060386828189080655e-06
2.000000000000000000e+00 2.357800825942864169e-06 3.330243992264562929e-06
3.000000000000000000e+00 3.023172360240298823e-06 4.232200345178611918e-06
4.000000000000000000e+00 3.917036356503511216e-06 5.445473911111290510e-06
5.000000000000000000e+00 5.068286209185516821e-06 7.001442443877423974e-06
6.000000000000000000e+00 6.536804687049562853e-06 8.975764324653162638e-06
7.000000000000000000e+00 8.400329710123775496e-06 1.146756323176928404e-05
8.000000000000000000e+00 1.075500567131798662e-05 1.459923417156559216e-05
9.000000000000000000e+00 1.371824760330978133e-05 1.851969058952467970e-05
1.000000000000000000e+01 1.743250642660961022e-05 2.340879841653890396e-05
1.100000000000000000e+01 2.206975058344021404e-05 2.948265686022441927e-05
1.200000000000000000e+01 2.783667938877025026e-05 3.699974662935314715e-05
1.300000000000000000e+01 3.498068102986878395e-05 4.626799804530855743e-05
1.400000000000000000e+01 4.379650969724159900e-05 5.765275004326777912e-05
1.500000000000000000e+01 5.463366145300202091e-05 7.158549263171901426e-05
1.600000000000000000e+01 6.790449904263245985e-05 8.857331096444521394e-05
1.700000000000000000e+01 8.409326011050397313e-05 1.092090975789813305e-04
1.800000000000000000e+01 1.037660869719932963e-04 1.341827627143944604e-04
1.900000000000000000e+01 1.275820896550201964e-04 1.642936730167480520e-04
2.000000000000000000e+01 1.563052620563535884e-04 2.004642950352766699e-04
2.100000000000000000e+01 1.908169715369020455e-04 2.437546360283322127e-04
2.200000000000000000e+01 2.321288456135236317e-04 2.953768610134948486e-04
2.300000000000000000e+01 2.813961237964281875e-04 3.567096639467714526e-04
2.400000000000000000e+01 3.399316923627925544e-04 4.293124997703954768e-04
2.500000000000000000e+01 4.092208561766995400e-04 5.149402042529440662e-04
2.600000000000000000e+01 4.909364538192576488e-04 6.155583555479094641e-04
2.700000000000000000e+01 5.869535135795431267e-04 7.333588922611237451e-04
2.800000000000000000e+01 6.993626540720204255e-04 8.707745449901075621e-04
2.900000000000000000e+01 8.304819191528377102e-04 1.030490379089208167e-03
3.000000000000000000e+01 9.828673062982941355e-04 1.215451574977056189e-03
3.100000000000000000e+01 1.159322322574645771e-03 1.428867958956420896e-03
3.200000000000000000e+01 1.362906249258403297e-03 1.674216562302921745e-03
3.300000000000000000e+01 1.596939837901036443e-03 1.955242751835588842e-03
3.400000000000000000e+01 1.865006709163857194e-03 2.275958560138860443e-03
3.500000000000000000e+01 2.170949279755382197e-03 2.640635222335038085e-03
3.600000000000000000e+01 2.518859253379524855e-03 3.053787095456600171e-03
3.700000000000000000e+01 2.913063563366342749e-03 3.520146245858501565e-03
3.800000000000000000e+01 3.358106314795072846e-03 4.044629483315141487e-03
3.900000000000000000e+01 3.858725889560018878e-03 4.632300407552684962e-03
4.000000000000000000e+01 4.419825069806182158e-03 5.288327318890183142e-03
4.100000000000000000e+01 5.046431989534521691e-03 6.017934996672406889e-03
4.200000000000000000e+01 5.743651154421014829e-03 6.826346842924792963e-03
4.300000000000000000e+01 6.516605667423262457e-03 7.718715142050685575e-03
4.400000000000000000e+01 7.370372749345229998e-03 8.700040208324781935e-03
4.500000000000000000e+01 8.309913986174862627e-03 9.775081463742653354e-03
4.600000000000000000e+01 9.340000047758976673e-03 1.094826334385157716e-02
4.700000000000000000e+01 1.046512819689522471e-02 1.222357716071398141e-02
4.800000000000000000e+01 1.168943077719872617e-02 1.360447899633380857e-02
4.900000000000000000e+01 1.301657424718283967e-02 1.509378457656400732e-02
5.000000000000000000e+01 1.444965070894372455e-02 1.669356341691867474e-02
5.100000000000000000e+01 1.599106631458807604e-02 1.840503377719734240e-02
5.200000000000000000e+01 1.764243213135957555e-02 2.022845696240712504e-02
5.300000000000000000e+01 1.940446167780798814e-02 2.216302801567590977e-02
5.400000000000000000e+01 2.127687513253765164e-02 2.420676425319064073e-02
5.500000000000000000e+01 2.325830535962598866e-02 2.635640258586194329e-02
5.600000000000000000e+01 2.534619986932066388e-02 2.860732299570704906e-02
5.700000000000000000e+01 2.753671917849165318e-02 3.095350930157446390e-02
5.800000000000000000e+01 2.982464369529482309e-02 3.338753912346409392e-02
5.900000000000000000e+01 3.220330923681032076e-02 3.590057677564784111e-02
6.000000000000000000e+01 3.466458549789371707e-02 3.848234540892804534e-02
6.100000000000000000e+01 3.719889144626655625e-02 4.112108469849116987e-02
6.200000000000000000e+01 3.979522085703607326e-02 4.380353862033928292e-02
6.300000000000000000e+01 4.244115101790373046e-02 4.651502900052683492e-02
6.400000000000000000e+01 4.512283662842725418e-02 4.923963291113600538e-02
6.500000000000000000e+01 4.782503085476867005e-02 5.196041453214377687e-02
6.600000000000000000e+01 5.053118952820976478e-02 5.465961943746373841e-02
6.700000000000000000e+01 5.322367835518334450e-02 5.731876970588482140e-02
6.800000000000000000e+01 5.588403497636890843e-02 5.991869463420623071e-02
6.900000000000000000e+01 5.849319473420534765e-02 6.243962178137073271e-02
7.000000000000000000e+01 6.103162148506923596e-02 6.486144997229568998e-02
7.100000000000000000e+01 6.347938304564586243e-02 6.716420763023558949e-02
7.200000000000000000e+01 6.581629629480426069e-02 6.932854644624811269e-02
7.300000000000000000e+01 6.802225096403591298e-02 7.133606409057771658e-02
7.400000000000000000e+01 7.007769142528436079e-02 7.316936341003904554e-02
7.500000000000000000e+01 7.196408931557257693e-02 7.481197198535342874e-02
7.600000000000000000e+01 7.366421463251944524e-02 7.624838976221097464e-02
7.700000000000000000e+01 7.516216145382242919e-02 7.746446020621210182e-02
7.800000000000000000e+01 7.644330177622062072e-02 7.844799785821138238e-02
7.900000000000000000e+01 7.749443267335154317e-02 7.918935420443987128e-02
8.000000000000000000e+01 7.830423518695348029e-02 7.968158924048639180e-02
8.100000000000000000e+01 7.886387312069509381e-02 7.992018653870222589e-02
8.200000000000000000e+01 7.916737631081093018e-02 7.990260723430445133e-02
8.300000000000000000e+01 7.921156761104806987e-02 7.962812164586829944e-02
8.400000000000000000e+01 7.899564516514170909e-02 7.909813643954438644e-02
8.500000000000000000e+01 7.852082702372634171e-02 7.831680304691696071e-02
8.600000000000000000e+01 7.779042140621326984e-02 7.729140270825769765e-02
8.700000000000000000e+01 7.681030212294402693e-02 7.603211847938451395e-02
8.800000000000000000e+01 7.558936162475947407e-02 7.455125979413985970e-02
8.900000000000000000e+01 7.413945683567677025e-02 7.286243700541197854e-02
9.000000000000000000e+01 7.247474166519710104e-02 7.098022376127202659e-02
9.100000000000000000e+01 7.061078697289341344e-02 6.892043998672608973e-02
9.200000000000000000e+01 6.856407355561530692e-02 6.670066030349272590e-02
9.300000000000000000e+01 6.635211922706008014e-02 6.434034117168999090e-02
9.400000000000000000e+01 6.399393243836198897e-02 6.186025016512049224e-02
9.500000000000000000e+01 6.151017156745874903e-02 5.928143969350610498e-02
9.600000000000000000e+01 5.892261998022228775e-02 5.662437375825310482e-02
9.700000000000000000e+01 5.625317113190775320e-02 5.390868759623161643e-02
9.800000000000000000e+01 5.352294390519778122e-02 5.115354699965760782e-02
9.900000000000000000e+01 5.075203914061360289e-02 4.837810361753335647e-02
1.000000000000000000e+02 4.795990077372372373e-02 4.560149672442182639e-02
1.010000000000000000e+02 4.516574250914606042e-02 4.284225267920614005e-02
1.020000000000000000e+02 4.238847940264135056e-02 4.011743640842147657e-02
1.030000000000000000e+02 3.964606698252379213e-02 3.744210334472870827e-02
1.040000000000000000e+02 3.695467951757086533e-02 3.482934778812908638e-02
1.050000000000000000e+02 3.432829508157651810e-02 3.229077666582812201e-02
1.060000000000000000e+02 3.177890300914673616e-02 2.983694359281717154e-02
1.070000000000000000e+02 2.931704042482215916e-02 2.747737471919874108e-02
1.080000000000000000e+02 2.695214164586456906e-02 2.522019210396256317e-02
1.090000000000000000e+02 2.469241166663333625e-02 2.307166949244832468e-02
1.100000000000000000e+02 2.254437993409794810e-02 2.103608617161894720e-02
1.110000000000000000e+02 2.051255805293853221e-02 1.911598782627631221e-02
1.120000000000000000e+02 1.859951014248124174e-02 1.731265418104549481e-02
1.130000000000000000e+02 1.680628691101875016e-02 1.562645739057634195e-02
1.140000000000000000e+02 1.513290034543329429e-02 1.405693452985476953e-02
1.150000000000000000e+02 1.357854021000031233e-02 1.260264738104127299e-02
1.160000000000000000e+02 1.214149451678004157e-02 1.126105486781035434e-02
1.170000000000000000e+02 1.081898522523948650e-02 1.002857831021570882e-02
1.180000000000000000e+02 9.607166453867468231e-03 8.900865529874322363e-03
1.190000000000000000e+02 8.501361295177929656e-03 7.873111388378267392e-03
1.200000000000000000e+02 7.496409330221101217e-03 6.940276428397969440e-03
1.210000000000000000e+02 6.586930648256744680e-03 6.097148291750895295e-03
1.220000000000000000e+02 5.767411251717916541e-03 5.338311973275217462e-03
1.230000000000000000e+02 5.032168036747899052e-03 4.658140975648709242e-03
1.240000000000000000e+02 4.375326216316725511e-03 4.050874694030192139e-03
1.250000000000000000e+02 3.790895552971495705e-03 3.510763404645698537e-03
1.260000000000000000e+02 3.272927533816701474e-03 3.032211400029571468e-03
1.270000000000000000e+02 2.815669057781755753e-03 2.609860413049295592e-03
1.280000000000000000e+02 2.413643026987122211e-03 2.238605816012684355e-03
1.290000000000000000e+02 2.061651550114068296e-03 1.913580976024351413e-03
1.300000000000000000e+02 1.754750043279593033e-03 1.630151715040637200e-03
1.310000000000000000e+02 1.488242797088903859e-03 1.383938281215238734e-03
1.320000000000000000e+02 1.257714009099588541e-03 1.170852860087118500e-03
1.330000000000000000e+02 1.059071615141560490e-03 9.871287572801700893e-04
1.340000000000000000e+02 8.885727962467098590e-04 8.293262960228863466e-04
1.350000000000000000e+02 7.428183521296279892e-04 6.943176495244379916e-04
1.360000000000000000e+02 6.187264803605862671e-04 5.792636140315306995e-04
1.370000000000000000e+02 5.135055350235413502e-04 4.815941682770356002e-04
1.380000000000000000e+02 4.246374459156300029e-04 3.989962391575743185e-04
1.390000000000000000e+02 3.498698397921741086e-04 3.294046472612664408e-04
1.400000000000000000e+02 2.872076275240202582e-04 2.709905079917817564e-04
1.410000000000000000e+02 2.348973133774036684e-04 2.221445233162865106e-04
1.420000000000000000e+02 1.914044126086736808e-04 1.814566497738644125e-04
1.430000000000000000e+02 1.553891526943260680e-04 1.476954137728861947e-04
1.440000000000000000e+02 1.256852032325534807e-04 1.197892594080917289e-04
1.450000000000000000e+02 1.012825940011291917e-04 9.681036262814397375e-05
1.460000000000000000e+02 8.131299118023945741e-05 7.796004203489760890e-05
1.470000000000000000e+02 6.503509611438937279e-05 6.255482197315585184e-05
1.480000000000000000e+02 5.181944264570340259e-05 5.001285753620798586e-05
1.490000000000000000e+02 4.113343087848526973e-05 3.984102389735541500e-05
1.500000000000000000e+02 3.252782535099023862e-05 3.162310280593567198e-05
1.510000000000000000e+02 2.562527981698930796e-05 2.500927442943383914e-05
1.520000000000000000e+02 2.011060486152478768e-05 1.970685595474185628e-05
1.530000000000000000e+02 1.572215562752857067e-05 1.547211643553295489e-05
1.540000000000000000e+02 1.224393315277062695e-05 1.210303094244165378e-05
1.550000000000000000e+02 9.498380209205241245e-06 9.432904930138229661e-06
1.560000000000000000e+02 7.340048941749550892e-06 7.324822239001892738e-06
1.570000000000000000e+02 5.650245853063695097e-06 5.666848284091368518e-06
1.580000000000000000e+02 4.332575868774338834e-06 4.367897409914524064e-06
1.590000000000000000e+02 3.309192859924461125e-06 3.354178169653563751e-06
