0.000000000000000000e+00 -1.350452475839620079e-05 -9.003329513065320283e-05
1.000000000000000000e+00 2.788446700881845001e-05 1.021752315691513361e-04
2.000000000000000000e+00 2.821822639913603437e-05 9.183803936889971189e-05
3.000000000000000000e+00 3.312723354074448555e-05 1.032575519899706768e-04
4.000000000000000000e+00 3.990739599839925598e-05 1.210489681217474930e-04
5.000000000000000000e+00 4.830313424957056149e-05 1.430360204872091283e-04
6.000000000000000000e+00 5.845121812517943793e-05 1.690821666098997369e-04
7.000000000000000000e+00 7.061088148696834175e-05 1.995692245802297381e-04
8.000000000000000000e+00 8.511267226837556483e-05 2.350773953945329913e-04
9.000000000000000000e+00 1.023487184668217520e-04 2.763044242319348488e-04
1.000000000000000000e+01 1.227740168907169615e-04 3.240477682965257336e-04
1.100000000000000000e+01 1.469115700020445369e-04 3.792061484088832604e-04
1.200000000000000000e+01 1.753592602032410196e-04 4.427864624335281279e-04
1.300000000000000000e+01 2.087977321078144353e-04 5.159104574694831514e-04
1.400000000000000000e+01 2.479989575019577461e-04 5.998189756254268101e-04
1.500000000000000000e+01 2.938352702017376608e-04 6.958739757077596604e-04
1.600000000000000000e+01 3.472887140816483171e-04 8.055605709112620373e-04
1.700000000000000000e+01 4.094606396922846028e-04 9.304924289260994939e-04
1.800000000000000000e+01 4.815816156948571542e-04 1.072423176579887080e-03
1.900000000000000000e+01 5.650218083918147208e-04 1.233263647271402993e-03
2.000000000000000000e+01 6.613019022467933258e-04 1.415100798551250164e-03
2.100000000000000000e+01 7.721043167194103747e-04 1.620210904920743123e-03
2.200000000000000000e+01 8.992840112757607930e-04 1.851059459901019345e-03
2.300000000000000000e+01 1.044877853557527872e-03 2.110284430867943786e-03
2.400000000000000000e+01 1.211111709888368750e-03 2.400667384858058175e-03
2.500000000000000000e+01 1.400405239604303161e-03 2.725105268045383434e-03
2.600000000000000000e+01 1.615375512408934134e-03 3.086599247099383690e-03
2.700000000000000000e+01 1.858841225530813174e-03 3.488271750625889824e-03
2.800000000000000000e+01 2.133828612059326339e-03 3.933408504563031330e-03
2.900000000000000000e+01 2.443577864067585873e-03 4.425504529102690723e-03
3.000000000000000000e+01 2.791546029117472540e-03 4.968281386224867799e-03
3.100000000000000000e+01 3.181400932241434682e-03 5.565646491857811906e-03
3.200000000000000000e+01 3.617002665322143103e-03 6.221587289006229315e-03
3.300000000000000000e+01 4.102374690352048742e-03 6.940027223902616588e-03
3.400000000000000000e+01 4.641672930910683073e-03 7.724700699816189516e-03
3.500000000000000000e+01 5.239163683876563692e-03 8.579110365228959090e-03
3.600000000000000000e+01 5.899215879099532073e-03 9.506599756305465429e-03
3.700000000000000000e+01 6.626300674917930469e-03 1.051051415370526411e-02
3.800000000000000000e+01 7.424978362637868999e-03 1.159436003187365276e-02
3.900000000000000000e+01 8.299849412984967173e-03 1.276184508383490339e-02
4.000000000000000000e+01 9.255460166811221162e-03 1.401671270872584772e-02
4.100000000000000000e+01 1.029618056905669612e-02 1.536237652456175218e-02
4.200000000000000000e+01 1.142609596211147799e-02 1.680147717555548204e-02
4.300000000000000000e+01 1.264895715947393640e-02 1.833556403298544982e-02
4.400000000000000000e+01 1.396820190859478228e-02 1.996508812366739813e-02
4.500000000000000000e+01 1.538700744061462927e-02 2.168976115207189165e-02
4.600000000000000000e+01 1.690829149166047166e-02 2.350913748789502239e-02
4.700000000000000000e+01 1.853458550315810124e-02 2.542311246564234184e-02
4.800000000000000000e+01 2.026777148858745214e-02 2.743200334415478100e-02
4.900000000000000000e+01 2.210877275955563936e-02 2.953603542126974346e-02
5.000000000000000000e+01 2.405735375176989294e-02 3.173435179716566079e-02
5.100000000000000000e+01 2.611215465404336661e-02 3.402396817855888461e-02
5.200000000000000000e+01 2.827095293019380590e-02 3.639922841324599173e-02
5.300000000000000000e+01 3.053097403478430283e-02 3.885215906960512444e-02
5.400000000000000000e+01 3.288898651301949694e-02 4.137369856353036862e-02
5.500000000000000000e+01 3.534100399434574047e-02 4.395528262578635853e-02
5.600000000000000000e+01 3.788166269351545684e-02 4.658997335659679356e-02
5.700000000000000000e+01 4.050360804530762915e-02 4.927242220860417882e-02
5.800000000000000000e+01 4.319731639669766032e-02 5.199747241847969131e-02
5.900000000000000000e+01 4.595158149911059142e-02 5.475793038356414899e-02
6.000000000000000000e+01 4.875447879427382419e-02 5.754260492406063771e-02
6.100000000000000000e+01 5.159423704109171449e-02 6.033576776805393838e-02
6.200000000000000000e+01 5.445939200308380634e-02 6.311859584349911734e-02
6.300000000000000000e+01 5.733798804966037943e-02 6.587215165121292071e-02
6.400000000000000000e+01 6.021624062386314591e-02 6.858055615001330818e-02
6.500000000000000000e+01 6.307755874849084454e-02 7.123272080453517396e-02
6.600000000000000000e+01 6.590276653137094875e-02 7.382156080226588701e-02
6.700000000000000000e+01 6.867168504642831572e-02 7.634082544123714509e-02
6.800000000000000000e+01 7.136530713652906865e-02 7.878099800996264668e-02
6.900000000000000000e+01 7.396724759836313667e-02 8.112642362699248877e-02
7.000000000000000000e+01 7.646345046775011867e-02 8.335542498768135078e-02
7.100000000000000000e+01 7.884020799924139344e-02 8.544374242693864030e-02
7.200000000000000000e+01 8.108174405772153315e-02 8.736988085760680200e-02
7.300000000000000000e+01 8.316910824872111863e-02 8.911979894366399424e-02
7.400000000000000000e+01 8.508146334321560478e-02 9.068848892002268069e-02
7.500000000000000000e+01 8.679932546983272490e-02 9.207740459143905210e-02
7.600000000000000000e+01 8.830789641412813140e-02 9.328878631776404973e-02
7.700000000000000000e+01 8.959834009220395135e-02 9.431966850730856555e-02
7.800000000000000000e+01 9.066603873266404490e-02 9.515874895810953749e-02
7.900000000000000000e+01 9.150683506211582108e-02 9.578799887195123264e-02
8.000000000000000000e+01 9.211372663122710525e-02 9.618849645980495633e-02
8.100000000000000000e+01 9.247637454146201419e-02 9.634773096134652270e-02
8.200000000000000000e+01 9.258405038503826623e-02 9.626473205333117844e-02
8.300000000000000000e+01 9.243033005108060307e-02 9.595032077902683476e-02
8.400000000000000000e+01 9.201652096306070505e-02 9.542214509641093467e-02
8.500000000000000000e+01 9.135147746789276657e-02 9.469682880546047288e-02
8.600000000000000000e+01 9.044776438215465508e-02 9.378314888872395227e-02
8.700000000000000000e+01 8.931655842839279769e-02 9.267974112684305987e-02
8.800000000000000000e+01 8.796458942675147719e-02 9.137855958514298771e-02
8.900000000000000000e+01 8.639514978661036460e-02 8.987237966877731354e-02
9.000000000000000000e+01 8.461252040040655176e-02 8.816257821026002306e-02
9.100000000000000000e+01 8.262684938836928339e-02 8.626326775952472548e-02
9.200000000000000000e+01 8.045617362401817629e-02 8.419965778950898316e-02
9.300000000000000000e+01 7.812415502999578432e-02 8.200139147214652313e-02
9.400000000000000000e+01 7.565493140550029472e-02 7.969414047820824742e-02
9.500000000000000000e+01 7.306834969726069828e-02 7.729360680422427132e-02
9.600000000000000000e+01 7.037853867250813689e-02 7.480480184574683777e-02
9.700000000000000000e+01 6.759652609648282573e-02 7.222675646632122082e-02
9.800000000000000000e+01 6.473493320967275977e-02 6.956012481660492353e-02
9.900000000000000000e+01 6.181148569276609384e-02 6.681382022461804238e-02
1.000000000000000000e+02 5.884900040877752425e-02 6.400742538822086491e-02
1.010000000000000000e+02 5.587192887168260930e-02 6.116828544528463141e-02
1.020000000000000000e+02 5.290176873001728453e-02 5.832484149203265994e-02
1.030000000000000000e+02 4.995424648873091761e-02 5.549956432687351560e-02
1.040000000000000000e+02 4.703985166912481863e-02 5.270489255277539808e-02
1.050000000000000000e+02 4.416704163303405983e-02 4.994391430129229564e-02
1.060000000000000000e+02 4.134577517364611265e-02 4.721512254860996821e-02
1.070000000000000000e+02 3.858903175615063103e-02 4.451867491020104761e-02
1.080000000000000000e+02 3.591150261051204856e-02 4.186105591109405555e-02
1.090000000000000000e+02 3.332654663870687067e-02 3.925601027369000212e-02
1.100000000000000000e+02 3.084350629301710334e-02 3.672154531873574046e-02
1.110000000000000000e+02 2.846703272894043554e-02 3.427471549623804792e-02
1.120000000000000000e+02 2.619861818670265671e-02 3.192684904070643148e-02
1.130000000000000000e+02 2.403911299312084388e-02 2.968143941317472057e-02
1.140000000000000000e+02 2.199053360857560271e-02 2.753544812176434223e-02
1.150000000000000000e+02 2.005614981469345040e-02 2.548308967664710684e-02
1.160000000000000000e+02 1.823908227216341701e-02 2.352010787119323751e-02
1.170000000000000000e+02 1.654055880266414036e-02 2.164652063391205722e-02
1.180000000000000000e+02 1.495902846667916675e-02 1.986672407809322166e-02
1.190000000000000000e+02 1.349061552153734550e-02 1.818720371842038469e-02
1.200000000000000000e+02 1.213047718581345379e-02 1.661321204873572946e-02
1.210000000000000000e+02 1.087412379036957998e-02 1.514610894296533963e-02
1.220000000000000000e+02 9.717934701640132400e-03 1.378254465173712508e-02
1.230000000000000000e+02 8.658742215438537324e-03 1.251566005116266748e-02
1.240000000000000000e+02 7.692966884265462803e-03 1.133752825808943300e-02
1.250000000000000000e+02 6.815982181320920028e-03 1.024158989824731220e-02
1.260000000000000000e+02 6.022116733508904758e-03 9.223991707747363281e-03
1.270000000000000000e+02 5.305223563252346210e-03 8.283382783074144315e-03
1.280000000000000000e+02 4.659396603692827175e-03 7.419499593716593656e-03
1.290000000000000000e+02 4.079394440977401372e-03 6.631388773328329538e-03
1.300000000000000000e+02 3.560595585631038621e-03 5.916157913120711868e-03
1.310000000000000000e+02 3.098636049415364260e-03 5.268763435292387297e-03
1.320000000000000000e+02 2.689046058447258376e-03 4.682791052457890846e-03
1.330000000000000000e+02 2.327134923763104872e-03 4.151739029358759991e-03
1.340000000000000000e+02 2.008162990048653271e-03 3.670159003459611165e-03
1.350000000000000000e+02 1.727648158011281174e-03 3.234171620092832645e-03
1.360000000000000000e+02 1.481597608711069042e-03 2.841236409604375179e-03
1.370000000000000000e+02 1.266542048178308190e-03 2.489417236317048240e-03
1.380000000000000000e+02 1.079396347500059371e-03 2.176572574643668035e-03
1.390000000000000000e+02 9.172712518374214613e-04 1.899855059803540148e-03
1.400000000000000000e+02 7.773618320784002811e-04 1.655692936133460521e-03
1.410000000000000000e+02 6.569612846867403958e-04 1.440176311010006854e-03
1.420000000000000000e+02 5.535592249817809438e-04 1.249601972987332771e-03
1.430000000000000000e+02 4.649396696708052879e-04 1.080902935332918226e-03
1.440000000000000000e+02 3.892121705659801222e-04 9.317914045408274420e-04
1.450000000000000000e+02 3.247648247284718858e-04 8.006066382161148697e-04
1.460000000000000000e+02 2.701776167114728765e-04 6.859942274112183205e-04
1.470000000000000000e+02 2.241492701453435524e-04 5.865925227126803608e-04
1.480000000000000000e+02 1.854697858120548943e-04 5.008609578383022704e-04
1.490000000000000000e+02 1.530356945470312308e-04 4.270926878010674666e-04
1.500000000000000000e+02 1.258805214448691166e-04 3.635626727694907245e-04
1.510000000000000000e+02 1.031910619827834978e-04 3.087121861482351130e-04
1.520000000000000000e+02 8.429620279455573239e-05 2.612757277704010669e-04
1.530000000000000000e+02 6.863496520840768644e-05 2.203030460411981516e-04
1.540000000000000000e+02 5.572132933272710211e-05 1.850869399541820847e-04
1.550000000000000000e+02 4.512109497033147537e-05 1.550471601860980910e-04
1.560000000000000000e+02 3.644542127075121440e-05 1.296281792618330926e-04
1.570000000000000000e+02 2.935526482802962230e-05 1.082485666328995616e-04
1.580000000000000000e+02 2.356674231971731315e-05 9.030799256115596124e-05
1.590000000000000000e+02 1.885015923742183660e-05 7.523124875470525513e-05
