0.000000000000000000e+00 1.902488654218417741e-06 -2.885489981759216935e-06
1.000000000000000000e+00 2.420132707702839649e-06 3.053684984700784489e-06
2.000000000000000000e+00 2.903496864098667353e-06 3.391766460655603250e-06
3.000000000000000000e+00 3.701035430429450573e-06 4.376451671564553458e-06
4.000000000000000000e+00 4.753710395671273212e-06 5.704039352272061438e-06
5.000000000000000000e+00 6.096289859024395537e-06 7.422465538961675268e-06
6.000000000000000000e+00 7.793819296197326845e-06 9.625789889966020196e-06
7.000000000000000000e+00 9.929870748466441328e-06 1.243599914038377271e-05
8.000000000000000000e+00 1.260705049639398548e-05 1.600451522681508435e-05
9.000000000000000000e+00 1.594986916243935017e-05 2.051710323589834241e-05
1.000000000000000000e+01 2.010853445908492395e-05 2.620013658496877512e-05
1.100000000000000000e+01 2.526343123818426296e-05 3.332794191808698570e-05
1.200000000000000000e+01 3.163027841202305734e-05 4.223130577924056066e-05
1.300000000000000000e+01 3.946600457072590285e-05 5.330728713488571574e-05
1.400000000000000000e+01 4.907539390546979970e-05 6.703039459532119434e-05
1.500000000000000000e+01 6.081855422652753857e-05 8.396505040540784776e-05
1.600000000000000000e+01 7.511925622725234360e-05 1.047792128619852209e-04
1.700000000000000000e+01 9.247419050953009005e-05 1.302591476130959553e-04
1.800000000000000000e+01 1.134631866632002177e-04 1.613255474676214259e-04
1.900000000000000000e+01 1.387604288385527824e-04 1.990512809294740760e-04
2.000000000000000000e+01 1.691466852411396111e-04 2.446808225418073391e-04
2.100000000000000000e+01 2.055225416547491854e-04 2.996509596427483963e-04
2.200000000000000000e+01 2.489226006967361674e-04 3.656120274690020846e-04
2.300000000000000000e+01 3.005305843368804479e-04 4.444490444876268253e-04
2.400000000000000000e+01 3.616952610764389360e-04 5.383026753989380003e-04
2.500000000000000000e+01 4.339471002157956341e-04 6.495904409628133758e-04
2.600000000000000000e+01 5.190155206157230075e-04 7.810284150920464730e-04
2.700000000000000000e+01 6.188465343955373062e-04 9.356526897375120385e-04
2.800000000000000000e+01 7.356204979948287315e-04 1.116838806020389310e-03
2.900000000000000000e+01 8.717696005252462783e-04 1.328317117654630695e-03
3.000000000000000000e+01 1.029994682368109938e-03 1.574183055779437759e-03
3.100000000000000000e+01 1.213280993883265576e-03 1.858902751055934192e-03
3.200000000000000000e+01 1.424912524429664158e-03 2.187315028923810835e-03
3.300000000000000000e+01 1.668484462168867005e-03 2.564629615520368743e-03
3.400000000000000000e+01 1.947913123739429628e-03 2.996419212898442097e-03
3.500000000000000000e+01 2.267442390359959356e-03 3.488601798535299111e-03
3.600000000000000000e+01 2.631645525730747729e-03 4.047410470944626595e-03
3.700000000000000000e+01 3.045421451038776619e-03 4.679350877718133073e-03
3.800000000000000000e+01 3.513985072557271241e-03 5.391148496443936428e-03
3.900000000000000000e+01 4.042851646361689949e-03 6.189687776645474634e-03
4.000000000000000000e+01 4.637814823356588290e-03 7.081942534493632438e-03
4.100000000000000000e+01 5.304916820684584325e-03 8.074894378851157906e-03
4.200000000000000000e+01 6.050407956277765141e-03 9.175435824161895862e-03
4.300000000000000000e+01 6.880693027498360585e-03 1.039025740556221745e-02
4.400000000000000000e+01 7.802264450660541598e-03 1.172572138705507347e-02
4.500000000000000000e+01 8.821625339066472421e-03 1.318772605279307404e-02
4.600000000000000000e+01 9.945206597633225731e-03 1.478156366338344296e-02
4.700000000000000000e+01 1.117927832343237893e-02 1.651177367732096016e-02
4.800000000000000000e+01 1.252984917285733524e-02 1.838199243312722483e-02
4.900000000000000000e+01 1.400254424523897194e-02 2.039480077121533577e-02
5.000000000000000000e+01 1.560245843057324507e-02 2.255157050945546041e-02
5.100000000000000000e+01 1.733399639360752240e-02 2.485230948495369824e-02
5.200000000000000000e+01 1.920072070987703661e-02 2.729550603489924732e-02
5.300000000000000000e+01 2.120522265001092282e-02 2.987797975481895282e-02
5.400000000000000000e+01 2.334900524083515644e-02 3.259475310327453190e-02
5.500000000000000000e+01 2.563234529392256419e-02 3.543895939388021221e-02
5.600000000000000000e+01 2.805410749292365155e-02 3.840179079800432743e-02
5.700000000000000000e+01 3.061152659243218666e-02 4.147247104553611341e-02
5.800000000000000000e+01 3.330002238149649268e-02 4.463822922494405793e-02
5.900000000000000000e+01 3.611311490241905786e-02 4.788426811452707599e-02
6.000000000000000000e+01 3.904244179799400832e-02 5.119375591600846404e-02
6.100000000000000000e+01 4.207778956348566524e-02 5.454789347648749537e-02
6.200000000000000000e+01 4.520702513723488108e-02 5.792608958418594273e-02
6.300000000000000000e+01 4.841590686705239677e-02 6.130621782153688332e-02
6.400000000000000000e+01 5.168790801637915266e-02 6.466487595142283995e-02
6.500000000000000000e+01 5.500425642968879980e-02 6.797757848115928980e-02
6.600000000000000000e+01 5.834427461827573769e-02 7.121889445967598264e-02
6.700000000000000000e+01 6.168585836231043479e-02 7.436263436914937464e-02
6.800000000000000000e+01 6.500577970168103237e-02 7.738220170251317032e-02
6.900000000000000000e+01 6.827963257750818693e-02 8.025112142677989779e-02
7.000000000000000000e+01 7.148160112781101749e-02 8.294361049555661058e-02
7.100000000000000000e+01 7.458450531436977560e-02 8.543499846727911629e-02
7.200000000000000000e+01 7.756045260088376136e-02 8.770191587143605361e-02
7.300000000000000000e+01 8.038192227622556474e-02 8.972237400357149784e-02
7.400000000000000000e+01 8.302265600892988484e-02 9.147598209173193884e-02
7.500000000000000000e+01 8.545780341903005950e-02 9.294445118268543360e-02
7.600000000000000000e+01 8.766341764243371082e-02 9.411227060510438114e-02
7.700000000000000000e+01 8.961607379741652613e-02 9.496723554887183394e-02
7.800000000000000000e+01 9.129340749357955920e-02 9.550056025375419644e-02
7.900000000000000000e+01 9.267559032554356646e-02 9.570661847522896060e-02
8.000000000000000000e+01 9.374681569680694271e-02 9.558265803879330280e-02
8.100000000000000000e+01 9.449568101898270234e-02 9.512885362653358823e-02
8.200000000000000000e+01 9.491423010110505709e-02 9.434874181126634562e-02
8.300000000000000000e+01 9.499664731810758544e-02 9.324968673064104596e-02
8.400000000000000000e+01 9.473900534373594362e-02 9.184291367108990412e-02
8.500000000000000000e+01 9.414055590491898773e-02 9.014295020831927796e-02
8.600000000000000000e+01 9.320556237229579710e-02 8.816678682609636886e-02
8.700000000000000000e+01 9.194399847693149330e-02 8.593329256340610789e-02
8.800000000000000000e+01 9.037031250208184263e-02 8.346317950186485368e-02
8.900000000000000000e+01 8.850116634993858422e-02 8.077930006601348467e-02
9.000000000000000000e+01 8.635402073084946784e-02 7.790673289859849360e-02
9.100000000000000000e+01 8.394768702650536041e-02 7.487226668491495096e-02
9.200000000000000000e+01 8.130413166669836489e-02 7.170339928590090117e-02
9.300000000000000000e+01 7.844959239155567532e-02 6.842738386383988292e-02
9.400000000000000000e+01 7.541362355083389146e-02 6.507080758542069243e-02
9.500000000000000000e+01 7.222654729220637226e-02 6.165972676019862431e-02
9.600000000000000000e+01 6.891722845129502617e-02 5.821991727937225053e-02
9.700000000000000000e+01 6.551277491064944059e-02 5.477673643332420933e-02
9.800000000000000000e+01 6.203999952491290326e-02 5.135447058124637670e-02
9.900000000000000000e+01 5.852691024646632101e-02 4.797551398869104311e-02
1.000000000000000000e+02 5.500254955697993220e-02 4.465987561336317441e-02
1.010000000000000000e+02 5.149507531051984027e-02 4.142523243631351937e-02
1.020000000000000000e+02 4.802957078597593077e-02 3.828730829766650856e-02
1.030000000000000000e+02 4.462725278621991476e-02 3.526014214528490343e-02
1.040000000000000000e+02 4.130644188670046235e-02 3.235597983930667970e-02
1.050000000000000000e+02 3.808413653202052246e-02 2.958489653900448629e-02
1.060000000000000000e+02 3.497665565603304966e-02 2.695449662803361263e-02
1.070000000000000000e+02 3.199881152144958690e-02 2.446995963737878810e-02
1.080000000000000000e+02 2.916243510303470274e-02 2.213440859144475900e-02
1.090000000000000000e+02 2.647557382217681499e-02 1.994934165688449362e-02
1.100000000000000000e+02 2.394298538091499395e-02 1.791487467692231758e-02
1.110000000000000000e+02 2.156740965220659348e-02 1.602974893331260767e-02
1.120000000000000000e+02 1.935054803811992602e-02 1.429126446491388140e-02
1.130000000000000000e+02 1.729310422377360046e-02 1.269533714698005585e-02
1.140000000000000000e+02 1.539413765294318261e-02 1.123674670637625321e-02
1.150000000000000000e+02 1.365052089693751317e-02 9.909479988396965519e-03
1.160000000000000000e+02 1.205708189311456915e-02 8.707016174574691222e-03
1.170000000000000000e+02 1.060735641871225071e-02 7.622473489365949942e-03
1.180000000000000000e+02 9.294396271748477795e-03 6.648655393824340169e-03
1.190000000000000000e+02 8.111136310667167032e-03 5.778094999224844472e-03
1.200000000000000000e+02 7.050268862450600679e-03 5.003165011545108141e-03
1.210000000000000000e+02 6.103968015236887687e-03 4.316243578516369347e-03
1.220000000000000000e+02 5.263842279270021518e-03 3.709875409928400751e-03
1.230000000000000000e+02 4.521220757340019963e-03 3.176875932246030383e-03
1.240000000000000000e+02 3.867581081530372007e-03 2.710372450597102988e-03
1.250000000000000000e+02 3.294847302352047966e-03 2.303814848866153533e-03
1.260000000000000000e+02 2.795436227551677689e-03 1.950991982797484680e-03
1.270000000000000000e+02 2.362139620549707185e-03 1.646065936790038278e-03
1.280000000000000000e+02 1.988020858203293651e-03 1.383611146467196530e-03
1.290000000000000000e+02 1.666437409060914044e-03 1.158638500494964078e-03
1.300000000000000000e+02 1.391166534214746979e-03 9.665955003593672181e-04
1.310000000000000000e+02 1.156530098817445127e-03 8.033484840134457036e-04
1.320000000000000000e+02 9.574336498429139022e-04 6.651593447223191772e-04
1.330000000000000000e+02 7.893138543217743854e-04 5.486651491943942988e-04
1.340000000000000000e+02 6.480516318786538584e-04 4.508611270289508807e-04
1.350000000000000000e+02 5.299129495944227388e-04 3.690828311691812932e-04
1.360000000000000000e+02 4.315379620579068757e-04 3.009840199125011356e-04
1.370000000000000000e+02 3.499551212549749661e-04 2.445103260883608781e-04
1.380000000000000000e+02 2.825832182131319593e-04 1.978713507338278755e-04
1.390000000000000000e+02 2.272024149389364795e-04 1.595138737751725122e-04
1.400000000000000000e+02 1.819026785577992043e-04 1.280973277582934369e-04
1.410000000000000000e+02 1.450318697277666678e-04 1.024712543977287826e-04
1.420000000000000000e+02 1.151598616743684269e-04 8.165406939170132992e-05
1.430000000000000000e+02 9.105944500935190178e-05 6.481286382319507815e-05
1.440000000000000000e+02 7.169354287373384707e-05 5.124445965822334856e-05
1.450000000000000000e+02 5.619818212527768824e-05 4.035807093675693863e-05
1.460000000000000000e+02 4.385833657809586484e-05 3.165974354549609806e-05
1.470000000000000000e+02 3.408118342116031433e-05 2.473852217139161174e-05
1.480000000000000000e+02 2.637317067849262664e-05 1.925419719674813996e-05
1.490000000000000000e+02 2.032395629925789582e-05 1.492650370834153602e-05
1.500000000000000000e+02 1.559576699899196682e-05 1.152568151225634297e-05
1.510000000000000000e+02 1.191464335040685634e-05 8.864300936872811541e-06
1.520000000000000000e+02 9.061077025858810450e-06 6.790229274065151984e-06
1.530000000000000000e+02 6.859915555372145569e-06 5.180598223682431590e-06
1.540000000000000000e+02 5.170961192954544257e-06 3.936649013274280653e-06
1.550000000000000000e+02 3.881592550212255978e-06 2.979360794040063904e-06
1.560000000000000000e+02 2.901629445493196655e-06 2.245784715842845098e-06
1.570000000000000000e+02 2.159690359959203102e-06 1.686003669055540484e-06
1.580000000000000000e+02 1.600108327785919274e-06 1.260627825742688101e-06
1.590000000000000000e+02 1.179930002846851377e-06 9.387343190805834185e-07
