0.000000000000000000e+00 -3.226787151979627954e-07 -4.946690376986602200e-06
1.000000000000000000e+00 9.704371598041689152e-07 8.166178950187749863e-06
2.000000000000000000e+00 1.199006281596612418e-06 8.554334007240480065e-06
3.000000000000000000e+00 1.619653099785023511e-06 1.071424131233716039e-05
4.000000000000000000e+00 2.190310599599876812e-06 1.365571167191139142e-05
5.000000000000000000e+00 2.949971273405921909e-06 1.741467803957620937e-05
6.000000000000000000e+00 3.954747775884347920e-06 2.215593936343107591e-05
7.000000000000000000e+00 5.276919184165048139e-06 2.809529506969933409e-05
8.000000000000000000e+00 7.008216094908208443e-06 3.549344913666318451e-05
9.000000000000000000e+00 9.264274974824358329e-06 4.466649504005648251e-05
1.000000000000000000e+01 1.219005344814789204e-05 5.600291842760334797e-05
1.100000000000000000e+01 1.596628768270512774e-05 6.998001787358640422e-05
1.200000000000000000e+01 2.081712363178855717e-05 8.717341590926507683e-05
1.300000000000000000e+01 2.701907028383030329e-05 1.082580617720163140e-04
1.400000000000000000e+01 3.491142933942644957e-05 1.340068425426909336e-04
1.500000000000000000e+01 4.490835925973084872e-05 1.652986363508155494e-04
1.600000000000000000e+01 5.751272895808897420e-05 2.031457751266514840e-04
1.700000000000000000e+01 7.333190856876169584e-05 2.487399348999553487e-04
1.800000000000000000e+01 9.309562949009996793e-05 3.035010076401399516e-04
1.900000000000000000e+01 1.176760237490108853e-04 3.691062794175623972e-04
2.000000000000000000e+01 1.481099223282274116e-04 4.474859875712732015e-04
2.100000000000000000e+01 1.856234520036938813e-04 5.407945666427106581e-04
2.200000000000000000e+01 2.316589187719399678e-04 6.513904678099426485e-04
2.300000000000000000e+01 2.879038990256269450e-04 7.818619567316501895e-04
2.400000000000000000e+01 3.563223783887896020e-04 9.351114688949105011e-04
2.500000000000000000e+01 4.391876853942413162e-04 1.114467460400301278e-03
2.600000000000000000e+01 5.391168633214715690e-04 1.323759905102224813e-03
2.700000000000000000e+01 6.591060081193513432e-04 1.567303874406459274e-03
2.800000000000000000e+01 8.025659629136425773e-04 1.849790632391337024e-03
2.900000000000000000e+01 9.733575983724697357e-04 2.176156424057554533e-03
3.000000000000000000e+01 1.175825732642748469e-03 2.551532949881274350e-03
3.100000000000000000e+01 1.414830576399913643e-03 2.981342795737859826e-03
3.200000000000000000e+01 1.695775440752186761e-03 3.471500254801405429e-03
3.300000000000000000e+01 2.024629295997045463e-03 4.028579353342191458e-03
3.400000000000000000e+01 2.407942575587678369e-03 4.659796681755685663e-03
3.500000000000000000e+01 2.852854374691100783e-03 5.372758642570420531e-03
3.600000000000000000e+01 3.367088978594151745e-03 6.175086982628223350e-03
3.700000000000000000e+01 3.958939604780751381e-03 7.074147185583123769e-03
3.800000000000000000e+01 4.637237374741219609e-03 8.077062580084268251e-03
3.900000000000000000e+01 5.411303656476590222e-03 9.191003605127942219e-03
4.000000000000000000e+01 6.290883762438322264e-03 1.042351821196310299e-02
4.100000000000000000e+01 7.286059594412811619e-03 1.178258582607649707e-02
4.200000000000000000e+01 8.407138758357912689e-03 1.327622465670459488e-02
4.300000000000000000e+01 9.664518568801605189e-03 1.491178580668721387e-02
4.400000000000000000e+01 1.106852500496410124e-02 1.669531853915456540e-02
4.500000000000000000e+01 1.262922769854449463e-02 1.863138743795366911e-02
4.600000000000000000e+01 1.435623117993600588e-02 2.072342844166462708e-02
4.700000000000000000e+01 1.625844079801696748e-02 2.297433185714813780e-02
4.800000000000000000e+01 1.834380216188173304e-02 2.538672957148390905e-02
4.900000000000000000e+01 2.061901779829672376e-02 2.796262575204946574e-02
5.000000000000000000e+01 2.308925108750990024e-02 3.070246437935462286e-02
5.100000000000000000e+01 2.575782852706452741e-02 3.360415974714128090e-02
5.200000000000000000e+01 2.862594386106782907e-02 3.666269829117062978e-02
5.300000000000000000e+01 3.169235920764842951e-02 3.987055684516334353e-02
5.400000000000000000e+01 3.495310236187640363e-02 4.321860986216358169e-02
5.500000000000000000e+01 3.840117853492478611e-02 4.669683228667501074e-02
5.600000000000000000e+01 4.202633087702632719e-02 5.029423423475566646e-02
5.700000000000000000e+01 4.581487370241892759e-02 5.399801934444670853e-02
5.800000000000000000e+01 4.974958756398865228e-02 5.779254728757791254e-02
5.900000000000000000e+01 5.380964371111267991e-02 6.165886624752809492e-02
6.000000000000000000e+01 5.797055307437257859e-02 6.557521004816556365e-02
6.100000000000000000e+01 6.220419434209491227e-02 6.951818559132284803e-02
6.200000000000000000e+01 6.647899678384558420e-02 7.346389958827946598e-02
6.300000000000000000e+01 7.076028938321476947e-02 7.738834425463729516e-02
6.400000000000000000e+01 7.501072998757443711e-02 8.126692796535550656e-02
6.500000000000000000e+01 7.919071350865271308e-02 8.507367872797384767e-02
6.600000000000000000e+01 8.325877261902092652e-02 8.878089264380427392e-02
6.700000000000000000e+01 8.717211450941206308e-02 9.235967240512066301e-02
6.800000000000000000e+01 9.088741058768581849e-02 9.578115563486851169e-02
6.900000000000000000e+01 9.436175524476034249e-02 9.901775533167800347e-02
7.000000000000000000e+01 9.755354412565736544e-02 1.020437709606526605e-01
7.100000000000000000e+01 1.004231141807541416e-01 1.048352274781745724e-01
7.200000000000000000e+01 1.029332815703343229e-01 1.073693677492450621e-01
7.300000000000000000e+01 1.050500768910652832e-01 1.096244377031816847e-01
7.400000000000000000e+01 1.067437692222199808e-01 1.115801264065273135e-01
7.500000000000000000e+01 1.079898762451018956e-01 1.132184936172289796e-01
7.600000000000000000e+01 1.087697395830616309e-01 1.145248504957502717e-01
7.700000000000000000e+01 1.090706029810277339e-01 1.154881200120246448e-01
7.800000000000000000e+01 1.088856007026166445e-01 1.161006126181585163e-01
7.900000000000000000e+01 1.082140820119726898e-01 1.163575710342072411e-01
8.000000000000000000e+01 1.070621837650607422e-01 1.162569460622130124e-01
8.100000000000000000e+01 1.054430851029344446e-01 1.157996057324346406e-01
8.200000000000000000e+01 1.033765270254230484e-01 1.149897831584844182e-01
8.300000000000000000e+01 1.008878414039925397e-01 1.138353557341428984e-01
8.400000000000000000e+01 9.800716210611280788e-02 1.123476751482498232e-01
8.500000000000000000e+01 9.476916427643461427e-02 1.105410111782299393e-01
8.600000000000000000e+01 9.121294683549110993e-02 1.084319463664660810e-01
8.700000000000000000e+01 8.738138515045450194e-02 1.060390505817144918e-01
8.800000000000000000e+01 8.331978817894419853e-02 1.033828963018914998e-01
8.900000000000000000e+01 7.907442326759323015e-02 1.004861730670899844e-01
9.000000000000000000e+01 7.469158444283482967e-02 9.737356489608785248e-02
9.100000000000000000e+01 7.021725438766628080e-02 9.407123479060847115e-02
9.200000000000000000e+01 6.569677297733880761e-02 9.060606350511415941e-02
9.300000000000000000e+01 6.117399332121600808e-02 8.700497388067167381e-02
9.400000000000000000e+01 5.669006742246185393e-02 8.329459903122529707e-02
9.500000000000000000e+01 5.228248468101728136e-02 7.950128867622593964e-02
9.600000000000000000e+01 4.798476625483912017e-02 7.565120157751886731e-02
9.700000000000000000e+01 4.382659203919033603e-02 7.177018836163520654e-02
9.800000000000000000e+01 3.983381868377341983e-02 6.788335079845882192e-02
9.900000000000000000e+01 3.602814261357919351e-02 6.401442350737782117e-02
1.000000000000000000e+02 3.242667976868074398e-02 6.018526546965046603e-02
1.010000000000000000e+02 2.904189294758199175e-02 5.641567534382691679e-02
1.020000000000000000e+02 2.588197767423797493e-02 5.272352389051623150e-02
1.030000000000000000e+02 2.295142083459453947e-02 4.912499778848336551e-02
1.040000000000000000e+02 2.025139321689414795e-02 4.563471137409821216e-02
1.050000000000000000e+02 1.777992279352716073e-02 4.226557862487193007e-02
1.060000000000000000e+02 1.553206885918332995e-02 3.902853487820380496e-02
1.070000000000000000e+02 1.350030510270225186e-02 3.593231197906946589e-02
1.080000000000000000e+02 1.167509077542836123e-02 3.298343102799421167e-02
1.090000000000000000e+02 1.004543502442496565e-02 3.018642809201125751e-02
1.100000000000000000e+02 8.599300712981976236e-03 2.754418505363857156e-02
1.110000000000000000e+02 7.323864964296191750e-03 2.505819697277069866e-02
1.120000000000000000e+02 6.205761760625389672e-03 2.272868296560592513e-02
1.130000000000000000e+02 5.231390030855794307e-03 2.055457243603045145e-02
1.140000000000000000e+02 4.387255816185745352e-03 1.853348157727559287e-02
1.150000000000000000e+02 3.660256892239189402e-03 1.666178731600951105e-02
1.160000000000000000e+02 3.037857097863915033e-03 1.493482696154610490e-02
1.170000000000000000e+02 2.508175839126432910e-03 1.334716582446136487e-02
1.180000000000000000e+02 2.060054429513653775e-03 1.189284000493998593e-02
1.190000000000000000e+02 1.683133458885001897e-03 1.056551159877552534e-02
1.200000000000000000e+02 1.367926775859744501e-03 9.358537383492413278e-03
1.210000000000000000e+02 1.105858453313338400e-03 8.265001936171289046e-03
1.220000000000000000e+02 8.892491846204020247e-04 7.277772720599742264e-03
1.230000000000000000e+02 7.112690394574065766e-04 6.389602655743294168e-03
1.240000000000000000e+02 5.658837917228800619e-04 5.593263818084271560e-03
1.250000000000000000e+02 4.478083094912431862e-04 4.881673290717151309e-03
1.260000000000000000e+02 3.524617702081407947e-04 4.247979121254931260e-03
1.270000000000000000e+02 2.759137529847250541e-04 3.685599943532219275e-03
1.280000000000000000e+02 2.148184712920929462e-04 3.188235664272062037e-03
1.290000000000000000e+02 1.663445803638001681e-04 2.749874195970981872e-03
1.300000000000000000e+02 1.281100526181038488e-04 2.364809804631048690e-03
1.310000000000000000e+02 9.812593355063595158e-05 2.027672410550927350e-03
1.320000000000000000e+02 7.474657793778843873e-05 1.733456023482410650e-03
1.330000000000000000e+02 5.662259194970104269e-05 1.477534044312259123e-03
1.340000000000000000e+02 4.265549909864144792e-05 1.255656864012667144e-03
1.350000000000000000e+02 3.195602609057366142e-05 1.063936068831408590e-03
1.360000000000000000e+02 2.380816766313868246e-05 8.988238174089891114e-04
1.370000000000000000e+02 1.763940959115657637e-05 7.570942678801832445e-04
1.380000000000000000e+02 1.299583780908887957e-05 6.358290169327085722e-04
1.390000000000000000e+02 9.520634689194220317e-06 5.324042736717360912e-04
1.400000000000000000e+02 6.935280858620069758e-06 4.444762593019198522e-04
1.410000000000000000e+02 5.023538936663058292e-06 3.699628870695184733e-04
1.420000000000000000e+02 3.618378304338103386e-06 3.070222847703975863e-04
1.430000000000000000e+02 2.591607756963953633e-06 2.540303296145099811e-04
1.440000000000000000e+02 1.845642781592767664e-06 2.095593620926607635e-04
1.450000000000000000e+02 1.306828915109882929e-06 1.723591253787571753e-04
1.460000000000000000e+02 9.199700240586155066e-07 1.413397444998966922e-04
1.470000000000000000e+02 6.439190998675181468e-07 1.155559535193880546e-04
1.480000000000000000e+02 4.481436396160418811e-07 9.419191561186745934e-05
1.490000000000000000e+02 3.101217554526922461e-07 7.654649688135285756e-05
1.500000000000000000e+02 2.133734164475656592e-07 6.201929213836168242e-05
1.510000000000000000e+02 1.459461292458701794e-07 5.009781496276255567e-05
1.520000000000000000e+02 9.923599753066113045e-08 4.034609321492411803e-05
1.530000000000000000e+02 6.708104847298574449e-08 3.239464922441531177e-05
1.540000000000000000e+02 4.508545471720160538e-08 2.593166863500023810e-05
1.550000000000000000e+02 3.012991953018452030e-08 2.069513498272267614e-05
1.560000000000000000e+02 2.001878973226975458e-08 1.646578183321398639e-05
1.570000000000000000e+02 1.322128354073384002e-08 1.306080472667905186e-05
1.580000000000000000e+02 8.678815309204869343e-09 1.032832173097766461e-05
1.590000000000000000e+02 5.662913777786990898e-09 8.142565096389286383e-06
