0.000000000000000000e+00 9.278858961443709636e-07 -1.145058904092812000e-06
1.000000000000000000e+00 1.680703161268907537e-06 1.384921584209508535e-06
2.000000000000000000e+00 1.894354667571865620e-06 1.594245679040517948e-06
3.000000000000000000e+00 2.462439980757464401e-06 2.102514827848332175e-06
4.000000000000000000e+00 3.232054319820069278e-06 2.791203773652174799e-06
5.000000000000000000e+00 4.234357352241747382e-06 3.694871177954935977e-06
6.000000000000000000e+00 5.526917327948483182e-06 4.870639918684008504e-06
7.000000000000000000e+00 7.184457466266742605e-06 6.392094897737888287e-06
8.000000000000000000e+00 9.300446131014135793e-06 8.351259482064289131e-06
9.000000000000000000e+00 1.199045593230893455e-05 1.086209283865089591e-05
1.000000000000000000e+01 1.539591894285260277e-05 1.406478295538628821e-05
1.100000000000000000e+01 1.968818010486204624e-05 1.813081069053795204e-05
1.200000000000000000e+01 2.507334709098601715e-05 2.326886217714256116e-05
1.300000000000000000e+01 3.179861978770357758e-05 2.973162073515756042e-05
1.400000000000000000e+01 4.016035732207680223e-05 3.782339974796456838e-05
1.500000000000000000e+01 5.051327264038625586e-05 4.790858547658052261e-05
1.600000000000000000e+01 6.327950668823863634e-05 6.042096409123345581e-05
1.700000000000000000e+01 7.895668159842817802e-05 7.587410827159485436e-05
1.800000000000000000e+01 9.812545850125673679e-05 9.487294536722156693e-05
1.900000000000000000e+01 1.214586421418457885e-04 1.181263987256900386e-04
2.000000000000000000e+01 1.497339395212570552e-04 1.464607703689284020e-04
2.100000000000000000e+01 1.838503534108492472e-04 1.808335544923917349e-04
2.200000000000000000e+01 2.248450768511010779e-04 2.223476646412619396e-04
2.300000000000000000e+01 2.739064055699647407e-04 2.722663168579733022e-04
2.400000000000000000e+01 3.323806614711409492e-04 3.320286647600651365e-04
2.500000000000000000e+01 4.017763494220408455e-04 4.032657131320848873e-04
2.600000000000000000e+01 4.837724107751896225e-04 4.878155291810672427e-04
2.700000000000000000e+01 5.802351416487020082e-04 5.877368791172381517e-04
2.800000000000000000e+01 6.932402807772595392e-04 7.053211413262492789e-04
2.900000000000000000e+01 8.250891065811838615e-04 8.431029588773211649e-04
3.000000000000000000e+01 9.783079785203414522e-04 1.003869807211703628e-03
3.100000000000000000e+01 1.155631598658187972e-03 1.190669518535698856e-03
3.200000000000000000e+01 1.359983546064159757e-03 1.406813866958282972e-03
3.300000000000000000e+01 1.594470746335920324e-03 1.655876649549655735e-03
3.400000000000000000e+01 1.862395529163413371e-03 1.941686175289053648e-03
3.500000000000000000e+01 2.167268459850013509e-03 2.268313274442529132e-03
3.600000000000000000e+01 2.512795643903669492e-03 2.640055482884397925e-03
3.700000000000000000e+01 2.902827755545154403e-03 3.061416170863636571e-03
3.800000000000000000e+01 3.341286622161987029e-03 3.537075933135000894e-03
3.900000000000000000e+01 3.832104170179533031e-03 4.071854238093877698e-03
4.000000000000000000e+01 4.379197545124211000e-03 4.670661787986322457e-03
4.100000000000000000e+01 4.986468264578498844e-03 5.338445962209455165e-03
4.200000000000000000e+01 5.657782740037396903e-03 6.080131105335881414e-03
4.300000000000000000e+01 6.396896852591245873e-03 6.900552791109727108e-03
4.400000000000000000e+01 7.207329113281041831e-03 7.804383263049252326e-03
4.500000000000000000e+01 8.092230838085582439e-03 8.796046264016173580e-03
4.600000000000000000e+01 9.054306507076514271e-03 9.879622775730198189e-03
4.700000000000000000e+01 1.009579391323881144e-02 1.105875175322637224e-02
4.800000000000000000e+01 1.121845758637981388e-02 1.233652934108025664e-02
4.900000000000000000e+01 1.242353176343389751e-02 1.371540700722629486e-02
5.000000000000000000e+01 1.371159050422187872e-02 1.519708671033734824e-02
5.100000000000000000e+01 1.508238877932414033e-02 1.678241212977248098e-02
5.200000000000000000e+01 1.653475015481117513e-02 1.847125849117097623e-02
5.300000000000000000e+01 1.806654292828707015e-02 2.026242652296565347e-02
5.400000000000000000e+01 1.967471504885169933e-02 2.215354604410545852e-02
5.500000000000000000e+01 2.135531264329371126e-02 2.414099189408938639e-02
5.600000000000000000e+01 2.310342935592363950e-02 2.621981197397640559e-02
5.700000000000000000e+01 2.491310478015640317e-02 2.838366656699416873e-02
5.800000000000000000e+01 2.677724643652306530e-02 3.062478032702679528e-02
5.900000000000000000e+01 2.868764080865100069e-02 3.293391175310363822e-02
6.000000000000000000e+01 3.063505355336247626e-02 3.530034712052989437e-02
6.100000000000000000e+01 3.260935616849405805e-02 3.771192474553889534e-02
6.200000000000000000e+01 3.459961113662940457e-02 4.015509092005971337e-02
6.300000000000000000e+01 3.659410161907754311e-02 4.261498333991625004e-02
6.400000000000000000e+01 3.858035451029489388e-02 4.507553585049878242e-02
6.500000000000000000e+01 4.054522182882352999e-02 4.751960299069685895e-02
6.600000000000000000e+01 4.247504421082043402e-02 4.992911161411021925e-02
6.700000000000000000e+01 4.435586163917327324e-02 5.228525129624543577e-02
6.800000000000000000e+01 4.617361199648004066e-02 5.456870760837477519e-02
6.900000000000000000e+01 4.791428451636872005e-02 5.675992532627006232e-02
7.000000000000000000e+01 4.956404398654139926e-02 5.883937692955881760e-02
7.100000000000000000e+01 5.110936839517651181e-02 6.078781984736966043e-02
7.200000000000000000e+01 5.253722797842785841e-02 6.258655095760957965e-02
7.300000000000000000e+01 5.383529588280299566e-02 6.421768536626806800e-02
7.400000000000000000e+01 5.499215513673308409e-02 6.566447449077485177e-02
7.500000000000000000e+01 5.599747224500840892e-02 6.691163931772226015e-02
7.600000000000000000e+01 5.684213354330588247e-02 6.794566411035246611e-02
7.700000000000000000e+01 5.751836065432143485e-02 6.875501053383983874e-02
7.800000000000000000e+01 5.801982060872850483e-02 6.933026797466382285e-02
7.900000000000000000e+01 5.834173082474008315e-02 6.966430121478213444e-02
8.000000000000000000e+01 5.848094687609337039e-02 6.975243901506314459e-02
8.100000000000000000e+01 5.843602204369666847e-02 6.959267224191653667e-02
8.200000000000000000e+01 5.820723682277674504e-02 6.918576895595819620e-02
8.300000000000000000e+01 5.779660189000292159e-02 6.853523735364151770e-02
8.400000000000000000e+01 5.720783482133066228e-02 6.764716734423312228e-02
8.500000000000000000e+01 5.644630580061912178e-02 6.653006428396490701e-02
8.600000000000000000e+01 5.551894981668795831e-02 6.519476312050265232e-02
8.700000000000000000e+01 5.443415252158533002e-02 6.365438999496632333e-02
8.800000000000000000e+01 5.320162395239435432e-02 6.192423876817118589e-02
8.900000000000000000e+01 5.183226926419419456e-02 6.002146202019627286e-02
9.000000000000000000e+01 5.033805103133108527e-02 5.796462223315649448e-02
9.100000000000000000e+01 4.873182746216560279e-02 5.577326787845606620e-02
9.200000000000000000e+01 4.702715716283449587e-02 5.346766440470861192e-02
9.300000000000000000e+01 4.523808110048979647e-02 5.106864598380742720e-02
9.400000000000000000e+01 4.337890901600253979e-02 4.859742205155335310e-02
9.500000000000000000e+01 4.146403435537217297e-02 4.607521124586953787e-02
9.600000000000000000e+01 3.950777934269288083e-02 4.352275234189433017e-02
9.700000000000000000e+01 3.752424880887935549e-02 4.095988059962059336e-02
9.800000000000000000e+01 3.552716869446463643e-02 3.840531571313136883e-02
9.900000000000000000e+01 3.352970647798012016e-02 3.587662380834870379e-02
1.000000000000000000e+02 3.154429812086588514e-02 3.339017453095653731e-02
1.010000000000000000e+02 2.958251501196345820e-02 3.096095559972540656e-02
1.020000000000000000e+02 2.765498589172534286e-02 2.860228551816701090e-02
1.030000000000000000e+02 2.577135799508219888e-02 2.632559833978228778e-02
1.040000000000000000e+02 2.394026493376908565e-02 2.414043166330618120e-02
1.050000000000000000e+02 2.216928030648796649e-02 2.205458021096771970e-02
1.060000000000000000e+02 2.046486519433777726e-02 2.007425423805763581e-02
1.070000000000000000e+02 1.883233883209643744e-02 1.820412047004127398e-02
1.080000000000000000e+02 1.727589662428045264e-02 1.644725247458632411e-02
1.090000000000000000e+02 1.579867327592920229e-02 1.480512318455373157e-02
1.100000000000000000e+02 1.440282420016679964e-02 1.327773731574469207e-02
1.110000000000000000e+02 1.308959603312107034e-02 1.186387429111937508e-02
1.120000000000000000e+02 1.185937748704907896e-02 1.056132459713795754e-02
1.130000000000000000e+02 1.071174616468460392e-02 9.367032085818613463e-03
1.140000000000000000e+02 9.645534688311009630e-03 8.277157830271511529e-03
1.150000000000000000e+02 8.658925640673550278e-03 7.287150850298266744e-03
1.160000000000000000e+02 7.749562957331609589e-03 6.391888094898942954e-03
1.170000000000000000e+02 6.914656467483871853e-03 5.585867443332779778e-03
1.180000000000000000e+02 6.151064119041168773e-03 4.863385697853137707e-03
1.190000000000000000e+02 5.455354537275726445e-03 4.218651544286187646e-03
1.200000000000000000e+02 4.823865088883967991e-03 3.645841857948046733e-03
1.210000000000000000e+02 4.252768370908089485e-03 3.139147864266510473e-03
1.220000000000000000e+02 3.738147153320436032e-03 2.692845731287931386e-03
1.230000000000000000e+02 3.276066419060808411e-03 2.301386110079036915e-03
1.240000000000000000e+02 2.862630288097793574e-03 1.959471364621590255e-03
1.250000000000000000e+02 2.494020346762492422e-03 1.662097524883032187e-03
1.260000000000000000e+02 2.166521757732793423e-03 1.404564942626209800e-03
1.270000000000000000e+02 1.876546636530150840e-03 1.182478998152872683e-03
1.280000000000000000e+02 1.620659492356153666e-03 9.917573768323270731e-04
1.290000000000000000e+02 1.395602345832266814e-03 8.286435794986047026e-04
1.300000000000000000e+02 1.198313634518380875e-03 6.897153592038174396e-04
1.310000000000000000e+02 1.025937178507882290e-03 5.718794678832141241e-04
1.320000000000000000e+02 8.758224108856550944e-04 4.723541581809411350e-04
1.330000000000000000e+02 7.455203640466020586e-04 3.886475098994684541e-04
1.340000000000000000e+02 6.327794088707233916e-04 3.185382085896767729e-04
1.350000000000000000e+02 5.355417521890502505e-04 2.600595514585362093e-04
1.360000000000000000e+02 4.519390901530450201e-04 2.114834270804037783e-04
1.370000000000000000e+02 3.802854460900615460e-04 1.713014976125695906e-04
1.380000000000000000e+02 3.190667527301262337e-04 1.382038304817500922e-04
1.390000000000000000e+02 2.669284738192280373e-04 1.110573603291088669e-04
1.400000000000000000e+02 2.226631085206058104e-04 8.888629910479564839e-05
1.410000000000000000e+02 1.851986758227429537e-04 7.085494727703973701e-05
1.420000000000000000e+02 1.535881317693217390e-04 5.625208843280832700e-05
1.430000000000000000e+02 1.269990637046057266e-04 4.447610597162984677e-05
1.440000000000000000e+02 1.047031904593714630e-04 3.502068395230668966e-05
1.450000000000000000e+02 8.606576755103786144e-05 2.746154476142188895e-05
1.460000000000000000e+02 7.053538862886474063e-05 2.144468722876657297e-05
1.470000000000000000e+02 5.763463826925938966e-05 1.667621209488530585e-05
1.480000000000000000e+02 4.695173508350992237e-05 1.291348728164986489e-05
1.490000000000000000e+02 3.813301496677393664e-05 9.957345304359461680e-06
1.500000000000000000e+02 3.087602888135991671e-05 7.645147710605412070e-06
1.510000000000000000e+02 2.492313769715816490e-05 5.844698796590388316e-06
1.520000000000000000e+02 2.005562788874512412e-05 4.449024565885534989e-06
1.530000000000000000e+02 1.608842718279900418e-05 3.371973398661883750e-06
1.540000000000000000e+02 1.286545586605617829e-05 2.544527994016676448e-06
1.550000000000000000e+02 1.025557154818195224e-05 1.911700892521712267e-06
1.560000000000000000e+02 8.149018928995545224e-06 1.429914122710170046e-06
1.570000000000000000e+02 6.454301196227216458e-06 1.064800583881538796e-06
1.580000000000000000e+02 5.095422531514345562e-06 7.893832853347540349e-07
1.590000000000000000e+02 4.009478369388387576e-06 5.825872907699650133e-07
