0.000000000000000000e+00 3.601538420752868064e-06 7.061005509557233810e-08
1.000000000000000000e+00 7.893050490398902170e-06 2.712085943663291432e-08
2.000000000000000000e+00 9.115026565999017434e-06 4.021068647323664692e-08
3.000000000000000000e+00 1.117200661030853004e-05 5.882159239531988291e-08
4.000000000000000000e+00 1.387552947480433608e-05 8.560237289102450396e-08
5.000000000000000000e+00 1.724414124847655801e-05 1.238080129666142362e-07
6.000000000000000000e+00 2.138725163313021308e-05 1.779525464405831019e-07
7.000000000000000000e+00 2.645391506215301301e-05 2.541940572394657181e-07
8.000000000000000000e+00 3.262550411730243398e-05 3.608693597368549040e-07
9.000000000000000000e+00 4.011716086644924630e-05 5.091865318792047257e-07
1.000000000000000000e+01 4.918171724931368234e-05 7.141108026779068094e-07
1.100000000000000000e+01 6.011470382299114742e-05 9.954881436518315735e-07
1.200000000000000000e+01 7.326010086563530203e-05 1.379459543987742883e-06
1.300000000000000000e+01 8.901674543179177626e-05 1.900226539031221907e-06
1.400000000000000000e+01 1.078453796472001602e-04 2.602238094071414362e-06
1.500000000000000000e+01 1.302763352858404844e-04 3.542877951511169299e-06
1.600000000000000000e+01 1.569178386716492337e-04 4.795740960268616193e-06
1.700000000000000000e+01 1.884649037409855338e-04 6.454595764629878568e-06
1.800000000000000000e+01 2.257087752533556806e-04 8.638139550347546128e-06
1.900000000000000000e+01 2.695468884955232050e-04 1.149565805413602120e-05
2.000000000000000000e+01 3.209933121178708227e-04 1.521370936907281023e-05
2.100000000000000000e+01 3.811896181575332842e-04 2.002395374618725588e-05
2.200000000000000000e+01 4.514160644976173190e-04 2.621225241338909201e-05
2.300000000000000000e+01 5.331028975252595503e-04 3.412915559848832909e-05
2.400000000000000000e+01 6.278415309390957162e-04 4.420189365553057022e-05
2.500000000000000000e+01 7.373953700065267840e-04 5.694797389525553961e-05
2.600000000000000000e+01 8.637101260349107617e-04 7.299046985750108228e-05
2.700000000000000000e+01 1.008923523610263115e-03 9.307506801944696688e-05
2.800000000000000000e+01 1.175374232501058634e-03 1.180889088310944186e-04
2.900000000000000000e+01 1.365609606822062267e-03 1.490812243133845085e-04
3.000000000000000000e+01 1.582391493870009391e-03 1.872857328645078560e-04
3.100000000000000000e+01 1.828699244505157043e-03 2.341447025942702386e-04
3.200000000000000000e+01 2.107729343316769571e-03 2.913345370968822953e-04
3.300000000000000000e+01 2.422891714178389104e-03 3.607926711001205951e-04
3.400000000000000000e+01 2.777803255006749787e-03 4.447454869733692608e-04
3.500000000000000000e+01 3.176278864186602748e-03 5.457368770273102665e-04
3.600000000000000000e+01 3.622318926637351725e-03 6.666569794315419005e-04
3.700000000000000000e+01 4.120090667023789364e-03 8.107705062834949907e-04
3.800000000000000000e+01 4.673900452326378539e-03 9.817439599800572344e-04
3.900000000000000000e+01 5.288156157922643298e-03 1.183670898719243504e-03
4.000000000000000000e+01 5.967322399708228919e-03 1.421094264375194829e-03
4.100000000000000000e+01 6.715873918810243842e-03 1.699024626725069995e-03
4.200000000000000000e+01 7.538250460776545203e-03 2.022953026614272929e-03
4.300000000000000000e+01 8.438809749150948114e-03 2.398856921948384815e-03
4.400000000000000000e+01 9.421768099443872044e-03 2.833197563435402039e-03
4.500000000000000000e+01 1.049111814990418348e-02 3.332906962198396109e-03
4.600000000000000000e+01 1.165052403367332519e-02 3.905362460939801848e-03
4.700000000000000000e+01 1.290321071090741456e-02 4.558346787453817009e-03
4.800000000000000000e+01 1.425187229319230600e-02 5.299991374300034967e-03
4.900000000000000000e+01 1.569861193069267691e-02 6.138700721460856741e-03
5.000000000000000000e+01 1.724489616465040009e-02 7.083055697060195582e-03
5.100000000000000000e+01 1.889148171829622622e-02 8.141693890589347254e-03
5.200000000000000000e+01 2.063828005235289823e-02 9.323165396029472682e-03
5.300000000000000000e+01 2.248417176133987033e-02 1.063576275189345027e-02
5.400000000000000000e+01 2.442683931971270650e-02 1.208732440504294882e-02
5.500000000000000000e+01 2.646270081656349957e-02 1.368501213578336359e-02
5.600000000000000000e+01 2.858696828377328344e-02 1.543506413755513403e-02
5.700000000000000000e+01 3.079375167012336767e-02 1.734252640401823947e-02
5.800000000000000000e+01 3.307606764978625324e-02 1.941096577999767286e-02
5.900000000000000000e+01 3.542566698849200502e-02 2.164216939834549130e-02
6.000000000000000000e+01 3.783275354141148183e-02 2.403583791034085565e-02
6.100000000000000000e+01 4.028581328583212551e-02 2.658928270863039969e-02
6.200000000000000000e+01 4.277175777591915584e-02 2.929713791224357322e-02
6.300000000000000000e+01 4.527637509930481502e-02 3.215109632828755393e-02
6.400000000000000000e+01 4.778481328000839384e-02 3.513967889840082653e-02
6.500000000000000000e+01 5.028173435048649553e-02 3.824805210277931050e-02
6.600000000000000000e+01 5.275100688061774845e-02 4.145791270703562403e-02
6.700000000000000000e+01 5.517522069650034749e-02 4.474745551430327900e-02
6.800000000000000000e+01 5.753556649797336719e-02 4.809142843500435749e-02
6.900000000000000000e+01 5.981244170313736175e-02 5.146127470773456669e-02
7.000000000000000000e+01 6.198658324940065079e-02 5.482537357997911698e-02
7.100000000000000000e+01 6.404001930219677119e-02 5.814940209650205916e-02
7.200000000000000000e+01 6.595615743584443136e-02 6.139682623729013355e-02
7.300000000000000000e+01 6.771897811999294525e-02 6.452949576735791948e-02
7.400000000000000000e+01 6.931210702154683156e-02 6.750830667805869656e-02
7.500000000000000000e+01 7.071879009847262254e-02 7.029392883970962680e-02
7.600000000000000000e+01 7.192316337964993478e-02 7.284762705785392811e-02
7.700000000000000000e+01 7.291211521672519291e-02 7.513216987256991775e-02
7.800000000000000000e+01 7.367639391985558728e-02 7.711274814034495273e-02
7.900000000000000000e+01 7.421006823839759736e-02 7.875781667485495796e-02
8.000000000000000000e+01 7.450875382621732768e-02 8.003985842408142815e-02
8.100000000000000000e+01 7.456812275853294536e-02 8.093613620910158901e-02
8.200000000000000000e+01 7.438411073495027059e-02 8.142942771659728018e-02
8.300000000000000000e+01 7.395488394912082264e-02 8.150861339523393645e-02
8.400000000000000000e+01 7.328308379042039467e-02 8.116899776053654314e-02
8.500000000000000000e+01 7.237646703710304275e-02 8.041241253837323744e-02
8.600000000000000000e+01 7.124625379975960127e-02 7.924724857016449131e-02
8.700000000000000000e+01 6.990436935247174022e-02 7.768843277743049669e-02
8.800000000000000000e+01 6.836174038816562881e-02 7.575718242561228777e-02
8.900000000000000000e+01 6.662899222835688695e-02 7.348042046456611243e-02
9.000000000000000000e+01 6.471890411799706422e-02 7.088998558383950710e-02
9.100000000000000000e+01 6.264846392194814428e-02 6.802186869039164585e-02
9.200000000000000000e+01 6.043862704230796440e-02 6.491549824825075532e-02
9.300000000000000000e+01 5.811174898980443759e-02 6.161287864365247446e-02
9.400000000000000000e+01 5.568857384916911513e-02 5.815749035881576795e-02
9.500000000000000000e+01 5.318701379020566999e-02 5.459315051084671910e-02
9.600000000000000000e+01 5.062346175362683609e-02 5.096308520241334822e-02
9.700000000000000000e+01 4.801530332342683616e-02 4.730919897017159259e-02
9.800000000000000000e+01 4.538236260202514749e-02 4.367132682379037956e-02
9.900000000000000000e+01 4.274597051746623078e-02 4.008640371757195980e-02
1.000000000000000000e+02 4.012633260166637017e-02 3.658775165496443854e-02
1.010000000000000000e+02 3.754021935451922615e-02 3.320467408352343469e-02
1.020000000000000000e+02 3.500064342125552147e-02 2.996228589216545432e-02
1.030000000000000000e+02 3.251852022127018488e-02 2.688137551520995011e-02
1.040000000000000000e+02 3.010476290479344175e-02 2.397825809754937365e-02
1.050000000000000000e+02 2.777106951997647399e-02 2.126477057848573382e-02
1.060000000000000000e+02 2.552886601936443095e-02 1.874850610939316278e-02
1.070000000000000000e+02 2.338738470214580395e-02 1.643318861302706796e-02
1.080000000000000000e+02 2.135244780491629690e-02 1.431903513591835028e-02
1.090000000000000000e+02 1.942682448885026114e-02 1.240309060920572262e-02
1.100000000000000000e+02 1.761173344477822561e-02 1.067962726776540590e-02
1.110000000000000000e+02 1.590825360492849339e-02 9.140640288054351428e-03
1.120000000000000000e+02 1.431765178290769075e-02 7.776358326897404687e-03
1.130000000000000000e+02 1.284060902953135415e-02 6.575686013281263967e-03
1.140000000000000000e+02 1.147617215972917409e-02 5.526584996277251853e-03
1.150000000000000000e+02 1.022134292235579375e-02 4.616444285198210463e-03
1.160000000000000000e+02 9.071598132432957123e-03 3.832445681069586874e-03
1.170000000000000000e+02 8.021892827409463078e-03 3.161881057165401819e-03
1.180000000000000000e+02 7.067415089429235353e-03 2.592393422297545151e-03
1.190000000000000000e+02 6.203672054775507400e-03 2.112158567260776811e-03
1.200000000000000000e+02 5.426053053441694772e-03 1.710034501549958933e-03
1.210000000000000000e+02 4.729366245972246516e-03 1.375680590097525750e-03
1.220000000000000000e+02 4.107761292286795166e-03 1.099632435511184968e-03
1.230000000000000000e+02 3.555081198265717946e-03 8.733309020316532174e-04
1.240000000000000000e+02 3.065360260215125535e-03 6.891202466709291140e-04
1.250000000000000000e+02 2.633131920401417334e-03 5.402289145712756103e-04
1.260000000000000000e+02 2.253412133972895054e-03 4.207349991184517910e-04
1.270000000000000000e+02 1.921478231945212504e-03 3.255146314551254395e-04
1.280000000000000000e+02 1.632674216034615952e-03 2.501772824669125719e-04
1.290000000000000000e+02 1.382394667424566683e-03 1.909959777616762134e-04
1.300000000000000000e+02 1.166231895409890326e-03 1.448375905085566942e-04
1.310000000000000000e+02 9.801546577851841854e-04 1.090940221178795182e-04
1.320000000000000000e+02 8.205920804019015873e-04 8.161448767165718830e-05
1.330000000000000000e+02 6.843898760380764815e-04 6.064089431604590330e-05
1.340000000000000000e+02 5.686993430554082834e-04 4.474867397740558880e-05
1.350000000000000000e+02 4.708873675645583999e-04 3.279392874152726989e-05
1.360000000000000000e+02 3.885156971779316808e-04 2.386648535823673696e-05
1.370000000000000000e+02 3.193756390582010488e-04 1.724847372765381985e-05
1.380000000000000000e+02 2.615288210191680368e-04 1.237846142693360118e-05
1.390000000000000000e+02 2.133131333817156342e-04 8.821080871164846041e-06
1.400000000000000000e+02 1.733074984375011383e-04 6.241659816863569382e-06
1.410000000000000000e+02 1.402785589741663795e-04 4.385170170959337617e-06
1.420000000000000000e+02 1.131380100605959381e-04 3.058917384259179387e-06
1.430000000000000000e+02 9.092412792443445844e-05 2.118513846154883956e-06
1.440000000000000000e+02 7.280132274908434481e-05 1.456677837819265864e-06
1.450000000000000000e+02 5.806189697268297637e-05 9.943765531106095103e-07
1.460000000000000000e+02 4.611816455065579024e-05 6.738782732586089842e-07
1.470000000000000000e+02 3.648386704552066987e-05 4.533604212139995618e-07
1.480000000000000000e+02 2.875202312254940249e-05 3.027776339114492258e-07
1.490000000000000000e+02 2.257725300687874736e-05 2.007280459506641199e-07
1.500000000000000000e+02 1.766589406006170357e-05 1.320949828288654208e-07
1.510000000000000000e+02 1.377177024729782883e-05 8.628841554195838245e-08
1.520000000000000000e+02 1.069315152735165461e-05 5.594967614840027560e-08
1.530000000000000000e+02 8.267779973918064227e-06 3.600846232816194698e-08
1.540000000000000000e+02 6.365748660400966556e-06 2.300144587864924101e-08
1.550000000000000000e+02 4.882041522704487118e-06 1.458284402181437951e-08
1.560000000000000000e+02 3.730642373899317523e-06 9.176361111012424116e-09
1.570000000000000000e+02 2.840887900745217392e-06 5.731105338255484356e-09
1.580000000000000000e+02 2.155440452068886154e-06 3.552411283484580276e-09
1.590000000000000000e+02 1.628770631266184609e-06 2.185212646742419813e-09
