0.000000000000000000e+00 4.772593209504081254e-07 -8.057706346894570442e-07
1.000000000000000000e+00 1.427001463428192697e-06 1.315972373868543590e-06
2.000000000000000000e+00 1.718433489812495357e-06 1.509506809111189738e-06
3.000000000000000000e+00 2.228543391825398338e-06 1.979419616882950171e-06
4.000000000000000000e+00 2.906202830043392346e-06 2.613198330341885266e-06
5.000000000000000000e+00 3.780744063387118548e-06 3.441164798699967459e-06
6.000000000000000000e+00 4.900758656558138490e-06 4.514177077317003435e-06
7.000000000000000000e+00 6.328309800877910701e-06 5.897746750488493063e-06
8.000000000000000000e+00 8.140190017903487803e-06 7.673763390530553998e-06
9.000000000000000000e+00 1.043055277058720232e-05 9.943655667479280453e-06
1.000000000000000000e+01 1.331420767913301885e-05 1.283231768733683900e-05
1.100000000000000000e+01 1.693049600631662521e-05 1.649275864951001136e-05
1.200000000000000000e+01 2.144777453632343766e-05 2.111153570986427775e-05
1.300000000000000000e+01 2.706856128262765762e-05 2.691503692827700765e-05
1.400000000000000000e+01 3.403540246626193192e-05 3.417666828763561769e-05
1.500000000000000000e+01 4.263751988226455587e-05 4.322499859192056388e-05
1.600000000000000000e+01 5.321829352202099713e-05 5.445293708272098986e-05
1.700000000000000000e+01 6.618362994337438697e-05 6.832804268015013171e-05
1.800000000000000000e+01 8.201126124395113882e-05 8.540405575854313877e-05
1.900000000000000000e+01 1.012610114555383730e-04 1.063336881302267368e-04
2.000000000000000000e+01 1.245860541409519919e-04 1.318826316779795585e-04
2.100000000000000000e+01 1.527451653648344580e-04 1.629447050765619857e-04
2.200000000000000000e+01 1.866159496048768569e-04 2.005580798997521382e-04
2.300000000000000000e+01 2.272089881768258322e-04 2.459225763302813855e-04
2.400000000000000000e+01 2.756828313808201659e-04 3.004180099940741405e-04
2.500000000000000000e+01 3.333597290291322873e-04 3.656234529296810984e-04
2.600000000000000000e+01 4.017419605537533465e-04 4.433370894692186827e-04
2.700000000000000000e+01 4.825285786041984878e-04 5.355962248001991258e-04
2.800000000000000000e+01 5.776323126362122896e-04 6.446970248815549979e-04
2.900000000000000000e+01 6.891963016618830743e-04 7.732136814163867748e-04
3.000000000000000000e+01 8.196102576021214049e-04 9.240167331747709467e-04
3.100000000000000000e+01 9.715256222341529758e-04 1.100290106695432082e-03
3.200000000000000000e+01 1.147869263674853799e-03 1.305546125294408406e-03
3.300000000000000000e+01 1.351855219995556174e-03 1.543637507322318317e-03
3.400000000000000000e+01 1.586993882721852078e-03 1.818765420529921831e-03
3.500000000000000000e+01 1.857097820683134993e-03 2.135482913428808464e-03
3.600000000000000000e+01 2.166283273105219613e-03 2.498693210959620613e-03
3.700000000000000000e+01 2.518966346097481490e-03 2.913642192484244397e-03
3.800000000000000000e+01 2.919853184292272447e-03 3.385903963688444152e-03
3.900000000000000000e+01 3.373923666566525526e-03 3.921358187516049351e-03
4.000000000000000000e+01 3.886408114286036414e-03 4.526158070375730161e-03
4.100000000000000000e+01 4.462755906627799418e-03 5.206688450612420756e-03
4.200000000000000000e+01 5.108594160111455500e-03 5.969513758841109817e-03
4.300000000000000000e+01 5.829674646296663723e-03 6.821315332635337347e-03
4.400000000000000000e+01 6.631808486861748286e-03 7.768817004293344236e-03
4.500000000000000000e+01 7.520790173082199034e-03 8.818697897193011198e-03
4.600000000000000000e+01 8.502313134030143812e-03 9.977492455712194674e-03
4.700000000000000000e+01 9.581876920561619576e-03 1.125147920778152115e-02
4.800000000000000000e+01 1.076468231403165596e-02 1.264656013167006834e-02
4.900000000000000000e+01 1.205550944456106402e-02 1.416813103636024515e-02
5.000000000000000000e+01 1.345857881357676727e-02 1.582094143722256874e-02
5.100000000000000000e+01 1.497740393484444689e-02 1.760894278207298866e-02
5.200000000000000000e+01 1.661464889027280609e-02 1.953512788645318451e-02
5.300000000000000000e+01 1.837199689646615633e-02 2.160136949510947299e-02
5.400000000000000000e+01 2.025002008889295602e-02 2.380826670787221030e-02
5.500000000000000000e+01 2.224803174969403746e-02 2.615500179734899303e-02
5.600000000000000000e+01 2.436391524982274223e-02 2.863920114596858052e-02
5.700000000000000000e+01 2.659395453928826633e-02 3.125679249630560624e-02
5.800000000000000000e+01 2.893271078387749454e-02 3.400186230745104454e-02
5.900000000000000000e+01 3.137297012565015697e-02 3.686653452025016875e-02
6.000000000000000000e+01 3.390573466777790229e-02 3.984089761757218101e-02
6.100000000000000000e+01 3.652019157413454592e-02 4.291298854622981052e-02
6.200000000000000000e+01 3.920362446853874194e-02 4.606881065459737801e-02
6.300000000000000000e+01 4.194131913894418723e-02 4.929234903696989856e-02
6.400000000000000000e+01 4.471658079005735864e-02 5.256557343517598291e-02
6.500000000000000000e+01 4.751093712794259016e-02 5.586847104415305215e-02
6.600000000000000000e+01 5.030446059078712978e-02 5.917917859739876829e-02
6.700000000000000000e+01 5.307603253475694227e-02 6.247424391195839644e-02
6.800000000000000000e+01 5.580342867636932380e-02 6.572896114748530416e-02
6.900000000000000000e+01 5.846331582827717782e-02 6.891767077213861725e-02
7.000000000000000000e+01 6.103141994856717267e-02 7.201396388381615943e-02
7.100000000000000000e+01 6.348304828396941768e-02 7.499085813777897624e-02
7.200000000000000000e+01 6.579384106887491146e-02 7.782110046082121868e-02
7.300000000000000000e+01 6.794037392125563957e-02 8.047769007253126328e-02
7.400000000000000000e+01 6.990032716463795426e-02 8.293452867731843092e-02
7.500000000000000000e+01 7.165235935684939605e-02 8.516696237418458493e-02
7.600000000000000000e+01 7.317617590084615764e-02 8.715204675121457356e-02
7.700000000000000000e+01 7.445316555325329211e-02 8.886862020295734077e-02
7.800000000000000000e+01 7.546742285770152714e-02 9.029748019322492159e-02
7.900000000000000000e+01 7.620650531476265421e-02 9.142188887127113139e-02
8.000000000000000000e+01 7.666141385020054655e-02 9.222830442776974724e-02
8.100000000000000000e+01 7.682598291861149342e-02 9.270694294936457358e-02
8.200000000000000000e+01 7.669645902633930035e-02 9.285183735938332128e-02
8.300000000000000000e+01 7.627188874821214104e-02 9.266047051076785335e-02
8.400000000000000000e+01 7.555510428375039611e-02 9.213344539866673288e-02
8.500000000000000000e+01 7.455338936708248709e-02 9.127461373436729364e-02
8.600000000000000000e+01 7.327808523654191775e-02 9.009160337388827378e-02
8.700000000000000000e+01 7.174335277778420839e-02 8.859620916958166337e-02
8.800000000000000000e+01 6.996511367409685711e-02 8.680413026600516946e-02
8.900000000000000000e+01 6.796100972854016153e-02 8.473408063516629785e-02
9.000000000000000000e+01 6.575118082174290224e-02 8.240686416952197613e-02
9.100000000000000000e+01 6.335879120263289421e-02 7.984502436734741693e-02
9.200000000000000000e+01 6.080942122461514138e-02 7.707309962080650945e-02
9.300000000000000000e+01 5.812952338047837342e-02 7.411788691746917790e-02
9.400000000000000000e+01 5.534504275262115691e-02 7.100806282116683965e-02
9.500000000000000000e+01 5.248112342061882207e-02 6.777310244573517273e-02
9.600000000000000000e+01 4.956275230542420834e-02 6.444210511321787904e-02
9.700000000000000000e+01 4.661530343436358359e-02 6.104322534817328838e-02
9.800000000000000000e+01 4.366410353797622879e-02 5.760383238805091843e-02
9.900000000000000000e+01 4.073314672528820235e-02 5.415084634353259374e-02
1.000000000000000000e+02 3.784392056818969285e-02 5.071057789683512673e-02
1.010000000000000000e+02 3.501517313338327331e-02 4.730792864221301797e-02
1.020000000000000000e+02 3.226354599357057762e-02 4.396545478866066559e-02
1.030000000000000000e+02 2.960424431451629673e-02 4.070293559744608825e-02
1.040000000000000000e+02 2.705100973114212340e-02 3.753761839620931712e-02
1.050000000000000000e+02 2.461542935829941908e-02 3.448471997950303125e-02
1.060000000000000000e+02 2.230626162649566174e-02 3.155761426151618837e-02
1.070000000000000000e+02 2.012939874541193330e-02 2.876752650105751652e-02
1.080000000000000000e+02 1.808846378374366279e-02 2.612306624238928260e-02
1.090000000000000000e+02 1.618550420952957064e-02 2.363007586329200771e-02
1.100000000000000000e+02 1.442126803367847938e-02 2.129195928669381718e-02
1.110000000000000000e+02 1.279502384651815677e-02 1.911023148764860735e-02
1.120000000000000000e+02 1.130431047156081788e-02 1.708489621105997031e-02
1.130000000000000000e+02 9.945005868655838049e-03 1.521449450267322971e-02
1.140000000000000000e+02 8.711761976070951652e-03 1.349599930038895834e-02
1.150000000000000000e+02 7.598530086590770186e-03 1.192484546900339504e-02
1.160000000000000000e+02 6.598877384734985578e-03 1.049521654266741093e-02
1.170000000000000000e+02 5.706029481901183503e-03 9.200461919237009484e-03
1.180000000000000000e+02 4.912810077943605656e-03 8.033427332022578804e-03
1.190000000000000000e+02 4.211685695939694496e-03 6.986596343495691391e-03
1.200000000000000000e+02 3.594975862633886018e-03 6.052117026072252950e-03
1.210000000000000000e+02 3.055124843282238083e-03 5.221857918203451528e-03
1.220000000000000000e+02 2.584891460776153962e-03 4.487564523930188606e-03
1.230000000000000000e+02 2.177401179487347110e-03 3.841070073109888183e-03
1.240000000000000000e+02 1.826115825829884845e-03 3.274465561036533912e-03
1.250000000000000000e+02 1.524814733587328891e-03 2.780179214422166031e-03
1.260000000000000000e+02 1.267635140823066995e-03 2.350991258450372840e-03
1.270000000000000000e+02 1.049148858572504072e-03 1.980043119869153139e-03
1.280000000000000000e+02 8.644198208461989063e-04 1.660874664798632277e-03
1.290000000000000000e+02 7.090084143321272138e-04 1.387477750042020270e-03
1.300000000000000000e+02 5.789318932400057014e-04 1.154333874132988874e-03
1.310000000000000000e+02 4.706155237342648525e-04 9.564179398746894571e-04
1.320000000000000000e+02 3.808616970539057235e-04 7.891761884738928996e-04
1.330000000000000000e+02 3.068390247138532995e-04 6.484983937218037056e-04
1.340000000000000000e+02 2.460748455609697554e-04 5.306968160787228165e-04
1.350000000000000000e+02 1.964349709830781447e-04 4.324901635145711877e-04
1.360000000000000000e+02 1.560879764078189217e-04 3.509841192347519945e-04
1.370000000000000000e+02 1.234636304122156279e-04 2.836437435426055051e-04
1.380000000000000000e+02 9.721695385953187303e-05 2.282602220175633100e-04
1.390000000000000000e+02 7.620240323607941463e-05 1.829175925738213350e-04
1.400000000000000000e+02 5.945466755884040364e-05 1.459629225241311924e-04
1.410000000000000000e+02 4.616990388575290503e-05 1.159796464167832012e-04
1.420000000000000000e+02 3.568425431399280354e-05 9.176212511689246635e-05
1.430000000000000000e+02 2.745106030293564429e-05 7.229044957624050757e-05
1.440000000000000000e+02 2.102027889503912142e-05 5.670616294215091729e-05
1.450000000000000000e+02 1.602234636913013800e-05 4.429014025825541329e-05
1.460000000000000000e+02 1.215611955312248991e-05 3.444320344073910378e-05
1.470000000000000000e+02 9.178965081171301806e-06 2.666915335902579753e-05
1.480000000000000000e+02 6.897389075877213251e-06 2.055960055627511414e-05
1.490000000000000000e+02 5.157918762933211213e-06 1.578027447849728488e-05
1.500000000000000000e+02 3.838916823239457416e-06 1.205887629581892495e-05
1.510000000000000000e+02 2.844011960784338510e-06 9.174624762415583206e-06
1.520000000000000000e+02 2.097202835458666038e-06 6.949451750477490058e-06
1.530000000000000000e+02 1.539140198985307827e-06 5.240594274317218541e-06
1.540000000000000000e+02 1.124012546595625669e-06 3.934287423029192543e-06
1.550000000000000000e+02 8.167497899974385034e-07 2.940366114927111809e-06
1.560000000000000000e+02 5.905723911480130963e-07 2.187699611160591306e-06
1.570000000000000000e+02 4.250155883751485232e-07 1.620418212309697453e-06
1.580000000000000000e+02 3.044624512382005524e-07 1.194854421057260412e-06
1.590000000000000000e+02 2.170821817641107306e-07 8.770752995090524115e-07
