0.000000000000000000e+00 1.319986705865034106e-06 -6.864246314666167209e-06
1.000000000000000000e+00 1.153739238032309538e-06 9.601471913077146456e-06
2.000000000000000000e+00 1.435483302354685571e-06 9.918165146539585140e-06
3.000000000000000000e+00 1.859791479918141652e-06 1.201714529589421965e-05
4.000000000000000000e+00 2.421507817307268724e-06 1.485491193763381470e-05
5.000000000000000000e+00 3.145373503135570703e-06 1.839891987321167578e-05
6.000000000000000000e+00 4.071188483030160221e-06 2.275219943202720933e-05
7.000000000000000000e+00 5.249714335234394257e-06 2.806552446498433346e-05
8.000000000000000000e+00 6.743712122642946336e-06 3.452468020499756230e-05
9.000000000000000000e+00 8.630077008640851783e-06 4.235063052541826017e-05
1.000000000000000000e+01 1.100251414739117832e-05 5.180305194627477449e-05
1.100000000000000000e+01 1.397468874813176323e-05 6.318522561981812892e-05
1.200000000000000000e+01 1.768387438310935040e-05 7.684977139794899894e-05
1.300000000000000000e+01 2.229514426916064633e-05 9.320507536044378275e-05
1.400000000000000000e+01 2.800615729491564424e-05 1.127223613364276123e-04
1.500000000000000000e+01 3.505258968461871002e-05 1.359433750699785978e-04
1.600000000000000000e+01 4.371426257931817431e-05 1.634886353983894117e-04
1.700000000000000000e+01 5.432201215079826372e-05 1.960661839800624702e-04
1.800000000000000000e+01 6.726534679556137107e-05 2.344807486938801585e-04
1.900000000000000000e+01 8.300093053219286974e-05 2.796432447499804202e-04
2.000000000000000000e+01 1.020619236675722485e-04 3.325805739783431166e-04
2.100000000000000000e+01 1.250681986231763805e-04 3.944457238855222665e-04
2.200000000000000000e+01 1.527374311501079505e-04 4.665281585663901237e-04
2.300000000000000000e+01 1.858970474342554972e-04 5.502643753143923733e-04
2.400000000000000000e+01 2.254969867141841790e-04 6.472482723516745319e-04
2.500000000000000000e+01 2.726232164188827556e-04 7.592407393330191786e-04
2.600000000000000000e+01 3.285119109098153228e-04 8.881778356446928509e-04
2.700000000000000000e+01 3.945641733575810288e-04 1.036177212827462356e-03
2.800000000000000000e+01 4.723611397351571740e-04 1.205542995476371025e-03
2.900000000000000000e+01 5.636792539970519964e-04 1.398769784900823600e-03
3.000000000000000000e+01 6.705054444454948978e-04 1.618546268185866313e-03
3.100000000000000000e+01 7.950518695568684199e-04 1.867757840991768250e-03
3.200000000000000000e+01 9.397698513853098212e-04 2.149486111243836123e-03
3.300000000000000000e+01 1.107362584677452910e-03 2.467002281639030063e-03
3.400000000000000000e+01 1.300796188633984631e-03 2.823752401924777868e-03
3.500000000000000000e+01 1.523308612833695376e-03 3.223335475362158840e-03
3.600000000000000000e+01 1.778415777721097796e-03 3.669478770133424803e-03
3.700000000000000000e+01 2.069914146364571026e-03 4.166015576806777164e-03
3.800000000000000000e+01 2.401878804552333695e-03 4.716866968826477491e-03
3.900000000000000000e+01 2.778656215730512455e-03 5.326021862466026775e-03
4.000000000000000000e+01 3.204851108234165000e-03 5.997503646889333281e-03
4.100000000000000000e+01 3.685307175231473508e-03 6.735312971555731942e-03
4.200000000000000000e+01 4.225081041168075348e-03 7.543347327601260949e-03
4.300000000000000000e+01 4.829408212195996329e-03 8.425313602357622361e-03
4.400000000000000000e+01 5.503659079225019929e-03 9.384658211297193867e-03
4.500000000000000000e+01 6.253283442980627112e-03 1.042453025147310232e-02
4.600000000000000000e+01 7.083743806255881487e-03 1.154776690909043585e-02
4.700000000000000000e+01 8.000439637893801831e-03 1.275686305068749263e-02
4.800000000000000000e+01 9.008624758857988399e-03 1.405388219832800871e-02
4.900000000000000000e+01 1.011331691641711127e-02 1.544029717883224108e-02
5.000000000000000000e+01 1.131919475441936149e-02 1.691680258908115006e-02
5.100000000000000000e+01 1.263047747549774120e-02 1.848318009724558147e-02
5.200000000000000000e+01 1.405078919719798466e-02 2.013828280423557091e-02
5.300000000000000000e+01 1.558301930015008885e-02 2.188012992111464106e-02
5.400000000000000000e+01 1.722919237524094677e-02 2.370601108627542336e-02
5.500000000000000000e+01 1.899035047184313360e-02 2.561246371549984191e-02
5.600000000000000000e+01 2.086643299992322828e-02 2.759505573562898856e-02
5.700000000000000000e+01 2.285613415737149795e-02 2.964805434058136874e-02
5.800000000000000000e+01 2.495673730911291896e-02 3.176418839298600361e-02
5.900000000000000000e+01 2.716395946691001900e-02 3.393470532305878362e-02
6.000000000000000000e+01 2.947185347912833694e-02 3.614974982494259526e-02
6.100000000000000000e+01 3.187278484572593495e-02 3.839884907417139698e-02
6.200000000000000000e+01 3.435744077464673168e-02 4.067116098912108846e-02
6.300000000000000000e+01 3.691479905939337031e-02 4.295526412562589852e-02
6.400000000000000000e+01 3.953203102667757207e-02 4.523860042419734773e-02
6.500000000000000000e+01 4.219441206728875848e-02 4.750700158069160600e-02
6.600000000000000000e+01 4.488536931903663874e-02 4.974477255589829228e-02
6.700000000000000000e+01 4.758672718604457785e-02 5.193547532308596948e-02
6.800000000000000000e+01 5.027905142322185855e-02 5.406304033717551638e-02
6.900000000000000000e+01 5.294189262588003264e-02 5.611251319298480450e-02
7.000000000000000000e+01 5.555382292209413986e-02 5.806991700256539796e-02
7.100000000000000000e+01 5.809239987463733768e-02 5.992132689495301145e-02
7.200000000000000000e+01 6.053435097868267029e-02 6.165189382671493884e-02
7.300000000000000000e+01 6.285614682639069362e-02 6.324571456975186523e-02
7.400000000000000000e+01 6.503478127446912782e-02 6.468692049524257803e-02
7.500000000000000000e+01 6.704833142829602632e-02 6.596146064579533341e-02
7.600000000000000000e+01 6.887602547322618785e-02 6.705844251645333431e-02
7.700000000000000000e+01 7.049802558132110819e-02 6.797009065010709006e-02
7.800000000000000000e+01 7.189548322440128536e-02 6.869033221856418736e-02
7.900000000000000000e+01 7.305123604690857975e-02 6.921306043641654859e-02
8.000000000000000000e+01 7.395088611785952115e-02 6.953146064586201991e-02
8.100000000000000000e+01 7.458352517369833123e-02 6.963908244335752229e-02
8.200000000000000000e+01 7.494158904305947555e-02 6.953205068501812358e-02
8.300000000000000000e+01 7.502011212691189757e-02 6.921087844943875356e-02
8.400000000000000000e+01 7.481626272909103204e-02 6.868052562696977392e-02
8.500000000000000000e+01 7.432980399907226920e-02 6.794857173098439729e-02
8.600000000000000000e+01 7.356418725045262008e-02 6.702275865199866511e-02
8.700000000000000000e+01 7.252724606787167017e-02 6.590966050575874924e-02
8.800000000000000000e+01 7.123070966554737038e-02 6.461543723343830814e-02
8.900000000000000000e+01 6.968882502202956852e-02 6.314808325454016047e-02
9.000000000000000000e+01 6.791723424975561196e-02 6.151944092173931844e-02
9.100000000000000000e+01 6.593300745337465907e-02 5.974538824152633709e-02
9.200000000000000000e+01 6.375557321354766160e-02 5.784394249741969807e-02
9.300000000000000000e+01 6.140735067775279082e-02 5.583254590266749362e-02
9.400000000000000000e+01 5.891312070819812452e-02 5.372637672656077612e-02
9.500000000000000000e+01 5.629837258453065929e-02 5.153874143196709307e-02
9.600000000000000000e+01 5.358784560563034649e-02 4.928305418259182336e-02
9.700000000000000000e+01 5.080527878649267193e-02 4.697476594196931671e-02
9.800000000000000000e+01 4.797420224504453379e-02 4.463170911844710487e-02
9.900000000000000000e+01 4.511862454691114438e-02 4.227255332608957639e-02
1.000000000000000000e+02 4.226263665027113481e-02 3.991446017093876197e-02
1.010000000000000000e+02 3.942905623062106096e-02 3.757154782073280491e-02
1.020000000000000000e+02 3.663816485882864793e-02 3.525509934464845369e-02
1.030000000000000000e+02 3.390746580200383609e-02 3.297514020446587479e-02
1.040000000000000000e+02 3.125240643585611156e-02 3.074206752661691813e-02
1.050000000000000000e+02 2.868716558743713771e-02 2.856710246743290188e-02
1.060000000000000000e+02 2.622468048442205824e-02 2.646130928001877089e-02
1.070000000000000000e+02 2.387591632992586491e-02 2.443399010933945681e-02
1.080000000000000000e+02 2.164910912155730560e-02 2.249164073519633808e-02
1.090000000000000000e+02 1.954967896343421871e-02 2.063813930801593893e-02
1.100000000000000000e+02 1.758084725351076114e-02 1.887590003618802234e-02
1.110000000000000000e+02 1.574438949054920295e-02 1.720708000554498768e-02
1.120000000000000000e+02 1.404095008314667353e-02 1.563401290504047927e-02
1.130000000000000000e+02 1.246984608599937573e-02 1.415870979364137507e-02
1.140000000000000000e+02 1.102876067667014383e-02 1.278195803373645759e-02
1.150000000000000000e+02 9.713758912730062825e-03 1.150276534108544794e-02
1.160000000000000000e+02 8.519703441059725199e-03 1.031854946600208912e-02
1.170000000000000000e+02 7.440792523510838738e-03 9.225891881749647208e-03
1.180000000000000000e+02 6.470895226785777603e-03 8.221304518274817619e-03
1.190000000000000000e+02 5.603594681869944992e-03 7.301535405815876185e-03
1.200000000000000000e+02 4.832105906932846265e-03 6.463339772022260593e-03
1.210000000000000000e+02 4.149289313667106627e-03 5.703029505323646726e-03
1.220000000000000000e+02 3.547837614822245932e-03 5.016213434099735594e-03
1.230000000000000000e+02 3.020541086894325787e-03 4.397932540124238968e-03
1.240000000000000000e+02 2.560484196148495907e-03 3.843078133118198094e-03
1.250000000000000000e+02 2.161106816914516813e-03 3.346798365168095202e-03
1.260000000000000000e+02 1.816175628968197571e-03 2.904654949237357123e-03
1.270000000000000000e+02 1.519757146285891005e-03 2.512505123128251465e-03
1.280000000000000000e+02 1.266245883277054623e-03 2.166274429508373029e-03
1.290000000000000000e+02 1.050433397060275206e-03 1.861824377233539315e-03
1.300000000000000000e+02 8.675677167424660201e-04 1.595008699458782099e-03
1.310000000000000000e+02 7.133666568553924522e-04 1.361859007158300848e-03
1.320000000000000000e+02 5.839871372016629042e-04 1.158759455848446104e-03
1.330000000000000000e+02 4.759793080627853145e-04 9.825023471664343869e-04
1.340000000000000000e+02 3.862526600272580147e-04 8.302168869413040870e-04
1.350000000000000000e+02 3.120610698251383803e-04 6.992481050435482657e-04
1.360000000000000000e+02 2.509952959775041750e-04 5.870772818266062993e-04
1.370000000000000000e+02 2.009677016168850625e-04 4.913249242091354517e-04
1.380000000000000000e+02 1.601832052134175423e-04 4.098110242030511812e-04
1.390000000000000000e+02 1.271019464786832037e-04 3.406133738109798641e-04
1.400000000000000000e+02 1.004037564586871472e-04 2.820785411336539507e-04
1.410000000000000000e+02 7.896079799728537374e-05 2.327813208111811070e-04
1.420000000000000000e+02 6.181774952895831645e-05 1.914629011434645814e-04
1.430000000000000000e+02 4.817465621491949697e-05 1.569842673100426582e-04
1.440000000000000000e+02 3.736833293275890232e-05 1.283122771378151659e-04
1.450000000000000000e+02 2.885186961469968982e-05 1.045303488879440921e-04
1.460000000000000000e+02 2.217472255837053577e-05 8.485210967179296208e-05
1.470000000000000000e+02 1.696606693521251981e-05 6.862043580766297808e-05
1.480000000000000000e+02 1.292218575371239369e-05 5.528874897983554595e-05
1.490000000000000000e+02 9.796719124278350344e-06 4.439405478568294369e-05
1.500000000000000000e+02 7.392058947882566162e-06 3.553434127989859009e-05
1.510000000000000000e+02 5.550991603605319406e-06 2.835720667104645669e-05
1.520000000000000000e+02 4.148805619894400870e-06 2.255812326985087983e-05
1.530000000000000000e+02 3.086556441518262276e-06 1.788171127915806670e-05
1.540000000000000000e+02 2.285874501911128502e-06 1.411997334841483926e-05
1.550000000000000000e+02 1.685115617643554855e-06 1.110560467296719392e-05
1.560000000000000000e+02 1.236328856470393593e-06 8.702546015345603690e-06
1.570000000000000000e+02 9.026136447333989154e-07 6.797383734164324388e-06
1.580000000000000000e+02 6.557398796421642170e-07 5.293937209267106780e-06
1.590000000000000000e+02 4.741204499583091484e-07 4.111039810042585743e-06
