0.000000000000000000e+00 1.326886526321399230e-06 -2.901157929241059011e-04
1.000000000000000000e+00 5.471234771719706160e-07 2.195758551118033716e-04
2.000000000000000000e+00 7.517858304530365229e-07 2.079021048062530208e-04
3.000000000000000000e+00 1.012759806522968897e-06 2.271261230882665693e-04
4.000000000000000000e+00 1.363475272317857828e-06 2.581532233454089599e-04
5.000000000000000000e+00 1.827893438345463892e-06 2.971729341169460732e-04
6.000000000000000000e+00 2.438985431460643252e-06 3.434533872371834198e-04
7.000000000000000000e+00 3.238903945761414687e-06 3.971826010653072198e-04
8.000000000000000000e+00 4.280802514337071009e-06 4.589387999123925523e-04
9.000000000000000000e+00 5.631258799082290017e-06 5.295252855814628658e-04
1.000000000000000000e+01 7.373199360373980493e-06 6.099070262706792356e-04
1.100000000000000000e+01 9.609362791705608172e-06 7.011821018164882471e-04
1.200000000000000000e+01 1.246636410995998216e-05 8.045672727907416657e-04
1.300000000000000000e+01 1.609943211105126549e-05 9.213899096477723601e-04
1.400000000000000000e+01 2.069789423780279985e-05 1.053083672815356394e-03
1.500000000000000000e+01 2.649148651662488010e-05 1.201188102019102536e-03
1.600000000000000000e+01 3.375756441195858540e-05 1.367353164898826336e-03
1.700000000000000000e+01 4.282928951650526503e-05 1.553348581653511782e-03
1.800000000000000000e+01 5.410486262283850531e-05 1.761074922592571410e-03
1.900000000000000000e+01 6.805786687559523505e-05 1.992570694379613202e-03
2.000000000000000000e+01 8.524877598095276037e-05 2.250009017595211176e-03
2.100000000000000000e+01 1.063376687348669292e-04 2.535680499747112408e-03
2.200000000000000000e+01 1.320981744999314941e-04 2.851965210434742257e-03
2.300000000000000000e+01 1.634326536316969749e-04 3.201303758338824856e-03
2.400000000000000000e+01 2.013885928301448820e-04 3.586181258552474486e-03
2.500000000000000000e+01 2.471761657603807833e-04 4.009134556171885591e-03
2.600000000000000000e+01 3.021868744749853946e-04 4.472781432100267351e-03
2.700000000000000000e+01 3.680131447846370129e-04 4.979854775217937290e-03
2.800000000000000000e+01 4.464687001262901628e-04 5.533213521259257479e-03
2.900000000000000000e+01 5.396094833137177454e-04 6.135804463645110063e-03
3.000000000000000000e+01 6.497548347012720767e-04 6.790568221285948197e-03
3.100000000000000000e+01 7.795085668609193609e-04 7.500312849288621499e-03
3.200000000000000000e+01 9.317794988995913279e-04 8.267605360780661342e-03
3.300000000000000000e+01 1.109800925934981879e-03 9.094737047251473874e-03
3.400000000000000000e+01 1.317148401340088523e-03 9.983791316079454817e-03
3.500000000000000000e+01 1.557755102250455576e-03 1.093678780707138878e-02
3.600000000000000000e+01 1.835923941787049977e-03 1.195581932455814372e-02
3.700000000000000000e+01 2.156335492010859247e-03 1.304307456474733048e-02
3.800000000000000000e+01 2.524050690508296280e-03 1.420067481446526600e-02
3.900000000000000000e+01 2.944507199913798477e-03 1.543034222995686919e-02
4.000000000000000000e+01 3.423508156602009158e-03 1.673302302943195999e-02
4.100000000000000000e+01 3.967201907045133508e-03 1.810865281174087876e-02
4.200000000000000000e+01 4.582051270345774592e-03 1.955622147433322411e-02
4.300000000000000000e+01 5.274790951109129510e-03 2.107416014385546377e-02
4.400000000000000000e+01 6.052371893520427752e-03 2.266088432745892722e-02
4.500000000000000000e+01 6.921891412144236602e-03 2.431518979887681287e-02
4.600000000000000000e+01 7.890507753301752303e-03 2.603620974696346096e-02
4.700000000000000000e+01 8.965337610198203036e-03 2.782283156945119379e-02
4.800000000000000000e+01 1.015333558879338155e-02 2.967276687250665346e-02
4.900000000000000000e+01 1.146115585492613921e-02 3.158172095935978668e-02
5.000000000000000000e+01 1.289499736544526265e-02 3.354316048952765694e-02
5.100000000000000000e+01 1.446043396560154660e-02 3.554894678023295257e-02
5.200000000000000000e+01 1.616222927915903287e-02 3.759065399594678503e-02
5.300000000000000000e+01 1.800413596754556200e-02 3.966095006973987397e-02
5.400000000000000000e+01 1.998868200014888852e-02 4.175425807407701084e-02
5.500000000000000000e+01 2.211695186799697566e-02 4.386618825580516912e-02
5.600000000000000000e+01 2.438837273664537161e-02 4.599184964918673346e-02
5.700000000000000000e+01 2.680051037763629684e-02 4.812381750057225654e-02
5.800000000000000000e+01 2.934887200430791321e-02 5.025087882798174449e-02
5.900000000000000000e+01 3.202671432292764075e-02 5.235844229221376517e-02
6.000000000000000000e+01 3.482486972266664316e-02 5.443069792496416787e-02
6.100000000000000000e+01 3.773161797997926642e-02 5.645361420695391846e-02
6.200000000000000000e+01 4.073262384196109365e-02 5.841723560967511386e-02
6.300000000000000000e+01 4.381093153406272200e-02 6.031592704987378400e-02
6.400000000000000000e+01 4.694698734512392502e-02 6.214619716522334220e-02
6.500000000000000000e+01 5.011868416166215950e-02 6.390304772425098312e-02
6.600000000000000000e+01 5.330147280705545276e-02 6.557674801255124197e-02
6.700000000000000000e+01 5.646860117221050995e-02 6.715194641766460137e-02
6.800000000000000000e+01 5.959148256226954460e-02 6.860995923455992518e-02
6.900000000000000000e+01 6.264011060284585541e-02 6.993337311403022283e-02
7.000000000000000000e+01 6.558343653177278743e-02 7.111068432778279436e-02
7.100000000000000000e+01 6.838973601036230088e-02 7.213845246650246734e-02
7.200000000000000000e+01 7.102709740290910623e-02 7.301961475485438391e-02
7.300000000000000000e+01 7.346410932727272247e-02 7.375861652668203039e-02
7.400000000000000000e+01 7.567063201199467071e-02 7.435580636038201241e-02
7.500000000000000000e+01 7.761842548813091547e-02 7.480413916201342217e-02
7.600000000000000000e+01 7.928155251829654970e-02 7.509019856803605952e-02
7.700000000000000000e+01 8.063674685736668679e-02 7.519929870341701683e-02
7.800000000000000000e+01 8.166400039769058927e-02 7.512212722351746530e-02
7.900000000000000000e+01 8.234733984736203327e-02 7.485939048275991325e-02
8.000000000000000000e+01 8.267543560646846423e-02 7.442187054646534627e-02
8.100000000000000000e+01 8.264174068325529088e-02 7.382571014405561738e-02
8.200000000000000000e+01 8.224430004659499804e-02 7.308529678954089892e-02
8.300000000000000000e+01 8.148569224300859781e-02 7.220746631525729042e-02
8.400000000000000000e+01 8.037332997165000381e-02 7.119014814767772592e-02
8.500000000000000000e+01 7.891978132530313994e-02 7.002625578352997260e-02
8.600000000000000000e+01 7.714256729541502100e-02 6.871077370398923079e-02
8.700000000000000000e+01 7.506335484002948921e-02 6.724721309953299309e-02
8.800000000000000000e+01 7.270708207418848101e-02 6.564995355489285089e-02
8.900000000000000000e+01 7.010156038011393365e-02 6.394123829022350936e-02
9.000000000000000000e+01 6.727744590303381955e-02 6.214444217868834996e-02
9.100000000000000000e+01 6.426793841152647624e-02 6.027715302811673115e-02
9.200000000000000000e+01 6.110781968839656964e-02 5.834764258504640533e-02
9.300000000000000000e+01 5.783219908298416201e-02 5.635645520106074419e-02
9.400000000000000000e+01 5.447567397896570240e-02 5.430207519025801594e-02
9.500000000000000000e+01 5.107212163956251910e-02 5.218747168348147891e-02
9.600000000000000000e+01 4.765461827112764392e-02 5.002398494464872780e-02
9.700000000000000000e+01 4.425490166910822643e-02 4.783062756461226028e-02
9.800000000000000000e+01 4.090242416348441323e-02 4.562939955131185138e-02
9.900000000000000000e+01 3.762359489926192513e-02 4.343923679247950476e-02
1.000000000000000000e+02 3.444163382653164795e-02 4.127174672960823298e-02
1.010000000000000000e+02 3.137681381430042910e-02 3.913077230996372946e-02
1.020000000000000000e+02 2.844654454115540243e-02 3.701570578226664326e-02
1.030000000000000000e+02 2.566509042877099245e-02 3.492650603282575206e-02
1.040000000000000000e+02 2.304324538622987140e-02 3.286764083185129970e-02
1.050000000000000000e+02 2.058837396344242315e-02 3.084900976020665125e-02
1.060000000000000000e+02 1.830483239379259233e-02 2.888368379869762914e-02
1.070000000000000000e+02 1.619442494913619912e-02 2.698394674090327100e-02
1.080000000000000000e+02 1.425662738713724849e-02 2.515781790022748182e-02
1.090000000000000000e+02 1.248865713236138424e-02 2.340775997280657508e-02
1.100000000000000000e+02 1.088564983351546743e-02 2.173198616672765426e-02
1.110000000000000000e+02 9.441048245620437679e-03 2.012739563684146429e-02
1.120000000000000000e+02 8.147063345468318410e-03 1.859243295729866990e-02
1.130000000000000000e+02 6.995021292193631841e-03 1.712843446720168847e-02
1.140000000000000000e+02 5.975567970652516901e-03 1.573902068547667135e-02
1.150000000000000000e+02 5.078843941826672627e-03 1.442816049895260556e-02
1.160000000000000000e+02 4.294719480136315916e-03 1.319810018329243759e-02
1.170000000000000000e+02 3.613062936817890841e-03 1.204823194845358429e-02
1.180000000000000000e+02 3.023959090605318062e-03 1.097534583073601216e-02
1.190000000000000000e+02 2.517841915157953588e-03 9.974941434055688283e-03
1.200000000000000000e+02 2.085576511775262803e-03 9.042778902997650192e-03
1.210000000000000000e+02 1.718536440178974759e-03 8.175859242260280144e-03
1.220000000000000000e+02 1.408682972624031304e-03 7.372467002987638518e-03
1.230000000000000000e+02 1.148622181972218294e-03 6.631461156559465865e-03
1.240000000000000000e+02 9.316243871253258651e-04 5.951340661856531662e-03
1.250000000000000000e+02 7.516155230646386597e-04 5.329614553400125083e-03
1.260000000000000000e+02 6.031586730068851532e-04 4.762749138733156189e-03
1.270000000000000000e+02 4.814328437924361042e-04 4.246622276289625103e-03
1.280000000000000000e+02 3.822044706896105264e-04 3.777167049920046940e-03
1.290000000000000000e+02 3.017878481894062186e-04 3.350848476503741867e-03
1.300000000000000000e+02 2.369981046312229125e-04 2.964777277281312531e-03
1.310000000000000000e+02 1.851033933506588140e-04 2.616498150430577371e-03
1.320000000000000000e+02 1.437794406111894815e-04 2.303648837301141769e-03
1.330000000000000000e+02 1.110654394946658204e-04 2.023702790114777043e-03
1.340000000000000000e+02 8.532008907482071039e-05 1.773913043891350415e-03
1.350000000000000000e+02 6.517891170109003484e-05 1.551444637852358952e-03
1.360000000000000000e+02 4.951510116662109014e-05 1.353587802837822760e-03
1.370000000000000000e+02 3.740496760461960711e-05 1.177923713582695528e-03
1.380000000000000000e+02 2.809738598657018902e-05 1.022367084696048506e-03
1.390000000000000000e+02 2.098628280474365513e-05 8.850935884133965571e-04
1.400000000000000000e+02 1.558593455023125302e-05 7.644202858303411965e-04
1.410000000000000000e+02 1.150945798505484119e-05 6.587144929596934874e-04
1.420000000000000000e+02 8.450703909946639714e-06 5.663710327220149599e-04
1.430000000000000000e+02 6.169214709822549506e-06 4.858511723822837749e-04
1.440000000000000000e+02 4.477618744271477804e-06 4.157454814038131054e-04
1.450000000000000000e+02 3.230977425171630707e-06 3.548183447769892021e-04
1.460000000000000000e+02 2.317878030649946593e-06 3.020104324299184421e-04
1.470000000000000000e+02 1.653178085139367545e-06 2.564033026674795036e-04
1.480000000000000000e+02 1.172231563121126149e-06 2.171704056528396705e-04
1.490000000000000000e+02 8.263240775872278481e-07 1.835408071854700970e-04
1.500000000000000000e+02 5.790370886166853552e-07 1.547887271301582452e-04
1.510000000000000000e+02 4.033395438602811717e-07 1.302449608985688928e-04
1.520000000000000000e+02 2.792878292378332140e-07 1.093157969621011909e-04
1.530000000000000000e+02 1.922485508441639394e-07 9.149464053554688680e-05
1.540000000000000000e+02 1.315526335078191274e-07 7.635867302705452784e-05
1.550000000000000000e+02 8.948115745992114843e-08 6.355233718570975029e-05
1.560000000000000000e+02 6.049540925986675824e-08 5.276609935248287455e-05
1.570000000000000000e+02 4.064983948980039668e-08 4.371982100877797712e-05
1.580000000000000000e+02 2.714958343021015580e-08 3.615576594621181271e-05
1.590000000000000000e+02 1.802473673883254117e-08 2.984027370635744674e-05
