0.000000000000000000e+00 5.030420590532774074e-08 1.380396655051620717e-07
1.000000000000000000e+00 1.050670383029910894e-08 3.052089627953335085e-07
2.000000000000000000e+00 1.672179556751202167e-08 3.938513361389785971e-07
3.000000000000000000e+00 2.534450283778498169e-08 5.395832234132473737e-07
4.000000000000000000e+00 3.815485477019521998e-08 7.390969584269587334e-07
5.000000000000000000e+00 5.703458364115950189e-08 1.008093463717317089e-06
6.000000000000000000e+00 8.465557360342285705e-08 1.368593691056022332e-06
7.000000000000000000e+00 1.247730523160446471e-07 1.849285211207936904e-06
8.000000000000000000e+00 1.826228064953069012e-07 2.487111594118991400e-06
9.000000000000000000e+00 2.654483682694472096e-07 3.329356016174574711e-06
1.000000000000000000e+01 3.831936785017264468e-07 4.436206933474146633e-06
1.100000000000000000e+01 5.494054099719724410e-07 5.883876144318733811e-06
1.200000000000000000e+01 7.823976664965630285e-07 7.768360033024800484e-06
1.300000000000000000e+01 1.106742462726301113e-06 1.020994719065546347e-05
1.400000000000000000e+01 1.555159982778133221e-06 1.335858566461749038e-05
1.500000000000000000e+01 2.170895020574428077e-06 1.740023267507904587e-05
1.600000000000000000e+01 3.010677972069692983e-06 2.256431797185103112e-05
1.700000000000000000e+01 4.148382144697618435e-06 2.913245884141193610e-05
1.800000000000000000e+01 5.679500746803699967e-06 3.744856962351420117e-05
1.900000000000000000e+01 7.726579441018878799e-06 4.793051080777388354e-05
2.000000000000000000e+01 1.044575015162244906e-05 6.108341996879125405e-05
2.100000000000000000e+01 1.403452002819949772e-05 7.751486053244665490e-05
2.200000000000000000e+01 1.874097514901482071e-05 9.795191145566361341e-05
2.300000000000000000e+01 2.487456001070141890e-05 1.232603031138989258e-04
2.400000000000000000e+01 3.281859131489279894e-05 1.544656805734555890e-04
2.500000000000000000e+01 4.304465696636188265e-05 1.927770415509665936e-04
2.600000000000000000e+01 5.612903801655242791e-05 2.396123544220086100e-04
2.700000000000000000e+01 7.277127143863075303e-05 2.966263045861965717e-04
2.800000000000000000e+01 9.381494598932521079e-05 3.657400520989209126e-04
2.900000000000000000e+01 1.202707903246748165e-04 4.491728054494509119e-04
3.000000000000000000e+01 1.533420723939478750e-04 5.494749304418370664e-04
3.100000000000000000e+01 1.944522822322568940e-04 6.695622145390314620e-04
3.200000000000000000e+01 2.452750155624792419e-04 8.127507947679958773e-04
3.300000000000000000e+01 3.077659138461013764e-04 9.827921227090617891e-04
3.400000000000000000e+01 3.841964456691292652e-04 1.183907189194462282e-03
3.500000000000000000e+01 4.771892353168298660e-04 1.420819068748686246e-03
3.600000000000000000e+01 5.897545551578966009e-04 1.698782689157241066e-03
3.700000000000000000e+01 7.253274974426029541e-04 2.023610593246163037e-03
3.800000000000000000e+01 8.878052265662131392e-04 2.401693322056160269e-03
3.900000000000000000e+01 1.081583581102848676e-03 2.840012873686347493e-03
4.000000000000000000e+01 1.311592144976452814e-03 3.346147457410679916e-03
4.100000000000000000e+01 1.583326734796819879e-03 3.928265532123727255e-03
4.200000000000000000e+01 1.902878054892027330e-03 4.595107025311850890e-03
4.300000000000000000e+01 2.276955049886020873e-03 5.355949757528928948e-03
4.400000000000000000e+01 2.712901238503163601e-03 6.220559306951256584e-03
4.500000000000000000e+01 3.218702043382047455e-03 7.199120511757720227e-03
4.600000000000000000e+01 3.802980845990101399e-03 8.302148380521618201e-03
4.700000000000000000e+01 4.474981203604597862e-03 9.540375807833859079e-03
4.800000000000000000e+01 5.244532383882956339e-03 1.092461602875833930e-02
4.900000000000000000e+01 6.121995122225781447e-03 1.246559947267609006e-02
5.000000000000000000e+01 7.118184309518804306e-03 1.417378643267351405e-02
5.100000000000000000e+01 8.244265199575048081e-03 1.605915683028170254e-02
5.200000000000000000e+01 9.511619734204770568e-03 1.813097604579192237e-02
5.300000000000000000e+01 1.093167978117940906e-02 2.039753427507857986e-02
5.400000000000000000e+01 1.251572450522964869e-02 2.286586018680076063e-02
5.500000000000000000e+01 1.427463973807373797e-02 2.554141749750220292e-02
5.600000000000000000e+01 1.621863809117365593e-02 2.842779839961387736e-02
5.700000000000000000e+01 1.835693978296150386e-02 3.152642285221406160e-02
5.800000000000000000e+01 2.069741587440263736e-02 3.483624016252870326e-02
5.900000000000000000e+01 2.324619772905291842e-02 3.835342429090468630e-02
6.000000000000000000e+01 2.600725867780109141e-02 4.207106986045834607e-02
6.100000000000000000e+01 2.898197596494779191e-02 4.597892242412791874e-02
6.200000000000000000e+01 3.216868361698249634e-02 5.006318351224181562e-02
6.300000000000000000e+01 3.556223031989937111e-02 5.430639934926051460e-02
6.400000000000000000e+01 3.915355971504877464e-02 5.868739742971795098e-02
6.500000000000000000e+01 4.292933197125408523e-02 6.318123303321485085e-02
6.600000000000000000e+01 4.687160540884257459e-02 6.775916979394323858e-02
6.700000000000000000e+01 5.095759835203048094e-02 7.238878636141310441e-02
6.800000000000000000e+01 5.515955508766302862e-02 7.703428308962595450e-02
6.900000000000000000e+01 5.944474055975727117e-02 8.165694600629840039e-02
7.000000000000000000e+01 6.377558126961818674e-02 8.621562596073767404e-02
7.100000000000000000e+01 6.810996048365065836e-02 9.066714441182126272e-02
7.200000000000000000e+01 7.240167567496993972e-02 9.496672240109840790e-02
7.300000000000000000e+01 7.660107219594547434e-02 9.906864136556320366e-02
7.400000000000000000e+01 8.065585960119894815e-02 1.029272090786954030e-01
7.500000000000000000e+01 8.451208993155945315e-02 1.064978188350150651e-01
7.600000000000000000e+01 8.811525895295070632e-02 1.097377777268308680e-01
7.700000000000000000e+01 9.141150643799417219e-02 1.126068281920708652e-01
7.800000000000000000e+01 9.434891115287559471e-02 1.150676669988399958e-01
7.900000000000000000e+01 9.687885019320829905e-02 1.170868236874249291e-01
8.000000000000000000e+01 9.895733852085172866e-02 1.186358501927878006e-01
8.100000000000000000e+01 1.005462638872478276e-01 1.196923126810465754e-01
8.200000000000000000e+01 1.016144998177554298e-01 1.202401314978547714e-01
8.300000000000000000e+01 1.021389118044639110e-01 1.202694112791557746e-01
8.400000000000000000e+01 1.021052012233219231e-01 1.197763976022376553e-01
8.500000000000000000e+01 1.015084630173391234e-01 1.187639726746854141e-01
8.600000000000000000e+01 1.003534028060535377e-01 1.172423411978680829e-01
8.700000000000000000e+01 9.865429260831605485e-02 1.152291196358862929e-01
8.800000000000000000e+01 9.643473812083841468e-02 1.127484932890997493e-01
8.900000000000000000e+01 9.372718665452597908e-02 1.098299948869697895e-01
9.000000000000000000e+01 9.057206934153295974e-02 1.065077713167355000e-01
9.100000000000000000e+01 8.701664366053597777e-02 1.028205413485108743e-01
9.200000000000000000e+01 8.311373604048340191e-02 9.881153866373512673e-02
9.300000000000000000e+01 7.892046337936334255e-02 9.452763176191809891e-02
9.400000000000000000e+01 7.449682615449570999e-02 9.001765625628738166e-02
9.500000000000000000e+01 6.990412768256165643e-02 8.533082988511980771e-02
9.600000000000000000e+01 6.520340130336775564e-02 8.051599618758242816e-02
9.700000000000000000e+01 6.045405371661358856e-02 7.562151469259513481e-02
9.800000000000000000e+01 5.571270473856979738e-02 7.069494781864182897e-02
9.900000000000000000e+01 5.103207808600361550e-02 6.578201942487568732e-02
1.000000000000000000e+02 4.645996314365213875e-02 6.092522131116275691e-02
1.010000000000000000e+02 4.203844060766317309e-02 5.616288886947533310e-02
1.020000000000000000e+02 3.780345807761314320e-02 5.152910182904336944e-02
1.030000000000000000e+02 3.378462333935565443e-02 4.705397358082548387e-02
1.040000000000000000e+02 3.000508551256341611e-02 4.276365457634092454e-02
1.050000000000000000e+02 2.648156077822050314e-02 3.867987763852031441e-02
1.060000000000000000e+02 2.322461495712307283e-02 3.481948563553607240e-02
1.070000000000000000e+02 2.023916254560738370e-02 3.119444263719220803e-02
1.080000000000000000e+02 1.752503192065908710e-02 2.781235606193495011e-02
1.090000000000000000e+02 1.507753294234409104e-02 2.467710340500461549e-02
1.100000000000000000e+02 1.288808465113626400e-02 2.178919834244737175e-02
1.110000000000000000e+02 1.094493311771708305e-02 1.914591597273286247e-02
1.120000000000000000e+02 9.233883611427783425e-03 1.674147044033761494e-02
1.130000000000000000e+02 7.738960265956758809e-03 1.456745164612095571e-02
1.140000000000000000e+02 6.442991004065059396e-03 1.261344648615547737e-02
1.150000000000000000e+02 5.328158818488461408e-03 1.086761405466512773e-02
1.160000000000000000e+02 4.376516539577894084e-03 9.317074751047571199e-03
1.170000000000000000e+02 3.570420403300453727e-03 7.948163424015667472e-03
1.180000000000000000e+02 2.892861822140148538e-03 6.746683213138316738e-03
1.190000000000000000e+02 2.327720529127884005e-03 5.698229203422123731e-03
1.200000000000000000e+02 1.859963692688623108e-03 4.788536082584031114e-03
1.210000000000000000e+02 1.475788243600467285e-03 4.003760578542250002e-03
1.220000000000000000e+02 1.162696294489488956e-03 3.330656471186044590e-03
1.230000000000000000e+02 9.095120617457494797e-04 2.756670194737893907e-03
1.240000000000000000e+02 7.063608834992018103e-04 2.270011699134575484e-03
1.250000000000000000e+02 5.446226587410277946e-04 1.859729741241874157e-03
1.260000000000000000e+02 4.168610547245140156e-04 1.515781118824382091e-03
1.270000000000000000e+02 3.167312630376638077e-04 1.229067263346060590e-03
1.280000000000000000e+02 2.388758206690942785e-04 9.914255296509376803e-04
1.290000000000000000e+02 1.788180182934374788e-04 7.955862150982894766e-04
1.300000000000000000e+02 1.328568194486165911e-04 6.351174563211739194e-04
1.310000000000000000e+02 9.796419982250097940e-05 5.043729381175113009e-04
1.320000000000000000e+02 7.168714612453245692e-05 3.984426344131314487e-04
1.330000000000000000e+02 5.205763022894993245e-05 3.130986183588443158e-04
1.340000000000000000e+02 3.751231904888596642e-05 2.447310794937900620e-04
1.350000000000000000e+02 2.682177948406107797e-05 1.902780044543371507e-04
1.360000000000000000e+02 1.902855832129431274e-05 1.471566459887252789e-04
1.370000000000000000e+02 1.339400993233522687e-05 1.132026187505700589e-04
1.380000000000000000e+02 9.353667991126764778e-06 8.661685451622862231e-05
1.390000000000000000e+02 6.480353780704329366e-06 6.591722869110037139e-05
1.400000000000000000e+02 4.453914103106560826e-06 4.989246894086641986e-05
1.410000000000000000e+02 3.036654714730024158e-06 3.755877774732506767e-05
1.420000000000000000e+02 2.053729640888937651e-06 2.812121248897630859e-05
1.430000000000000000e+02 1.377737104941830629e-06 2.094114420438369912e-05
1.440000000000000000e+02 9.167389239778524208e-07 1.550934546296807380e-05
1.450000000000000000e+02 6.050155699705241778e-07 1.142322594652951593e-05
1.460000000000000000e+02 3.960197361960253579e-07 8.367013065246402690e-06
1.470000000000000000e+02 2.570874573354314739e-07 6.094543219003878585e-06
1.480000000000000000e+02 1.655157574822306832e-07 4.414839882762508483e-06
1.490000000000000000e+02 1.056760087744486314e-07 3.180516210518230444e-06
1.500000000000000000e+02 6.690885312010141362e-08 2.278621383123542554e-06
1.510000000000000000e+02 4.200993905352812208e-08 1.623323655436919636e-06
1.520000000000000000e+02 2.615555124705272187e-08 1.149927736221378434e-06
1.530000000000000000e+02 1.614721482846624742e-08 8.099738008015464440e-07
1.540000000000000000e+02 9.884226844888862293e-09 5.673265985582737835e-07
1.550000000000000000e+02 5.999291806044776208e-09 3.951650947192365357e-07
1.560000000000000000e+02 3.610465220957780488e-09 2.737120592411040490e-07
1.570000000000000000e+02 2.154304387149752960e-09 1.885087758966697018e-07
1.580000000000000000e+02 1.274398121953383671e-09 1.290759784801308424e-07
1.590000000000000000e+02 7.474040822250456426e-10 8.786832310436516294e-08
