0.000000000000000000e+00 -8.835737379549364415e-08 -1.507289813394465099e-06
1.000000000000000000e+00 1.344015522818219741e-07 2.739117043812776234e-06
2.000000000000000000e+00 1.719186829856922179e-07 3.017211629690955516e-06
3.000000000000000000e+00 2.415939304918094018e-07 3.879130227786150241e-06
4.000000000000000000e+00 3.392605446937750375e-07 5.041398114004661500e-06
5.000000000000000000e+00 4.742009382113619965e-07 6.543233389947233748e-06
6.000000000000000000e+00 6.595050229733130681e-07 8.465627447956040191e-06
7.000000000000000000e+00 9.126116593060209338e-07 1.091406020082698694e-05
8.000000000000000000e+00 1.256526970672944975e-06 1.401960247358284376e-05
9.000000000000000000e+00 1.721412007122988742e-06 1.794323955786519738e-05
1.000000000000000000e+01 2.346578294829519633e-06 2.288152852764851981e-05
1.100000000000000000e+01 3.182971318300911197e-06 2.907326936930683612e-05
1.200000000000000000e+01 4.296239377365275817e-06 3.680716825409852176e-05
1.300000000000000000e+01 5.770498578923073411e-06 4.643059505779839288e-05
1.400000000000000000e+01 7.712917761654511503e-06 5.835961053725497030e-05
1.500000000000000000e+01 1.025926023479438787e-05 7.309043373338497580e-05
1.600000000000000000e+01 1.358053487466025108e-05 9.121241603447899598e-05
1.700000000000000000e+01 1.789092338455466026e-05 1.134224472892869477e-04
1.800000000000000000e+01 2.345716169718642510e-05 1.405406549135781004e-04
1.900000000000000000e+01 3.060955668276502085e-05 1.735273538535766016e-04
2.000000000000000000e+01 3.975481737783232838e-05 2.135014050638259068e-04
2.100000000000000000e+01 5.139087461446825928e-05 2.617602506189152566e-04
2.200000000000000000e+01 6.612385706362046303e-05 3.198017259004459095e-04
2.300000000000000000e+01 8.468737988601204912e-05 3.893473123948488243e-04
2.400000000000000000e+01 1.079642752929820530e-04 4.723660698048416456e-04
2.500000000000000000e+01 1.370108444750645202e-04 5.710984382606743058e-04
2.600000000000000000e+01 1.730836428124880627e-04 6.880795515019744830e-04
2.700000000000000000e+01 2.176687358738782344e-04 8.261623062698997093e-04
2.800000000000000000e+01 2.725132912541948591e-04 9.885405684708454752e-04
2.900000000000000000e+01 3.396592895121199203e-04 1.178772178389393124e-03
3.000000000000000000e+01 4.214790259671589187e-04 1.400800172798875257e-03
3.100000000000000000e+01 5.207119211710170515e-04 1.658969828045881367e-03
3.200000000000000000e+01 6.405019749268334086e-04 1.958039601297408960e-03
3.300000000000000000e+01 7.844350221138261716e-04 2.303185685424299044e-03
3.400000000000000000e+01 9.565748002882766944e-04 2.700001402716702484e-03
3.500000000000000000e+01 1.161496703728100892e-03 3.154492465330408380e-03
3.600000000000000000e+01 1.404317935608364633e-03 3.673066827812015989e-03
3.700000000000000000e+01 1.690722551687802401e-03 4.262515001299121975e-03
3.800000000000000000e+01 2.026979643956799276e-03 4.929975908107912287e-03
3.900000000000000000e+01 2.419952709279998403e-03 5.682886103754176965e-03
4.000000000000000000e+01 2.877098153985038938e-03 6.528915011852849150e-03
4.100000000000000000e+01 3.406450906146271836e-03 7.475891777262527044e-03
4.200000000000000000e+01 4.016595177186451683e-03 8.531727080256358217e-03
4.300000000000000000e+01 4.716618423771529699e-03 9.704326426478273801e-03
4.400000000000000000e+01 5.516046457649836574e-03 1.100148539828123273e-02
4.500000000000000000e+01 6.424757545197428560e-03 1.243075854895533960e-02
4.600000000000000000e+01 7.452873523768366835e-03 1.399930364998761695e-02
4.700000000000000000e+01 8.610626694432398434e-03 1.571371546120343271e-02
4.800000000000000000e+01 9.908202373931777537e-03 1.757986716265523205e-02
4.900000000000000000e+01 1.135555781546083130e-02 1.960276666279178390e-02
5.000000000000000000e+01 1.296221808521757016e-02 2.178641503022585649e-02
5.100000000000000000e+01 1.473704878236503819e-02 2.413364193111561251e-02
5.200000000000000000e+01 1.668800584420431984e-02 2.664590321104508275e-02
5.300000000000000000e+01 1.882186548258160327e-02 2.932305690836706225e-02
5.400000000000000000e+01 2.114394147407485172e-02 3.216316347640726936e-02
5.500000000000000000e+01 2.365779888485390961e-02 3.516235519602295412e-02
5.600000000000000000e+01 2.636497019467002462e-02 3.831477954568759253e-02
5.700000000000000000e+01 2.926467453960650972e-02 4.161256731309732199e-02
5.800000000000000000e+01 3.235354094262409691e-02 4.504575564402341081e-02
5.900000000000000000e+01 3.562534598497756749e-02 4.860213928014795598e-02
6.000000000000000000e+01 3.907078812621674058e-02 5.226710876767151626e-02
6.100000000000000000e+01 4.267732035665568191e-02 5.602359411304453501e-02
6.200000000000000000e+01 4.642904505991195252e-02 5.985220180063881290e-02
6.300000000000000000e+01 5.030665605734145618e-02 6.373151432108657699e-02
6.400000000000000000e+01 5.428741775613966231e-02 6.763840022765929549e-02
6.500000000000000000e+01 5.834520318735943178e-02 7.154817111247958883e-02
6.600000000000000000e+01 6.245063858068863188e-02 7.543455884760379149e-02
6.700000000000000000e+01 6.657138283585059546e-02 7.926968197747509548e-02
6.800000000000000000e+01 7.067251138376312580e-02 8.302425697267613869e-02
6.900000000000000000e+01 7.471693591842851201e-02 8.666818141094886907e-02
7.000000000000000000e+01 7.866582886746570358e-02 9.017133984288980275e-02
7.100000000000000000e+01 8.247910768881336341e-02 9.350427835566910151e-02
7.200000000000000000e+01 8.611606903515275913e-02 9.663846135537718096e-02
7.300000000000000000e+01 8.953618158512306746e-02 9.954615638271625822e-02
7.400000000000000000e+01 9.269991580162496858e-02 1.022003393272023219e-01
7.500000000000000000e+01 9.556945930910604181e-02 1.045750634755706621e-01
7.600000000000000000e+01 9.810929954678013210e-02 1.066463947458517469e-01
7.700000000000000000e+01 1.002868207792975835e-01 1.083935228320547228e-01
7.800000000000000000e+01 1.020730584253940476e-01 1.097994286048473017e-01
7.900000000000000000e+01 1.034435475425662665e-01 1.108507631653646991e-01
8.000000000000000000e+01 1.043790095220826081e-01 1.115371986977950619e-01
8.100000000000000000e+01 1.048656832805512501e-01 1.118509561064879310e-01
8.200000000000000000e+01 1.048953942958224528e-01 1.117870930683970421e-01
8.300000000000000000e+01 1.044656550728140371e-01 1.113444955836912081e-01
8.400000000000000000e+01 1.035799522940919759e-01 1.105268625869028493e-01
8.500000000000000000e+01 1.022480257365508127e-01 1.093428710983422036e-01
8.600000000000000000e+01 1.004857812030825748e-01 1.078052910256282748e-01
8.700000000000000000e+01 9.831472186273138014e-02 1.059296341636351002e-01
8.800000000000000000e+01 9.576118381722141526e-02 1.037332910673321867e-01
8.900000000000000000e+01 9.285576735421914585e-02 1.012356977165841943e-01
9.000000000000000000e+01 8.963302820767878043e-02 9.845919743271114299e-02
9.100000000000000000e+01 8.613109595706740229e-02 9.542964525475314264e-02
9.200000000000000000e+01 8.239087795978056183e-02 9.217596766047037038e-02
9.300000000000000000e+01 7.845490744199117017e-02 8.872871518798933210e-02
9.400000000000000000e+01 7.436625290640512531e-02 8.511844873701923664e-02
9.500000000000000000e+01 7.016781834765677128e-02 8.137491779045941120e-02
9.600000000000000000e+01 6.590193604975695674e-02 7.752733055749368163e-02
9.700000000000000000e+01 6.160987235069382423e-02 7.360513535693041787e-02
9.800000000000000000e+01 5.733103521704779881e-02 6.963835413577523781e-02
9.900000000000000000e+01 5.310207768071312229e-02 6.565692346883258979e-02
1.000000000000000000e+02 4.895627095507773530e-02 6.168933584352372101e-02
1.010000000000000000e+02 4.492329505774980691e-02 5.776143686485486761e-02
1.020000000000000000e+02 4.102924083105064651e-02 5.389608581401280490e-02
1.030000000000000000e+02 3.729652400850595739e-02 5.011369233286871311e-02
1.040000000000000000e+02 3.374364439920417291e-02 4.643299262239790337e-02
1.050000000000000000e+02 3.038499081715416092e-02 4.287133446943163645e-02
1.060000000000000000e+02 2.723090720732182848e-02 3.944422589995848216e-02
1.070000000000000000e+02 2.428801860446891739e-02 3.616452898841107655e-02
1.080000000000000000e+02 2.155962698719685391e-02 3.304194278453306127e-02
1.090000000000000000e+02 1.904601310666009795e-02 3.008315339626831814e-02
1.100000000000000000e+02 1.674465318865807351e-02 2.729250297483153120e-02
1.110000000000000000e+02 1.465047559190364376e-02 2.467268067478559784e-02
1.120000000000000000e+02 1.275623864246394450e-02 2.222501172630880414e-02
1.130000000000000000e+02 1.105298676128878971e-02 1.994930070767829411e-02
1.140000000000000000e+02 9.530478685694657517e-03 1.784353750935107133e-02
1.150000000000000000e+02 8.177526327618957203e-03 1.590383674158589444e-02
1.160000000000000000e+02 6.982266154534112930e-03 1.412475326111385654e-02
1.170000000000000000e+02 5.932419150353663087e-03 1.249981766017157873e-02
1.180000000000000000e+02 5.015563824446699938e-03 1.102200166284371743e-02
1.190000000000000000e+02 4.219399102013671361e-03 9.683924856657687499e-03
1.200000000000000000e+02 3.531959652418552656e-03 8.477832505387594003e-03
1.210000000000000000e+02 2.941768807208287179e-03 7.395526344220476264e-03
1.220000000000000000e+02 2.437942941063856849e-03 6.428418314587782886e-03
1.230000000000000000e+02 2.010269976295052906e-03 5.567743799354752526e-03
1.240000000000000000e+02 1.649273375578629540e-03 4.804838705825486243e-03
1.250000000000000000e+02 1.346258328392816329e-03 4.131349378327813827e-03
1.260000000000000000e+02 1.093332312620295347e-03 3.539310168770546956e-03
1.270000000000000000e+02 8.833982111310246382e-04 3.021120634826950958e-03
1.280000000000000000e+02 7.101264156861830093e-04 2.569506485276856506e-03
1.290000000000000000e+02 5.679155407601169147e-04 2.177529529621335166e-03
1.300000000000000000e+02 4.518484694490562626e-04 1.838652728698338731e-03
1.310000000000000000e+02 3.576454433709322757e-04 1.546818603192287069e-03
1.320000000000000000e+02 2.816131699835718169e-04 1.296493410506792962e-03
1.330000000000000000e+02 2.205897209279281254e-04 1.082658927932735222e-03
1.340000000000000000e+02 1.718873728107091323e-04 9.007687062898721070e-04
1.350000000000000000e+02 1.332367941878257562e-04 7.467006311290969988e-04
1.360000000000000000e+02 1.027351149661287781e-04 6.167277203685346456e-04
1.370000000000000000e+02 7.879852519528506168e-05 5.075078806505533809e-04
1.380000000000000000e+02 6.011881097284488387e-05 4.160783530865034587e-04
1.390000000000000000e+02 4.562328182560200615e-05 3.398401140666706586e-04
1.400000000000000000e+02 3.443823808913958133e-05 2.765275910095776933e-04
1.410000000000000000e+02 2.585651471253878973e-05 2.241697492960300633e-04
1.420000000000000000e+02 1.930938496278665858e-05 1.810525110559925422e-04
1.430000000000000000e+02 1.434257402611661370e-05 1.456889610290323597e-04
1.440000000000000000e+02 1.059580870452267404e-05 1.167973863781228557e-04
1.450000000000000000e+02 7.785361785734750052e-06 9.328294275884160727e-05
1.460000000000000000e+02 5.689246978939836884e-06 7.421870607864618024e-05
1.470000000000000000e+02 4.134848250096422951e-06 5.882469488113686168e-05
1.480000000000000000e+02 2.988758254005560403e-06 4.644633368980299149e-05
1.490000000000000000e+02 2.148533003196603359e-06 3.653484821679632024e-05
1.500000000000000000e+02 1.536037449902313698e-06 2.863116070050199550e-05
1.510000000000000000e+02 1.092085895167432863e-06 2.235319868036550912e-05
1.520000000000000000e+02 7.721423715525273759e-07 1.738543172047421001e-05
1.530000000000000000e+02 5.429015276721622058e-07 1.346941187608672478e-05
1.540000000000000000e+02 3.796035797585465888e-07 1.039477121953434637e-05
1.550000000000000000e+02 2.639522002620919696e-07 7.990843003399201585e-06
1.560000000000000000e+02 1.825143335262276947e-07 6.119357395974433424e-06
1.570000000000000000e+02 1.254952264615362082e-07 4.668489437299260101e-06
1.580000000000000000e+02 8.580212543454701951e-08 3.548178057634800046e-06
1.590000000000000000e+02 5.833159678612166923e-08 2.686385087442690363e-06
