0.000000000000000000e+00 1.124957515247384332e-07 -5.235734910089067542e-06
1.000000000000000000e+00 3.141375539292408929e-08 1.001787220640372430e-05
2.000000000000000000e+00 4.733422705395136167e-08 1.050109303823942877e-05
3.000000000000000000e+00 6.891867489045830671e-08 1.293677265413382916e-05
4.000000000000000000e+00 9.983401301352049871e-08 1.621199827704302796e-05
5.000000000000000000e+00 1.437431077813818155e-07 2.033703551373919869e-05
6.000000000000000000e+00 2.057019641727279642e-07 2.545941326673110651e-05
7.000000000000000000e+00 2.925802722645451952e-07 3.178009058491731780e-05
8.000000000000000000e+00 4.136415767809729433e-07 3.954415416508052193e-05
9.000000000000000000e+00 5.812921159088651167e-07 4.904396200682533329e-05
1.000000000000000000e+01 8.120354511823533556e-07 6.062580830501249182e-05
1.100000000000000000e+01 1.127679322703937080e-06 7.469779268025947803e-05
1.200000000000000000e+01 1.556849505370343953e-06 9.173782566463950245e-05
1.300000000000000000e+01 2.136874008241691087e-06 1.123014693037064049e-04
1.400000000000000000e+01 2.916110043348354186e-06 1.370301805375215179e-04
1.500000000000000000e+01 3.956795586803143767e-06 1.666611175221153801e-04
1.600000000000000000e+01 5.338516927125088024e-06 2.020394477842286907e-04
1.700000000000000000e+01 7.162392518352848928e-06 2.441329421734924222e-04
1.800000000000000000e+01 9.556082007475306958e-06 2.940471723333976323e-04
1.900000000000000000e+01 1.267973683378463204e-05 3.530389678381287764e-04
2.000000000000000000e+01 1.673301457194434957e-05 4.225267594634169593e-04
2.100000000000000000e+01 2.196328298866984379e-05 5.040987580074963136e-04
2.200000000000000000e+01 2.867514110914775224e-05 5.995220550118006810e-04
2.300000000000000000e+01 3.724138225810739484e-05 7.107557894354460306e-04
2.400000000000000000e+01 4.811551855870199648e-05 8.399687642039504109e-04
2.500000000000000000e+01 6.184597604435348246e-05 9.895577424901414853e-04
2.600000000000000000e+01 7.909205504719546095e-05 1.162160142692290682e-03
2.700000000000000000e+01 1.006417303995202177e-04 1.360656512658985377e-03
2.800000000000000000e+01 1.274313398509780955e-04 1.588163717526706745e-03
2.900000000000000000e+01 1.605671770364885736e-04 1.848025617954523374e-03
3.000000000000000000e+01 2.013489663199848425e-04 2.143809379797539764e-03
3.100000000000000000e+01 2.512951512356213150e-04 2.479310229779474722e-03
3.200000000000000000e+01 3.121698747084367576e-04 2.858558285177235751e-03
3.300000000000000000e+01 3.860114660547087832e-04 3.285814701709337086e-03
3.400000000000000000e+01 4.751621786055658858e-04 3.765546584618723481e-03
3.500000000000000000e+01 5.822988394227767046e-04 4.302380807973330348e-03
3.600000000000000000e+01 7.104639806172955265e-04 4.901049065754201767e-03
3.700000000000000000e+01 8.630969158488836475e-04 5.566340664261267869e-03
3.800000000000000000e+01 1.044064106605204628e-03 6.303071159340267911e-03
3.900000000000000000e+01 1.257688028095484134e-03 7.116058799471953675e-03
4.000000000000000000e+01 1.508773596863317162e-03 8.010088661960549153e-03
4.100000000000000000e+01 1.802631060360294522e-03 8.989846517325176742e-03
4.200000000000000000e+01 2.145094071261217147e-03 1.005982089579004861e-02
4.300000000000000000e+01 2.542531477739664453e-03 1.122419131316480453e-02
4.400000000000000000e+01 3.001851161766671931e-03 1.248672837873042105e-02
4.500000000000000000e+01 3.530494063882218432e-03 1.385072072704230522e-02
4.600000000000000000e+01 4.136416353757470764e-03 1.531892162811678178e-02
4.700000000000000000e+01 4.828057539898711857e-03 1.689349128170347311e-02
4.800000000000000000e+01 5.614292162163418004e-03 1.857591240205357444e-02
4.900000000000000000e+01 6.504362609310412532e-03 2.036687599035358689e-02
5.000000000000000000e+01 7.507790615112067481e-03 2.226615665580565506e-02
5.100000000000000000e+01 8.634265145167173763e-03 2.427250551918431337e-02
5.200000000000000000e+01 9.893504642752154465e-03 2.638357769070315967e-02
5.300000000000000000e+01 1.129509188113652501e-02 2.859589024605591751e-02
5.400000000000000000e+01 1.284828005157401948e-02 3.090479250468806949e-02
5.500000000000000000e+01 1.456176947695962329e-02 3.330443317956860438e-02
5.600000000000000000e+01 1.644345562520908161e-02 3.578772365433719599e-02
5.700000000000000000e+01 1.850015052631660828e-02 3.834630884647141635e-02
5.800000000000000000e+01 2.073728065454959885e-02 4.097055674600055125e-02
5.900000000000000000e+01 2.315856497159750338e-02 4.364956832715098656e-02
6.000000000000000000e+01 2.576567839917608474e-02 4.637120415492455849e-02
6.100000000000000000e+01 2.855790927790851502e-02 4.912213091578780666e-02
6.200000000000000000e+01 3.153182265139209406e-02 5.188790322295421670e-02
6.300000000000000000e+01 3.468094147589347725e-02 5.465309600972351883e-02
6.400000000000000000e+01 3.799545542383969687e-02 5.740148110694223704e-02
6.500000000000000000e+01 4.146196716196055843e-02 6.011621103861007620e-02
6.600000000000000000e+01 4.506329247569645230e-02 6.277996313860702282e-02
6.700000000000000000e+01 4.877833709581352178e-02 6.537502830910524310e-02
6.800000000000000000e+01 5.258206826276279333e-02 6.788338773670830883e-02
6.900000000000000000e+01 5.644558410864387865e-02 7.028686155216143372e-02
7.000000000000000000e+01 6.033627782284190638e-02 7.256739078709342761e-02
7.100000000000000000e+01 6.421810893076422555e-02 7.470742727713962361e-02
7.200000000000000000e+01 6.805201074587610699e-02 7.669031268899444143e-02
7.300000000000000000e+01 7.179644670852106114e-02 7.850050714770104299e-02
7.400000000000000000e+01 7.540808406151970622e-02 8.012361668863049458e-02
7.500000000000000000e+01 7.884253647767300310e-02 8.154631801777144362e-02
7.600000000000000000e+01 8.205517037760429178e-02 8.275637694953610901e-02
7.700000000000000000e+01 8.500201626121853260e-02 8.374291099218497680e-02
7.800000000000000000e+01 8.764079101384936177e-02 8.449686650763371665e-02
7.900000000000000000e+01 8.993194033466990478e-02 8.501148970262356608e-02
8.000000000000000000e+01 9.183958434804492810e-02 8.528252228750668462e-02
8.100000000000000000e+01 9.333235588032443020e-02 8.530800934818633108e-02
8.200000000000000000e+01 9.438422485249017835e-02 8.508787396160606697e-02
8.300000000000000000e+01 9.497533403522356865e-02 8.462359270191380234e-02
8.400000000000000000e+01 9.509269550194027198e-02 8.391824479898213340e-02
8.500000000000000000e+01 9.473057107659632603e-02 8.297692574253365261e-02
8.600000000000000000e+01 9.389056647311556925e-02 8.180721196102522241e-02
8.700000000000000000e+01 9.258164141117392054e-02 8.041927336963287931e-02
8.800000000000000000e+01 9.082011104187681649e-02 7.882544501179740426e-02
8.900000000000000000e+01 8.862944245178461244e-02 7.703944652290653505e-02
9.000000000000000000e+01 8.603963982716093806e-02 7.507569903174377002e-02
9.100000000000000000e+01 8.308632631172635508e-02 7.294912522610337569e-02
9.200000000000000000e+01 7.980984376820784987e-02 7.067546089755530336e-02
9.300000000000000000e+01 7.625448236116699752e-02 6.827171486579977633e-02
9.400000000000000000e+01 7.246760381622467662e-02 6.575628546266296115e-02
9.500000000000000000e+01 6.849844692277452796e-02 6.314848147577406534e-02
9.600000000000000000e+01 6.439678778576332641e-02 6.046763100793776935e-02
9.700000000000000000e+01 6.021182392222126922e-02 5.773226814736215351e-02
9.800000000000000000e+01 5.599137082782514041e-02 5.495983380582973588e-02
9.900000000000000000e+01 5.178110083451433615e-02 5.216695377729712452e-02
1.000000000000000000e+02 4.762362539599881289e-02 4.936994449664967866e-02
1.010000000000000000e+02 4.355760330705035765e-02 4.658505139447026433e-02
1.020000000000000000e+02 3.961718999002498270e-02 4.382814693211813106e-02
1.030000000000000000e+02 3.583184727945519510e-02 4.111402989932159968e-02
1.040000000000000000e+02 3.222624316209606044e-02 3.845576240685415897e-02
1.050000000000000000e+02 2.882007876094345306e-02 3.586444576979481297e-02
1.060000000000000000e+02 2.562798959672474980e-02 3.334951428369834631e-02
1.070000000000000000e+02 2.265972733857529384e-02 3.091926792123623341e-02
1.080000000000000000e+02 1.992058352181238015e-02 2.858123221704670508e-02
1.090000000000000000e+02 1.741183721938750067e-02 2.634210438933923260e-02
1.100000000000000000e+02 1.513112230275219863e-02 2.420737113201474125e-02
1.110000000000000000e+02 1.307281479592642751e-02 2.218091772226193220e-02
1.120000000000000000e+02 1.122854884559254529e-02 2.026493173385532365e-02
1.130000000000000000e+02 9.587809318669792899e-03 1.846017524677785737e-02
1.140000000000000000e+02 8.138466974846199006e-03 1.676644306525966466e-02
1.150000000000000000e+02 6.867211470307286840e-03 1.518292515980237262e-02
1.160000000000000000e+02 5.759946356122890888e-03 1.370829961233849259e-02
1.170000000000000000e+02 4.802196585614496027e-03 1.234059493107277083e-02
1.180000000000000000e+02 3.979494331052751271e-03 1.107701486274467392e-02
1.190000000000000000e+02 3.277683609379829135e-03 9.913915792680425346e-03
1.200000000000000000e+02 2.683137902196238659e-03 8.846992464474073489e-03
1.210000000000000000e+02 2.182930125557940807e-03 7.871575867408530866e-03
1.220000000000000000e+02 1.764978471959160284e-03 6.982885411676556867e-03
1.230000000000000000e+02 1.418154838704174282e-03 6.176133094268419776e-03
1.240000000000000000e+02 1.132339056821680609e-03 5.446491639902002399e-03
1.250000000000000000e+02 8.984269435539746652e-04 4.789022995131740450e-03
1.260000000000000000e+02 7.083137406337232074e-04 4.198666407484993000e-03
1.270000000000000000e+02 5.548637740493126596e-04 3.670320783776601266e-03
1.280000000000000000e+02 4.318635907710885653e-04 3.198981463168624594e-03
1.290000000000000000e+02 3.339568725173253701e-04 2.779859364662032751e-03
1.300000000000000000e+02 2.565681226194026286e-04 2.408433281959914372e-03
1.310000000000000000e+02 1.958243369974714196e-04 2.080436628689263587e-03
1.320000000000000000e+02 1.484785089007746941e-04 1.791818274922634931e-03
1.330000000000000000e+02 1.118344864902665422e-04 1.538720614061296968e-03
1.340000000000000000e+02 8.367351896845510702e-05 1.317492656316601729e-03
1.350000000000000000e+02 6.218508935682291391e-05 1.124725583120094125e-03
1.360000000000000000e+02 4.590440502123663470e-05 9.572840877968137423e-04
1.370000000000000000e+02 3.365693317315203008e-05 8.123140882173784591e-04
1.380000000000000000e+02 2.450925699669182981e-05 6.872256987591396013e-04
1.390000000000000000e+02 1.772585723343029799e-05 5.796647863566841124e-04
1.400000000000000000e+02 1.273188845495345063e-05 4.874886263687219236e-04
1.410000000000000000e+02 9.081806850687990746e-06 4.087530670699362828e-04
1.420000000000000000e+02 6.433237372967526054e-06 3.417083522938204471e-04
1.430000000000000000e+02 4.525324934224659955e-06 2.847955596946051830e-04
1.440000000000000000e+02 3.160965895091507034e-06 2.366373109565592667e-04
1.450000000000000000e+02 2.192437843443425686e-06 1.960218222702362202e-04
1.460000000000000000e+02 1.509938442616764545e-06 1.618838655143183187e-04
1.470000000000000000e+02 1.032530306207311837e-06 1.332871762834258718e-04
1.480000000000000000e+02 7.010449187533485974e-07 1.094107429828561855e-04
1.490000000000000000e+02 4.725804725232885693e-07 8.953853730806138811e-05
1.500000000000000000e+02 3.162851691227711065e-07 7.305065416787525137e-05
1.510000000000000000e+02 2.101563790528019339e-07 5.941408471272939583e-05
1.520000000000000000e+02 1.386305390733490441e-07 4.817265536871589223e-05
1.530000000000000000e+02 9.078656738821303560e-08 3.893683396500656442e-05
1.540000000000000000e+02 5.902270428904760117e-08 3.137443266527004094e-05
1.550000000000000000e+02 3.809191123566753109e-08 2.520280195426257303e-05
1.560000000000000000e+02 2.440317804877688928e-08 2.018244510796944819e-05
1.570000000000000000e+02 1.551876681021486329e-08 1.611158014000878838e-05
1.580000000000000000e+02 9.796500321033341329e-09 1.282118789008305419e-05
1.590000000000000000e+02 6.138778433065372126e-09 1.017034943524910871e-05
