0.000000000000000000e+00 -7.155297927375463837e-08 -1.488123848400419554e-05
1.000000000000000000e+00 1.646791926286177165e-07 1.351338368586145122e-05
2.000000000000000000e+00 2.142448741373696493e-07 1.419106233430451884e-05
3.000000000000000000e+00 2.974969109673294910e-07 1.793304032287104847e-05
4.000000000000000000e+00 4.115068295181162848e-07 2.282194278146323644e-05
5.000000000000000000e+00 5.668117348482712248e-07 2.896985790269287570e-05
6.000000000000000000e+00 7.774370718964915929e-07 3.665631848174268320e-05
7.000000000000000000e+00 1.061837035044640253e-06 4.623130441156445583e-05
8.000000000000000000e+00 1.444173461484504807e-06 5.811715265220496294e-05
9.000000000000000000e+00 1.955920985416474646e-06 7.282033854720974049e-05
1.000000000000000000e+01 2.637873679195378844e-06 9.094595223823744392e-05
1.100000000000000000e+01 3.542646625167439582e-06 1.132141262439499089e-04
1.200000000000000000e+01 4.737776192997469189e-06 1.404781629627204181e-04
1.300000000000000000e+01 6.309524112498315110e-06 1.737442240237930147e-04
1.400000000000000000e+01 8.367493797131881530e-06 2.141927322083487064e-04
1.500000000000000000e+01 1.105019200203321226e-05 2.632020152834859891e-04
1.600000000000000000e+01 1.453172131120066977e-05 3.223748862320426132e-04
1.700000000000000000e+01 1.902984209500073885e-05 3.935685095285416024e-04
1.800000000000000000e+01 2.481564501357632182e-05 4.789270286637509286e-04
1.900000000000000000e+01 3.222499516461080777e-05 5.809154540870374930e-04
2.000000000000000000e+01 4.167179536457770128e-05 7.023529545750874323e-04
2.100000000000000000e+01 5.366309034732699560e-05 8.464445184572025327e-04
2.200000000000000000e+01 6.881620354093447294e-05 1.016811762030094901e-03
2.300000000000000000e+01 8.787839536383740030e-05 1.217525336992591935e-03
2.400000000000000000e+01 1.117496831137104719e-04 1.453141337502612904e-03
2.500000000000000000e+01 1.415091489468286697e-04 1.728741427736429394e-03
2.600000000000000000e+01 1.784442784958334513e-04 2.049971982347690864e-03
2.700000000000000000e+01 2.240821308533854869e-04 2.423074132643465543e-03
2.800000000000000000e+01 2.802212281361447267e-04 2.854897460196992396e-03
2.900000000000000000e+01 3.489643001190254989e-04 3.352896328592139784e-03
3.000000000000000000e+01 4.327536478390706055e-04 3.925116672280812812e-03
3.100000000000000000e+01 5.344111993700313788e-04 4.580186224778985335e-03
3.200000000000000000e+01 6.571830425916477510e-04 5.327316676793917259e-03
3.300000000000000000e+01 8.047841240113910114e-04 6.176311539886720700e-03
3.400000000000000000e+01 9.814360636181578609e-04 7.137556292543359958e-03
3.500000000000000000e+01 1.191893079528612070e-03 8.221960861415892122e-03
3.600000000000000000e+01 1.441457996718467898e-03 9.440838518210066879e-03
3.700000000000000000e+01 1.735997255669459102e-03 1.080573689690194142e-02
3.800000000000000000e+01 2.081963298528588611e-03 1.232826743937499858e-02
3.900000000000000000e+01 2.486421405130220547e-03 1.401998388294403014e-02
4.000000000000000000e+01 2.957062303913482373e-03 1.589232480193594754e-02
4.100000000000000000e+01 3.502175593581594634e-03 1.795657377482836464e-02
4.200000000000000000e+01 4.130572764729265045e-03 2.022374420296109421e-02
4.300000000000000000e+01 4.851477328565269483e-03 2.270430781608761758e-02
4.400000000000000000e+01 5.674420875461966274e-03 2.540776819545035453e-02
4.500000000000000000e+01 6.609173588063018724e-03 2.834219199701282568e-02
4.600000000000000000e+01 7.665693568188547760e-03 3.151387164494712928e-02
4.700000000000000000e+01 8.854032168047198947e-03 3.492723826515903990e-02
4.800000000000000000e+01 1.018412828323066004e-02 3.858497899040562451e-02
4.900000000000000000e+01 1.166548402863553519e-02 4.248813601515690624e-02
5.000000000000000000e+01 1.330680290557173517e-02 4.663591390115960633e-02
5.100000000000000000e+01 1.511571402779055343e-02 5.102507560092692240e-02
5.200000000000000000e+01 1.709864604156891704e-02 5.564910508763104557e-02
5.300000000000000000e+01 1.926077718992186966e-02 6.049756132404568443e-02
5.400000000000000000e+01 2.160588222171954190e-02 6.555603503390003417e-02
5.500000000000000000e+01 2.413593497152523304e-02 7.080678580865905347e-02
5.600000000000000000e+01 2.685051493471322243e-02 7.622966098199525364e-02
5.700000000000000000e+01 2.974627062573446251e-02 8.180261652099812819e-02
5.800000000000000000e+01 3.281672189922323762e-02 8.750134071768658761e-02
5.900000000000000000e+01 3.605246279537806242e-02 9.329809242809805614e-02
6.000000000000000000e+01 3.944149984004715476e-02 9.916053179653132321e-02
6.100000000000000000e+01 4.296930997667477992e-02 1.050515384526656409e-01
6.200000000000000000e+01 4.661841149899777215e-02 1.109305144591460623e-01
6.300000000000000000e+01 5.036769689021124152e-02 1.167556918162301338e-01
6.400000000000000000e+01 5.419210575387993500e-02 1.224861615318175445e-01
6.500000000000000000e+01 5.806308340031331172e-02 1.280823577539504654e-01
6.600000000000000000e+01 6.194970405524814761e-02 1.335047007097850680e-01
6.700000000000000000e+01 6.581977744579932399e-02 1.387114562639704674e-01
6.800000000000000000e+01 6.964022183846065028e-02 1.436576472302157903e-01
6.900000000000000000e+01 7.337659825908238176e-02 1.482963721221405573e-01
7.000000000000000000e+01 7.699250174476082731e-02 1.525823204584014492e-01
7.100000000000000000e+01 8.044978771040393883e-02 1.564756384780333909e-01
7.200000000000000000e+01 8.371003704831826708e-02 1.599438045234615191e-01
7.300000000000000000e+01 8.673663650540860970e-02 1.629603305366323363e-01
7.400000000000000000e+01 8.949624756898341693e-02 1.655012584039088352e-01
7.500000000000000000e+01 9.195885657089518384e-02 1.675420934969003572e-01
7.600000000000000000e+01 9.409677486684520087e-02 1.690577295381684997e-01
7.700000000000000000e+01 9.588390489810025286e-02 1.700259594363126570e-01
7.800000000000000000e+01 9.729642851842228157e-02 1.704325998203932713e-01
7.900000000000000000e+01 9.831485520075758378e-02 1.702749007218264943e-01
8.000000000000000000e+01 9.892610254973965844e-02 1.695608406216576602e-01
8.100000000000000000e+01 9.912410301644322685e-02 1.683046115864246239e-01
8.200000000000000000e+01 9.890856867614311598e-02 1.665212487230906535e-01
8.300000000000000000e+01 9.828305949300468469e-02 1.642240485576838549e-01
8.400000000000000000e+01 9.725406214572385188e-02 1.614265610433414377e-01
8.500000000000000000e+01 9.583186145870409289e-02 1.581477503219304581e-01
8.600000000000000000e+01 9.403234959838140117e-02 1.544166193641801632e-01
8.700000000000000000e+01 9.187800305440946280e-02 1.502728337015668547e-01
8.800000000000000000e+01 8.939688679982081554e-02 1.457625484293419427e-01
8.900000000000000000e+01 8.662018260588655316e-02 1.409319094062245203e-01
9.000000000000000000e+01 8.357995127658855716e-02 1.358222830745679788e-01
9.100000000000000000e+01 8.030856665685491558e-02 1.304700565313094418e-01
9.200000000000000000e+01 7.683975639225480714e-02 1.249106938960442420e-01
9.300000000000000000e+01 7.320978337666486646e-02 1.191838431263743392e-01
9.400000000000000000e+01 6.945721972965294977e-02 1.133356489539327910e-01
9.500000000000000000e+01 6.562103281331362059e-02 1.074164318323850426e-01
9.600000000000000000e+01 6.173817318173872859e-02 1.014750950009892794e-01
9.700000000000000000e+01 5.784224912739429486e-02 9.555379234116703757e-02
9.800000000000000000e+01 5.396390288627342380e-02 8.968608658033863645e-02
9.900000000000000000e+01 5.013207484219539545e-02 8.389936848006387948e-02
1.000000000000000000e+02 4.637470297867730962e-02 7.821946909730068120e-02
1.010000000000000000e+02 4.271804505980185407e-02 7.267411313192276290e-02
1.020000000000000000e+02 3.918509042622313893e-02 6.729289537154765910e-02
1.030000000000000000e+02 3.579431124114928336e-02 6.210396390605677636e-02
1.040000000000000000e+02 3.255966960732871451e-02 5.712978242065923362e-02
1.050000000000000000e+02 2.949172722328084056e-02 5.238478312335949350e-02
1.060000000000000000e+02 2.659886400196144474e-02 4.787626820946868506e-02
1.070000000000000000e+02 2.388767744002080751e-02 4.360770656997624284e-02
1.080000000000000000e+02 2.136245134905004339e-02 3.958213493797756166e-02
1.090000000000000000e+02 1.902438837350173273e-02 3.580357467694553902e-02
1.100000000000000000e+02 1.687143341044263292e-02 3.227591011168758073e-02
1.110000000000000000e+02 1.489895110184616053e-02 2.900038868274830775e-02
1.120000000000000000e+02 1.310081261982158629e-02 2.597365644456021277e-02
1.130000000000000000e+02 1.147019038409663114e-02 2.318766257385982202e-02
1.140000000000000000e+02 9.999696579383999737e-03 2.063140192608264173e-02
1.150000000000000000e+02 8.681071994137820949e-03 1.829330246649727224e-02
1.160000000000000000e+02 7.504943319729543219e-03 1.616282534373698898e-02
1.170000000000000000e+02 6.461014682361961373e-03 1.423055133496593967e-02
1.180000000000000000e+02 5.538642757189334541e-03 1.248708598212803361e-02
1.190000000000000000e+02 4.727439642796651791e-03 1.092179555332074316e-02
1.200000000000000000e+02 4.017573695821930434e-03 9.522314044318806042e-03
1.210000000000000000e+02 3.399713920089065654e-03 8.275108142558013774e-03
1.220000000000000000e+02 2.864826796550441063e-03 7.166665521203881284e-03
1.230000000000000000e+02 2.404085372106547214e-03 6.184549922667563135e-03
1.240000000000000000e+02 2.008994039726944448e-03 5.317775909492991615e-03
1.250000000000000000e+02 1.671632467761285153e-03 4.556467833859838626e-03
1.260000000000000000e+02 1.384840354691228891e-03 3.891203351920639528e-03
1.270000000000000000e+02 1.142236615423664319e-03 3.312543950676161315e-03
1.280000000000000000e+02 9.381027881067546727e-04 2.811026818085986430e-03
1.290000000000000000e+02 7.672438024123962117e-04 2.377543598783781430e-03
1.300000000000000000e+02 6.249204862777109695e-04 2.003803496799109411e-03
1.310000000000000000e+02 5.068664484280621749e-04 1.682586007597615917e-03
1.320000000000000000e+02 4.093333819963961093e-04 1.407675931858251746e-03
1.330000000000000000e+02 3.291001542414361144e-04 1.173584662875863660e-03
1.340000000000000000e+02 2.634225320990359748e-04 9.752617582297639677e-04
1.350000000000000000e+02 2.099481220534852959e-04 8.079544190182139487e-04
1.360000000000000000e+02 1.666387020092108663e-04 6.672429752466800361e-04
1.370000000000000000e+02 1.317253185924010671e-04 5.491666609456111962e-04
1.380000000000000000e+02 1.036921299177112827e-04 4.503208538089473558e-04
1.390000000000000000e+02 8.126750725550179637e-05 3.678541366300640660e-04
1.400000000000000000e+02 6.340406475571975283e-05 2.993717585007464143e-04
1.410000000000000000e+02 4.924443602728586957e-05 2.428059797216785306e-04
1.420000000000000000e+02 3.808230470828056542e-05 1.963174830530568619e-04
1.430000000000000000e+02 2.933026749969109773e-05 1.582569555358090169e-04
1.440000000000000000e+02 2.249948832724208965e-05 1.271736599866491097e-04
1.450000000000000000e+02 1.718818387814129546e-05 1.018354115800901218e-04
1.460000000000000000e+02 1.307263146113873519e-05 8.122942263844013227e-05
1.470000000000000000e+02 9.896347938956298983e-06 6.453498450553647725e-05
1.480000000000000000e+02 7.457180993556417132e-06 5.107931931205831781e-05
1.490000000000000000e+02 5.594746048163183595e-06 4.029548916226638353e-05
1.500000000000000000e+02 4.180605491795288505e-06 3.169546344962621728e-05
1.510000000000000000e+02 3.111830757825660697e-06 2.485981112563055335e-05
1.520000000000000000e+02 2.306926782656031939e-06 1.943659769080562262e-05
1.530000000000000000e+02 1.702619232961765150e-06 1.514021396297636550e-05
1.540000000000000000e+02 1.250595173423972285e-06 1.174485523086366656e-05
1.550000000000000000e+02 9.141602046390214815e-07 9.072983109226807286e-06
1.560000000000000000e+02 6.652543939203594831e-07 6.982560803231462843e-06
1.570000000000000000e+02 4.822028861483779412e-07 5.356898192457837949e-06
1.580000000000000000e+02 3.482331940586917412e-07 4.098719615622038058e-06
1.590000000000000000e+02 2.505141620638781901e-07 3.127630618152764325e-06
