0.000000000000000000e+00 -3.836404535997849713e-08 -8.594698808471323619e-07
1.000000000000000000e+00 4.380767117318810379e-08 8.738372184362279119e-07
2.000000000000000000e+00 6.011196294877126272e-08 1.069600241329232624e-06
3.000000000000000000e+00 8.770012012643804702e-08 1.461440605677987313e-06
4.000000000000000000e+00 1.274163090517703792e-07 1.996314194370539520e-06
5.000000000000000000e+00 1.841784638498971447e-07 2.715713944429268539e-06
6.000000000000000000e+00 2.648711033843183229e-07 3.678285222184437159e-06
7.000000000000000000e+00 3.789793479643884454e-07 4.960312386889963547e-06
8.000000000000000000e+00 5.394926444357237846e-07 6.660067287258675821e-06
9.000000000000000000e+00 7.640972046078702714e-07 8.903453438080666593e-06
1.000000000000000000e+01 1.076735408365836399e-06 1.185093964207519781e-05
1.100000000000000000e+01 1.509630844629127994e-06 1.570599194784892328e-05
1.200000000000000000e+01 2.105900213894659343e-06 2.072525992084288746e-05
1.300000000000000000e+01 2.922898778518188091e-06 2.723080215968012608e-05
1.400000000000000000e+01 4.036476177124045116e-06 3.562465439589573087e-05
1.500000000000000000e+01 5.546351218059863023e-06 4.640605639461313015e-05
1.600000000000000000e+01 7.582849869234540892e-06 6.019166220209989731e-05
1.700000000000000000e+01 1.031528800724702398e-05 7.773906640434695534e-05
1.800000000000000000e+01 1.396232102545503506e-05 9.997398513171619244e-05
1.900000000000000000e+01 1.880462404305322966e-05 1.280214218997144371e-04
2.000000000000000000e+01 2.520030518872427386e-05 1.632411062616769795e-04
2.100000000000000000e+01 3.360348748363766824e-05 2.072674059334091937e-04
2.200000000000000000e+01 4.458651733667371320e-05 2.620537884021986621e-04
2.300000000000000000e+01 5.886627082872946016e-05 3.299217759467003947e-04
2.400000000000000000e+01 7.733502972720903400e-05 4.136142310134875559e-04
2.500000000000000000e+01 1.010963814558721747e-04 5.163527156534498909e-04
2.600000000000000000e+01 1.315065460285777510e-04 6.418985172541277805e-04
2.700000000000000000e+01 1.702214365255967253e-04 7.946166245194339391e-04
2.800000000000000000e+01 2.192496173033065899e-04 9.795414492054417294e-04
2.900000000000000000e+01 2.810111520512695890e-04 1.202442558173489381e-03
3.000000000000000000e+01 3.584021386821185928e-04 1.469888362883152487e-03
3.100000000000000000e+01 4.548644831012592198e-04 1.789305750474312617e-03
3.200000000000000000e+01 5.744601101673984774e-04 2.169033808715086550e-03
3.300000000000000000e+01 7.219483182255559666e-04 2.618369532004198239e-03
3.400000000000000000e+01 9.028644264929288309e-04 3.147602277679858486e-03
3.500000000000000000e+01 1.123597396387084014e-03 3.768032147444685086e-03
3.600000000000000000e+01 1.391463798956554462e-03 4.491966668600271516e-03
3.700000000000000000e+01 1.714775175119564662e-03 5.332691330973396773e-03
3.800000000000000000e+01 2.102895148026132175e-03 6.304412280794460290e-03
3.900000000000000000e+01 2.566281509358046310e-03 7.422171274056497091e-03
4.000000000000000000e+01 3.116507458035377553e-03 8.701731104937885514e-03
4.100000000000000000e+01 3.766256120898405814e-03 1.015942447959123154e-02
4.200000000000000000e+01 4.529283670803595230e-03 1.181195556872433397e-02
4.300000000000000000e+01 5.420347560759165503e-03 1.367614728873011928e-02
4.400000000000000000e+01 6.455095733061978411e-03 1.576863917073790741e-02
4.500000000000000000e+01 7.649909926629850851e-03 1.810555169528199268e-02
4.600000000000000000e+01 9.021694362382585985e-03 2.070213096510702816e-02
4.700000000000000000e+01 1.058760418923056744e-02 2.357236995744218730e-02
4.800000000000000000e+01 1.236471622655783455e-02 2.672858437424104061e-02
4.900000000000000000e+01 1.436965130376166577e-02 3.018092545354016804e-02
5.000000000000000000e+01 1.661815495695622563e-02 3.393684633087875463e-02
5.100000000000000000e+01 1.912463215433247987e-02 3.800057807118252529e-02
5.200000000000000000e+01 2.190162535853999379e-02 4.237267476972117475e-02
5.300000000000000000e+01 2.495923797230417338e-02 4.704963721061117266e-02
5.400000000000000000e+01 2.830453339905521226e-02 5.202355914581158897e-02
5.500000000000000000e+01 3.194095743648422275e-02 5.728172931947556057e-02
5.600000000000000000e+01 3.586781369859637358e-02 6.280619935699770229e-02
5.700000000000000000e+01 4.007977838400217374e-02 6.857343741309025742e-02
5.800000000000000000e+01 4.456641962780536620e-02 7.455421807791658140e-02
5.900000000000000000e+01 4.931172676762557439e-02 8.071378978341031685e-02
6.000000000000000000e+01 5.429373135750727858e-02 8.701218770214894094e-02
6.100000000000000000e+01 5.948433197439469133e-02 9.340449227735429794e-02
6.200000000000000000e+01 6.484936179785513732e-02 9.984097218536354401e-02
6.300000000000000000e+01 7.034881324725930640e-02 1.062672973286493544e-01
6.400000000000000000e+01 7.593709187779315584e-02 1.126251200664906693e-01
6.500000000000000000e+01 8.156328810408539076e-02 1.188531441311247994e-01
6.600000000000000000e+01 8.717163251389173362e-02 1.248884500192364577e-01
6.700000000000000000e+01 9.270233373241335006e-02 1.306676522938729490e-01
6.800000000000000000e+01 9.809279667076681308e-02 1.361276577499966889e-01
6.900000000000000000e+01 1.032789532389379733e-01 1.412062400078357982e-01
7.000000000000000000e+01 1.081964019245376246e-01 1.458429243949747878e-01
7.100000000000000000e+01 1.127813410878385769e-01 1.499804715319969506e-01
7.200000000000000000e+01 1.169716223497274110e-01 1.535666946681129852e-01
7.300000000000000000e+01 1.207082478329765535e-01 1.565559555288597859e-01
7.400000000000000000e+01 1.239372120225373936e-01 1.589098662513842852e-01
7.500000000000000000e+01 1.266111504844022462e-01 1.605973617788155894e-01
7.600000000000000000e+01 1.286903083737990783e-01 1.615948162382104258e-01
7.700000000000000000e+01 1.301429119270742230e-01 1.618867532757404248e-01
7.800000000000000000e+01 1.309455516774494510e-01 1.614670214236238188e-01
7.900000000000000000e+01 1.310840645127458459e-01 1.603396930468374559e-01
8.000000000000000000e+01 1.305546827704842650e-01 1.585189889896220505e-01
8.100000000000000000e+01 1.293646411014395536e-01 1.560282203484496255e-01
8.200000000000000000e+01 1.275316702075578179e-01 1.528984565082115443e-01
8.300000000000000000e+01 1.250826957022332653e-01 1.491677190488139015e-01
8.400000000000000000e+01 1.220526882559734294e-01 1.448808800380753659e-01
8.500000000000000000e+01 1.184842695174167099e-01 1.400896750375830724e-01
8.600000000000000000e+01 1.144276737017871637e-01 1.348520180675147062e-01
8.700000000000000000e+01 1.099400580106160291e-01 1.292303231382353756e-01
8.800000000000000000e+01 1.050836373838741900e-01 1.232893321393229158e-01
8.900000000000000000e+01 9.992322713817064495e-02 1.170943252933614731e-01
9.000000000000000000e+01 9.452434387338966293e-02 1.107102312055629756e-01
9.100000000000000000e+01 8.895241760229805061e-02 1.042013840860455953e-01
9.200000000000000000e+01 8.327252132412915619e-02 9.763116302108361400e-02
9.300000000000000000e+01 7.754853988214477356e-02 9.106092206629334829e-02
9.400000000000000000e+01 7.184138667421029190e-02 8.454831532175008380e-02
9.500000000000000000e+01 6.620699447487429778e-02 7.814573075925537737e-02
9.600000000000000000e+01 6.069516859960492200e-02 7.189954642443822930e-02
9.700000000000000000e+01 5.534963454825537338e-02 6.585032037790315707e-02
9.800000000000000000e+01 5.020856012310166011e-02 6.003334708737124992e-02
9.900000000000000000e+01 4.530457889304653069e-02 5.447884171266036135e-02
1.000000000000000000e+02 4.066409477728770427e-02 4.921148348461670124e-02
1.010000000000000000e+02 3.630656061226415071e-02 4.424973027079088378e-02
1.020000000000000000e+02 3.224454824101569139e-02 3.960560270523405535e-02
1.030000000000000000e+02 2.848470188095690928e-02 3.528528910139352992e-02
1.040000000000000000e+02 2.502890193589978746e-02 3.129027309910717425e-02
1.050000000000000000e+02 2.187493317767520012e-02 2.761832076386631918e-02
1.060000000000000000e+02 1.901659722164143751e-02 2.426388771112265169e-02
1.070000000000000000e+02 1.644380716513380025e-02 2.121808230562444164e-02
1.080000000000000000e+02 1.414316780439149254e-02 1.846871351312234094e-02
1.090000000000000000e+02 1.209900428667098557e-02 1.600083232038591874e-02
1.100000000000000000e+02 1.029436432801524026e-02 1.379769942567773792e-02
1.110000000000000000e+02 8.711596972016307991e-03 1.184173657760679600e-02
1.120000000000000000e+02 7.332543975373894893e-03 1.011506418083956554e-02
1.130000000000000000e+02 6.138689973649462395e-03 8.599603923895087973e-03
1.140000000000000000e+02 5.111533313134349749e-03 7.277061667412168533e-03
1.150000000000000000e+02 4.233121518191703368e-03 6.129117558538619767e-03
1.160000000000000000e+02 3.486495823918792612e-03 5.137878267691553189e-03
1.170000000000000000e+02 2.855873167720688124e-03 4.286372548318182624e-03
1.180000000000000000e+02 2.326621480910881067e-03 3.558833164363278158e-03
1.190000000000000000e+02 1.885211051538542883e-03 2.940697196570576152e-03
1.200000000000000000e+02 1.519258210156119830e-03 2.418469496870953583e-03
1.210000000000000000e+02 1.217627184085543672e-03 1.979645651403088950e-03
1.220000000000000000e+02 9.704812685582633359e-04 1.612771073708548202e-03
1.230000000000000000e+02 7.692238327525419226e-04 1.307559477817603431e-03
1.240000000000000000e+02 6.063646523971561245e-04 1.054943197866670124e-03
1.250000000000000000e+02 4.753888687706998937e-04 8.469983405558871581e-04
1.260000000000000000e+02 3.706715289699608670e-04 6.767917506500988750e-04
1.270000000000000000e+02 2.874223720232115128e-04 5.382395720445479420e-04
1.280000000000000000e+02 2.216215749596245051e-04 4.260286867414673573e-04
1.290000000000000000e+02 1.699276576193634253e-04 3.355849316325679567e-04
1.300000000000000000e+02 1.295712485848787387e-04 2.630381320636928787e-04
1.310000000000000000e+02 9.826015997141317551e-05 2.051515515245924768e-04
1.320000000000000000e+02 7.410823454715226495e-05 1.592231773221221584e-04
1.330000000000000000e+02 5.558171568940695081e-05 1.229894515200629268e-04
1.340000000000000000e+02 4.145016900878928162e-05 9.455465919665489299e-05
1.350000000000000000e+02 3.073564830794341780e-05 7.234614352679273369e-05
1.360000000000000000e+02 2.266329146976769031e-05 5.507979462095689680e-05
1.370000000000000000e+02 1.661963451174275686e-05 4.172180865355127531e-05
1.380000000000000000e+02 1.212121828575250855e-05 3.144458184110218702e-05
1.390000000000000000e+02 8.791096297019911209e-06 2.358396653035778098e-05
1.400000000000000000e+02 6.339242497833103183e-06 1.760543180016868511e-05
1.410000000000000000e+02 4.544684091184075373e-06 1.308074805637036072e-05
1.420000000000000000e+02 3.239627617595286275e-06 9.671395112696722196e-06
1.430000000000000000e+02 2.296669935412312623e-06 7.113973572676505146e-06
1.440000000000000000e+02 1.619384729588173631e-06 5.205567704098115560e-06
1.450000000000000000e+02 1.135501502722442149e-06 3.789920956566559287e-06
1.460000000000000000e+02 7.915833949952648527e-07 2.746153832360606795e-06
1.470000000000000000e+02 5.485457253951606451e-07 1.980718632978665869e-06
1.480000000000000000e+02 3.779129334658440061e-07 1.421889064023066641e-06
1.490000000000000000e+02 2.589219289399467946e-07 1.015546186242240299e-06
1.500000000000000000e+02 1.764550275028567192e-07 7.214354548604008810e-07
1.510000000000000000e+02 1.196004338759344208e-07 5.097683477272695068e-07
1.520000000000000000e+02 8.059263424095327368e-08 3.584137355667444915e-07
1.530000000000000000e+02 5.397404528664963610e-08 2.508493939267028757e-07
1.540000000000000000e+02 3.592816436803737251e-08 1.747836547672753728e-07
1.550000000000000000e+02 2.378154444021837288e-08 1.211979250632693811e-07
1.560000000000000000e+02 1.565981722862225632e-08 8.359014092403144603e-08
1.570000000000000000e+02 1.025808761071465054e-08 5.732562633742831957e-08
1.580000000000000000e+02 6.681156762761323019e-09 3.910042300029538147e-08
1.590000000000000000e+02 4.323970632217813936e-09 2.654192543329788399e-08
