0.000000000000000000e+00 -3.270688271640244509e-11 6.509163896572790432e-09
1.000000000000000000e+00 5.766991672466774727e-11 8.943916020562510856e-09
2.000000000000000000e+00 9.718634165041311432e-11 1.266721893114194932e-08
3.000000000000000000e+00 1.650964081014480393e-10 1.884739375920762093e-08
4.000000000000000000e+00 2.784955883044678454e-10 2.790768815239093563e-08
5.000000000000000000e+00 4.664903802015422938e-10 4.111016080521589042e-08
6.000000000000000000e+00 7.759084142535527663e-10 6.024594894523836298e-08
7.000000000000000000e+00 1.281535388787782984e-09 8.783725594057677072e-08
8.000000000000000000e+00 2.101888933379858388e-09 1.274153432989923137e-07
9.000000000000000000e+00 3.423360296538828315e-09 1.838916875366391458e-07
1.000000000000000000e+01 5.536880349700621954e-09 2.640526713903542203e-07
1.100000000000000000e+01 8.893087869322331631e-09 3.772207572465727521e-07
1.200000000000000000e+01 1.418473089593719609e-08 5.361353820060044698e-07
1.300000000000000000e+01 2.246862350630401126e-08 7.581153351986451413e-07
1.400000000000000000e+01 3.534469389604220866e-08 1.066569571213784267e-06
1.500000000000000000e+01 5.521662950402830678e-08 1.492937779061036417e-06
1.600000000000000000e+01 8.566811050875832104e-08 2.079172600552709390e-06
1.700000000000000000e+01 1.320011506379102072e-07 2.880916479255991546e-06
1.800000000000000000e+01 2.019998255108498150e-07 3.971557322197065811e-06
1.900000000000000000e+01 3.070041921811366680e-07 5.447352271604489202e-06
2.000000000000000000e+01 4.634074103605218591e-07 7.433801902271617418e-06
2.100000000000000000e+01 6.947239545435565664e-07 1.009348058798208727e-05
2.200000000000000000e+01 1.034421149818201805e-06 1.363561147735784386e-05
2.300000000000000000e+01 1.529760371374395846e-06 1.832777896288565576e-05
2.400000000000000000e+01 2.246959622001526039e-06 2.451020532196846667e-05
2.500000000000000000e+01 3.278066935794735462e-06 3.261292591558186929e-05
2.600000000000000000e+01 4.750023807263743943e-06 4.317606217861885633e-05
2.700000000000000000e+01 6.836499564457470854e-06 5.687339423418323104e-05
2.800000000000000000e+01 9.773189086502328111e-06 7.453965998012327190e-05
2.900000000000000000e+01 1.387738521735549079e-05 9.720225222457723826e-05
3.000000000000000000e+01 1.957275687720434521e-05 1.261178717015853977e-04
3.100000000000000000e+01 2.742037605810464441e-05 1.628140769935957472e-04
3.200000000000000000e+01 3.815713170563331155e-05 2.091349732053496215e-04
3.300000000000000000e+01 5.274273200755414466e-05 2.672902292916654043e-04
3.400000000000000000e+01 7.241651217750892015e-05 3.399074247914857564e-04
3.500000000000000000e+01 9.876520969008928776e-05 4.300885278771327588e-04
3.600000000000000000e+01 1.338027150582442554e-04 5.414707079031169353e-04
3.700000000000000000e+01 1.800625314203953850e-04 6.782893385114686360e-04
3.800000000000000000e+01 2.407032617536686422e-04 8.454386290653985187e-04
3.900000000000000000e+01 3.196268682719408832e-04 1.048525384472965422e-03
4.000000000000000000e+01 4.216086794767372106e-04 1.293914544491267353e-03
4.100000000000000000e+01 5.524371200140396369e-04 1.588768410625207832e-03
4.200000000000000000e+01 7.190599073722445892e-04 1.941080395905250399e-03
4.300000000000000000e+01 9.297320665661690893e-04 2.359697692069097352e-03
4.400000000000000000e+01 1.194159631573760497e-03 2.854320496141230564e-03
4.500000000000000000e+01 1.523631321272198415e-03 3.435465893188661447e-03
4.600000000000000000e+01 1.931128717016013241e-03 4.114394202442888358e-03
4.700000000000000000e+01 2.431403614948225971e-03 4.903006768154988954e-03
4.800000000000000000e+01 3.041009689402911394e-03 5.813724832522014149e-03
4.900000000000000000e+01 3.778274853386181902e-03 6.859345405651625337e-03
5.000000000000000000e+01 4.663200665121469343e-03 8.052853178386547295e-03
5.100000000000000000e+01 5.717275158568829035e-03 9.407165902178136335e-03
5.200000000000000000e+01 6.963185433995564520e-03 1.093481171404697000e-02
5.300000000000000000e+01 8.424417610347307434e-03 1.264756598426504570e-02
5.400000000000000000e+01 1.012473609720256074e-02 1.455608552652498666e-02
5.500000000000000000e+01 1.208754094291066873e-02 1.666955553558770176e-02
5.600000000000000000e+01 1.433510767017512864e-02 1.899532608837507797e-02
5.700000000000000000e+01 1.688771655394988649e-02 2.153849776406457223e-02
5.800000000000000000e+01 1.976268203881957619e-02 2.430144459160249112e-02
5.900000000000000000e+01 2.297330459367083119e-02 2.728332136640604019e-02
6.000000000000000000e+01 2.652778464169511588e-02 3.047964154060453165e-02
6.100000000000000000e+01 3.042814792119069231e-02 3.388198888916518769e-02
6.200000000000000000e+01 3.466922543189764061e-02 3.747784944104923938e-02
6.300000000000000000e+01 3.923772270340499663e-02 4.125048300393047152e-02
6.400000000000000000e+01 4.411142542582461440e-02 4.517876504359825268e-02
6.500000000000000000e+01 4.925861727235673893e-02 4.923702735124103891e-02
6.600000000000000000e+01 5.463779170601116425e-02 5.339503233963385082e-02
6.700000000000000000e+01 6.019769810402699622e-02 5.761822374454787093e-02
6.800000000000000000e+01 6.587771289682829712e-02 6.186827008389202132e-02
6.900000000000000000e+01 7.160853395508749719e-02 6.610374802438898079e-02
7.000000000000000000e+01 7.731325322881553441e-02 7.028075946430979715e-02
7.100000000000000000e+01 8.290887030436044913e-02 7.435341697907341119e-02
7.200000000000000000e+01 8.830820870717828730e-02 7.827436273677479406e-02
7.300000000000000000e+01 9.342208224269024641e-02 8.199558331922324195e-02
7.400000000000000000e+01 9.816158072746493379e-02 8.546961322893352475e-02
7.500000000000000000e+01 1.024404833520304037e-01 8.865090050995244608e-02
7.600000000000000000e+01 1.061778523493937948e-01 9.149693780969941903e-02
7.700000000000000000e+01 1.093006913818475589e-01 9.396894250905457602e-02
7.800000000000000000e+01 1.117463654058113987e-01 9.603227182278975538e-02
7.900000000000000000e+01 1.134645542757973524e-01 9.765700182024310283e-02
8.000000000000000000e+01 1.144187989616488876e-01 9.881890964388770349e-02
8.100000000000000000e+01 1.145878134826132932e-01 9.950061478941861492e-02
8.200000000000000000e+01 1.139664883110974858e-01 9.969232166167940612e-02
8.300000000000000000e+01 1.125662384130528826e-01 9.939180561555725768e-02
8.400000000000000000e+01 1.104144908222575439e-01 9.860384961124041281e-02
8.500000000000000000e+01 1.075535493426389988e-01 9.733973104433216172e-02
8.600000000000000000e+01 1.040392381125824772e-01 9.561717358837731884e-02
8.700000000000000000e+01 9.993937373617321762e-02 9.346057287764114596e-02
8.800000000000000000e+01 9.533174475939806825e-02 9.090087067461662118e-02
8.900000000000000000e+01 9.030145346314789878e-02 8.797463669143440468e-02
9.000000000000000000e+01 8.493800303239892879e-02 8.472255930448863159e-02
9.100000000000000000e+01 7.933266881164399709e-02 8.118802101828953566e-02
9.200000000000000000e+01 7.357624561073007607e-02 7.741627437830081448e-02
9.300000000000000000e+01 6.775682821493161923e-02 7.345410055004457373e-02
9.400000000000000000e+01 6.195745747113438895e-02 6.934935359594668336e-02
9.500000000000000000e+01 5.625398257159591742e-02 6.514993158711748777e-02
9.600000000000000000e+01 5.071360518266762596e-02 6.090231438998464086e-02
9.700000000000000000e+01 4.539411525036449180e-02 5.665026616119531178e-02
9.800000000000000000e+01 4.034342457440514423e-02 5.243418228407520365e-02
9.900000000000000000e+01 3.559916611761188010e-02 4.829101221680662248e-02
1.000000000000000000e+02 3.118856530786961317e-02 4.425426140852237178e-02
1.010000000000000000e+02 2.712887360939442161e-02 4.035365885802718461e-02
1.020000000000000000e+02 2.342829625618710748e-02 3.661454161145030750e-02
1.030000000000000000e+02 2.008705671014349159e-02 3.305737418575657033e-02
1.040000000000000000e+02 1.709837718916647209e-02 2.969775410069758551e-02
1.050000000000000000e+02 1.444947269729405896e-02 2.654686551505235081e-02
1.060000000000000000e+02 1.212272138806128573e-02 2.361203073075233277e-02
1.070000000000000000e+02 1.009695605176608169e-02 2.089704906068188053e-02
1.080000000000000000e+02 8.348656686008534139e-03 1.840231476910390157e-02
1.090000000000000000e+02 6.852915276992236661e-03 1.612495322719290775e-02
1.100000000000000000e+02 5.584232514033221108e-03 1.405919132092866598e-02
1.110000000000000000e+02 4.517250966209777549e-03 1.219695252975068478e-02
1.120000000000000000e+02 3.627423290103723441e-03 1.052847936757009620e-02
1.130000000000000000e+02 2.891532943067594112e-03 9.042798034113544783e-03
1.140000000000000000e+02 2.288025165374030397e-03 7.728003298317511968e-03
1.150000000000000000e+02 1.797191716230106756e-03 6.571481845150497006e-03
1.160000000000000000e+02 1.401276293667541584e-03 5.560192637316612937e-03
1.170000000000000000e+02 1.084524955869868188e-03 4.681015787989220057e-03
1.180000000000000000e+02 8.331682918897988059e-04 3.921086743879391955e-03
1.190000000000000000e+02 6.353296705067547345e-04 3.268030950902976912e-03
1.200000000000000000e+02 4.808817937697904628e-04 2.710085408643913944e-03
1.210000000000000000e+02 3.612833612972540537e-04 2.236159034430419603e-03
1.220000000000000000e+02 2.694138260212591276e-04 1.835889980030529006e-03
1.230000000000000000e+02 1.994081962680298086e-04 1.499716345606085530e-03
1.240000000000000000e+02 1.464907299580084691e-04 1.218936090109640560e-03
1.250000000000000000e+02 1.068122732632746045e-04 9.857264428186083075e-04
1.260000000000000000e+02 7.729974771895805870e-05 7.931171623895632520e-04
1.270000000000000000e+02 5.552347721828393618e-05 6.349366879563782869e-04
1.280000000000000000e+02 3.958258201659614714e-05 5.057548460918577862e-04
1.290000000000000000e+02 2.800575347922831766e-05 4.008326337376231434e-04
1.300000000000000000e+02 1.966541593919315836e-05 3.160748487381312725e-04
1.310000000000000000e+02 1.370500556796889181e-05 2.479771265987516923e-04
1.320000000000000000e+02 9.479380531751308939e-06 1.935647458837154878e-04
1.330000000000000000e+02 6.507194492642211976e-06 1.503279522849508315e-04
1.340000000000000000e+02 4.433003014975112672e-06 1.161607898569386020e-04
1.350000000000000000e+02 2.996955084698344756e-06 8.930732003988249817e-05
1.360000000000000000e+02 2.010720581370085303e-06 6.831478599369155639e-05
1.370000000000000000e+02 1.338852080595263656e-06 5.199131999891900245e-05
1.380000000000000000e+02 8.847502661420048521e-07 3.936661244543379975e-05
1.390000000000000000e+02 5.802064132251442593e-07 2.965570985047343851e-05
1.400000000000000000e+02 3.775587996585556608e-07 2.222698699458239106e-05
1.410000000000000000e+02 2.437997953985623505e-07 1.657495316524886501e-05
1.420000000000000000e+02 1.562323779554365515e-07 1.229764227521742398e-05
1.430000000000000000e+02 9.936236397582161345e-08 9.077744522141784701e-06
1.440000000000000000e+02 6.271174160430800594e-08 6.666638795815785116e-06
1.450000000000000000e+02 3.927197434583454026e-08 4.870823794905056968e-06
1.460000000000000000e+02 2.440070658581111985e-08 3.540544232697965912e-06
1.470000000000000000e+02 1.504422314659382218e-08 2.560487038544602456e-06
1.480000000000000000e+02 9.205799831879438789e-09 1.842337127919098748e-06
1.490000000000000000e+02 5.590680678511147381e-09 1.318880751662120718e-06
1.500000000000000000e+02 3.368739556718141683e-09 9.393231164424724857e-07
1.510000000000000000e+02 2.013629789857926249e-09 6.655470806577905630e-07
1.520000000000000000e+02 1.194131643440703001e-09 4.691268088383665637e-07
1.530000000000000000e+02 7.028094607403010566e-10 3.289736757178732380e-07
1.540000000000000000e+02 4.105893825149516673e-10 2.295161762213098619e-07
1.550000000000000000e+02 2.380329532832069408e-10 1.593163745272443951e-07
1.560000000000000000e+02 1.368730387281060085e-10 1.100255309221351478e-07
1.570000000000000000e+02 7.805600390141021051e-11 7.559323484755663445e-08
1.580000000000000000e+02 4.416821724310041322e-11 5.166531113248617983e-08
1.590000000000000000e+02 2.481255005688702476e-11 3.512661457235370525e-08
