0.000000000000000000e+00 -1.242870375535616224e-08 -1.704284963956356117e-07
1.000000000000000000e+00 1.552035355492627617e-08 1.958160281213632581e-07
2.000000000000000000e+00 2.213172457535262583e-08 2.530536438325446466e-07
3.000000000000000000e+00 3.318538505022720354e-08 3.563079269276201776e-07
4.000000000000000000e+00 4.952266455165026263e-08 5.004114156587701504e-07
5.000000000000000000e+00 7.349303441851163318e-08 6.996330747828539550e-07
6.000000000000000000e+00 1.084595132643759368e-07 9.736984729714911574e-07
7.000000000000000000e+00 1.591747896697167871e-07 1.348937804589820629e-06
8.000000000000000000e+00 2.323123183775428983e-07 1.860271726301514436e-06
9.000000000000000000e+00 3.371848211579584336e-07 2.553767459097509822e-06
1.000000000000000000e+01 4.867077072123587193e-07 3.489875817822671518e-06
1.100000000000000000e+01 6.986817686257882736e-07 4.747503970543527989e-06
1.200000000000000000e+01 9.974890044005785110e-07 6.429107041750559721e-06
1.300000000000000000e+01 1.416318083818449556e-06 8.667010958239878385e-06
1.400000000000000000e+01 2.000064043343694450e-06 1.163120857151180482e-05
1.500000000000000000e+01 2.809078623372188804e-06 1.553890558974792104e-05
1.600000000000000000e+01 3.923984362276281670e-06 2.066612945253280820e-05
1.700000000000000000e+01 5.451807204023565649e-06 2.736175184002247784e-05
1.800000000000000000e+01 7.533728491494163768e-06 3.606430686630313250e-05
1.900000000000000000e+01 1.035480749921111083e-05 4.732200845535043204e-05
2.000000000000000000e+01 1.415607814187842662e-05 6.181638047953441335e-05
2.100000000000000000e+01 1.924947714448252607e-05 8.038992041597549745e-05
2.200000000000000000e+01 2.603611195420636561e-05 1.040782198469434813e-04
2.300000000000000000e+01 3.502842385767343731e-05 1.341469551204578481e-04
2.400000000000000000e+01 4.687683783040512745e-05 1.721341112897471683e-04
2.500000000000000000e+01 6.240151377854203697e-05 2.198976981313952354e-04
2.600000000000000000e+01 8.262981394557399745e-05 2.796690674936367325e-04
2.700000000000000000e+01 1.088400761476903615e-04 3.541117877391593283e-04
2.800000000000000000e+01 1.426122214123270809e-04 4.463858998691847446e-04
2.900000000000000000e+01 1.858856186462340128e-04 5.602172282675845286e-04
3.000000000000000000e+01 2.410244631313714981e-04 6.999711374634868524e-04
3.100000000000000000e+01 3.108906934191066123e-04 8.707296347228024114e-04
3.200000000000000000e+01 3.989241717946527674e-04 1.078370108621067806e-03
3.300000000000000000e+01 5.092294943149947928e-04 1.329643529414275801e-03
3.400000000000000000e+01 6.466683710143112697e-04 1.632249827855489135e-03
3.500000000000000000e+01 8.169559946926775772e-04 1.994908245829926392e-03
3.600000000000000000e+01 1.026759169999287135e-03 2.427420119886756350e-03
3.700000000000000000e+01 1.283793228146119705e-03 2.940720324995990589e-03
3.800000000000000000e+01 1.596914007206817667e-03 3.546911843482245235e-03
3.900000000000000000e+01 1.976200534623398942e-03 4.259277024940372365e-03
4.000000000000000000e+01 2.433023472478347115e-03 5.092260348483923504e-03
4.100000000000000000e+01 2.980093685550161409e-03 6.061420319039461171e-03
4.200000000000000000e+01 3.631484357053087978e-03 7.183349645693655125e-03
4.300000000000000000e+01 4.402619190766383570e-03 8.475560204595380606e-03
4.400000000000000000e+01 5.310219026252132116e-03 9.956323427411246582e-03
4.500000000000000000e+01 6.372199969167472236e-03 1.164445361314744333e-02
4.600000000000000000e+01 7.607517249436671243e-03 1.355902756063875718e-02
4.700000000000000000e+01 9.035949253575358345e-03 1.571904773025085619e-02
4.800000000000000000e+01 1.067781536466383928e-02 1.814306646983761956e-02
4.900000000000000000e+01 1.255362134541554084e-02 2.084878269920694555e-02
5.000000000000000000e+01 1.468362954965366125e-02 2.385260070315555619e-02
5.100000000000000000e+01 1.708735781780849894e-02 2.716912420696919461e-02
5.200000000000000000e+01 1.978301587031298242e-02 3.081057283472433961e-02
5.300000000000000000e+01 2.278688700427190447e-02 3.478615285954340941e-02
5.400000000000000000e+01 2.611265859329852529e-02 3.910145323875743179e-02
5.500000000000000000e+01 2.977070684961196506e-02 4.375792482289495022e-02
5.600000000000000000e+01 3.376735523227517022e-02 4.875243064529041076e-02
5.700000000000000000e+01 3.810414279401679732e-02 5.407678899166114272e-02
5.800000000000000000e+01 4.277714055594865339e-02 5.971724925014599422e-02
5.900000000000000000e+01 4.777633540470195561e-02 6.565395638398333067e-02
6.000000000000000000e+01 5.308508302667411249e-02 7.186057684347441077e-02
6.100000000000000000e+01 5.867964231541054898e-02 7.830424281744124970e-02
6.200000000000000000e+01 6.452884110889839375e-02 8.494579367385232671e-02
6.300000000000000000e+01 7.059394458664564054e-02 9.174009891956713680e-02
6.400000000000000000e+01 7.682876523780243772e-02 9.863624716074291532e-02
6.500000000000000000e+01 8.317998857773091503e-02 1.055776365847462678e-01
6.600000000000000000e+01 8.958766338154049158e-02 1.125022946140339791e-01
6.700000000000000000e+01 9.598585797649258899e-02 1.193437707663210501e-01
6.800000000000000000e+01 1.023035578114675492e-01 1.260325892933247538e-01
6.900000000000000000e+01 1.084658713851872486e-01 1.324978057594861647e-01
7.000000000000000000e+01 1.143955005524056601e-01 1.386681386080669820e-01
7.100000000000000000e+01 1.200143267678569214e-01 1.444726022386028097e-01
7.200000000000000000e+01 1.252449921110857789e-01 1.498411744062481676e-01
7.300000000000000000e+01 1.300124929469126389e-01 1.547061669060833811e-01
7.400000000000000000e+01 1.342458889533618416e-01 1.590043926473126423e-01
7.500000000000000000e+01 1.378801391173424262e-01 1.626794067125623688e-01
7.600000000000000000e+01 1.408578937347898519e-01 1.656828566928598701e-01
7.700000000000000000e+01 1.431310085051730463e-01 1.679746561882585754e-01
7.800000000000000000e+01 1.446616915437295703e-01 1.695227339976359549e-01
7.900000000000000000e+01 1.454233927056819697e-01 1.703034917540651172e-01
8.000000000000000000e+01 1.454015726161648203e-01 1.703033492377571956e-01
8.100000000000000000e+01 1.445943168573583515e-01 1.695205039665807212e-01
8.200000000000000000e+01 1.430125929112834871e-01 1.679655027002380230e-01
8.300000000000000000e+01 1.406799836833979300e-01 1.656600350790095322e-01
8.400000000000000000e+01 1.376319398086433554e-01 1.626348314403265882e-01
8.500000000000000000e+01 1.339147558100807489e-01 1.589282677633332141e-01
8.600000000000000000e+01 1.295844379151700754e-01 1.545864812893376627e-01
8.700000000000000000e+01 1.247054584686865253e-01 1.496641775817837694e-01
8.800000000000000000e+01 1.193492751686050374e-01 1.442244237968623166e-01
8.900000000000000000e+01 1.135925467911639980e-01 1.383364871163884346e-01
9.000000000000000000e+01 1.075151422120577682e-01 1.320725169117400455e-01
9.100000000000000000e+01 1.011981624674266195e-01 1.255049236596899598e-01
9.200000000000000000e+01 9.472216810034041201e-02 1.187056376371472821e-01
9.300000000000000000e+01 8.816564850913169438e-02 1.117466555933395722e-01
9.400000000000000000e+01 8.160362174305610394e-02 1.047001020662591264e-01
9.500000000000000000e+01 7.510625196987608110e-02 9.763657376157730550e-02
9.600000000000000000e+01 6.873752865848169191e-02 9.062226508317502982e-02
9.700000000000000000e+01 6.255421137313120494e-02 8.371662042657729286e-02
9.800000000000000000e+01 5.660522278382692368e-02 7.697184869707773824e-02
9.900000000000000000e+01 5.093146204043565162e-02 7.043400459964575810e-02
1.000000000000000000e+02 4.556581855039994189e-02 6.414406803092384535e-02
1.010000000000000000e+02 4.053320137416716040e-02 5.813770699482861265e-02
1.020000000000000000e+02 3.585062543130706353e-02 5.244386073596738612e-02
1.030000000000000000e+02 3.152755404523206739e-02 4.708349503422119831e-02
1.040000000000000000e+02 2.756660100046931863e-02 4.206974839981059838e-02
1.050000000000000000e+02 2.396445082402791707e-02 3.740943694783830514e-02
1.060000000000000000e+02 2.071274096991005537e-02 3.310476540673235740e-02
1.070000000000000000e+02 1.779878725209579904e-02 2.915411353244620404e-02
1.080000000000000000e+02 1.520625625745602311e-02 2.555178900205231501e-02
1.090000000000000000e+02 1.291594480811344980e-02 2.228761635733328764e-02
1.100000000000000000e+02 1.090667434984151675e-02 1.934728717190538350e-02
1.110000000000000000e+02 9.156141727334147357e-03 1.671360146896102086e-02
1.120000000000000000e+02 7.641574700864951081e-03 1.436791822869354189e-02
1.130000000000000000e+02 6.340193696888594618e-03 1.229103437868314663e-02
1.140000000000000000e+02 5.229598640889005293e-03 1.046330648815852610e-02
1.150000000000000000e+02 4.288167145410822986e-03 8.864479441457989717e-03
1.160000000000000000e+02 3.495433631674964119e-03 7.473810589789794262e-03
1.170000000000000000e+02 2.832360068242968914e-03 6.270663279848353797e-03
1.180000000000000000e+02 2.281459572345571549e-03 5.235255569257855554e-03
1.190000000000000000e+02 1.826819795873554919e-03 4.349129892191965462e-03
1.200000000000000000e+02 1.454099456778414068e-03 3.595189017855646152e-03
1.210000000000000000e+02 1.150527031818219213e-03 2.957498854730998897e-03
1.220000000000000000e+02 9.048783260405953658e-04 2.421168465517743295e-03
1.230000000000000000e+02 7.074033363627684791e-04 1.972443711218117759e-03
1.240000000000000000e+02 5.497054564107188394e-04 1.598907577003493268e-03
1.250000000000000000e+02 4.246037570518742740e-04 1.289590753611790557e-03
1.260000000000000000e+02 3.260055159670673911e-04 1.034898218328883426e-03
1.270000000000000000e+02 2.487933391689385685e-04 8.264167102677347741e-04
1.280000000000000000e+02 1.887159336958086557e-04 6.567356820722949993e-04
1.290000000000000000e+02 1.422749119745318758e-04 5.193581011642823923e-04
1.300000000000000000e+02 1.066118108334583722e-04 4.086774500393181258e-04
1.310000000000000000e+02 7.940519660268865402e-05 3.199478883905906975e-04
1.320000000000000000e+02 5.878350190042489653e-05 2.492013988259089317e-04
1.330000000000000000e+02 4.325188680234021610e-05 1.931239631243422835e-04
1.340000000000000000e+02 3.162829216297730598e-05 1.489350624002294839e-04
1.350000000000000000e+02 2.298592375714774468e-05 1.143024517469012164e-04
1.360000000000000000e+02 1.660268874537501073e-05 8.729081145883762344e-05
1.370000000000000000e+02 1.191907657938311280e-05 6.632178238653905036e-05
1.380000000000000000e+02 8.504549503369663132e-06 5.012673733179300734e-05
1.390000000000000000e+02 6.030810078539160460e-06 3.769089312283115752e-05
1.400000000000000000e+02 4.249944095870583993e-06 2.819964195597762595e-05
1.410000000000000000e+02 2.976242067162524666e-06 2.099716757223590546e-05
1.420000000000000000e+02 2.071373515315201650e-06 1.555865834413146405e-05
1.430000000000000000e+02 1.432802359817799563e-06 1.147039199932879849e-05
1.440000000000000000e+02 9.850309275436043061e-07 8.411513799315582912e-06
1.450000000000000000e+02 6.729819942213943636e-07 6.135398286908206174e-06
1.460000000000000000e+02 4.568723513304719086e-07 4.452246530226689237e-06
1.470000000000000000e+02 3.081892653082826600e-07 3.215259536699969516e-06
1.480000000000000000e+02 2.065962533237986965e-07 2.311025511109665657e-06
1.490000000000000000e+02 1.376478817768452375e-07 1.652936713500887604e-06
1.500000000000000000e+02 9.115043650398579372e-08 1.175985086249702083e-06
1.510000000000000000e+02 5.998102698721872767e-08 8.320202351227345055e-07
1.520000000000000000e+02 3.921454919559846541e-08 5.854757289763009618e-07
1.530000000000000000e+02 2.547122551671318857e-08 4.099356108909944737e-07
1.540000000000000000e+02 1.644043940465881166e-08 2.857065615618934944e-07
1.550000000000000000e+02 1.054740752093430939e-08 1.982033915438009559e-07
1.560000000000000000e+02 6.725917910967208506e-09 1.367994930414523312e-07
1.570000000000000000e+02 4.261900789621819993e-09 9.388591653203072223e-08
1.580000000000000000e+02 2.682568472464272147e-09 6.406049350991946657e-08
1.590000000000000000e+02 1.677168213174032422e-09 4.347484801350224951e-08
