0.000000000000000000e+00 -1.021154377545033571e-06 2.513443114548012059e-07
1.000000000000000000e+00 7.927906595574740481e-07 7.664280505789746888e-08
2.000000000000000000e+00 1.004293837099997584e-06 9.813308632047188839e-08
3.000000000000000000e+00 1.331615239633469680e-06 1.386565439798114551e-07
4.000000000000000000e+00 1.756240207401775962e-06 1.951826851193153675e-07
5.000000000000000000e+00 2.304166656922794180e-06 2.735065630755506719e-07
6.000000000000000000e+00 3.010340326895150943e-06 3.817880925881247737e-07
7.000000000000000000e+00 3.921312821894151559e-06 5.310064603769071206e-07
8.000000000000000000e+00 5.096475082351694287e-06 7.355802830089101983e-07
9.000000000000000000e+00 6.607488952553308601e-06 1.014209247932540654e-06
1.000000000000000000e+01 8.537313329134840815e-06 1.391249485106593755e-06
1.100000000000000000e+01 1.098170441999454910e-05 1.898868403266841623e-06
1.200000000000000000e+01 1.405586381462263845e-05 2.579904966516683826e-06
1.300000000000000000e+01 1.790629001742349242e-05 3.490995865922762187e-06
1.400000000000000000e+01 2.272390647862316407e-05 4.705508923537213241e-06
1.500000000000000000e+01 2.875199745568853015e-05 6.316415003319464930e-06
1.600000000000000000e+01 3.628433976544571824e-05 8.440183157299631857e-06
1.700000000000000000e+01 4.565572503571483829e-05 1.122329955319015566e-05
1.800000000000000000e+01 5.723528795447449091e-05 1.485228942363375380e-05
1.900000000000000000e+01 7.143622540602911312e-05 1.956622645703069786e-05
2.000000000000000000e+01 8.874852995831038801e-05 2.566902810384260824e-05
2.100000000000000000e+01 1.097856648234054542e-04 3.353929267737269923e-05
2.200000000000000000e+01 1.353212316432922629e-04 4.363874863620258160e-05
2.300000000000000000e+01 1.662906199680160881e-04 5.652459744230298947e-05
2.400000000000000000e+01 2.037520484189048143e-04 7.287218130048679274e-05
2.500000000000000000e+01 2.488332637432817251e-04 9.350970560814496737e-05
2.600000000000000000e+01 3.027125915183257062e-04 1.194581173340545076e-04
2.700000000000000000e+01 3.666735429663112666e-04 1.519636538207555878e-04
2.800000000000000000e+01 4.422265770212339530e-04 1.925152180765168962e-04
2.900000000000000000e+01 5.312344028409490783e-04 2.428535836898826827e-04
3.000000000000000000e+01 6.359514592364273657e-04 3.049938933592999868e-04
3.100000000000000000e+01 7.589260001628456934e-04 3.812819842750007752e-04
3.200000000000000000e+01 9.028050152439575857e-04 4.744828026645529621e-04
3.300000000000000000e+01 1.070170797957206883e-03 5.878687045875166575e-04
3.400000000000000000e+01 1.263550314197808399e-03 7.252638055264195183e-04
3.500000000000000000e+01 1.485641104382800365e-03 8.910268963150857948e-04
3.600000000000000000e+01 1.739635978878841926e-03 1.090008374317579486e-03
3.700000000000000000e+01 2.029414225901340820e-03 1.327553585881557224e-03
3.800000000000000000e+01 2.359403951365013179e-03 1.609603060667203715e-03
3.900000000000000000e+01 2.734119966037919930e-03 1.942858990621466799e-03
4.000000000000000000e+01 3.157628582645013397e-03 2.334905260679504858e-03
4.100000000000000000e+01 3.633302097753707185e-03 2.794165394138959247e-03
4.200000000000000000e+01 4.164081718074338738e-03 3.329688535445598369e-03
4.300000000000000000e+01 4.753121910917950353e-03 3.950900671797392266e-03
4.400000000000000000e+01 5.404365955570308161e-03 4.667517063497635468e-03
4.500000000000000000e+01 6.122556798130418011e-03 5.489698104548907179e-03
4.600000000000000000e+01 6.912510546953111457e-03 6.428302573208649270e-03
4.700000000000000000e+01 7.777995704556834103e-03 7.494936129016329524e-03
4.800000000000000000e+01 8.720911616939087951e-03 8.701579468032795764e-03
4.900000000000000000e+01 9.741349947143441643e-03 1.005989304810838217e-02
5.000000000000000000e+01 1.083856064832377022e-02 1.158059540724584724e-02
5.100000000000000000e+01 1.201218192831248963e-02 1.327331266414060601e-02
5.200000000000000000e+01 1.326281291860423664e-02 1.514692607272943164e-02
5.300000000000000000e+01 1.459136902046736725e-02 1.720996759273253976e-02
5.400000000000000000e+01 1.599747746294608378e-02 1.947045658822960101e-02
5.500000000000000000e+01 1.747789635660335072e-02 2.193494906357090768e-02
5.600000000000000000e+01 1.902603271879419605e-02 2.460723871624100750e-02
5.700000000000000000e+01 2.063296346735926309e-02 2.748754155885245812e-02
5.800000000000000000e+01 2.228934635447402113e-02 3.057270115985424169e-02
5.900000000000000000e+01 2.398694971693039052e-02 3.385712608102755400e-02
6.000000000000000000e+01 2.571872661404077387e-02 3.733349019875181751e-02
6.100000000000000000e+01 2.747732320867307676e-02 4.099233566206000184e-02
6.200000000000000000e+01 2.925300228919388429e-02 4.482062639699024853e-02
6.300000000000000000e+01 3.103241951338379934e-02 4.880028461066990980e-02
6.400000000000000000e+01 3.279917109511566037e-02 5.290792258268365439e-02
6.500000000000000000e+01 3.453587176592984309e-02 5.711610764331596229e-02
6.600000000000000000e+01 3.622650736618929918e-02 6.139524908312123802e-02
6.700000000000000000e+01 3.785762900998974889e-02 6.571465238236259832e-02
6.800000000000000000e+01 3.941773379496994745e-02 7.004198344259640607e-02
6.900000000000000000e+01 4.089537967918899924e-02 7.434178804610397373e-02
7.000000000000000000e+01 4.227740163401209200e-02 7.857462486703901960e-02
7.100000000000000000e+01 4.354850176478678586e-02 8.269796966482034772e-02
7.200000000000000000e+01 4.469257100539098665e-02 8.666863061092169862e-02
7.300000000000000000e+01 4.569498999722604315e-02 9.044517821286331138e-02
7.400000000000000000e+01 4.654456990805817124e-02 9.398890521207366178e-02
7.500000000000000000e+01 4.723407219165053766e-02 9.726309001171853930e-02
7.600000000000000000e+01 4.775916433123358895e-02 1.002317662559952804e-01
7.700000000000000000e+01 4.811661709681620130e-02 1.028595873013192219e-01
7.800000000000000000e+01 4.830294482824327301e-02 1.051134119328177574e-01
7.900000000000000000e+01 4.831433452847233578e-02 1.069647729843351547e-01
8.000000000000000000e+01 4.814787134369857835e-02 1.083916644518202188e-01
8.100000000000000000e+01 4.780327968166364627e-02 1.093786619402938309e-01
8.200000000000000000e+01 4.728412144488095686e-02 1.099157260602479508e-01
8.300000000000000000e+01 4.659775471817075021e-02 1.099969897920333034e-01
8.400000000000000000e+01 4.575410574319688228e-02 1.096206564072897821e-01
8.500000000000000000e+01 4.476398330191802555e-02 1.087900705219985859e-01
8.600000000000000000e+01 4.363787770590298043e-02 1.075150086397637372e-01
8.700000000000000000e+01 4.238583629156213173e-02 1.058120741678261756e-01
8.800000000000000000e+01 4.101832579652156530e-02 1.037038128858813191e-01
8.900000000000000000e+01 3.954739766041678872e-02 1.012171140088225230e-01
9.000000000000000000e+01 3.798731851254882885e-02 9.838186555762093444e-02
9.100000000000000000e+01 3.635419066790958331e-02 9.523045150001396841e-02
9.200000000000000000e+01 3.466472372723559264e-02 9.179791398488290621e-02
9.300000000000000000e+01 3.293482587392852073e-02 8.812209527289327493e-02
9.400000000000000000e+01 3.117875466225288744e-02 8.424316705332052235e-02
9.500000000000000000e+01 2.940917919241205908e-02 8.020248626924936231e-02
9.600000000000000000e+01 2.763792662046258078e-02 7.604122049856390508e-02
9.700000000000000000e+01 2.587679257452119366e-02 7.179929425357134409e-02
9.800000000000000000e+01 2.413782277669778223e-02 6.751490710266186412e-02
9.900000000000000000e+01 2.243287087308418887e-02 6.322445394847320266e-02
1.000000000000000000e+02 2.077272057386349985e-02 5.896246110672310331e-02
1.010000000000000000e+02 1.916631365966540990e-02 5.476125657212686099e-02
1.020000000000000000e+02 1.762051086402473959e-02 5.065038423981318982e-02
1.030000000000000000e+02 1.614044290537447468e-02 4.665600644871711888e-02
1.040000000000000000e+02 1.473014951240971676e-02 4.280055899009831133e-02
1.050000000000000000e+02 1.339308219745275266e-02 3.910275172085366652e-02
1.060000000000000000e+02 1.213220627654501386e-02 3.557780110895290143e-02
1.070000000000000000e+02 1.094973669837671741e-02 3.223768998419661302e-02
1.080000000000000000e+02 9.846770171372119101e-03 2.909131605750982924e-02
1.090000000000000000e+02 8.823100580561026723e-03 2.614453691202238417e-02
1.100000000000000000e+02 7.877345033044946127e-03 2.340022563600217473e-02
1.110000000000000000e+02 7.007297608057566109e-03 2.085844966438749754e-02
1.120000000000000000e+02 6.210308402865133935e-03 1.851679788672291882e-02
1.130000000000000000e+02 5.483513333883959298e-03 1.637078722264299901e-02
1.140000000000000000e+02 4.823867646428027338e-03 1.441424822666336619e-02
1.150000000000000000e+02 4.228063014879244325e-03 1.263963001837909231e-02
1.160000000000000000e+02 3.692456428143231148e-03 1.103823392870908679e-02
1.170000000000000000e+02 3.213097416073484522e-03 9.600427592111002509e-03
1.180000000000000000e+02 2.785856025569681538e-03 8.315883091134413860e-03
1.190000000000000000e+02 2.406589556101229078e-03 7.173842340689700128e-03
1.200000000000000000e+02 2.071275548173323166e-03 6.163377580323351271e-03
1.210000000000000000e+02 1.776073843426956506e-03 5.273609481702566139e-03
1.220000000000000000e+02 1.517327821018864828e-03 4.493867051006338389e-03
1.230000000000000000e+02 1.291542507982507745e-03 3.813800370097884633e-03
1.240000000000000000e+02 1.095374634315703782e-03 3.223469209508312248e-03
1.250000000000000000e+02 9.256477989516569312e-04 2.713423558542074534e-03
1.260000000000000000e+02 7.793838876612505222e-04 2.274776767662788426e-03
1.270000000000000000e+02 6.538327308001215055e-04 1.899261882389257760e-03
1.280000000000000000e+02 5.464866334402346173e-04 1.579262736514855945e-03
1.290000000000000000e+02 4.550772735993276218e-04 1.307819575262570430e-03
1.300000000000000000e+02 3.775610177196880748e-04 1.078616443016313427e-03
1.310000000000000000e+02 3.121009406774698344e-04 8.859592572682904038e-04
1.320000000000000000e+02 2.570510024009007698e-04 7.247500105432430617e-04
1.330000000000000000e+02 2.109436168064845801e-04 5.904579359173989890e-04
1.340000000000000000e+02 1.724791529706583705e-04 4.790862168369218856e-04
1.350000000000000000e+02 1.405154373455159143e-04 3.871335472063590095e-04
1.360000000000000000e+02 1.140561759072517033e-04 3.115518598361268041e-04
1.370000000000000000e+02 9.223820647017845855e-05 2.497028366678208291e-04
1.380000000000000000e+02 7.431803526064320316e-05 1.993156097992071268e-04
1.390000000000000000e+02 5.965825441816808249e-05 1.584469108608040121e-04
1.400000000000000000e+02 4.771443377032864072e-05 1.254438397900719127e-04
1.410000000000000000e+02 3.802303879896302345e-05 9.890899643927571834e-05
1.420000000000000000e+02 3.019078397375434388e-05 7.766787400118803255e-05
1.430000000000000000e+02 2.388553947327631547e-05 6.073872189413789872e-05
1.440000000000000000e+02 1.882856592370513182e-05 4.730520155483999937e-05
1.450000000000000000e+02 1.478763944463614972e-05 3.669202275308789345e-05
1.460000000000000000e+02 1.157066500268248739e-05 2.834350911192294096e-05
1.470000000000000000e+02 9.019614325929424037e-06 2.180486521691973658e-05
1.480000000000000000e+02 7.004894349202595233e-06 1.670586576047776713e-05
1.490000000000000000e+02 5.420384083561367469e-06 1.274672011932698193e-05
1.500000000000000000e+02 4.179316003976151769e-06 9.685913576857489566e-06
1.510000000000000000e+02 3.210996977450468836e-06 7.329847868785619778e-06
1.520000000000000000e+02 2.458195411464260034e-06 5.524098933754747458e-06
1.530000000000000000e+02 1.874960585622251480e-06 4.146099013473573277e-06
1.540000000000000000e+02 1.424695682825141697e-06 3.099049929550940782e-06
1.550000000000000000e+02 1.078416704572870140e-06 2.306887503859381815e-06
1.560000000000000000e+02 8.132190480949937521e-07 1.710137768037737160e-06
1.570000000000000000e+02 6.109999023120869803e-07 1.262526974095188290e-06
1.580000000000000000e+02 4.574545534319637302e-07 9.282260145136156735e-07
1.590000000000000000e+02 3.413151521903558631e-07 6.796254227916414607e-07
