0.000000000000000000e+00 -4.103379166006068342e-07 -4.221604760753333921e-03
1.000000000000000000e+00 4.389834832485855478e-07 2.381783991161302936e-03
2.000000000000000000e+00 5.470279220324992527e-07 1.882478761593186665e-03
3.000000000000000000e+00 7.557840123108289610e-07 2.077346315621307182e-03
4.000000000000000000e+00 1.043625185845222241e-06 2.327399555209527186e-03
5.000000000000000000e+00 1.434984321363696049e-06 2.604019718325056073e-03
6.000000000000000000e+00 1.964263893672546888e-06 2.907027823037210829e-03
7.000000000000000000e+00 2.676686226564096351e-06 3.238524349754392552e-03
8.000000000000000000e+00 3.631149415012782206e-06 3.601518214401376594e-03
9.000000000000000000e+00 4.903938172533888834e-06 3.999766701010619430e-03
1.000000000000000000e+01 6.593338048168582424e-06 4.437467500110975696e-03
1.100000000000000000e+01 8.825316692002328501e-06 4.918760013700731841e-03
1.200000000000000000e+01 1.176047181741723407e-05 5.447162806534214599e-03
1.300000000000000000e+01 1.560247411237429985e-05 6.025134921333028665e-03
1.400000000000000000e+01 2.060825890871449529e-05 6.653943464747398388e-03
1.500000000000000000e+01 2.710024159688664261e-05 7.333946640158335237e-03
1.600000000000000000e+01 3.548085022831795892e-05 8.065277510850833026e-03
1.700000000000000000e+01 4.624968326215960304e-05 8.848771960802760336e-03
1.800000000000000000e+01 6.002361245289175096e-05 9.686864853431093048e-03
1.900000000000000000e+01 7.756015640312631315e-05 1.058412451425453336e-02
2.000000000000000000e+01 9.978444294218928026e-05 1.154714564604155877e-02
2.100000000000000000e+01 1.278200518883817268e-04 1.258368924470362055e-02
2.200000000000000000e+01 1.630239785437772996e-04 1.370121309671895604e-02
2.300000000000000000e+01 2.070258828857398086e-04 1.490519379122379542e-02
2.400000000000000000e+01 2.617716880133891515e-04 1.619779335392978678e-02
2.500000000000000000e+01 3.295714690498930755e-04 1.757739288451565934e-02
2.600000000000000000e+01 4.131514336634700994e-04 1.903929387796713529e-02
2.700000000000000000e+01 5.157096378197004215e-04 2.057753554612458749e-02
2.800000000000000000e+01 6.409748878872634876e-04 2.218739179320703553e-02
2.900000000000000000e+01 7.932680161378761596e-04 2.386780439372637036e-02
3.000000000000000000e+01 9.775643513252423294e-04 2.562288847105021611e-02
3.100000000000000000e+01 1.199555776669981302e-03 2.746180095804259466e-02
3.200000000000000000e+01 1.465710391313176150e-03 2.939671300248299785e-02
3.300000000000000000e+01 1.783327600635753072e-03 3.143927292915675575e-02
3.400000000000000000e+01 2.160586420450443922e-03 3.359656376149054713e-02
3.500000000000000000e+01 2.606584611185244239e-03 3.586788804424806409e-02
3.600000000000000000e+01 3.131365614815188447e-03 3.824359012352999965e-02
3.700000000000000000e+01 3.745929195953532319e-03 4.070656942917408316e-02
3.800000000000000000e+01 4.462220892802203076e-03 4.323631819416680344e-02
3.900000000000000000e+01 5.293095819778423361e-03 4.581446978088782318e-02
4.000000000000000000e+01 6.252254148242777920e-03 4.843020875019159177e-02
4.100000000000000000e+01 7.354147278186185140e-03 5.108369124637604508e-02
4.200000000000000000e+01 8.613853149308389745e-03 5.378601542723124990e-02
4.300000000000000000e+01 1.004691587642973956e-02 5.655527123801525058e-02
4.400000000000000000e+01 1.166914192020695844e-02 5.940953584371527763e-02
4.500000000000000000e+01 1.349634703126355133e-02 6.235888316979026208e-02
4.600000000000000000e+01 1.554405660502589624e-02 6.539903649079138737e-02
4.700000000000000000e+01 1.782717114033790032e-02 6.850895169539633622e-02
4.800000000000000000e+01 2.035960868888922817e-02 7.165348470672801284e-02
4.900000000000000000e+01 2.315392421878322698e-02 7.479074390665943484e-02
5.000000000000000000e+01 2.622089211545377066e-02 7.788220629556945329e-02
5.100000000000000000e+01 2.956904063160643165e-02 8.090260023944713386e-02
5.200000000000000000e+01 3.320415271868036589e-02 8.384628815191108586e-02
5.300000000000000000e+01 3.712877787201430274e-02 8.672765927562747779e-02
5.400000000000000000e+01 4.134180187049531219e-02 8.957481483818693913e-02
5.500000000000000000e+01 4.583808268254505047e-02 9.241810133930306037e-02
5.600000000000000000e+01 5.060811224223599886e-02 9.527697760298677043e-02
5.700000000000000000e+01 5.563766035037924496e-02 9.814948705938880691e-02
5.800000000000000000e+01 6.090742062807034951e-02 1.010079291689874592e-01
5.900000000000000000e+01 6.639275898674332210e-02 1.038024649571102909e-01
6.000000000000000000e+01 7.206367373165228907e-02 1.064719888552958932e-01
6.100000000000000000e+01 7.788497808076008666e-02 1.089593289944667392e-01
6.200000000000000000e+01 8.381658853387517760e-02 1.112262867466971422e-01
6.300000000000000000e+01 8.981378140375149977e-02 1.132636915812762074e-01
6.400000000000000000e+01 9.582741642166063556e-02 1.150928455486266294e-01
6.500000000000000000e+01 1.018043045765608945e-01 1.167573334888974412e-01
6.600000000000000000e+01 1.076879225073479746e-01 1.183074033795945557e-01
6.700000000000000000e+01 1.134194782266944729e-01 1.197817517849438240e-01
6.800000000000000000e+01 1.189390781613050979e-01 1.211925276589258249e-01
6.900000000000000000e+01 1.241866993318973267e-01 1.225183813796314469e-01
7.000000000000000000e+01 1.291029201116275504e-01 1.237079141781381869e-01
7.100000000000000000e+01 1.336296841533825552e-01 1.246927818230926105e-01
7.200000000000000000e+01 1.377114234472597842e-01 1.254068041429298452e-01
7.300000000000000000e+01 1.412965489914055905e-01 1.258054329467405974e-01
7.400000000000000000e+01 1.443389205568495481e-01 1.258794604293254904e-01
7.500000000000000000e+01 1.467988441078269535e-01 1.256583141157412431e-01
7.600000000000000000e+01 1.486435185052910612e-01 1.252014944156286669e-01
7.700000000000000000e+01 1.498473090793017715e-01 1.245806477690996616e-01
7.800000000000000000e+01 1.503922955390556981e-01 1.238579158689576132e-01
7.900000000000000000e+01 1.502691334543367896e-01 1.230673572408856054e-01
8.000000000000000000e+01 1.494777876646629367e-01 1.222051387107892378e-01
8.100000000000000000e+01 1.480276389301521389e-01 1.212314484667817716e-01
8.200000000000000000e+01 1.459368996996899814e-01 1.200836293181001824e-01
8.300000000000000000e+01 1.432317639792380637e-01 1.186967393019218997e-01
8.400000000000000000e+01 1.399457738720363276e-01 1.170253910879048148e-01
8.500000000000000000e+01 1.361194781741457693e-01 1.150600476511960540e-01
8.600000000000000000e+01 1.318000225556329730e-01 1.128324563198105646e-01
8.700000000000000000e+01 1.270402806127126638e-01 1.104083581092195621e-01
8.800000000000000000e+01 1.218975020569021128e-01 1.078698370844406590e-01
8.900000000000000000e+01 1.164318182457836082e-01 1.052930237339870512e-01
9.000000000000000000e+01 1.107049615561682410e-01 1.027281282960431363e-01
9.100000000000000000e+01 1.047792710566928798e-01 1.001877611896112297e-01
9.200000000000000000e+01 9.871680098608670573e-02 9.764683042671011559e-02
9.300000000000000000e+01 9.257835012050616430e-02 9.505388447330233304e-02
9.400000000000000000e+01 8.642241128517004489e-02 9.235042395657705461e-02
9.500000000000000000e+01 8.030417068742026765e-02 8.949224079417723854e-02
9.600000000000000000e+01 7.427466362463086558e-02 8.646606955323138388e-02
9.700000000000000000e+01 6.838011105585566074e-02 8.329626193095500397e-02
9.800000000000000000e+01 6.266143970820940712e-02 8.003952545915796191e-02
9.900000000000000000e+01 5.715401205585204231e-02 7.676977308304974712e-02
1.000000000000000000e+02 5.188756572270887546e-02 7.355823247701129275e-02
1.010000000000000000e+02 4.688627392726951726e-02 7.045511654287180126e-02
1.020000000000000000e+02 4.216880168676519908e-02 6.747826584922839155e-02
1.030000000000000000e+02 3.774833138852930203e-02 6.461182771891341159e-02
1.040000000000000000e+02 3.363268559746175612e-02 6.181500936204352425e-02
1.050000000000000000e+02 2.982470719059999650e-02 5.903797164401494019e-02
1.060000000000000000e+02 2.632290127215714676e-02 5.623976791797179187e-02
1.070000000000000000e+02 2.312214426352929286e-02 5.340261375022842955e-02
1.080000000000000000e+02 2.021423393477736127e-02 5.053807922324747570e-02
1.090000000000000000e+02 1.758823430654308032e-02 4.768364486190736912e-02
1.100000000000000000e+02 1.523078261257252396e-02 4.489132866836310909e-02
1.110000000000000000e+02 1.312655698433528098e-02 4.221249481664338110e-02
1.120000000000000000e+02 1.125892727960752480e-02 3.968375500091358282e-02
1.130000000000000000e+02 9.610612114351530996e-03 3.731809550301278672e-02
1.140000000000000000e+02 8.164140457147504165e-03 3.510350762738521230e-02
1.150000000000000000e+02 6.902077992372055576e-03 3.300907399071550952e-02
1.160000000000000000e+02 5.807156601912037523e-03 3.099624978778255102e-02
1.170000000000000000e+02 4.862471756193257472e-03 2.903156232942406823e-02
1.180000000000000000e+02 4.051783413623688893e-03 2.709665172454198134e-02
1.190000000000000000e+02 3.359814074309837827e-03 2.519266856037840480e-02
1.200000000000000000e+02 2.772416534316067722e-03 2.333813001304733958e-02
1.210000000000000000e+02 2.276583881849523951e-03 2.156155413754728273e-02
1.220000000000000000e+02 1.860384226946412917e-03 1.989169601185679023e-02
1.230000000000000000e+02 1.512922465330789404e-03 1.834859644708888501e-02
1.240000000000000000e+02 1.224361464484143838e-03 1.693802761498101189e-02
1.250000000000000000e+02 9.859559894231336493e-04 1.565065433562946515e-02
1.260000000000000000e+02 7.900358177110149149e-04 1.446573730806120783e-02
1.270000000000000000e+02 6.299201283182502987e-04 1.335786583278409517e-02
1.280000000000000000e+02 4.997986822869279928e-04 1.230438130961624028e-02
1.290000000000000000e+02 3.946282531525069359e-04 1.129111070425619159e-02
1.300000000000000000e+02 3.100640463451605428e-04 1.031479556928167722e-02
1.310000000000000000e+02 2.424104212258302627e-04 9.381860575209732822e-03
1.320000000000000000e+02 1.885644425693075422e-04 8.504390259031062785e-03
1.330000000000000000e+02 1.459414271379982746e-04 7.694928535083382301e-03
1.340000000000000000e+02 1.123927183440861908e-04 6.961823507746861713e-03
1.350000000000000000e+02 8.613302839413210796e-05 6.306421635490784550e-03
1.360000000000000000e+02 6.568591655107337878e-05 5.722701629980005839e-03
1.370000000000000000e+02 4.984320226493740087e-05 5.199159716786834820e-03
1.380000000000000000e+02 3.762884844461478965e-05 4.722111622335746495e-03
1.390000000000000000e+02 2.826180003835606524e-05 4.279230655654539528e-03
1.400000000000000000e+02 2.111909527178440783e-05 3.862197857583993775e-03
1.410000000000000000e+02 1.570375395606595057e-05 3.467767446503117103e-03
1.420000000000000000e+02 1.162014517832034120e-05 3.097162999215882437e-03
1.430000000000000000e+02 8.555894082923557321e-06 2.754263885661526606e-03
1.440000000000000000e+02 6.267434482849977081e-06 2.443333226648347883e-03
1.450000000000000000e+02 4.566985941437642648e-06 2.167037271309354019e-03
1.460000000000000000e+02 3.310556844757174457e-06 1.925285978853276099e-03
1.470000000000000000e+02 2.387720161243020315e-06 1.715100180745529872e-03
1.480000000000000000e+02 1.713769700321236183e-06 1.531384597690630279e-03
1.490000000000000000e+02 1.224071400545212527e-06 1.368237853451267135e-03
1.500000000000000000e+02 8.698721690391164842e-07 1.220319428729017440e-03
1.510000000000000000e+02 6.148742678225799198e-07 1.083845168247173519e-03
1.520000000000000000e+02 4.322778533368332369e-07 9.569688944404665604e-04
1.530000000000000000e+02 3.023195960436270542e-07 8.395460008217830051e-04
1.540000000000000000e+02 2.103947142692396070e-07 7.324696272705369686e-04
1.550000000000000000e+02 1.457283749631894338e-07 6.368608957134865066e-04
1.560000000000000000e+02 1.004445154426891286e-07 5.533775906511860260e-04
1.570000000000000000e+02 6.886656541624836266e-08 4.818157912067983417e-04
1.580000000000000000e+02 4.695180342308875100e-08 4.210611668967593514e-04
1.590000000000000000e+02 3.183325410389330208e-08 3.693372264982397782e-04
