0.000000000000000000e+00 -4.703163196714483443e-07 -1.313593097970554601e-08
1.000000000000000000e+00 3.749731894172413387e-07 2.499533192820800179e-08
2.000000000000000000e+00 4.941784381186346872e-07 3.447234877660549718e-08
3.000000000000000000e+00 6.593784215017094287e-07 5.107397324720814650e-08
4.000000000000000000e+00 8.767412778781061669e-07 7.537202103875352249e-08
5.000000000000000000e+00 1.161712372540632986e-06 1.106455960271796732e-07
6.000000000000000000e+00 1.533708006731121207e-06 1.615636420958917546e-07
7.000000000000000000e+00 2.016926669863526991e-06 2.346548464540654081e-07
8.000000000000000000e+00 2.641494579569256074e-06 3.389959215126357530e-07
9.000000000000000000e+00 3.445123987632619406e-06 4.871365978325168642e-07
1.000000000000000000e+01 4.475331850728934823e-06 6.963226317973684864e-07
1.100000000000000000e+01 5.792018901542572503e-06 9.900969680415726597e-07
1.200000000000000000e+01 7.469991155263680348e-06 1.400390133516103595e-06
1.300000000000000000e+01 9.601046966580278099e-06 1.970248565830631094e-06
1.400000000000000000e+01 1.229571692666291642e-05 2.757378742162597531e-06
1.500000000000000000e+01 1.568551241912727459e-05 3.838695913332913680e-06
1.600000000000000000e+01 1.992711404066448917e-05 5.316078490389057819e-06
1.700000000000000000e+01 2.520963351413823178e-05 7.323575283915933022e-06
1.800000000000000000e+01 3.176456872240985359e-05 1.003640819874273317e-05
1.900000000000000000e+01 3.987591136091380562e-05 1.368221120045025987e-05
2.000000000000000000e+01 4.988661617890557080e-05 1.855497440107960755e-05
2.100000000000000000e+01 6.219906310314017735e-05 2.503209972858250909e-05
2.200000000000000000e+01 7.727165144953522524e-05 3.359491919806646199e-05
2.300000000000000000e+01 9.561906368199497375e-05 4.485311911437218007e-05
2.400000000000000000e+01 1.178255935895820193e-04 5.957375601573138902e-05
2.500000000000000000e+01 1.445753546310094039e-04 7.871571613685105395e-05
2.600000000000000000e+01 1.766907682875014254e-04 1.034702835725088553e-04
2.700000000000000000e+01 2.151587281194672417e-04 1.353079749952866117e-04
2.800000000000000000e+01 2.611233223133499330e-04 1.760314263150407463e-04
2.900000000000000000e+01 3.158418896741022660e-04 2.278343461818777070e-04
3.000000000000000000e+01 3.806314749452414286e-04 2.933672003469534354e-04
3.100000000000000000e+01 4.568548807270254083e-04 3.758104335389188711e-04
3.200000000000000000e+01 5.459853117453104723e-04 4.789548860092192480e-04
3.300000000000000000e+01 6.497384608482462479e-04 6.072871146607224059e-04
3.400000000000000000e+01 7.701951662468669614e-04 7.660763095475579170e-04
3.500000000000000000e+01 9.098069443168153728e-04 9.614606149625009798e-04
3.600000000000000000e+01 1.071224787961068316e-03 1.200532760833667367e-03
3.700000000000000000e+01 1.257013517059971195e-03 1.491424938523767474e-03
3.800000000000000000e+01 1.469436727576200856e-03 1.843389109178235861e-03
3.900000000000000000e+01 1.710514084286351121e-03 2.266863872507774835e-03
4.000000000000000000e+01 1.982402407770241480e-03 2.773517824906105746e-03
4.100000000000000000e+01 2.287893857397325491e-03 3.376264318628415667e-03
4.200000000000000000e+01 2.630636751574573409e-03 4.089249140461342739e-03
4.300000000000000000e+01 3.014757680932888921e-03 4.927812704794408763e-03
4.400000000000000000e+01 3.443938339770231602e-03 5.908419205904541505e-03
4.500000000000000000e+01 3.920472566003585513e-03 7.048534878448906027e-03
4.600000000000000000e+01 4.445032180536710384e-03 8.366438568481888646e-03
4.700000000000000000e+01 5.017533756026140365e-03 9.880963217751715516e-03
4.800000000000000000e+01 5.638716322461401545e-03 1.161118355231033003e-02
4.900000000000000000e+01 6.311318719689849172e-03 1.357606517111014169e-02
5.000000000000000000e+01 7.039712140206006580e-03 1.579407052213299342e-02
5.100000000000000000e+01 7.827750721349346213e-03 1.828269789978483745e-02
5.200000000000000000e+01 8.675989639718684546e-03 2.105793581317833008e-02
5.300000000000000000e+01 9.580277263791250886e-03 2.413364911287072326e-02
5.400000000000000000e+01 1.053318752218606463e-02 2.752094609014060431e-02
5.500000000000000000e+01 1.152786789378883875e-02 3.122757296066008825e-02
5.600000000000000000e+01 1.256182106936104201e-02 3.525734181036851295e-02
5.700000000000000000e+01 1.363755924857310703e-02 3.960955999342866130e-02
5.800000000000000000e+01 1.475882659294390498e-02 4.427843862615857967e-02
5.900000000000000000e+01 1.592432694907014792e-02 4.925251670124833336e-02
6.000000000000000000e+01 1.712333951924342040e-02 5.451419219010154860e-02
6.100000000000000000e+01 1.833708873389649704e-02 6.003944201289396210e-02
6.200000000000000000e+01 1.954601726655740002e-02 6.579773627831242422e-02
6.300000000000000000e+01 2.073850185721160672e-02 7.175207762522387012e-02
6.400000000000000000e+01 2.191456344774933562e-02 7.785910278232152648e-02
6.500000000000000000e+01 2.308085875918700416e-02 8.406927556948218250e-02
6.600000000000000000e+01 2.423940224111140185e-02 9.032729024097352344e-02
6.700000000000000000e+01 2.537776887826461575e-02 9.657278850999891084e-02
6.800000000000000000e+01 2.646862865257105027e-02 1.027413647619492415e-01
6.900000000000000000e+01 2.748045149733304576e-02 1.087657048612211685e-01
7.000000000000000000e+01 2.839289115590582988e-02 1.145767073469054764e-01
7.100000000000000000e+01 2.920589522656515460e-02 1.201045828915292962e-01
7.200000000000000000e+01 2.993500459909810563e-02 1.252800754871354338e-01
7.300000000000000000e+01 3.059494277458339045e-02 1.300359310585983141e-01
7.400000000000000000e+01 3.118271623737900455e-02 1.343085463350131015e-01
7.500000000000000000e+01 3.167294692415666829e-02 1.380395440287534303e-01
7.600000000000000000e+01 3.203010889400018102e-02 1.411770404038296678e-01
7.700000000000000000e+01 3.223001997140918784e-02 1.436766004492547044e-01
7.800000000000000000e+01 3.227539512127985954e-02 1.455020904182979247e-01
7.900000000000000000e+01 3.219362842037975375e-02 1.466266071839617546e-01
8.000000000000000000e+01 3.201745197787296549e-02 1.470334037666736759e-01
8.100000000000000000e+01 3.176183779257934353e-02 1.467165077821750985e-01
8.200000000000000000e+01 3.141388018498917495e-02 1.456807928423273224e-01
8.300000000000000000e+01 3.094345791779883753e-02 1.439415689767217787e-01
8.400000000000000000e+01 3.032744208571451494e-02 1.415240006738074929e-01
8.500000000000000000e+01 2.957011640827227061e-02 1.384625892628190691e-01
8.600000000000000000e+01 2.870494945331643344e-02 1.348006475799967685e-01
8.700000000000000000e+01 2.777627980174458833e-02 1.305894802689873679e-01
8.800000000000000000e+01 2.681401450749264226e-02 1.258870954973897449e-01
8.900000000000000000e+01 2.581938718861076856e-02 1.207565981459028520e-01
9.000000000000000000e+01 2.477160824572447601e-02 1.152646125559190354e-01
9.100000000000000000e+01 2.365004951894569482e-02 1.094799565556040105e-01
9.200000000000000000e+01 2.245565280826605781e-02 1.034724844608613387e-01
9.300000000000000000e+01 2.121638361732960942e-02 9.731185765516958686e-02
9.400000000000000000e+01 1.997353180969407144e-02 9.106613823995672596e-02
9.500000000000000000e+01 1.875937859970703420e-02 8.480036749052359546e-02
9.600000000000000000e+01 1.758224685506007759e-02 7.857539991119559530e-02
9.700000000000000000e+01 1.642875420709521625e-02 7.244711616542139077e-02
9.800000000000000000e+01 1.528036046191092942e-02 6.646590566537413647e-02
9.900000000000000000e+01 1.413155796122158615e-02 6.067622905655037369e-02
1.000000000000000000e+02 1.299698642793279887e-02 5.511619508310227483e-02
1.010000000000000000e+02 1.190360566488135596e-02 4.981725546140427369e-02
1.020000000000000000e+02 1.087477744048104787e-02 4.480415559107360501e-02
1.030000000000000000e+02 9.917976034311680456e-03 4.009516275953384223e-02
1.040000000000000000e+02 9.024066910213750584e-03 3.570246395144313634e-02
1.050000000000000000e+02 8.177256759186188675e-03 3.163260796587580997e-02
1.060000000000000000e+02 7.367659856080337188e-03 2.788695274345672631e-02
1.070000000000000000e+02 6.597704727869066477e-03 2.446216151497859412e-02
1.080000000000000000e+02 5.878987222704235710e-03 2.135079152612093245e-02
1.090000000000000000e+02 5.223118517815087368e-03 1.854195699212658061e-02
1.100000000000000000e+02 4.633628655355890094e-03 1.602199990788753109e-02
1.110000000000000000e+02 4.104179117737690591e-03 1.377511217876747039e-02
1.120000000000000000e+02 3.623270187684815222e-03 1.178389706331672317e-02
1.130000000000000000e+02 3.181269248705026215e-03 1.002988740464620492e-02
1.140000000000000000e+02 2.774771224214889372e-03 8.494031904478057532e-03
1.150000000000000000e+02 2.405968215522888247e-03 7.157138606237367986e-03
1.160000000000000000e+02 2.078429497756577402e-03 6.000255515746995803e-03
1.170000000000000000e+02 1.792779232687001165e-03 5.004978698001382592e-03
1.180000000000000000e+02 1.545129291960678627e-03 4.153693541553501664e-03
1.190000000000000000e+02 1.328736597058748862e-03 3.429760504702495522e-03
1.200000000000000000e+02 1.137151879216091298e-03 2.817652302744270542e-03
1.210000000000000000e+02 9.665296609392567094e-04 2.303044488923217635e-03
1.220000000000000000e+02 8.158263304261670779e-04 1.872861843932982495e-03
1.230000000000000000e+02 6.852618097421268092e-04 1.515286811863164390e-03
1.240000000000000000e+02 5.744446385263710098e-04 1.219738290970718599e-03
1.250000000000000000e+02 4.814374021296343115e-04 9.768277951096868486e-04
1.260000000000000000e+02 4.031235571603636043e-04 7.782977575033819123e-04
1.270000000000000000e+02 3.363156264514445461e-04 6.169460163369351125e-04
1.280000000000000000e+02 2.787158877797058323e-04 4.865411264584273369e-04
1.290000000000000000e+02 2.291652062802894321e-04 3.817333440220593063e-04
1.300000000000000000e+02 1.872139589226355628e-04 2.979650845342353763e-04
1.310000000000000000e+02 1.524643720409635163e-04 2.313831280227569907e-04
1.320000000000000000e+02 1.241508140437632877e-04 1.787539531968107629e-04
1.330000000000000000e+02 1.011433144357506883e-04 1.373835046689874089e-04
1.340000000000000000e+02 8.224249213689086707e-05 1.050427630298066985e-04
1.350000000000000000e+02 6.649202680374981180e-05 7.990012998066524613e-05
1.360000000000000000e+02 5.330609524506355274e-05 6.046095343133773946e-05
1.370000000000000000e+02 4.238515034945175542e-05 4.551395928359775681e-05
1.380000000000000000e+02 3.353185073880302086e-05 3.408417645877443933e-05
1.390000000000000000e+02 2.650509460588209963e-05 2.539199787250423284e-05
1.400000000000000000e+02 2.098305547169759076e-05 1.881804488672350723e-05
1.410000000000000000e+02 1.661716204813021129e-05 1.387339836875308770e-05
1.420000000000000000e+02 1.311019438481525590e-05 1.017462256861119746e-05
1.430000000000000000e+02 1.025993002912201107e-05 7.422957679974252448e-06
1.440000000000000000e+02 7.950876800632673567e-06 5.387106303666542242e-06
1.450000000000000000e+02 6.114197105165681157e-06 3.889118984498539029e-06
1.460000000000000000e+02 4.688258540362854117e-06 2.792937263182655182e-06
1.470000000000000000e+02 3.600678187280110262e-06 1.995179364380499983e-06
1.480000000000000000e+02 2.772735674401210883e-06 1.417783502879282964e-06
1.490000000000000000e+02 2.133717927610545500e-06 1.002172010949282548e-06
1.500000000000000000e+02 1.631728186883624292e-06 7.046557910551104416e-07
1.510000000000000000e+02 1.234832702551587281e-06 4.928466228086842696e-07
1.520000000000000000e+02 9.245980459759511597e-07 3.428800954592520370e-07
1.530000000000000000e+02 6.878932076157684291e-07 2.372808893261450468e-07
1.540000000000000000e+02 5.116977882418612905e-07 1.633310249666609221e-07
1.550000000000000000e+02 3.821640585878172332e-07 1.118302100843159991e-07
1.560000000000000000e+02 2.863173671826849062e-07 7.616158619661434424e-08
1.570000000000000000e+02 2.139875165479832682e-07 5.159400826964419831e-08
1.580000000000000000e+02 1.584799205488886802e-07 3.476505782494131776e-08
1.590000000000000000e+02 1.158896494597850196e-07 2.329999943997611368e-08
