0.000000000000000000e+00 -1.832741751004211432e-06 -5.712704089198761169e-08
1.000000000000000000e+00 1.776555003640614618e-06 7.317328047448239255e-08
2.000000000000000000e+00 2.092303975304111915e-06 9.884230094608404930e-08
3.000000000000000000e+00 2.802663570386853140e-06 1.385073233649087994e-07
4.000000000000000000e+00 3.751260882115697248e-06 1.932626376049084816e-07
5.000000000000000000e+00 5.001505515310259791e-06 2.684965185038133150e-07
6.000000000000000000e+00 6.641938014338099056e-06 3.714049413608658212e-07
7.000000000000000000e+00 8.785281556303304701e-06 5.115399382675181246e-07
8.000000000000000000e+00 1.157401336426452696e-05 7.015156174854783964e-07
9.000000000000000000e+00 1.518738029035289926e-05 9.579001726094734084e-07
1.000000000000000000e+01 1.984982412061955836e-05 1.302339829630898477e-06
1.100000000000000000e+01 2.584100569860682428e-05 1.762973026460065821e-06
1.200000000000000000e+01 3.350763671462093105e-05 2.376203771465302333e-06
1.300000000000000000e+01 4.327734261606908003e-05 3.188906306005156610e-06
1.400000000000000000e+01 5.567482033117411978e-05 4.261131040200639766e-06
1.500000000000000000e+01 7.134062767564754637e-05 5.669384575584934630e-06
1.600000000000000000e+01 9.105299859170462823e-05 7.510577320119304197e-06
1.700000000000000000e+01 1.157530238294694725e-04 9.906774929725338627e-06
1.800000000000000000e+01 1.465733126862968794e-04 1.301093118107046271e-05
1.900000000000000000e+01 1.848699501982169788e-04 1.701378415845689209e-05
2.000000000000000000e+01 2.322574373483217111e-04 2.215203938685517736e-05
2.100000000000000000e+01 2.906465709255020603e-04 2.871787214144297748e-05
2.200000000000000000e+01 3.622857870259441494e-04 3.706974192946815269e-05
2.300000000000000000e+01 4.498068284287971559e-04 4.764460673801181528e-05
2.400000000000000000e+01 5.562750647725696416e-04 6.097183206851294987e-05
2.500000000000000000e+01 6.852432995138431826e-04 7.768923707844905689e-05
2.600000000000000000e+01 8.408063168453531631e-04 9.856157230375085158e-05
2.700000000000000000e+01 1.027653174302141630e-03 1.245012121549534691e-04
2.800000000000000000e+01 1.251116053692666232e-03 1.565902510267228086e-04
2.900000000000000000e+01 1.517217223772963659e-03 1.961030566893101634e-04
3.000000000000000000e+01 1.832716696502595041e-03 2.445290166729853693e-04
3.100000000000000000e+01 2.205160400966238356e-03 3.035963730207398375e-04
3.200000000000000000e+01 2.642923108279198255e-03 3.752985935315739162e-04
3.300000000000000000e+01 3.155236209305044282e-03 4.619235894985432300e-04
3.400000000000000000e+01 3.752192291706821572e-03 5.660833741647189506e-04
3.500000000000000000e+01 4.444726424307352680e-03 6.907393253441653468e-04
3.600000000000000000e+01 5.244582085481406045e-03 8.392186466473549938e-04
3.700000000000000000e+01 6.164269568023375730e-03 1.015221820651942631e-03
3.800000000000000000e+01 7.217013872576311106e-03 1.222826224662624649e-03
3.900000000000000000e+01 8.416675247633923981e-03 1.466492490994856764e-03
4.000000000000000000e+01 9.777622059291611253e-03 1.751074117109467122e-03
4.100000000000000000e+01 1.131454960549930708e-02 2.081819829677652913e-03
4.200000000000000000e+01 1.304226104825025219e-02 2.464351155452675947e-03
4.300000000000000000e+01 1.497543747435067275e-02 2.904603451890138115e-03
4.400000000000000000e+01 1.712840913939783077e-02 3.408737143755052358e-03
4.500000000000000000e+01 1.951490825225437112e-02 3.983044164187992883e-03
4.600000000000000000e+01 2.214776493429204685e-02 4.633874643758970242e-03
4.700000000000000000e+01 2.503852735827982040e-02 5.367583733380727230e-03
4.800000000000000000e+01 2.819703673392874588e-02 6.190463291488253889e-03
4.900000000000000000e+01 3.163102502687646644e-02 7.108608736871970327e-03
5.000000000000000000e+01 3.534578518616442872e-02 8.127699447343122996e-03
5.100000000000000000e+01 3.934389299807721646e-02 9.252730279721501847e-03
5.200000000000000000e+01 4.362489630642773369e-02 1.048777729459272022e-02
5.300000000000000000e+01 4.818490240505723943e-02 1.183586619671931142e-02
5.400000000000000000e+01 5.301609866471738985e-02 1.329893271840796795e-02
5.500000000000000000e+01 5.810635497800546723e-02 1.487777423841290213e-02
5.600000000000000000e+01 6.343906433196296046e-02 1.657187088625725058e-02
5.700000000000000000e+01 6.899323831864528911e-02 1.837904132454926120e-02
5.800000000000000000e+01 7.474368434919295701e-02 2.029504549759468188e-02
5.900000000000000000e+01 8.066102677578755598e-02 2.231333928761035368e-02
6.000000000000000000e+01 8.671149493358586147e-02 2.442512808936481150e-02
6.100000000000000000e+01 9.285669028444719364e-02 2.661967004039302032e-02
6.200000000000000000e+01 9.905371250331793109e-02 2.888458132396959366e-02
6.300000000000000000e+01 1.052558745051533073e-01 3.120586672437170028e-02
6.400000000000000000e+01 1.114138315823496178e-01 3.356760459401095936e-02
6.500000000000000000e+01 1.174766114391194716e-01 3.595153574234324911e-02
6.600000000000000000e+01 1.233920904713629862e-01 3.833699155931174357e-02
6.700000000000000000e+01 1.291069450665610074e-01 4.070145426531156241e-02
6.800000000000000000e+01 1.345666524287773280e-01 4.302161350153830416e-02
6.900000000000000000e+01 1.397162331537766811e-01 4.527436726717162796e-02
7.000000000000000000e+01 1.445019307904519268e-01 4.743717209190134038e-02
7.100000000000000000e+01 1.488732538152875706e-01 4.948760278067111662e-02
7.200000000000000000e+01 1.527844068550403001e-01 5.140265761965842617e-02
7.300000000000000000e+01 1.561945186774247318e-01 5.315870141889328382e-02
7.400000000000000000e+01 1.590670060870285063e-01 5.473258943889120626e-02
7.500000000000000000e+01 1.613691504643896824e-01 5.610360708068336255e-02
7.600000000000000000e+01 1.630728434192619813e-01 5.725506958208291530e-02
7.700000000000000000e+01 1.641564926081205689e-01 5.817447640759591115e-02
7.800000000000000000e+01 1.646070165357535475e-01 5.885213648431204814e-02
7.900000000000000000e+01 1.644205979945258522e-01 5.927945955639370157e-02
8.000000000000000000e+01 1.636016944953493923e-01 5.944855838888676858e-02
8.100000000000000000e+01 1.621611000275437198e-01 5.935387892575073876e-02
8.200000000000000000e+01 1.601145608598149861e-01 5.899486220336353642e-02
8.300000000000000000e+01 1.574829518636242653e-01 5.837754045033600320e-02
8.400000000000000000e+01 1.542936833123650653e-01 5.751355334449823054e-02
8.500000000000000000e+01 1.505819081622458422e-01 5.641705990591372455e-02
8.600000000000000000e+01 1.463901453371465045e-01 5.510183733449945664e-02
8.700000000000000000e+01 1.417661074653479292e-01 5.358087539311384012e-02
8.800000000000000000e+01 1.367598808814114442e-01 5.186878627131129293e-02
8.900000000000000000e+01 1.314220570644849817e-01 4.998491083330950518e-02
9.000000000000000000e+01 1.258036063000600724e-01 4.795421616884262134e-02
9.100000000000000000e+01 1.199568851541900627e-01 4.580476351527438400e-02
9.200000000000000000e+01 1.139363055144505948e-01 4.356337267480908659e-02
9.300000000000000000e+01 1.077975268709320811e-01 4.125270460112677451e-02
9.400000000000000000e+01 1.015952509228762873e-01 3.889188796554318706e-02
9.500000000000000000e+01 9.538080176867425042e-02 3.649988125630108937e-02
9.600000000000000000e+01 8.920081213947592125e-02 3.409846951930246839e-02
9.700000000000000000e+01 8.309746154190340850e-02 3.171212149030964988e-02
9.800000000000000000e+01 7.710957129018285172e-02 2.936461178989461379e-02
9.900000000000000000e+01 7.127334762266233914e-02 2.707504712599949695e-02
1.000000000000000000e+02 6.562201174829770944e-02 2.485640185469134913e-02
1.010000000000000000e+02 6.018453206751521456e-02 2.271752688399020920e-02
1.020000000000000000e+02 5.498438607649846349e-02 2.066673563218624290e-02
1.030000000000000000e+02 5.003921900994168920e-02 1.871392029560174988e-02
1.040000000000000000e+02 4.536156608785127387e-02 1.686958333561616383e-02
1.050000000000000000e+02 4.096006388448394236e-02 1.514183178659696608e-02
1.060000000000000000e+02 3.684034747668997467e-02 1.353398042572583407e-02
1.070000000000000000e+02 3.300521214543517684e-02 1.204470909443210169e-02
1.080000000000000000e+02 2.945424385508346038e-02 1.067049759487917471e-02
1.090000000000000000e+02 2.618349809578884857e-02 9.408283668306843817e-03
1.100000000000000000e+02 2.318569745549569835e-02 8.256359254349674576e-03
1.110000000000000000e+02 2.045098201954954203e-02 7.213171661734855272e-03
1.120000000000000000e+02 1.796785330134796632e-02 6.275400359363936600e-03
1.130000000000000000e+02 1.572387746748394807e-02 5.437058011168632680e-03
1.140000000000000000e+02 1.370595434712350812e-02 4.690297805404222004e-03
1.150000000000000000e+02 1.190028623692715101e-02 4.027161742072233978e-03
1.160000000000000000e+02 1.029234696653475931e-02 3.440886902582001097e-03
1.170000000000000000e+02 8.867072113063948977e-03 2.925954530668152358e-03
1.180000000000000000e+02 7.609272277993553782e-03 2.477170646893359952e-03
1.190000000000000000e+02 6.504095992220333342e-03 2.088744372904143779e-03
1.200000000000000000e+02 5.537350580275513315e-03 1.754131084858201548e-03
1.210000000000000000e+02 4.695607017878599722e-03 1.466656779737659198e-03
1.220000000000000000e+02 3.966157146931051196e-03 1.220330828697391897e-03
1.230000000000000000e+02 3.336955380924971210e-03 1.010228420269590130e-03
1.240000000000000000e+02 2.796637382412319513e-03 8.322761744491739225e-04
1.250000000000000000e+02 2.334617364954274903e-03 6.827515581439491318e-04
1.260000000000000000e+02 1.941198137048268666e-03 5.579389481960867619e-04
1.270000000000000000e+02 1.607623673459848950e-03 4.541537981265790958e-04
1.280000000000000000e+02 1.326049601510117908e-03 3.680150353554949728e-04
1.290000000000000000e+02 1.089458817301965218e-03 2.966893176990563984e-04
1.300000000000000000e+02 8.915710919900562709e-04 2.379216793042490154e-04
1.310000000000000000e+02 7.267806558164251500e-04 1.898718888819467656e-04
1.320000000000000000e+02 5.901241778276623481e-04 1.509108879995902318e-04
1.330000000000000000e+02 4.772586680667734410e-04 1.195160826485562377e-04
1.340000000000000000e+02 3.844270091398036167e-04 9.429227422020643569e-05
1.350000000000000000e+02 3.084029662372570271e-04 7.404691541386268852e-05
1.360000000000000000e+02 2.464235158267560465e-04 5.783186984007363603e-05
1.370000000000000000e+02 1.961230679295270266e-04 4.491616462396160646e-05
1.380000000000000000e+02 1.554799570983574704e-04 3.471586183613667215e-05
1.390000000000000000e+02 1.227764049899849393e-04 2.673045853567647287e-05
1.400000000000000000e+02 9.656634510801597295e-05 2.051569062237192201e-05
1.410000000000000000e+02 7.564455434772002673e-05 1.568831517277673491e-05
1.420000000000000000e+02 5.901408734508543664e-05 1.193882665452644057e-05
1.430000000000000000e+02 4.585327107438671556e-05 9.032100077298848954e-06
1.440000000000000000e+02 3.548550986012797052e-05 6.792563028330025334e-06
1.450000000000000000e+02 2.735434286476157541e-05 5.083472883629740733e-06
1.460000000000000000e+02 2.100401595224455476e-05 3.791373162479801473e-06
1.470000000000000000e+02 1.606409173387116454e-05 2.819957822941056775e-06
1.480000000000000000e+02 1.223624466849666929e-05 2.090255741779622664e-06
1.490000000000000000e+02 9.282126435689012916e-06 1.541537575306923463e-06
1.500000000000000000e+02 7.012191136088243467e-06 1.129562114442803576e-06
1.510000000000000000e+02 5.275932085549062838e-06 8.223654095526027532e-07
1.520000000000000000e+02 3.953925111828769742e-06 5.957521003770644113e-07
1.530000000000000000e+02 2.951668175224639395e-06 4.302917017949725023e-07
1.540000000000000000e+02 2.194840511739895382e-06 3.101384570287028869e-07
1.550000000000000000e+02 1.625496959087710497e-06 2.228593623785224146e-07
1.560000000000000000e+02 1.198844511330935626e-06 1.593021164071467711e-07
1.570000000000000000e+02 8.804597730150191195e-07 1.130611575072347843e-07
1.580000000000000000e+02 6.439500668427008174e-07 7.966766328427655648e-08
1.590000000000000000e+02 4.690865816667200797e-07 5.584470807423063992e-08
