0.000000000000000000e+00 -1.105889258710567288e-05 -1.272150645143483654e-09
1.000000000000000000e+00 1.905666452854450166e-05 1.700067713364079276e-09
2.000000000000000000e+00 1.922528166496743186e-05 2.654919323763404649e-09
3.000000000000000000e+00 2.382260456610145531e-05 4.247662310522660630e-09
4.000000000000000000e+00 2.971085881714428741e-05 6.752415690120235836e-09
5.000000000000000000e+00 3.696810148180973378e-05 1.066329676621930986e-08
6.000000000000000000e+00 4.587032652930531665e-05 1.672837338003902593e-08
7.000000000000000000e+00 5.675470220793362493e-05 2.607074023894821163e-08
8.000000000000000000e+00 7.001899913555176562e-05 4.036444332691323512e-08
9.000000000000000000e+00 8.613118473271537748e-05 6.208674053312227415e-08
1.000000000000000000e+01 1.056415983216096920e-04 9.487707476030774543e-08
1.100000000000000000e+01 1.291966548068013523e-04 1.440437856380448558e-07
1.200000000000000000e+01 1.575530392073711829e-04 2.172735404049885969e-07
1.300000000000000000e+01 1.915914741889780844e-04 3.256167209029804661e-07
1.400000000000000000e+01 2.323298692194707105e-04 4.848445098691327685e-07
1.500000000000000000e+01 2.809367432861608325e-04 7.173029550382803006e-07
1.600000000000000000e+01 3.387466572416547215e-04 1.054424551056743405e-06
1.700000000000000000e+01 4.072793642960394894e-04 1.540102130489912399e-06
1.800000000000000000e+01 4.882632361799449697e-04 2.235182777092289212e-06
1.900000000000000000e+01 5.836616517084108370e-04 3.223401767281243396e-06
2.000000000000000000e+01 6.956994217163351736e-04 4.619149709492375345e-06
2.100000000000000000e+01 8.268860014471224621e-04 6.577549147920627196e-06
2.200000000000000000e+01 9.800336382725675574e-04 9.307409690103401787e-06
2.300000000000000000e+01 1.158271149390803761e-03 1.308773091126119454e-05
2.400000000000000000e+01 1.365056335047805597e-03 1.828852707125773767e-05
2.500000000000000000e+01 1.604190649937647017e-03 2.539685236201188269e-05
2.600000000000000000e+01 1.879838089327874953e-03 3.504900369168120690e-05
2.700000000000000000e+01 2.196547091656958148e-03 4.806996153966231459e-05
2.800000000000000000e+01 2.559271383280512912e-03 6.552118485805065885e-05
2.900000000000000000e+01 2.973384648840809996e-03 8.875789162836321443e-05
3.000000000000000000e+01 3.444684960903399325e-03 1.194969153937244533e-04
3.100000000000000000e+01 3.979386950890535270e-03 1.598961146186953690e-04
3.200000000000000000e+01 4.584101314351413103e-03 2.126461045346811059e-04
3.300000000000000000e+01 5.265801942710956682e-03 2.810747565643101418e-04
3.400000000000000000e+01 6.031781765808970006e-03 3.692644470429959445e-04
3.500000000000000000e+01 6.889600804309631982e-03 4.821814212508803528e-04
3.600000000000000000e+01 7.847033833963984462e-03 6.258158682427454383e-04
3.700000000000000000e+01 8.912027057948902070e-03 8.073303672398782476e-04
3.800000000000000000e+01 1.009266809589400710e-02 1.035213252775961292e-03
3.900000000000000000e+01 1.139715930365522295e-02 1.319432147866946058e-03
4.000000000000000000e+01 1.283376656378166884e-02 1.671581480893831809e-03
4.100000000000000000e+01 1.441070731737972149e-02 2.105016334112628541e-03
4.200000000000000000e+01 1.613595610369471939e-02 2.634963560746180107e-03
4.300000000000000000e+01 1.801698573777992668e-02 3.278599748569117813e-03
4.400000000000000000e+01 2.006051082340806410e-02 4.055084268322284129e-03
4.500000000000000000e+01 2.227232468393699691e-02 4.985534478110105992e-03
4.600000000000000000e+01 2.465729033725772013e-02 6.092929579841336804e-03
4.700000000000000000e+01 2.721945858570523971e-02 7.401930009256172359e-03
4.800000000000000000e+01 2.996218233508668102e-02 8.938600402130274930e-03
4.900000000000000000e+01 3.288804543954240017e-02 1.073002551912732687e-02
5.000000000000000000e+01 3.599848396694552838e-02 1.280381003013337897e-02
5.100000000000000000e+01 3.929314660857655128e-02 1.518745601083922904e-02
5.200000000000000000e+01 4.276923892898583379e-02 1.790761767556053527e-02
5.300000000000000000e+01 4.642119344635823458e-02 2.098924030345305364e-02
5.400000000000000000e+01 5.024090186739485486e-02 2.445459641300258558e-02
5.500000000000000000e+01 5.421844716587997937e-02 2.832223571882239166e-02
5.600000000000000000e+01 5.834293183769272140e-02 3.260586995461463300e-02
5.700000000000000000e+01 6.260283746965079887e-02 3.731322407417823200e-02
5.800000000000000000e+01 6.698552827495865558e-02 4.244489924491071098e-02
5.900000000000000000e+01 7.147599601615337028e-02 4.799330019081762128e-02
6.000000000000000000e+01 7.605548674829692990e-02 5.394167436262892190e-02
6.100000000000000000e+01 8.070089857100501418e-02 6.026330342291705278e-02
6.200000000000000000e+01 8.538555572642403391e-02 6.692089427634932697e-02
6.300000000000000000e+01 9.008121824239577469e-02 7.386623386164853367e-02
6.400000000000000000e+01 9.476037796717884376e-02 8.104017323077931934e-02
6.500000000000000000e+01 9.939754406675875564e-02 8.837297653562914412e-02
6.600000000000000000e+01 1.039686501170680039e-01 9.578503345950441228e-02
6.700000000000000000e+01 1.084487833620431801e-01 1.031879288937425365e-01
6.800000000000000000e+01 1.128095616319389483e-01 1.104858889164770930e-01
6.900000000000000000e+01 1.170179398558954947e-01 1.175776242297979640e-01
7.000000000000000000e+01 1.210376069491564954e-01 1.243585362577182829e-01
7.100000000000000000e+01 1.248326717180055362e-01 1.307231804553545818e-01
7.200000000000000000e+01 1.283718584495049664e-01 1.365678719540462938e-01
7.300000000000000000e+01 1.316308867545832872e-01 1.417933731812496545e-01
7.400000000000000000e+01 1.345915623190848676e-01 1.463076344075668889e-01
7.500000000000000000e+01 1.372379832623444873e-01 1.500285034840476983e-01
7.600000000000000000e+01 1.395520991392396881e-01 1.528862372456474272e-01
7.700000000000000000e+01 1.415114785382145524e-01 1.548256444401464038e-01
7.800000000000000000e+01 1.430910274093588896e-01 1.558077832506513105e-01
7.900000000000000000e+01 1.442680937638665950e-01 1.558112187294957429e-01
8.000000000000000000e+01 1.450282464406154326e-01 1.548328275358584749e-01
8.100000000000000000e+01 1.453683831445846397e-01 1.528880638641049450e-01
8.200000000000000000e+01 1.452952060651680755e-01 1.500105887205176458e-01
8.300000000000000000e+01 1.448197777980879952e-01 1.462512549455497191e-01
8.400000000000000000e+01 1.439512620351817984e-01 1.416765520610245577e-01
8.500000000000000000e+01 1.426935677230279920e-01 1.363666484357983211e-01
8.600000000000000000e+01 1.410469834924791277e-01 1.304131132280179628e-01
8.700000000000000000e+01 1.390139243303551431e-01 1.239163373445920369e-01
8.800000000000000000e+01 1.366053922520304997e-01 1.169826858776297218e-01
8.900000000000000000e+01 1.338442279194276274e-01 1.097215079195093951e-01
9.000000000000000000e+01 1.307630587646403941e-01 1.022422125439125251e-01
9.100000000000000000e+01 1.273979615833245593e-01 9.465159049163755778e-02
9.200000000000000000e+01 1.237813893771101265e-01 8.705142965525261567e-02
9.300000000000000000e+01 1.199383305846829645e-01 7.953637767868462771e-02
9.400000000000000000e+01 1.158877190666739720e-01 7.219205997365997496e-02
9.500000000000000000e+01 1.116479853633424446e-01 6.509359207200535180e-02
9.600000000000000000e+01 1.072432272308710549e-01 5.830463902928791076e-02
9.700000000000000000e+01 1.027062041634700662e-01 5.187701407385487962e-02
9.800000000000000000e+01 9.807633123261924601e-02 4.585065108285748398e-02
9.900000000000000000e+01 9.339382777162574811e-02 4.025381901631881754e-02
1.000000000000000000e+02 8.869337193338450165e-02 3.510361047913258120e-02
1.010000000000000000e+02 8.400075689872715801e-02 3.040679626239655570e-02
1.020000000000000000e+02 7.933414323954583736e-02 2.616100413807440767e-02
1.030000000000000000e+02 7.470877804619367735e-02 2.235602992803868705e-02
1.040000000000000000e+02 7.014214971370746898e-02 1.897511674004458138e-02
1.050000000000000000e+02 6.565652362222190730e-02 1.599619542703843364e-02
1.060000000000000000e+02 6.127754094845776212e-02 1.339315628334375279e-02
1.070000000000000000e+02 5.702992609716743544e-02 1.113713873113972123e-02
1.080000000000000000e+02 5.293292433952200698e-02 9.197719893516389383e-03
1.090000000000000000e+02 4.899803352610696688e-02 7.543901689347683528e-03
1.100000000000000000e+02 4.523007575572673272e-02 6.144905722229558262e-03
1.110000000000000000e+02 4.163068513617052685e-02 4.970844429464616951e-03
1.120000000000000000e+02 3.820204054572477748e-02 3.993294104798601751e-03
1.130000000000000000e+02 3.494878375045189223e-02 3.185733831618759587e-03
1.140000000000000000e+02 3.187732120923798818e-02 2.523819127207671108e-03
1.150000000000000000e+02 2.899327019999027935e-02 1.985512634983059230e-03
1.160000000000000000e+02 2.629875784333337435e-02 1.551123956058825162e-03
1.170000000000000000e+02 2.379115364789641598e-02 1.203291150072395045e-03
1.180000000000000000e+02 2.146381927121029931e-02 9.269058379174270699e-04
1.190000000000000000e+02 1.930826858137917046e-02 7.089800749687346759e-04
1.200000000000000000e+02 1.731644175553538265e-02 5.384701299834622392e-04
1.210000000000000000e+02 1.548192320308505558e-02 4.060820914290831554e-04
1.220000000000000000e+02 1.379968489942312582e-02 3.040767346431341072e-04
1.230000000000000000e+02 1.226480329736778785e-02 2.260788628026206355e-04
1.240000000000000000e+02 1.087108222426935548e-02 1.668920094921323683e-04
1.250000000000000000e+02 9.610408775043665502e-03 1.223220393066868782e-04
1.260000000000000000e+02 8.473128026660534801e-03 8.901523403317897253e-05
1.270000000000000000e+02 7.449116656903969139e-03 6.431465914897263505e-05
1.280000000000000000e+02 6.528909401305232375e-03 4.613533217552932928e-05
1.290000000000000000e+02 5.704314789841179699e-03 3.285679100125743967e-05
1.300000000000000000e+02 4.968328563879739930e-03 2.323142626562942078e-05
1.310000000000000000e+02 4.314558830458447257e-03 1.630730068239692754e-05
1.320000000000000000e+02 3.736590224580747799e-03 1.136432302683455453e-05
1.330000000000000000e+02 3.227656926628883188e-03 7.862449301107624327e-06
1.340000000000000000e+02 2.780750653683367220e-03 5.400264385360137732e-06
1.350000000000000000e+02 2.389028711424837081e-03 3.682139530128550277e-06
1.360000000000000000e+02 2.046252894822282817e-03 2.492320718553362631e-06
1.370000000000000000e+02 1.747027768198752828e-03 1.674668775163764242e-06
1.380000000000000000e+02 1.486759428954224829e-03 1.117078419383617864e-06
1.390000000000000000e+02 1.261416846068313079e-03 7.397163461629935862e-07
1.400000000000000000e+02 1.067259921999569013e-03 4.862413591870185202e-07
1.410000000000000000e+02 9.006759371268870280e-04 3.172628247661885728e-07
1.420000000000000000e+02 7.581748991307155419e-04 2.054778877233216370e-07
1.430000000000000000e+02 6.364986632910122743e-04 1.321031105077342105e-07
1.440000000000000000e+02 5.327499411321969186e-04 8.431036714971061150e-08
1.450000000000000000e+02 4.444596560688447262e-04 5.341317834129108817e-08
1.460000000000000000e+02 3.695629287518612622e-04 3.358659570424196756e-08
1.470000000000000000e+02 3.063082784674169131e-04 2.096075889285282446e-08
1.480000000000000000e+02 2.531525074438081423e-04 1.298384565750888447e-08
1.490000000000000000e+02 2.086875362029289439e-04 7.983856546345099475e-09
1.500000000000000000e+02 1.716172783278625683e-04 4.873517435485287622e-09
1.510000000000000000e+02 1.407728383524557616e-04 2.952707213008072088e-09
1.520000000000000000e+02 1.151386663992292096e-04 1.775263792523597207e-09
1.530000000000000000e+02 9.386496700238369274e-05 1.059196345786602208e-09
1.540000000000000000e+02 7.625615944368152068e-05 6.272865143709623323e-10
1.550000000000000000e+02 6.174074930602495770e-05 3.688221167569944726e-10
1.560000000000000000e+02 4.983635002162452006e-05 2.152656362196828449e-10
1.570000000000000000e+02 4.012260544237930245e-05 1.246738676800731682e-10
1.580000000000000000e+02 3.222764280056440581e-05 7.163495449396948134e-11
1.590000000000000000e+02 2.582583525941379278e-05 4.084413465359596599e-11
