0.000000000000000000e+00 -4.748923951175909819e-09 -3.054379198257459860e-07
1.000000000000000000e+00 7.484696330152262346e-07 3.259013493526645994e-07
2.000000000000000000e+00 9.284889085451625617e-07 4.265746536811777337e-07
3.000000000000000000e+00 1.232455505491288545e-06 5.736988459474509807e-07
4.000000000000000000e+00 1.630491150510532565e-06 7.687573702756766120e-07
5.000000000000000000e+00 2.149369470363429351e-06 1.026273558589901094e-06
6.000000000000000000e+00 2.823262497768208004e-06 1.364749728132689413e-06
7.000000000000000000e+00 3.695282322282546519e-06 1.807701049574308205e-06
8.000000000000000000e+00 4.819595052844497601e-06 2.384988707242599810e-06
9.000000000000000000e+00 6.263921036352569777e-06 3.134456968783577458e-06
1.000000000000000000e+01 8.112466385112251531e-06 4.103849742726415259e-06
1.100000000000000000e+01 1.046938182262220288e-05 5.352988747743892478e-06
1.200000000000000000e+01 1.346290944970119353e-05 6.956260380367427285e-06
1.300000000000000000e+01 1.725041511911783789e-05 9.005552277393148871e-06
1.400000000000000000e+01 2.202445823293400025e-05 1.161384122144600097e-05
1.500000000000000000e+01 2.801991450041909040e-05 1.491960753955095913e-05
1.600000000000000000e+01 3.552200384798172370e-05 1.909213336453948379e-05
1.700000000000000000e+01 4.487503115815741383e-05 2.433761256787712049e-05
1.800000000000000000e+01 5.649184366180914685e-05 3.090595358208372812e-05
1.900000000000000000e+01 7.086442456432574442e-05 3.909824158024280703e-05
2.000000000000000000e+01 8.857642623907085381e-05 4.927497211494176964e-05
2.100000000000000000e+01 1.103184082232396999e-04 6.186524198634593740e-05
2.200000000000000000e+01 1.369058360360065284e-04 7.737700991817291949e-05
2.300000000000000000e+01 1.692987338659107124e-04 9.640840265783672273e-05
2.400000000000000000e+01 2.086210312628931874e-04 1.196600420880822898e-04
2.500000000000000000e+01 2.561780280054300868e-04 1.479485829874323233e-04
2.600000000000000000e+01 3.134723500148871604e-04 1.822218398631841147e-04
2.700000000000000000e+01 3.822213605334441621e-04 2.235755517441142095e-04
2.800000000000000000e+01 4.643801971723042227e-04 2.732707373441629851e-04
2.900000000000000000e+01 5.621725327634838256e-04 3.327492791373327366e-04
3.000000000000000000e+01 6.781258487521153733e-04 4.036452023024729528e-04
3.100000000000000000e+01 8.151024082699691049e-04 4.877912900227650869e-04
3.200000000000000000e+01 9.763159082798703210e-04 5.872247272611327319e-04
3.300000000000000000e+01 1.165330099461602811e-03 7.041984466173950401e-04
3.400000000000000000e+01 1.386047522613222723e-03 8.412027411547349023e-04
3.500000000000000000e+01 1.642706176908521540e-03 1.000992948425205153e-03
3.600000000000000000e+01 1.939900007414327660e-03 1.186607785132814345e-03
3.700000000000000000e+01 2.282622020859342241e-03 1.401358588770975234e-03
3.800000000000000000e+01 2.676304563225853118e-03 1.648780711880033084e-03
3.900000000000000000e+01 3.126817302581074397e-03 1.932563222367531496e-03
4.000000000000000000e+01 3.640395710194617787e-03 2.256496352949138862e-03
4.100000000000000000e+01 4.223511532835132025e-03 2.624475194321967617e-03
4.200000000000000000e+01 4.882739954925877611e-03 3.040561064630154312e-03
4.300000000000000000e+01 5.624691807115195230e-03 3.509044459481911946e-03
4.400000000000000000e+01 6.456041344544931684e-03 4.034417713127925846e-03
4.500000000000000000e+01 7.383603774893469571e-03 4.621194082060182777e-03
4.600000000000000000e+01 8.414351090371009756e-03 5.273607084850665157e-03
4.700000000000000000e+01 9.555256769246685267e-03 5.995334033139209859e-03
4.800000000000000000e+01 1.081294996629015084e-02 6.789419442707490121e-03
4.900000000000000000e+01 1.219329355108615502e-02 7.658467501386188175e-03
5.000000000000000000e+01 1.370108472924216718e-02 8.604965942005347868e-03
5.100000000000000000e+01 1.534003110149495183e-02 9.631437005779546617e-03
5.200000000000000000e+01 1.711297890885537035e-02 1.074014304899149203e-02
5.300000000000000000e+01 1.902216694998252328e-02 1.193234923576522513e-02
5.400000000000000000e+01 2.106920038386654245e-02 1.320751463461389622e-02
5.500000000000000000e+01 2.325457566632799580e-02 1.456296526729879311e-02
5.600000000000000000e+01 2.557688843273336898e-02 1.599438468579975070e-02
5.700000000000000000e+01 2.803212930588173252e-02 1.749689802613929590e-02
5.800000000000000000e+01 3.061350564102178345e-02 1.906598817567437681e-02
5.900000000000000000e+01 3.331194456177731522e-02 2.069741907195978003e-02
6.000000000000000000e+01 3.611698163129724304e-02 2.238593515581525917e-02
6.100000000000000000e+01 3.901742142838111882e-02 2.412344549305909039e-02
6.200000000000000000e+01 4.200122866862440046e-02 2.589800593885651508e-02
6.300000000000000000e+01 4.505458701010640887e-02 2.769460800175048421e-02
6.400000000000000000e+01 4.816066963510377136e-02 2.949760190968743478e-02
6.500000000000000000e+01 5.129898548918419149e-02 3.129327828587157023e-02
6.600000000000000000e+01 5.444592471737332712e-02 3.307072567463247015e-02
6.700000000000000000e+01 5.757641359651127777e-02 3.482007877726439604e-02
6.800000000000000000e+01 6.066583637955617891e-02 3.652915658558918144e-02
6.900000000000000000e+01 6.369110590667106941e-02 3.818093221388205172e-02
7.000000000000000000e+01 6.663021815469452602e-02 3.975405997611269893e-02
7.100000000000000000e+01 6.946059029187560963e-02 4.122670251725761570e-02
7.200000000000000000e+01 7.215736315095200304e-02 4.258142168348837131e-02
7.300000000000000000e+01 7.469303754814064777e-02 4.380777510110593631e-02
7.400000000000000000e+01 7.703909801025446424e-02 4.490055666210326923e-02
7.500000000000000000e+01 7.916903144637900402e-02 4.585465325472959375e-02
7.600000000000000000e+01 8.106114364812395945e-02 4.666014245917791958e-02
7.700000000000000000e+01 8.269951302174605168e-02 4.730144983704907824e-02
7.800000000000000000e+01 8.407245588292824867e-02 4.776171204443882545e-02
7.900000000000000000e+01 8.516945261375176435e-02 4.802970347113005856e-02
8.000000000000000000e+01 8.597860521166839076e-02 4.810454419882495558e-02
8.100000000000000000e+01 8.648655233833792144e-02 4.799466448735793811e-02
8.200000000000000000e+01 8.668130444753337216e-02 4.771146589955635453e-02
8.300000000000000000e+01 8.655651355645101186e-02 4.726200423196726119e-02
8.400000000000000000e+01 8.611452622398461931e-02 4.664592341478397686e-02
8.500000000000000000e+01 8.536607531487815093e-02 4.585897347172393501e-02
8.600000000000000000e+01 8.432649435907857427e-02 4.490073068343516938e-02
8.700000000000000000e+01 8.301065640818179603e-02 4.378101252648120695e-02
8.800000000000000000e+01 8.142987034601130436e-02 4.252028319589974681e-02
8.900000000000000000e+01 7.959286956806353730e-02 4.114357372363308674e-02
9.000000000000000000e+01 7.751036645685277504e-02 3.967205640003002021e-02
9.100000000000000000e+01 7.520013576409617650e-02 3.811806404555097977e-02
9.200000000000000000e+01 7.268899741674324233e-02 3.648684189094641983e-02
9.300000000000000000e+01 7.000995959530612045e-02 3.478350527712667506e-02
9.400000000000000000e+01 6.719600065249407839e-02 3.302004365929397250e-02
9.500000000000000000e+01 6.427433256370307380e-02 3.121733520497854339e-02
9.600000000000000000e+01 6.126479901231843272e-02 2.940082014100256491e-02
9.700000000000000000e+01 5.818334186585539386e-02 2.759297399035082199e-02
9.800000000000000000e+01 5.504802852071913333e-02 2.580780067649150744e-02
9.900000000000000000e+01 5.188335243972087840e-02 2.405088269645869539e-02
1.000000000000000000e+02 4.871968304151788609e-02 2.232448047438347766e-02
1.010000000000000000e+02 4.558807448237660320e-02 2.063375216682462876e-02
1.020000000000000000e+02 4.251382570636779573e-02 1.898971734410547993e-02
1.030000000000000000e+02 3.951300258375649299e-02 1.740719965529087532e-02
1.040000000000000000e+02 3.659405217024278012e-02 1.589958432265747845e-02
1.050000000000000000e+02 3.376315518550687678e-02 1.447423003660176961e-02
1.060000000000000000e+02 3.102951647974478561e-02 1.313155134842462768e-02
1.070000000000000000e+02 2.840703683176737382e-02 1.186799447129600199e-02
1.080000000000000000e+02 2.591146138672182492e-02 1.068049630794053184e-02
1.090000000000000000e+02 2.355521304608304556e-02 9.569325975041622148e-03
1.100000000000000000e+02 2.134353451079210040e-02 8.537696697780736838e-03
1.110000000000000000e+02 1.927443247285374334e-02 7.588913319999165269e-03
1.120000000000000000e+02 1.734219851438627627e-02 6.723355102709075923e-03
1.130000000000000000e+02 1.554194222158281763e-02 5.937366684484839813e-03
1.140000000000000000e+02 1.387216219554129534e-02 5.224553321583140161e-03
1.150000000000000000e+02 1.233399471025466501e-02 4.578313751742025921e-03
1.160000000000000000e+02 1.092812149533389440e-02 3.993821859770541050e-03
1.170000000000000000e+02 9.651735823856227858e-03 3.468332008646790934e-03
1.180000000000000000e+02 8.497624543729591362e-03 2.999972013325006952e-03
1.190000000000000000e+02 7.455770668972442998e-03 2.586136269642736688e-03
1.200000000000000000e+02 6.516183390127116420e-03 2.222634637922856274e-03
1.210000000000000000e+02 5.671049659840356888e-03 1.904033060586132319e-03
1.220000000000000000e+02 4.915023696736458593e-03 1.624760516688172982e-03
1.230000000000000000e+02 4.243850204952178892e-03 1.380146490264376686e-03
1.240000000000000000e+02 3.652544127760256124e-03 1.166769539136558540e-03
1.250000000000000000e+02 3.134413097638475820e-03 9.820674844699893956e-04
1.260000000000000000e+02 2.681433756484569858e-03 8.236360350383503540e-04
1.270000000000000000e+02 2.285530458361131195e-03 6.887378990884244004e-04
1.280000000000000000e+02 1.939811296348398564e-03 5.742845591594604795e-04
1.290000000000000000e+02 1.639022360301825880e-03 4.771882434788081049e-04
1.300000000000000000e+02 1.379116978694054077e-03 3.947711315895385061e-04
1.310000000000000000e+02 1.156406925098148707e-03 3.249593969760120570e-04
1.320000000000000000e+02 9.669171424511360368e-04 2.661924945187543442e-04
1.330000000000000000e+02 8.062963077244535235e-04 2.171724457543295933e-04
1.340000000000000000e+02 6.702064672374464464e-04 1.766427338618746100e-04
1.350000000000000000e+02 5.548329607671842380e-04 1.433154891836410834e-04
1.360000000000000000e+02 4.571648221456734557e-04 1.159405967725243462e-04
1.370000000000000000e+02 3.749209680510077851e-04 9.342466871926573106e-05
1.380000000000000000e+02 3.062445128454247684e-04 7.490397482818216327e-05
1.390000000000000000e+02 2.493967316426293299e-04 5.973217862901955197e-05
1.400000000000000000e+02 2.026212147605607587e-04 4.740786499386864849e-05
1.410000000000000000e+02 1.641998000372134705e-04 3.749630966677029573e-05
1.420000000000000000e+02 1.326001075603623614e-04 2.958706372231605883e-05
1.430000000000000000e+02 1.065875287057987063e-04 2.329474258350060825e-05
1.440000000000000000e+02 8.523266250324254588e-05 1.828260124297947432e-05
1.450000000000000000e+02 6.782859363206055641e-05 1.428203432223923726e-05
1.460000000000000000e+02 5.378277650788179252e-05 1.109305456410986999e-05
1.470000000000000000e+02 4.254480605429437423e-05 8.567741107545453935e-06
1.480000000000000000e+02 3.359227291286407378e-05 6.588622679007297728e-06
1.490000000000000000e+02 2.645655196954092099e-05 5.053300877816433112e-06
1.500000000000000000e+02 2.075340157146976456e-05 3.869393894213660506e-06
1.510000000000000000e+02 1.619252050939618118e-05 2.956730742646151380e-06
1.520000000000000000e+02 1.256175677599483867e-05 2.250913132525697985e-06
1.530000000000000000e+02 9.698599020797546772e-06 1.704014271124045968e-06
1.540000000000000000e+02 7.465379535246925043e-06 1.281690568920266814e-06
1.550000000000000000e+02 5.737458673497127055e-06 9.585738834675764180e-07
1.560000000000000000e+02 4.403484008043711845e-06 7.142982225974718346e-07
1.570000000000000000e+02 3.370639796353950412e-06 5.314103678309505707e-07
1.580000000000000000e+02 2.567862866337489888e-06 3.949817323280255691e-07
1.590000000000000000e+02 1.944060418380486286e-06 2.929495504319925684e-07
