0.000000000000000000e+00 -1.246478032666929967e-05 1.465947552687656798e-07
1.000000000000000000e+00 1.375273740659182278e-05 1.632485604428929580e-09
2.000000000000000000e+00 1.423257757801175818e-05 2.366374718930479356e-09
3.000000000000000000e+00 1.783589939268521673e-05 3.651896202986581305e-09
4.000000000000000000e+00 2.238603238364914646e-05 5.607213156765003465e-09
5.000000000000000000e+00 2.800414112729043478e-05 8.556914435837309834e-09
6.000000000000000000e+00 3.493749238795531350e-05 1.298368241196847662e-08
7.000000000000000000e+00 4.349337914322508759e-05 1.959879353882657518e-08
8.000000000000000000e+00 5.403118199843949028e-05 2.943807038918266919e-08
9.000000000000000000e+00 6.695320017803841890e-05 4.398828913611323752e-08
1.000000000000000000e+01 8.270242150918308906e-05 6.536218528898295454e-08
1.100000000000000000e+01 1.017781304645696357e-04 9.655503000265969305e-08
1.200000000000000000e+01 1.247729630480354332e-04 1.418193247403321721e-07
1.300000000000000000e+01 1.524219576255950019e-04 2.071816058360700960e-07
1.400000000000000000e+01 1.856425293169522981e-04 3.011100444515258697e-07
1.500000000000000000e+01 2.255431083278565375e-04 4.353558265157314170e-07
1.600000000000000000e+01 2.733924530142507465e-04 6.260528134607295536e-07
1.700000000000000000e+01 3.305671639328798387e-04 8.952398177702977304e-07
1.800000000000000000e+01 3.985176660614546135e-04 1.272993721742640707e-06
1.900000000000000000e+01 4.787955051787720368e-04 1.800285813483659877e-06
2.000000000000000000e+01 5.731578825526593458e-04 2.532563920753596419e-06
2.100000000000000000e+01 6.837174132934966753e-04 3.544080048889863298e-06
2.200000000000000000e+01 8.130627181692508774e-04 4.933228763008183916e-06
2.300000000000000000e+01 9.642704966337439310e-04 6.829504994390962152e-06
2.400000000000000000e+01 1.140778283893779639e-03 9.402801888584684043e-06
2.500000000000000000e+01 1.346172722021647412e-03 1.287543358717273159e-05
2.600000000000000000e+01 1.584022834757577115e-03 1.753672022903814842e-05
2.700000000000000000e+01 1.857895719753736678e-03 2.375983602372379457e-05
2.800000000000000000e+01 2.171606971340216130e-03 3.202132290438034873e-05
2.900000000000000000e+01 2.529611118891217370e-03 4.292482041020575145e-05
3.000000000000000000e+01 2.937312193987165823e-03 5.723104941106765288e-05
3.100000000000000000e+01 3.401063940571143716e-03 7.589508418647839016e-05
3.200000000000000000e+01 3.927772340809337730e-03 1.001099716792222994e-04
3.300000000000000000e+01 4.524253688475836886e-03 1.313545849558874694e-04
3.400000000000000000e+01 5.196700754453045454e-03 1.714447509496980757e-04
3.500000000000000000e+01 5.950620796013648441e-03 2.225897077337509237e-04
3.600000000000000000e+01 6.791376977685508950e-03 2.874581947423110744e-04
3.700000000000000000e+01 7.725087435145182313e-03 3.692571311322300799e-04
3.800000000000000000e+01 8.759335200178264627e-03 4.718205955092964624e-04
3.900000000000000000e+01 9.903138315018827562e-03 5.997011052916590822e-04
4.000000000000000000e+01 1.116599144514591503e-02 7.582542622039010419e-04
4.100000000000000000e+01 1.255635506436428295e-02 9.537143917377340855e-04
4.200000000000000000e+01 1.408040155618622835e-02 1.193268996667455964e-03
4.300000000000000000e+01 1.574181341780157492e-02 1.485143782732314911e-03
4.400000000000000000e+01 1.754288754913612552e-02 1.838699260847241005e-03
4.500000000000000000e+01 1.948639025906900857e-02 2.264518112801777987e-03
4.600000000000000000e+01 2.157701723129870630e-02 2.774448397014819996e-03
4.700000000000000000e+01 2.382136918783517646e-02 3.381581444819631473e-03
4.800000000000000000e+01 2.622612988874156378e-02 4.100182412676007040e-03
4.900000000000000000e+01 2.879523928746534692e-02 4.945621032513879481e-03
5.000000000000000000e+01 3.152762240637562580e-02 5.934329352250858162e-03
5.100000000000000000e+01 3.441691142862658703e-02 7.083743914493380311e-03
5.200000000000000000e+01 3.745353272920119714e-02 8.412134999014983516e-03
5.300000000000000000e+01 4.062808156327039205e-02 9.938258964816971269e-03
5.400000000000000000e+01 4.393396144801883091e-02 1.168088783772250512e-02
5.500000000000000000e+01 4.736749475131298015e-02 1.365836447005015948e-02
5.600000000000000000e+01 5.092510889693056125e-02 1.588828171006958709e-02
5.700000000000000000e+01 5.459901085845757229e-02 1.838720283211251263e-02
5.800000000000000000e+01 5.837387479932994172e-02 2.117020474501976612e-02
5.900000000000000000e+01 6.222670181635919784e-02 2.425011370634617275e-02
6.000000000000000000e+01 6.613025094454966224e-02 2.763657876304871294e-02
6.100000000000000000e+01 7.005827318018657823e-02 3.133532061654337175e-02
6.200000000000000000e+01 7.398953918224576709e-02 3.534776018997060759e-02
6.300000000000000000e+01 7.790818869471427544e-02 3.967085359808968092e-02
6.400000000000000000e+01 8.180003934990091874e-02 4.429672476480074617e-02
6.500000000000000000e+01 8.564696824445176826e-02 4.921189496718661460e-02
6.600000000000000000e+01 8.942280485310867555e-02 5.439640518921218248e-02
6.700000000000000000e+01 9.309345348268580067e-02 5.982339625562148322e-02
6.800000000000000000e+01 9.662153112778681940e-02 6.545941252175924152e-02
6.900000000000000000e+01 9.997308584738126558e-02 7.126508257776079103e-02
7.000000000000000000e+01 1.031226175948130597e-01 7.719554797974030602e-02
7.100000000000000000e+01 1.060535300753699256e-01 8.320040505429338040e-02
7.200000000000000000e+01 1.087538135004671586e-01 8.922361908375753270e-02
7.300000000000000000e+01 1.112096153555433564e-01 9.520411874641064587e-02
7.400000000000000000e+01 1.134006662348473471e-01 1.010772714062870004e-01
7.500000000000000000e+01 1.153004636994426346e-01 1.067766802280088745e-01
7.600000000000000000e+01 1.168812921351600198e-01 1.122355385417217605e-01
7.700000000000000000e+01 1.181212687859249655e-01 1.173873578797587636e-01
7.800000000000000000e+01 1.190093965431062439e-01 1.221666377717643553e-01
7.900000000000000000e+01 1.195457902317901833e-01 1.265101595806663037e-01
8.000000000000000000e+01 1.197370958242241351e-01 1.303589413930242857e-01
8.100000000000000000e+01 1.195899225940554311e-01 1.336601814576896530e-01
8.200000000000000000e+01 1.191061910888092795e-01 1.363684947556249860e-01
8.300000000000000000e+01 1.182830541373085520e-01 1.384464087629247997e-01
8.400000000000000000e+01 1.171172726024867911e-01 1.398647045652059440e-01
8.500000000000000000e+01 1.156113153119808917e-01 1.406031266737302055e-01
8.600000000000000000e+01 1.137775391122470281e-01 1.406513588174514995e-01
8.700000000000000000e+01 1.116380552123576175e-01 1.400096767637140083e-01
8.800000000000000000e+01 1.092204718633797145e-01 1.386888417976568089e-01
8.900000000000000000e+01 1.065520482825727672e-01 1.367093762331641205e-01
9.000000000000000000e+01 1.036555454412725341e-01 1.341007309319924845e-01
9.100000000000000000e+01 1.005488678536310548e-01 1.309006672500489243e-01
9.200000000000000000e+01 9.724827093814841783e-02 1.271547026456193996e-01
9.300000000000000000e+01 9.377288470559490274e-02 1.229152417496393312e-01
9.400000000000000000e+01 9.014772497381803862e-02 1.182402378737026083e-01
9.500000000000000000e+01 8.640344859862771065e-02 1.131916126251896471e-01
9.600000000000000000e+01 8.257310086810246141e-02 1.078337890763082091e-01
9.700000000000000000e+01 7.868778410724147632e-02 1.022324773385734353e-01
9.800000000000000000e+01 7.477361158205993175e-02 9.645356883794053982e-02
9.900000000000000000e+01 7.085136553423154737e-02 9.056194656105143181e-02
1.000000000000000000e+02 6.693862732904032331e-02 8.462021019759335960e-02
1.010000000000000000e+02 6.305280457256973170e-02 7.868750425045786812e-02
1.020000000000000000e+02 5.921317252281429327e-02 7.281862501943900390e-02
1.030000000000000000e+02 5.544083079721295881e-02 6.706341199973621381e-02
1.040000000000000000e+02 5.175678215541405780e-02 6.146629805514822187e-02
1.050000000000000000e+02 4.817937121142886608e-02 5.606592144842133946e-02
1.060000000000000000e+02 4.472253156536412644e-02 5.089482619568000410e-02
1.070000000000000000e+02 4.139566631994423540e-02 4.597934633623420447e-02
1.080000000000000000e+02 3.820498986501400657e-02 4.133972017504464885e-02
1.090000000000000000e+02 3.515539717602310377e-02 3.699038140683275772e-02
1.100000000000000000e+02 3.225179013702553221e-02 3.294033132085245202e-02
1.110000000000000000e+02 2.949926103300673508e-02 2.919353884204337751e-02
1.120000000000000000e+02 2.690225889325669958e-02 2.574938179733818333e-02
1.130000000000000000e+02 2.446340517059865383e-02 2.260316232090999258e-02
1.140000000000000000e+02 2.218271261580138931e-02 1.974669310045611137e-02
1.150000000000000000e+02 2.005762116111706878e-02 1.716890762080649363e-02
1.160000000000000000e+02 1.808375635789991054e-02 1.485644173301602783e-02
1.170000000000000000e+02 1.625594728167778502e-02 1.279416440368822544e-02
1.180000000000000000e+02 1.456898774471538163e-02 1.096566687906619722e-02
1.190000000000000000e+02 1.301785794295066967e-02 9.353724316232015293e-03
1.200000000000000000e+02 1.159746358271015673e-02 7.940726772373750408e-03
1.210000000000000000e+02 1.030219234357472938e-02 6.709061209498618644e-03
1.220000000000000000e+02 9.125621183321497298e-03 5.641428499964057548e-03
1.230000000000000000e+02 8.060556057161378032e-03 4.721094290886198273e-03
1.240000000000000000e+02 7.099367918263765898e-03 3.932084657037366975e-03
1.250000000000000000e+02 6.234436037333247922e-03 3.259338066354244660e-03
1.260000000000000000e+02 5.458489448419867607e-03 2.688818253512858213e-03
1.270000000000000000e+02 4.764731552775822859e-03 2.207587386542473381e-03
1.280000000000000000e+02 4.146766449984672434e-03 1.803840031626705292e-03
1.290000000000000000e+02 3.598439139079219647e-03 1.466903192937458415e-03
1.300000000000000000e+02 3.113715175243542740e-03 1.187210885461092644e-03
1.310000000000000000e+02 2.686670348851640661e-03 9.562609801752252822e-04
1.320000000000000000e+02 2.311582794916566125e-03 7.665591574297091247e-04
1.330000000000000000e+02 1.983065263180574557e-03 6.115526330381711607e-04
1.340000000000000000e+02 1.696166761263029864e-03 4.855560878440618290e-04
1.350000000000000000e+02 1.446403208286722256e-03 3.836730165363238078e-04
1.360000000000000000e+02 1.229720445494157308e-03 3.017160421384434466e-04
1.370000000000000000e+02 1.042423967818926350e-03 2.361290702685155227e-04
1.380000000000000000e+02 8.811153971356224792e-04 1.839129996499705454e-04
1.390000000000000000e+02 7.426598394496724317e-04 1.425558225955515096e-04
1.400000000000000000e+02 6.241848245026738844e-04 1.099676211585052057e-04
1.410000000000000000e+02 5.230945575968261232e-04 8.442094631656545459e-05
1.420000000000000000e+02 4.370794911172617070e-04 6.449699944251513115e-05
1.430000000000000000e+02 3.641088289637447930e-04 4.903778608892018560e-05
1.440000000000000000e+02 3.024053949147363315e-04 3.710409359074110305e-05
1.450000000000000000e+02 2.504111342086418382e-04 2.793891761487195098e-05
1.460000000000000000e+02 2.067537848618352498e-04 2.093588309541966834e-05
1.470000000000000000e+02 1.702217442045992810e-04 1.561221466072489379e-05
1.480000000000000000e+02 1.397483440109194730e-04 1.158582986830252843e-05
1.490000000000000000e+02 1.144022082712643773e-04 8.556121620539920177e-06
1.500000000000000000e+02 9.337892765959598951e-05 6.287980363463613109e-06
1.510000000000000000e+02 7.599065816999340964e-05 4.598610103446375582e-06
1.520000000000000000e+02 6.165285688587525599e-05 3.346723813668994624e-06
1.530000000000000000e+02 4.986952464543285791e-05 2.423751547533586799e-06
1.540000000000000000e+02 4.021911504776125063e-05 1.746742040242189349e-06
1.550000000000000000e+02 3.234274562603782390e-05 1.252677954909531439e-06
1.560000000000000000e+02 2.593519289068254056e-05 8.939580680489737232e-07
1.570000000000000000e+02 2.073813232188720894e-05 6.348313581809945067e-07
1.580000000000000000e+02 1.653463816477166904e-05 4.486000918688494383e-07
1.590000000000000000e+02 1.314409996055126506e-05 3.154399981723100235e-07
