0.000000000000000000e+00 -3.600378293737038948e-07 -2.225757330827427889e-07
1.000000000000000000e+00 3.030733599241641731e-07 3.669429030828418582e-07
2.000000000000000000e+00 4.020537996337446979e-07 4.791957031648175565e-07
3.000000000000000000e+00 5.439821574139130993e-07 6.392538754080323254e-07
4.000000000000000000e+00 7.330328393383038161e-07 8.495544302567131968e-07
5.000000000000000000e+00 9.837862063031737896e-07 1.124823611516733938e-06
6.000000000000000000e+00 1.315036926825877262e-06 1.483879149262291965e-06
7.000000000000000000e+00 1.750901081960851351e-06 1.950641809003591790e-06
8.000000000000000000e+00 2.322129742493174206e-06 2.555271439606601549e-06
9.000000000000000000e+00 3.067647885279955851e-06 3.335439775203634177e-06
1.000000000000000000e+01 4.036392235284038849e-06 4.337847693842195858e-06
1.100000000000000000e+01 5.289588702060042807e-06 5.620193878885434054e-06
1.200000000000000000e+01 6.903641951718450474e-06 7.253821183099454569e-06
1.300000000000000000e+01 8.973748529054942276e-06 9.327129895626749904e-06
1.400000000000000000e+01 1.161818614988677451e-05 1.194957000161146444e-05
1.500000000000000000e+01 1.498306505463682333e-05 1.525576676277281426e-05
1.600000000000000000e+01 1.924732090950970025e-05 1.940935873902856489e-05
1.700000000000000000e+01 2.462801633898574911e-05 2.460661581168020799e-05
1.800000000000000000e+01 3.138652906715647302e-05 3.108073640390021436e-05
1.900000000000000000e+01 3.983658178692095573e-05 3.910835372496395068e-05
2.000000000000000000e+01 5.035482149973386553e-05 4.901948430212690471e-05
2.100000000000000000e+01 6.339357267189416642e-05 6.121056270339066986e-05
2.200000000000000000e+01 7.949395269006396961e-05 7.615791776273422723e-05
2.300000000000000000e+01 9.929693094464715525e-05 9.442769100635662238e-05
2.400000000000000000e+01 1.235512919972232046e-04 1.166796078775852758e-04
2.500000000000000000e+01 1.531207561858392581e-04 1.436666433247869726e-04
2.600000000000000000e+01 1.889956521533523598e-04 1.762382361039482436e-04
2.700000000000000000e+01 2.323142426563486944e-04 2.153567698899815899e-04
2.800000000000000000e+01 2.843931189735431206e-04 2.621315172001622293e-04
2.900000000000000000e+01 3.467571933322213264e-04 3.178615965720526745e-04
3.000000000000000000e+01 4.211544583213167980e-04 3.840668980201559775e-04
3.100000000000000000e+01 5.095461648247701959e-04 4.624846383623176359e-04
3.200000000000000000e+01 6.140803452260991478e-04 5.550266388085285576e-04
3.300000000000000000e+01 7.370755320122435172e-04 6.637232642540847206e-04
3.400000000000000000e+01 8.810445445756121333e-04 7.907039950399366449e-04
3.500000000000000000e+01 1.048763600478631961e-03 9.382569838428462183e-04
3.600000000000000000e+01 1.243348545983060435e-03 1.108961134590197382e-03
3.700000000000000000e+01 1.468269442024937831e-03 1.305816246215425226e-03
3.800000000000000000e+01 1.727252936916266225e-03 1.532259434024580824e-03
3.900000000000000000e+01 2.024096007812223059e-03 1.791996643527454108e-03
4.000000000000000000e+01 2.362501825859289733e-03 2.088698147364842495e-03
4.100000000000000000e+01 2.746072524144568903e-03 2.425739171258349623e-03
4.200000000000000000e+01 3.178502582967895462e-03 2.806202800015373654e-03
4.300000000000000000e+01 3.663843585311883991e-03 3.233229181845112977e-03
4.400000000000000000e+01 4.206581503962370135e-03 3.710534250646539689e-03
4.500000000000000000e+01 4.811320978718653871e-03 4.242701291098733424e-03
4.600000000000000000e+01 5.482135215301937696e-03 4.834873132777561464e-03
4.700000000000000000e+01 6.221957928850989361e-03 5.491818645009436360e-03
4.800000000000000000e+01 7.032494526043028826e-03 6.216847682373596168e-03
4.900000000000000000e+01 7.914837716784766178e-03 7.011341580119810624e-03
5.000000000000000000e+01 8.870406865975273211e-03 7.875430905551676283e-03
5.100000000000000000e+01 9.901404448635971189e-03 8.809596322060207763e-03
5.200000000000000000e+01 1.101013233877473629e-02 9.816138392218084693e-03
5.300000000000000000e+01 1.219729949752355533e-02 1.089921979948842851e-02
5.400000000000000000e+01 1.346038604687943910e-02 1.206292327197993827e-02
5.500000000000000000e+01 1.479341861334253563e-02 1.330819612386113099e-02
5.600000000000000000e+01 1.618869966201574861e-02 1.463071005659664220e-02
5.700000000000000000e+01 1.763950675141292765e-02 1.602152718620745986e-02
5.800000000000000000e+01 1.914167544704273999e-02 1.747076714691955801e-02
5.900000000000000000e+01 2.069239217641785991e-02 1.897215017898031333e-02
6.000000000000000000e+01 2.228650180096208855e-02 2.052504938220831715e-02
6.100000000000000000e+01 2.391285996230456401e-02 2.213180733218117133e-02
6.200000000000000000e+01 2.555385713981656037e-02 2.379126019768878358e-02
6.300000000000000000e+01 2.718929898531344952e-02 2.549262121378886858e-02
6.400000000000000000e+01 2.880243131380976276e-02 2.721455320322203539e-02
6.500000000000000000e+01 3.038364202770429609e-02 2.893129717444893612e-02
6.600000000000000000e+01 3.192843355535744665e-02 3.062266695570678432e-02
6.700000000000000000e+01 3.343041050252384960e-02 3.228111000003776321e-02
6.800000000000000000e+01 3.487433626530256348e-02 3.391000168527983499e-02
6.900000000000000000e+01 3.623515654460991720e-02 3.551301274391031881e-02
7.000000000000000000e+01 3.748494715645329933e-02 3.708120101186809792e-02
7.100000000000000000e+01 3.860353091093420008e-02 3.858732994415565304e-02
7.200000000000000000e+01 3.958486523169864324e-02 3.999294377874693801e-02
7.300000000000000000e+01 4.043365481614136225e-02 4.126491733836908787e-02
7.400000000000000000e+01 4.115387697596246258e-02 4.239059100264987862e-02
7.500000000000000000e+01 4.173766384360798332e-02 4.338020704101298863e-02
7.600000000000000000e+01 4.216363135407705243e-02 4.425345921947324013e-02
7.700000000000000000e+01 4.240706132417833285e-02 4.501844757781755385e-02
7.800000000000000000e+01 4.245503447129186925e-02 4.565787055334975808e-02
7.900000000000000000e+01 4.231502078735022154e-02 4.613340828154513518e-02
8.000000000000000000e+01 4.200971347214496610e-02 4.640682201090750442e-02
8.100000000000000000e+01 4.156127974258130853e-02 4.646383875408151287e-02
8.200000000000000000e+01 4.097673630456892535e-02 4.632373559390903089e-02
8.300000000000000000e+01 4.024586292279746375e-02 4.602678222800776070e-02
8.400000000000000000e+01 3.935371022550226972e-02 4.560733419055815890e-02
8.500000000000000000e+01 3.829838864925647068e-02 4.507119060112037279e-02
8.600000000000000000e+01 3.710041170498658281e-02 4.439359071481367019e-02
8.700000000000000000e+01 3.579612125960474067e-02 4.353995986949787955e-02
8.800000000000000000e+01 3.441993265025465598e-02 4.249519897037679766e-02
8.900000000000000000e+01 3.298876700551615221e-02 4.128080964185626422e-02
9.000000000000000000e+01 3.150030714779465668e-02 3.994746623688225085e-02
9.100000000000000000e+01 2.994600388449273135e-02 3.854800072383858522e-02
9.200000000000000000e+01 2.832849197011403503e-02 3.710966594203707336e-02
9.300000000000000000e+01 2.666999918500568417e-02 3.562495374724438529e-02
9.400000000000000000e+01 2.500562201170719243e-02 3.406693817554688752e-02
9.500000000000000000e+01 2.336703218457528847e-02 3.241776861024715795e-02
9.600000000000000000e+01 2.176911280146322236e-02 3.069001774898605372e-02
9.700000000000000000e+01 2.020913648971770643e-02 2.892625244332456061e-02
9.800000000000000000e+01 1.867814130527442606e-02 2.717794818875733653e-02
9.900000000000000000e+01 1.717513138164789011e-02 2.547914814706513098e-02
1.000000000000000000e+02 1.571339425821520475e-02 2.383307857187274420e-02
1.010000000000000000e+02 1.431499506279136982e-02 2.221992181257088569e-02
1.020000000000000000e+02 1.299859766062838942e-02 2.061888641167553340e-02
1.030000000000000000e+02 1.177015421956352850e-02 1.902844772512694155e-02
1.040000000000000000e+02 1.062289820135352281e-02 1.747119971150199944e-02
1.050000000000000000e+02 9.545580504403412825e-03 1.598143066670011311e-02
1.060000000000000000e+02 8.532048643104752153e-03 1.458543550663379471e-02
1.070000000000000000e+02 7.585195569760071026e-03 1.328848451816211189e-02
1.080000000000000000e+02 6.713316289935359130e-03 1.207641069967749226e-02
1.090000000000000000e+02 5.922645186464466083e-03 1.092907817081571753e-02
1.100000000000000000e+02 5.212016604469844709e-03 9.835382415051384039e-03
1.110000000000000000e+02 4.573151847700261674e-03 8.799727619255126587e-03
1.120000000000000000e+02 3.995509710404659964e-03 7.836936333126428428e-03
1.130000000000000000e+02 3.471584832033402027e-03 6.960637165349231256e-03
1.140000000000000000e+02 2.998943062262627787e-03 6.173747815302109074e-03
1.150000000000000000e+02 2.578249963606607173e-03 5.466988033002632627e-03
1.160000000000000000e+02 2.209489009581275254e-03 4.825156702727928515e-03
1.170000000000000000e+02 1.889392280739279201e-03 4.235871823817879793e-03
1.180000000000000000e+02 1.611646546891215689e-03 3.694764429207479141e-03
1.190000000000000000e+02 1.369182736802072517e-03 3.204477468728471248e-03
1.200000000000000000e+02 1.156559973182435391e-03 2.769310455458637906e-03
1.210000000000000000e+02 9.708237010967843590e-04 2.389808003445735227e-03
1.220000000000000000e+02 8.106265134721778089e-04 2.060788153459051919e-03
1.230000000000000000e+02 6.746308992806038241e-04 1.773398923006267586e-03
1.240000000000000000e+02 5.604526426817801020e-04 1.519090415088100894e-03
1.250000000000000000e+02 4.647236566609105456e-04 1.292610208901912071e-03
1.260000000000000000e+02 3.839471162526964226e-04 1.092374218379289818e-03
1.270000000000000000e+02 3.153651148638388860e-04 9.185897846610633754e-04
1.280000000000000000e+02 2.572539276553061798e-04 7.708347388664171318e-04
1.290000000000000000e+02 2.086008675894441633e-04 6.467352386536303396e-04
1.300000000000000000e+02 1.685401187147474601e-04 5.422998042875705645e-04
1.310000000000000000e+02 1.359778259769281461e-04 4.532924288261570888e-04
1.320000000000000000e+02 1.095874607230921840e-04 3.765324210288120265e-04
1.330000000000000000e+02 8.805899336103667312e-05 3.103376057815309427e-04
1.340000000000000000e+02 7.035326032861186649e-05 2.540615357277928353e-04
1.350000000000000000e+02 5.578539079309330188e-05 2.072459472363502283e-04
1.360000000000000000e+02 4.392776242286193316e-05 1.690030985070712689e-04
1.370000000000000000e+02 3.444383816734452610e-05 1.379305281268491674e-04
1.380000000000000000e+02 2.697389209387511739e-05 1.124495280412801825e-04
1.390000000000000000e+02 2.112130777935890063e-05 9.123167332570345563e-05
1.400000000000000000e+02 1.650790485620767532e-05 7.342301889841418348e-05
1.410000000000000000e+02 1.283374317578396464e-05 5.858520146141738179e-05
1.420000000000000000e+02 9.896763564441438227e-06 4.646829979874922412e-05
1.430000000000000000e+02 7.569377282989815883e-06 3.679627913414891885e-05
1.440000000000000000e+02 5.758039726321013709e-06 2.918198846234346778e-05
1.450000000000000000e+02 4.373809632686809627e-06 2.317446644963933576e-05
1.460000000000000000e+02 3.325282623358259699e-06 1.836208932422250258e-05
1.470000000000000000e+02 2.527463256714803118e-06 1.444763176361275346e-05
1.480000000000000000e+02 1.912943291853857865e-06 1.125653610636073612e-05
1.490000000000000000e+02 1.435820160684016110e-06 8.692696567726551562e-06
1.500000000000000000e+02 1.067274334420095095e-06 6.682426848967167363e-06
1.510000000000000000e+02 7.875645284364144099e-07 5.140435042168320487e-06
1.520000000000000000e+02 5.797516964301812974e-07 3.967199707935114842e-06
1.530000000000000000e+02 4.274641961066325724e-07 3.065816614931171971e-06
1.540000000000000000e+02 3.157562575841939033e-07 2.359711362449131983e-06
1.550000000000000000e+02 2.327335087932543887e-07 1.799236336327024763e-06
1.560000000000000000e+02 1.702187049290321509e-07 1.356290167173956481e-06
1.570000000000000000e+02 1.231222544365031866e-07 1.013511909390344351e-06
1.580000000000000000e+02 8.817724574744536267e-08 7.553859030731295464e-07
1.590000000000000000e+02 6.285611818520770624e-08 5.648209627436359466e-07
