0.000000000000000000e+00 1.546212366837175695e-04 -4.165001210627355675e-07
1.000000000000000000e+00 1.647800574782240485e-05 4.548666585101307767e-07
2.000000000000000000e+00 1.783008336838627454e-05 5.590484908084348155e-07
3.000000000000000000e+00 2.004225629390030296e-05 7.770801689408327353e-07
4.000000000000000000e+00 2.300182178646293038e-05 1.079078450545425413e-06
5.000000000000000000e+00 2.706030642709057201e-05 1.491206651960583324e-06
6.000000000000000000e+00 3.245037604667505723e-05 2.050893141028870405e-06
7.000000000000000000e+00 3.917952414006401851e-05 2.808068107234225667e-06
8.000000000000000000e+00 4.697815651904294857e-05 3.828329145615530794e-06
9.000000000000000000e+00 5.534012335442204983e-05 5.196532706607453895e-06
1.000000000000000000e+01 6.366993767439140981e-05 7.021259125564542241e-06
1.100000000000000000e+01 7.151457793302628510e-05 9.441112598226044587e-06
1.200000000000000000e+01 7.881873036123395143e-05 1.263364279988359891e-05
1.300000000000000000e+01 8.611374110949890424e-05 1.682676269678774972e-05
1.400000000000000000e+01 9.454650438195490246e-05 2.231150584422651205e-05
1.500000000000000000e+01 1.056857940658267392e-04 2.945490493549861235e-05
1.600000000000000000e+01 1.211110180202863397e-04 3.871330846891421007e-05
1.700000000000000000e+01 1.418768238271128190e-04 5.064880637942749229e-05
1.800000000000000000e+01 1.680252737405018963e-04 6.595252791016768270e-05
1.900000000000000000e+01 1.983485760258159054e-04 8.547659696809311518e-05
2.000000000000000000e+01 2.305638881605974304e-04 1.102720141303341274e-04
2.100000000000000000e+01 2.619468962410359644e-04 1.416261645787915966e-04
2.200000000000000000e+01 2.903102352672408057e-04 1.810952024215482597e-04
2.300000000000000000e+01 3.150540502683513264e-04 2.305340042557959233e-04
2.400000000000000000e+01 3.379149517703660018e-04 2.921346288289542316e-04
2.500000000000000000e+01 3.630481374715697021e-04 3.684849374690551071e-04
2.600000000000000000e+01 3.962274082943393911e-04 4.626478863812327389e-04
2.700000000000000000e+01 4.432282474916575312e-04 5.782450060184714377e-04
2.800000000000000000e+01 5.077974415629050997e-04 7.195194868714293018e-04
2.900000000000000000e+01 5.898822951035815601e-04 8.913670590752856846e-04
3.000000000000000000e+01 6.848589698722509734e-04 1.099351908952515182e-03
3.100000000000000000e+01 7.842874345211903447e-04 1.349746795615434838e-03
3.200000000000000000e+01 8.782599114615481043e-04 1.649625519683944365e-03
3.300000000000000000e+01 9.588320898873241033e-04 2.006989639271044342e-03
3.400000000000000000e+01 1.023518290641681249e-03 2.430863045837484537e-03
3.500000000000000000e+01 1.077579685329356583e-03 2.931286125209396198e-03
3.600000000000000000e+01 1.133981439459306453e-03 3.519204762827282413e-03
3.700000000000000000e+01 1.210494118381589363e-03 4.206337018888860191e-03
3.800000000000000000e+01 1.324372208105476520e-03 5.005130820109884512e-03
3.900000000000000000e+01 1.486077223773078120e-03 5.928848571066713466e-03
4.000000000000000000e+01 1.694210907676243008e-03 6.991671930139086930e-03
4.100000000000000000e+01 1.933807852078551007e-03 8.208636393645661264e-03
4.200000000000000000e+01 2.179270800228894512e-03 9.595284605782237672e-03
4.300000000000000000e+01 2.401727329146586924e-03 1.116713876611493718e-02
4.400000000000000000e+01 2.578929729304946065e-03 1.293926150062977773e-02
4.500000000000000000e+01 2.704579451158747871e-03 1.492611977272447280e-02
4.600000000000000000e+01 2.793604544041502699e-03 1.714168404556110081e-02
4.700000000000000000e+01 2.880719234286913989e-03 1.959941135595454076e-02
4.800000000000000000e+01 3.011523140222819792e-03 2.231176132480535562e-02
4.900000000000000000e+01 3.228026816665602490e-03 2.528924561018171258e-02
5.000000000000000000e+01 3.552964858965862015e-03 2.853944346860953427e-02
5.100000000000000000e+01 3.978517182770630219e-03 3.206651904026718708e-02
5.200000000000000000e+01 4.464322444879533121e-03 3.587138406437985483e-02
5.300000000000000000e+01 4.946913423064351611e-03 3.995205787571216860e-02
5.400000000000000000e+01 5.358788052255086289e-03 4.430353224009322965e-02
5.500000000000000000e+01 5.651625154623136742e-03 4.891684875255811887e-02
5.600000000000000000e+01 5.815976907881098903e-03 5.377784965659825056e-02
5.700000000000000000e+01 5.889963912443630864e-03 5.886648753388450117e-02
5.800000000000000000e+01 5.952282035307812809e-03 6.415722095469757191e-02
5.900000000000000000e+01 6.099717642103639516e-03 6.962013270533211340e-02
6.000000000000000000e+01 6.415057486234663695e-03 7.522178166584070347e-02
6.100000000000000000e+01 6.935758530064757912e-03 8.092506246686417826e-02
6.200000000000000000e+01 7.634938608313563552e-03 8.668832290292385889e-02
6.300000000000000000e+01 8.423097960454213606e-03 9.246480196436741850e-02
6.400000000000000000e+01 9.172228164434324815e-03 9.820331688231548339e-02
6.500000000000000000e+01 9.755996111290897790e-03 1.038501151005288142e-01
6.600000000000000000e+01 1.009343569707095607e-02 1.093508252706238137e-01
6.700000000000000000e+01 1.018126045900911471e-02 1.146514098160414802e-01
6.800000000000000000e+01 1.010241613524889837e-02 1.196979927226609758e-01
6.900000000000000000e+01 1.000538871414378798e-02 1.244365198244575393e-01
7.000000000000000000e+01 1.005841263538645794e-02 1.288133964740777737e-01
7.100000000000000000e+01 1.039222175867299779e-02 1.327773629579138692e-01
7.200000000000000000e+01 1.105075114022571227e-02 1.362817367734925622e-01
7.300000000000000000e+01 1.196827387456700018e-02 1.392858195434102941e-01
7.400000000000000000e+01 1.298330430491811613e-02 1.417550185439268862e-01
7.500000000000000000e+01 1.388689661938782328e-02 1.436603423490510623e-01
7.600000000000000000e+01 1.449053903029374687e-02 1.449783689427772415e-01
7.700000000000000000e+01 1.469131361200547332e-02 1.456921882797245216e-01
7.800000000000000000e+01 1.451186891153889366e-02 1.457927950697828212e-01
7.900000000000000000e+01 1.410000633830515299e-02 1.452799155280357635e-01
8.000000000000000000e+01 1.368532547980708461e-02 1.441617053283508754e-01
8.100000000000000000e+01 1.350495481107157753e-02 1.424536734627371848e-01
8.200000000000000000e+01 1.372227823098286573e-02 1.401777036588062186e-01
8.300000000000000000e+01 1.436695511229270014e-02 1.373617361652505475e-01
8.400000000000000000e+01 1.531863544913432407e-02 1.340399009064019431e-01
8.500000000000000000e+01 1.634193871927886593e-02 1.302524040072785549e-01
8.600000000000000000e+01 1.716204503004535933e-02 1.260446747624135166e-01
8.700000000000000000e+01 1.755578592603273744e-02 1.214659179349140417e-01
8.800000000000000000e+01 1.742762202969771329e-02 1.165676656745446571e-01
8.900000000000000000e+01 1.684469326088692750e-02 1.114028072785279155e-01
9.000000000000000000e+01 1.601819534411116561e-02 1.060250704695752944e-01
9.100000000000000000e+01 1.523573691436515450e-02 1.004885360507438430e-01
9.200000000000000000e+01 1.476607841185500689e-02 9.484682083016113263e-02
9.300000000000000000e+01 1.476821945598723665e-02 8.915194970400790175e-02
9.400000000000000000e+01 1.523659936416680606e-02 8.345326409608803953e-02
9.500000000000000000e+01 1.600211286668312693e-02 7.779669878780534620e-02
9.600000000000000000e+01 1.678878729974257050e-02 7.222446565658730000e-02
9.700000000000000000e+01 1.730621682844631429e-02 6.677490987229610375e-02
9.800000000000000000e+01 1.734592313814068559e-02 6.148228461792496630e-02
9.900000000000000000e+01 1.684947615966156040e-02 5.637639658932708242e-02
1.000000000000000000e+02 1.592640424212974498e-02 5.148228601762393219e-02
1.010000000000000000e+02 1.481656638471177435e-02 4.682013512039970293e-02
1.020000000000000000e+02 1.380970372812934457e-02 4.240545178024961170e-02
1.030000000000000000e+02 1.314916976586973096e-02 3.824940771909171588e-02
1.040000000000000000e+02 1.295256666135010531e-02 3.435916817162322501e-02
1.050000000000000000e+02 1.317633863132586410e-02 3.073814408218090294e-02
1.060000000000000000e+02 1.363558858410745048e-02 2.738622119191101711e-02
1.070000000000000000e+02 1.407048619923362623e-02 2.430006301213773895e-02
1.080000000000000000e+02 1.423472291511177108e-02 2.147352763916327012e-02
1.090000000000000000e+02 1.397545085031305818e-02 1.889815070244060813e-02
1.100000000000000000e+02 1.327904771989384114e-02 1.656360846808211176e-02
1.110000000000000000e+02 1.226970137578977868e-02 1.445810771712088480e-02
1.120000000000000000e+02 1.116341521440309889e-02 1.256871061448916818e-02
1.130000000000000000e+02 1.019408623537047462e-02 1.088163745743454119e-02
1.140000000000000000e+02 9.536965996034527104e-03 9.382577386866059604e-03
1.150000000000000000e+02 9.255182976875166515e-03 8.056999953999791075e-03
1.160000000000000000e+02 9.286377376310913159e-03 6.890435908350347506e-03
1.170000000000000000e+02 9.471728295186471192e-03 5.868701051914398600e-03
1.180000000000000000e+02 9.614641237239577101e-03 4.978061166447814503e-03
1.190000000000000000e+02 9.547166275323877571e-03 4.205355551059690097e-03
1.200000000000000000e+02 9.181771796025143401e-03 3.538098188833734611e-03
1.210000000000000000e+02 8.533196279712124827e-03 2.964563420645986713e-03
1.220000000000000000e+02 7.706039947078765703e-03 2.473850979859490082e-03
1.230000000000000000e+02 6.854708257638238156e-03 2.055922882687371504e-03
1.240000000000000000e+02 6.130429390464483402e-03 1.701611081903735972e-03
1.250000000000000000e+02 5.633359636648934202e-03 1.402602470023595104e-03
1.260000000000000000e+02 5.385190552898855808e-03 1.151410502523785235e-03
1.270000000000000000e+02 5.329795563079983700e-03 9.413398556134225815e-04
1.280000000000000000e+02 5.359168655842328453e-03 7.664459336860767347e-04
1.290000000000000000e+02 5.353396344816032347e-03 6.214885503911613679e-04
1.300000000000000000e+02 5.219941528726881365e-03 5.018796889606706290e-04
1.310000000000000000e+02 4.919718639654752784e-03 4.036272180987222316e-04
1.320000000000000000e+02 4.473406057430142323e-03 3.232776427286802434e-04
1.330000000000000000e+02 3.948398891017869394e-03 2.578605668796870188e-04
1.340000000000000000e+02 3.432580277530094572e-03 2.048361956008300363e-04
1.350000000000000000e+02 3.004451069915910731e-03 1.620460429192937429e-04
1.360000000000000000e+02 2.709475578432147917e-03 1.276666498668440610e-04
1.370000000000000000e+02 2.549689335779610662e-03 1.001663709937246897e-04
1.380000000000000000e+02 2.488533322819825363e-03 7.826561607733592617e-05
1.390000000000000000e+02 2.467444678199814945e-03 6.090096259837437186e-05
1.400000000000000000e+02 2.427142582351297581e-03 4.719328893976348661e-05
1.410000000000000000e+02 2.326036306256355855e-03 3.641975248227208143e-05
1.420000000000000000e+02 2.150401864665227140e-03 2.798925444902967589e-05
1.430000000000000000e+02 1.914489417375211337e-03 2.142103007825922302e-05
1.440000000000000000e+02 1.652057769877617998e-03 1.632608438599536944e-05
1.450000000000000000e+02 1.403113504782597552e-03 1.239125378308998879e-05
1.460000000000000000e+02 1.200546830891985892e-03 9.365672533244366634e-06
1.470000000000000000e+02 1.060852177285014943e-03 7.049387371283528861e-06
1.480000000000000000e+02 9.813652961235268431e-04 5.283839023880680399e-06
1.490000000000000000e+02 9.440014466694002281e-04 3.943938495725747184e-06
1.500000000000000000e+02 9.232712964462540771e-04 2.931500707739983159e-06
1.510000000000000000e+02 8.952501422077709450e-04 2.169837142576011430e-06
1.520000000000000000e+02 8.444711079465828376e-04 1.599337929096629232e-06
1.530000000000000000e+02 7.669980526270052563e-04 1.173891193622183417e-06
1.540000000000000000e+02 6.694770961174940915e-04 8.580005095377684335e-07
1.550000000000000000e+02 5.651868751831293832e-04 6.244762095080352244e-07
1.560000000000000000e+02 4.687722145773256383e-04 4.525944248679496969e-07
1.570000000000000000e+02 3.914496041009831980e-04 3.266363253732265147e-07
1.580000000000000000e+02 3.380798297241832673e-04 2.347361039971508443e-07
1.590000000000000000e+02 3.067319819007081221e-04 1.679786715887039879e-07
