0.000000000000000000e+00 1.525963352865567349e-08 -1.220699576781132000e-07
1.000000000000000000e+00 1.294366339700508526e-08 1.331833977765726899e-07
2.000000000000000000e+00 1.805920837558274339e-08 1.763458405251536625e-07
3.000000000000000000e+00 2.710773648391653905e-08 2.543719918116514712e-07
4.000000000000000000e+00 4.053073452295748188e-08 3.658399993456754646e-07
5.000000000000000000e+00 6.027089989488784881e-08 5.235006117714945908e-07
6.000000000000000000e+00 8.913976664807246605e-08 7.452635031191257006e-07
7.000000000000000000e+00 1.311263644919244187e-07 1.055518561523943439e-06
8.000000000000000000e+00 1.918454118771548057e-07 1.487251289078377173e-06
9.000000000000000000e+00 2.791487156178816885e-07 2.084820915292682164e-06
1.000000000000000000e+01 4.039581577853974404e-07 2.907545063359045193e-06
1.100000000000000000e+01 5.813893418530402490e-07 4.034270477904661697e-06
1.200000000000000000e+01 8.322384572174894810e-07 5.569149069781898424e-06
1.300000000000000000e+01 1.184919885309369577e-06 7.648903835600076451e-06
1.400000000000000000e+01 1.677982026103328158e-06 1.045194253151403047e-05
1.500000000000000000e+01 2.363386943704671978e-06 1.420972308076954675e-05
1.600000000000000000e+01 3.310783479208340060e-06 1.922077680834483770e-05
1.700000000000000000e+01 4.613006722840160287e-06 2.586778995204635714e-05
1.800000000000000000e+01 6.393024244723638767e-06 3.463819825635585406e-05
1.900000000000000000e+01 8.812592087923948523e-06 4.614888550242597512e-05
2.000000000000000000e+01 1.208301922245060610e-05 6.117571004489665454e-05
2.100000000000000000e+01 1.647859393173566864e-05 8.068857147837380276e-05
2.200000000000000000e+01 2.235325439913411771e-05 1.058925259881643552e-04
2.300000000000000000e+01 3.016094552460703114e-05 1.382752235152819259e-04
2.400000000000000000e+01 4.047997818658081114e-05 1.796609155303816746e-04
2.500000000000000000e+01 5.404185584835895223e-05 2.322715175477460189e-04
2.600000000000000000e+01 7.176543599093689063e-05 2.987953774846306590e-04
2.700000000000000000e+01 9.479750595629973190e-05 3.824640459739721363e-04
2.800000000000000000e+01 1.245604249502783758e-04 4.871364062425813423e-04
2.900000000000000000e+01 1.628066264074737833e-04 6.173885790830911224e-04
3.000000000000000000e+01 2.116794159712335501e-04 7.786078243735390040e-04
3.100000000000000000e+01 2.737802746878954742e-04 9.770892381725517720e-04
3.200000000000000000e+01 3.522440088766413220e-04 1.220134381025212789e-03
3.300000000000000000e+01 4.508227443851012760e-04 1.516149886895538836e-03
3.400000000000000000e+01 5.739771857432212970e-04 1.874741690230696031e-03
3.500000000000000000e+01 7.269707470555222210e-04 2.306798477860473942e-03
3.600000000000000000e+01 9.159623923095293547e-04 2.824558111097940326e-03
3.700000000000000000e+01 1.148097781184157125e-03 3.441652792445517965e-03
3.800000000000000000e+01 1.431601227942768187e-03 4.173130100864209067e-03
3.900000000000000000e+01 1.775867678773863055e-03 5.035445336779314877e-03
4.000000000000000000e+01 2.191545152237531213e-03 6.046416710901786860e-03
4.100000000000000000e+01 2.690592485280305420e-03 7.225132567431511929e-03
4.200000000000000000e+01 3.286302872738274504e-03 8.591802029902900414e-03
4.300000000000000000e+01 3.993296938140619354e-03 1.016754574789509140e-02
4.400000000000000000e+01 4.827494774440888904e-03 1.197412698987681580e-02
4.500000000000000000e+01 5.806063762182202964e-03 1.403362219397896737e-02
4.600000000000000000e+01 6.947317578713443215e-03 1.636802677851146443e-02
4.700000000000000000e+01 8.270536345030957137e-03 1.899879193188101778e-02
4.800000000000000000e+01 9.795701210699888500e-03 2.194629325632820038e-02
4.900000000000000000e+01 1.154316955380780760e-02 2.522923881025676551e-02
5.000000000000000000e+01 1.353332261623941754e-02 2.886402775855391109e-02
5.100000000000000000e+01 1.578618299097389252e-02 3.286407214645169217e-02
5.200000000000000000e+01 1.832095874681408110e-02 3.723909758641283374e-02
5.300000000000000000e+01 2.115547473132620149e-02 4.199444412971262836e-02
5.400000000000000000e+01 2.430550894629119468e-02 4.713038986535550423e-02
5.500000000000000000e+01 2.778410980600610342e-02 5.264151291829605173e-02
5.600000000000000000e+01 3.160096382111670515e-02 5.851610127640369946e-02
5.700000000000000000e+01 3.576181126681421407e-02 6.473562938290226831e-02
5.800000000000000000e+01 4.026784467289741543e-02 7.127434533706610009e-02
5.900000000000000000e+01 4.511504785024611497e-02 7.809902669489264537e-02
6.000000000000000000e+01 5.029353079492929895e-02 8.516893828279206713e-02
6.100000000000000000e+01 5.578699032394711377e-02 9.243597234267196538e-02
6.200000000000000000e+01 6.157239302946968668e-02 9.984492317440536724e-02
6.300000000000000000e+01 6.761986101122050008e-02 1.073338885089557548e-01
6.400000000000000000e+01 7.389265897400804084e-02 1.148348685891985854e-01
6.500000000000000000e+01 8.034722187358077361e-02 1.222746590473537676e-01
6.600000000000000000e+01 8.693328725054388917e-02 1.295760468634307161e-01
6.700000000000000000e+01 9.359427538575328109e-02 1.366591821918004546e-01
6.800000000000000000e+01 1.002680045802209485e-01 1.434429556825931873e-01
6.900000000000000000e+01 1.068876842614916167e-01 1.498463310191161246e-01
7.000000000000000000e+01 1.133830315712646974e-01 1.557897567136382611e-01
7.100000000000000000e+01 1.196813980882782541e-01 1.611968095680636481e-01
7.200000000000000000e+01 1.257089280501915984e-01 1.659960339069309065e-01
7.300000000000000000e+01 1.313918629282781747e-01 1.701227075453268234e-01
7.400000000000000000e+01 1.366580638871381370e-01 1.735202465647417425e-01
7.500000000000000000e+01 1.414386772587697405e-01 1.761412137590321891e-01
7.600000000000000000e+01 1.456697505450223751e-01 1.779481752229505886e-01
7.700000000000000000e+01 1.492936270802863452e-01 1.789146472471124516e-01
7.800000000000000000e+01 1.522600920151074289e-01 1.790260656297803510e-01
7.900000000000000000e+01 1.545273806833468433e-01 1.782804123476758318e-01
8.000000000000000000e+01 1.560631617560138129e-01 1.766881894889785753e-01
8.100000000000000000e+01 1.568454645209178266e-01 1.742718135086954168e-01
8.200000000000000000e+01 1.568633666002720861e-01 1.710648252065491981e-01
8.300000000000000000e+01 1.561172528859252062e-01 1.671112282599852561e-01
8.400000000000000000e+01 1.546186229974314819e-01 1.624648659774741433e-01
8.500000000000000000e+01 1.523896159066259193e-01 1.571884578485436834e-01
8.600000000000000000e+01 1.494624521575507459e-01 1.513520621493232021e-01
8.700000000000000000e+01 1.458788329591772237e-01 1.450311596649029866e-01
8.800000000000000000e+01 1.416891456026635465e-01 1.383048126548919454e-01
8.900000000000000000e+01 1.369513084336624331e-01 1.312541769710244000e-01
9.000000000000000000e+01 1.317292746349504329e-01 1.239612369348931653e-01
9.100000000000000000e+01 1.260914191995586853e-01 1.165074298238395756e-01
9.200000000000000000e+01 1.201090496148320141e-01 1.089720248325181939e-01
9.300000000000000000e+01 1.138550940656182647e-01 1.014304811006146445e-01
9.400000000000000000e+01 1.074028272432302200e-01 9.395314095616996708e-02
9.500000000000000000e+01 1.008244910388933629e-01 8.660439925262591876e-02
9.600000000000000000e+01 9.418984801770001469e-02 7.944217877168983921e-02
9.700000000000000000e+01 8.756487158047850106e-02 7.251745589361306699e-02
9.800000000000000000e+01 8.101075475726754460e-02 6.587376990227679363e-02
9.900000000000000000e+01 7.458323969014434007e-02 5.954687565625878254e-02
1.000000000000000000e+02 6.833212071365744877e-02 5.356472263723285887e-02
1.010000000000000000e+02 6.230079615597742398e-02 4.794776812785096071e-02
1.020000000000000000e+02 5.652589072223418443e-02 4.270946442394710912e-02
1.030000000000000000e+02 5.103707454825029410e-02 3.785676251147953447e-02
1.040000000000000000e+02 4.585716299481451541e-02 3.339060903463741958e-02
1.050000000000000000e+02 4.100244980869797301e-02 2.930651687243842479e-02
1.060000000000000000e+02 3.648314425238140951e-02 2.559526522917474067e-02
1.070000000000000000e+02 3.230382024064211433e-02 2.224368646235613811e-02
1.080000000000000000e+02 2.846388436484828879e-02 1.923544121875635227e-02
1.090000000000000000e+02 2.495812226659528330e-02 1.655171830096018731e-02
1.100000000000000000e+02 2.177734674431464068e-02 1.417186634846374915e-02
1.110000000000000000e+02 1.890909889254415582e-02 1.207399373807152912e-02
1.120000000000000000e+02 1.633832342361756645e-02 1.023554537625905037e-02
1.130000000000000000e+02 1.404797317517572988e-02 8.633826590517914776e-03
1.140000000000000000e+02 1.201955188903291137e-02 7.246440275836672773e-03
1.150000000000000000e+02 1.023362541081040272e-02 6.051631723905014949e-03
1.160000000000000000e+02 8.670310004601385762e-03 5.028561176590709038e-03
1.170000000000000000e+02 7.309715580398167510e-03 4.157523780171663158e-03
1.180000000000000000e+02 6.132315082042988016e-03 3.420119481651575071e-03
1.190000000000000000e+02 5.119231219377622100e-03 2.799365092935002849e-03
1.200000000000000000e+02 4.252454625759178111e-03 2.279747133141428374e-03
1.210000000000000000e+02 3.515013055995208028e-03 1.847226882762292941e-03
1.220000000000000000e+02 2.891100482164485602e-03 1.489213917743534895e-03
1.230000000000000000e+02 2.366163445794192913e-03 1.194518509939666764e-03
1.240000000000000000e+02 1.926941234843686755e-03 9.532852423635570713e-04
1.250000000000000000e+02 1.561464304303080168e-03 7.569081444307504923e-04
1.260000000000000000e+02 1.259022217183337119e-03 5.979313941769008687e-04
1.270000000000000000e+02 1.010112263913747485e-03 4.699432610605568626e-04
1.280000000000000000e+02 8.063749012505241898e-04 3.674703750750475759e-04
1.290000000000000000e+02 6.405179739732476006e-04 2.858757636893671664e-04
1.300000000000000000e+02 5.062313617688930529e-04 2.212610993491369304e-04
1.310000000000000000e+02 3.980957025312635805e-04 1.703731978417759784e-04
1.320000000000000000e+02 3.114900402788763588e-04 1.305159677384654191e-04
1.330000000000000000e+02 2.425022954514957781e-04 9.946969251267913815e-05
1.340000000000000000e+02 1.878444367824112370e-04 7.541890545122647638e-05
1.350000000000000000e+02 1.447728412048300659e-04 5.688889230205532513e-05
1.360000000000000000e+02 1.110141375648981304e-04 4.269005630430221677e-05
1.370000000000000000e+02 8.469718935628605511e-05 3.186932444407059777e-05
1.380000000000000000e+02 6.429193595096080254e-05 2.366807092794715448e-05
1.390000000000000000e+02 4.855537069631716022e-05 1.748620349700004474e-05
1.400000000000000000e+02 3.648436103986086145e-05 1.285196865707490657e-05
1.410000000000000000e+02 2.727470880842173317e-05 9.396849049416241219e-06
1.420000000000000000e+02 2.028586058965622195e-05 6.834834684977484712e-06
1.430000000000000000e+02 1.501079649184673776e-05 4.945390351852971870e-06
1.440000000000000000e+02 1.105065959848437506e-05 3.559546169851335928e-06
1.450000000000000000e+02 8.093624201009099584e-06 2.548634875504727479e-06
1.460000000000000000e+02 5.897437366322134975e-06 1.815263553715663684e-06
1.470000000000000000e+02 4.275078809335417898e-06 1.286149433661828472e-06
1.480000000000000000e+02 3.083056741867193030e-06 9.064850321649174645e-07
1.490000000000000000e+02 2.211937202888480394e-06 6.355363582377401873e-07
1.500000000000000000e+02 1.578756590983997224e-06 4.432215681764255722e-07
1.510000000000000000e+02 1.120997295823258401e-06 3.074641616883433706e-07
1.520000000000000000e+02 7.918366346531624524e-07 2.121586722917375118e-07
1.530000000000000000e+02 5.564204863830053940e-07 1.456217011660402482e-07
1.540000000000000000e+02 3.889588402701280028e-07 9.942520043375897087e-08
1.550000000000000000e+02 2.704799955453676216e-07 6.752560274236800175e-08
1.560000000000000000e+02 1.871091977340984263e-07 4.561697362397224569e-08
1.570000000000000000e+02 1.287594156280191768e-07 3.065147091013971282e-08
1.580000000000000000e+02 8.814150166304083342e-08 2.048496113078167391e-08
1.590000000000000000e+02 6.001972004122670243e-08 1.361724798244717620e-08
