0.000000000000000000e+00 5.023118828756332170e-09 -8.427763150400418481e-08
1.000000000000000000e+00 2.417803590978588715e-09 9.529826733968938138e-08
2.000000000000000000e+00 3.579183022804957723e-09 1.262634924005898147e-07
3.000000000000000000e+00 5.619886219954814259e-09 1.804319389530466354e-07
4.000000000000000000e+00 8.779534285087447610e-09 2.570003632470968004e-07
5.000000000000000000e+00 1.363551286013512958e-08 3.643180309986544619e-07
6.000000000000000000e+00 2.105156965378244694e-08 5.139652948701613585e-07
7.000000000000000000e+00 3.230001787031916693e-08 7.215993341288026050e-07
8.000000000000000000e+00 4.924434462955127365e-08 1.008258432309933941e-06
9.000000000000000000e+00 7.460595067152243037e-08 1.402055395140613578e-06
1.000000000000000000e+01 1.123411920690307184e-07 1.940349384533542953e-06
1.100000000000000000e+01 1.681544106081196711e-07 2.672512787527475519e-06
1.200000000000000000e+01 2.501868328199952204e-07 3.663433967803420511e-06
1.300000000000000000e+01 3.699579002474414761e-07 4.997921369518880471e-06
1.400000000000000000e+01 5.436770586254577876e-07 6.786202379663556908e-06
1.500000000000000000e+01 7.940565543330875518e-07 9.170739520386685285e-06
1.600000000000000000e+01 1.152734398299241115e-06 1.233461855364731221e-05
1.700000000000000000e+01 1.663413952829665205e-06 1.651179773354208432e-05
1.800000000000000000e+01 2.385913301738472299e-06 2.199954138106355553e-05
1.900000000000000000e+01 3.401478464156403551e-06 2.917338975131216367e-05
2.000000000000000000e+01 4.819820501532592017e-06 3.850503779790034648e-05
2.100000000000000000e+01 6.788273642926810507e-06 5.058350752986602084e-05
2.200000000000000000e+01 9.503330394188277700e-06 6.614000527272253941e-05
2.300000000000000000e+01 1.322486053702668800e-05 8.607685440070953213e-05
2.400000000000000000e+01 1.829368667644494918e-05 1.115008771724053355e-04
2.500000000000000000e+01 2.515357256950655868e-05 1.437615468336477615e-04
2.600000000000000000e+01 3.437861227663380074e-05 1.844941313656434600e-04
2.700000000000000000e+01 4.670648824102450379e-05 2.356679119672636200e-04
2.800000000000000000e+01 6.307776498851158913e-05 2.996394104604921827e-04
2.900000000000000000e+01 8.468186496430115003e-05 3.792104133931974911e-04
3.000000000000000000e+01 1.130111287251034044e-04 4.776904014002751218e-04
3.100000000000000000e+01 1.499241863933409844e-04 5.989627006983889350e-04
3.200000000000000000e+01 1.977185359724862755e-04 7.475532240280151905e-04
3.300000000000000000e+01 2.592112717643370767e-04 9.287001437757496291e-04
3.400000000000000000e+01 3.378277239039780650e-04 1.148422433764603734e-03
3.500000000000000000e+01 4.376990318639540733e-04 1.413585050165675839e-03
3.600000000000000000e+01 5.637683103046962994e-04 1.731958420054415318e-03
3.700000000000000000e+01 7.219009489978048559e-04 2.112269439654147676e-03
3.800000000000000000e+01 9.189925586706130124e-04 2.564240108418721232e-03
3.900000000000000000e+01 1.163072107900894837e-03 3.098608694425649887e-03
4.000000000000000000e+01 1.463403201432605678e-03 3.727127993821187021e-03
4.100000000000000000e+01 1.830582813619757807e-03 4.462536448879729847e-03
4.200000000000000000e+01 2.276622817885857412e-03 5.318499709897409056e-03
4.300000000000000000e+01 2.814991043543864022e-03 6.309520451810575817e-03
4.400000000000000000e+01 3.460601564745920816e-03 7.450811602675048648e-03
4.500000000000000000e+01 4.229768765379414430e-03 8.758124656001783220e-03
4.600000000000000000e+01 5.140142738508509876e-03 1.024752516195740100e-02
4.700000000000000000e+01 6.210608678782561683e-03 1.193511453254195859e-02
4.800000000000000000e+01 7.461095488358679938e-03 1.383670681885651801e-02
4.900000000000000000e+01 8.912254909082201540e-03 1.596747168559470992e-02
5.000000000000000000e+01 1.058504285214943545e-02 1.834154517564794834e-02
5.100000000000000000e+01 1.250028084984989261e-02 2.097159613648324691e-02
5.200000000000000000e+01 1.467822527586750206e-02 2.386833626307498929e-02
5.300000000000000000e+01 1.713806637939173719e-02 2.703998500981201134e-02
5.400000000000000000e+01 1.989725267723237850e-02 3.049173164603223921e-02
5.500000000000000000e+01 2.297065511448053571e-02 3.422524286312973729e-02
5.600000000000000000e+01 2.636973380955479063e-02 3.823822925344811524e-02
5.700000000000000000e+01 3.010185997887394535e-02 4.252403543124669283e-02
5.800000000000000000e+01 3.416975622558891812e-02 4.707121245841225377e-02
5.900000000000000000e+01 3.857086531289276310e-02 5.186309349327795915e-02
6.000000000000000000e+01 4.329655420441642921e-02 5.687747589076216220e-02
6.100000000000000000e+01 4.833133162662785892e-02 6.208652350003374121e-02
6.200000000000000000e+01 5.365238482097959422e-02 6.745690228019600443e-02
6.300000000000000000e+01 5.922953799246566398e-02 7.295003018659579341e-02
6.400000000000000000e+01 6.502541025205665903e-02 7.852230164405185620e-02
6.500000000000000000e+01 7.099549475000262178e-02 8.412529363873016974e-02
6.600000000000000000e+01 7.708818799645313080e-02 8.970614945209169633e-02
6.700000000000000000e+01 8.324511637810094733e-02 9.520835531448350320e-02
6.800000000000000000e+01 8.940203727120188404e-02 1.005729003281908146e-01
6.900000000000000000e+01 9.549018422208067902e-02 1.057395285999806617e-01
7.000000000000000000e+01 1.014376443990787913e-01 1.106477546905199061e-01
7.100000000000000000e+01 1.071705335580076246e-01 1.152376137007988244e-01
7.200000000000000000e+01 1.126141599180973535e-01 1.194504888012142274e-01
7.300000000000000000e+01 1.176945345515104380e-01 1.232303977632705494e-01
7.400000000000000000e+01 1.223402899263789090e-01 1.265257131775498201e-01
7.500000000000000000e+01 1.264846535784833748e-01 1.292908009832665073e-01
7.600000000000000000e+01 1.300670665299787365e-01 1.314870096673849686e-01
7.700000000000000000e+01 1.330343857297960897e-01 1.330829573171056490e-01
7.800000000000000000e+01 1.353419507618132400e-01 1.340546774987440848e-01
7.900000000000000000e+01 1.369547482967499175e-01 1.343862545199180358e-01
8.000000000000000000e+01 1.378485590904678926e-01 1.340709617422028432e-01
8.100000000000000000e+01 1.380107393855051767e-01 1.331121910506938844e-01
8.200000000000000000e+01 1.374404245930351265e-01 1.315233890764231917e-01
8.300000000000000000e+01 1.361482727150241379e-01 1.293269466881023788e-01
8.400000000000000000e+01 1.341560230850740998e-01 1.265528398468021842e-01
8.500000000000000000e+01 1.314959967634083682e-01 1.232379227532595378e-01
8.600000000000000000e+01 1.282104176525358796e-01 1.194259731085422771e-01
8.700000000000000000e+01 1.243503712401708844e-01 1.151676578542663587e-01
8.800000000000000000e+01 1.199743873593147186e-01 1.105194801393083737e-01
8.900000000000000000e+01 1.151468317407630948e-01 1.055416383142941672e-01
9.000000000000000000e+01 1.099363164279970884e-01 1.002957319093710081e-01
9.100000000000000000e+01 1.044141974298287701e-01 9.484337643104021054e-02
9.200000000000000000e+01 9.865309148584103238e-02 8.924589168192781363e-02
9.300000000000000000e+01 9.272534742715621281e-02 8.356419383141761026e-02
9.400000000000000000e+01 8.670152028891900398e-02 7.785788178641486756e-02
9.500000000000000000e+01 8.064898243296660107e-02 7.218339645738300336e-02
9.600000000000000000e+01 7.463077939136927852e-02 6.659214898482812561e-02
9.700000000000000000e+01 6.870473878329426409e-02 6.112964652349810180e-02
9.800000000000000000e+01 6.292277203081740600e-02 5.583578129675187407e-02
9.900000000000000000e+01 5.733032454855356563e-02 5.074546914659752717e-02
1.000000000000000000e+02 5.196599137099626453e-02 4.588868567052629965e-02
1.010000000000000000e+02 4.686134583658520258e-02 4.128973509969458000e-02
1.020000000000000000e+02 4.204099832248753971e-02 3.696647209758891633e-02
1.030000000000000000e+02 3.752284665690804738e-02 3.293031230891980965e-02
1.040000000000000000e+02 3.331845452714449901e-02 2.918716081688804698e-02
1.050000000000000000e+02 2.943351425900416624e-02 2.573860760191362326e-02
1.060000000000000000e+02 2.586838436493817811e-02 2.258263707157415895e-02
1.070000000000000000e+02 2.261870289233742018e-02 1.971369933631412705e-02
1.080000000000000000e+02 1.967605981348088257e-02 1.712264377442406296e-02
1.090000000000000000e+02 1.702869056394852934e-02 1.479709812853913578e-02
1.100000000000000000e+02 1.466215168967701168e-02 1.272238788028292288e-02
1.110000000000000000e+02 1.255995707978855257e-02 1.088257063623480556e-02
1.120000000000000000e+02 1.070417054081822424e-02 9.261100506686647041e-03
1.130000000000000000e+02 9.075953917749767993e-03 7.841023174117786945e-03
1.140000000000000000e+02 7.656063171339381329e-03 6.605005244801540748e-03
1.150000000000000000e+02 6.425280286854996581e-03 5.535550190442023455e-03
1.160000000000000000e+02 5.364773213065336839e-03 4.615470201068540279e-03
1.170000000000000000e+02 4.456385043739498342e-03 3.828391994431963423e-03
1.180000000000000000e+02 3.682859567964144164e-03 3.159042745117463750e-03
1.190000000000000000e+02 3.028010319780898192e-03 2.593266189766613768e-03
1.200000000000000000e+02 2.476837669161151799e-03 2.117925642745515334e-03
1.210000000000000000e+02 2.015597624799043280e-03 1.720875500013385479e-03
1.220000000000000000e+02 1.631827748977859958e-03 1.391046344839830251e-03
1.230000000000000000e+02 1.314337726810597441e-03 1.118550695228393574e-03
1.240000000000000000e+02 1.053172601678473977e-03 8.946989047562589311e-04
1.250000000000000000e+02 8.395554769857872064e-04 7.119023497745974576e-04
1.260000000000000000e+02 6.658149622122844918e-04 5.635295453854361446e-04
1.270000000000000000e+02 5.253018202308127856e-04 4.437927552303772417e-04
1.280000000000000000e+02 4.122990529194005011e-04 3.476883807737574908e-04
1.290000000000000000e+02 3.219293963619973553e-04 2.709588562020134395e-04
1.300000000000000000e+02 2.500635326723007123e-04 2.100343665247307611e-04
1.310000000000000000e+02 1.932314300387795772e-04 1.619432851661251743e-04
1.320000000000000000e+02 1.485384360728979314e-04 1.242122822902004477e-04
1.330000000000000000e+02 1.135872214249180419e-04 9.478267662727213024e-05
1.340000000000000000e+02 8.640631869331589045e-05 7.195207536431429509e-05
1.350000000000000000e+02 6.538569108879073877e-05 5.433148714907191446e-05
1.360000000000000000e+02 4.921945023644189009e-05 4.080378495101585716e-05
1.370000000000000000e+02 3.685556158859946806e-05 3.047812727858614394e-05
1.380000000000000000e+02 2.745217449452317450e-05 2.264490945584130268e-05
1.390000000000000000e+02 2.034009647360889524e-05 1.673829131081401426e-05
1.400000000000000000e+02 1.499087128798049870e-05 1.230888285977976051e-05
1.410000000000000000e+02 1.098989161171408411e-05 9.003852215587749679e-06
1.420000000000000000e+02 8.013968084293168802e-06 6.550156470344318308e-06
1.430000000000000000e+02 5.812786131064696635e-06 4.738657131454529392e-06
1.440000000000000000e+02 4.193709351634541932e-06 3.409557086336543035e-06
1.450000000000000000e+02 3.009429299163117390e-06 2.440530910715841807e-06
1.460000000000000000e+02 2.148010200311485103e-06 1.738074364595170559e-06
1.470000000000000000e+02 1.524928566860952316e-06 1.231380441384698506e-06
1.480000000000000000e+02 1.076758423180369590e-06 8.676077446421168245e-07
1.490000000000000000e+02 7.562011066157595447e-07 6.078100101510213399e-07
1.500000000000000000e+02 5.282032846993708909e-07 4.234111689957728388e-07
1.510000000000000000e+02 3.669475290859774143e-07 2.933969292331932498e-07
1.520000000000000000e+02 2.535363017373091013e-07 2.022930039267004802e-07
1.530000000000000000e+02 1.742223946301539295e-07 1.387794138213325026e-07
1.540000000000000000e+02 1.190666139731008469e-07 9.469299647132483795e-08
1.550000000000000000e+02 8.092690249948189146e-08 6.423443887600596596e-08
1.560000000000000000e+02 5.470251609136804256e-08 4.331488953842279482e-08
1.570000000000000000e+02 3.677286150453559176e-08 2.904666001000897089e-08
1.580000000000000000e+02 2.458370489588155429e-08 1.938171844641701245e-08
1.590000000000000000e+02 1.634410738749795430e-08 1.287143797980838616e-08
