0.000000000000000000e+00 -6.429557961652919104e-05 -1.438304577901717139e-05
1.000000000000000000e+00 5.402197933241493735e-05 1.086459721020390027e-05
2.000000000000000000e+00 5.197768597783252820e-05 1.177312257015083234e-05
3.000000000000000000e+00 6.307712906157173860e-05 1.487826864844766550e-05
4.000000000000000000e+00 7.706521601212353424e-05 1.877377286765249709e-05
5.000000000000000000e+00 9.404414025304012133e-05 2.360848401860097796e-05
6.000000000000000000e+00 1.144030251013766070e-04 2.960108283510545719e-05
7.000000000000000000e+00 1.385378305398860433e-04 3.701850096241674913e-05
8.000000000000000000e+00 1.669319744894111129e-04 4.617463915701605940e-05
9.000000000000000000e+00 2.002830172866827663e-04 5.742822640519504724e-05
1.000000000000000000e+01 2.396041651232658416e-04 7.118587891554863469e-05
1.100000000000000000e+01 2.862351217099951364e-04 8.791658778414992829e-05
1.200000000000000000e+01 3.417303092699176142e-04 1.081787662148703667e-04
1.300000000000000000e+01 4.076574490555460203e-04 1.326528479781197188e-04
1.400000000000000000e+01 4.854073954282345726e-04 1.621661175085213245e-04
1.500000000000000000e+01 5.761445794039638316e-04 1.976974974065850109e-04
1.600000000000000000e+01 6.809839394232857120e-04 2.403606458067059461e-04
1.700000000000000000e+01 8.013684564580738148e-04 2.913797831824921965e-04
1.800000000000000000e+01 9.394904010125450754e-04 3.520842647104060054e-04
1.900000000000000000e+01 1.098524380271856350e-03 4.239446089397664414e-04
2.000000000000000000e+01 1.282483422073412739e-03 5.086512320826264925e-04
2.100000000000000000e+01 1.495680046112081701e-03 6.082066588295638454e-04
2.200000000000000000e+01 1.742007811433227311e-03 7.249817694122501427e-04
2.300000000000000000e+01 2.024430236811460004e-03 8.616952949304557043e-04
2.400000000000000000e+01 2.345046758044730222e-03 1.021316957179187884e-03
2.500000000000000000e+01 2.705855494938339944e-03 1.206949161499793702e-03
2.600000000000000000e+01 3.109942899757797002e-03 1.421774422940458044e-03
2.700000000000000000e+01 3.562504439729691653e-03 1.669134762265518787e-03
2.800000000000000000e+01 4.071049852542389311e-03 1.952733279529207840e-03
2.900000000000000000e+01 4.644467604092927804e-03 2.276855094067959089e-03
3.000000000000000000e+01 5.291216978112545447e-03 2.646457282820174027e-03
3.100000000000000000e+01 6.017495487946098766e-03 3.067023420350594928e-03
3.200000000000000000e+01 6.826438063750285209e-03 3.544211811160032175e-03
3.300000000000000000e+01 7.719024441599667968e-03 4.083476155018926461e-03
3.400000000000000000e+01 8.696501738430058998e-03 4.689900059081038991e-03
3.500000000000000000e+01 9.763195363425389295e-03 5.368393885462813264e-03
3.600000000000000000e+01 1.092812718779084813e-02 6.124179334313541688e-03
3.700000000000000000e+01 1.220424169133312725e-02 6.963260110501875641e-03
3.800000000000000000e+01 1.360519484644127745e-02 7.892507199285459657e-03
3.900000000000000000e+01 1.514106386516141101e-02 8.919162624027004993e-03
4.000000000000000000e+01 1.681520959189113443e-02 1.004991963141603148e-02
4.100000000000000000e+01 1.862424191489800082e-02 1.129006074929938402e-02
4.200000000000000000e+01 2.056155923253310397e-02 1.264319296897139025e-02
4.300000000000000000e+01 2.262294002773598822e-02 1.411181297664479591e-02
4.400000000000000000e+01 2.481125599461030812e-02 1.569840395347927436e-02
4.500000000000000000e+01 2.713745107957458991e-02 1.740633669126618460e-02
4.600000000000000000e+01 2.961665017810775902e-02 1.923984232431977248e-02
4.700000000000000000e+01 3.226087517070634625e-02 2.120282601038491962e-02
4.800000000000000000e+01 3.507198258190951518e-02 2.329704413450595438e-02
4.900000000000000000e+01 3.803878391548856652e-02 2.552069370642525564e-02
5.000000000000000000e+01 4.114041273911214769e-02 2.786835771674807394e-02
5.100000000000000000e+01 4.435469236482687816e-02 3.033248219108568636e-02
5.200000000000000000e+01 4.766730693515873474e-02 3.290555488204494061e-02
5.300000000000000000e+01 5.107671689025448242e-02 3.558156934372118385e-02
5.400000000000000000e+01 5.459166430486937782e-02 3.835565539137071600e-02
5.500000000000000000e+01 5.822196737916398440e-02 4.122185687124663156e-02
5.600000000000000000e+01 6.196712783780235212e-02 4.417029596630091953e-02
5.700000000000000000e+01 6.580889993834498908e-02 4.718554198240575148e-02
5.800000000000000000e+01 6.971225242024220448e-02 5.024742352185990191e-02
5.900000000000000000e+01 7.363479336028343203e-02 5.333404405521129793e-02
6.000000000000000000e+01 7.754003486058405614e-02 5.642528605332809699e-02
6.100000000000000000e+01 8.140749749368600408e-02 5.950461586330032387e-02
6.200000000000000000e+01 8.523403832376844069e-02 6.255794633001510174e-02
6.300000000000000000e+01 8.902533677617652241e-02 6.557017147172818083e-02
6.400000000000000000e+01 9.278183440703208218e-02 6.852159074924885074e-02
6.500000000000000000e+01 9.648667212205760957e-02 7.138669494401601867e-02
6.600000000000000000e+01 1.001023736227148325e-01 7.413641754380502491e-02
6.700000000000000000e+01 1.035784407512671534e-01 7.674276339786932633e-02
6.800000000000000000e+01 1.068661043918866793e-01 7.918311655103933699e-02
6.900000000000000000e+01 1.099325078090500896e-01 8.144160273264706984e-02
7.000000000000000000e+01 1.127668111080319668e-01 8.350667727794472417e-02
7.100000000000000000e+01 1.153750018854640264e-01 8.536652338590662581e-02
7.200000000000000000e+01 1.177662666659720914e-01 8.700531636608403729e-02
7.300000000000000000e+01 1.199383431308082837e-01 8.840293527817694175e-02
7.400000000000000000e+01 1.218698244433755046e-01 8.953853337146784608e-02
7.500000000000000000e+01 1.235235824131277749e-01 9.039589005139862798e-02
7.600000000000000000e+01 1.248594167952067346e-01 9.096727770535192881e-02
7.700000000000000000e+01 1.258490999592557225e-01 9.125347777536088612e-02
7.800000000000000000e+01 1.264858547985787118e-01 9.126000615664266180e-02
7.900000000000000000e+01 1.267834759087067831e-01 9.099199699670365571e-02
8.000000000000000000e+01 1.267659342944106593e-01 9.045100528636199066e-02
8.100000000000000000e+01 1.264533129722504590e-01 8.963570871822437724e-02
8.200000000000000000e+01 1.258516464175092608e-01 8.854596537410353019e-02
8.300000000000000000e+01 1.249518446194545079e-01 8.718755690646280698e-02
8.400000000000000000e+01 1.237378053056281541e-01 8.557456768164813099e-02
8.500000000000000000e+01 1.221989295603056330e-01 8.372791073924197580e-02
8.600000000000000000e+01 1.203401937656441711e-01 8.167095675760926987e-02
8.700000000000000000e+01 1.181846231649728574e-01 7.942497071153724331e-02
8.800000000000000000e+01 1.157673063221200394e-01 7.700703627646318661e-02
8.900000000000000000e+01 1.131245492295781807e-01 7.443144976921062250e-02
9.000000000000000000e+01 1.102840428207748219e-01 7.171335243310331120e-02
9.100000000000000000e+01 1.072609519376804404e-01 6.887206252015631858e-02
9.200000000000000000e+01 1.040613559080486028e-01 6.593192646501520870e-02
9.300000000000000000e+01 1.006905174747285137e-01 6.292019275288024405e-02
9.400000000000000000e+01 9.716117213486777371e-02 5.986327785117731559e-02
9.500000000000000000e+01 9.349746866992747485e-02 5.678366869354559143e-02
9.600000000000000000e+01 8.973285372097322687e-02 5.369912986030474233e-02
9.700000000000000000e+01 8.590347105535989236e-02 5.062433936112345489e-02
9.800000000000000000e+01 8.204078695101738039e-02 4.757360752473797916e-02
9.900000000000000000e+01 7.816716657319422445e-02 4.456283424651415886e-02
1.000000000000000000e+02 7.429621873456662695e-02 4.160953467982617116e-02
1.010000000000000000e+02 7.043709132610123658e-02 3.873107237864126945e-02
1.020000000000000000e+02 6.659999255981670363e-02 3.594231324096768682e-02
1.030000000000000000e+02 6.279993784097562259e-02 3.325412768028841726e-02
1.040000000000000000e+02 5.905701173462806625e-02 3.067349688351110604e-02
1.050000000000000000e+02 5.539342235953414323e-02 2.820494073656733616e-02
1.060000000000000000e+02 5.182920975187863682e-02 2.585225506493215100e-02
1.070000000000000000e+02 4.837890316204164487e-02 2.361952019947257189e-02
1.080000000000000000e+02 4.505063877540397416e-02 2.151093598879519342e-02
1.090000000000000000e+02 4.184781200246420058e-02 1.952980501425486196e-02
1.100000000000000000e+02 3.877207167196287940e-02 1.767744300346564545e-02
1.110000000000000000e+02 3.582598678300453338e-02 1.595271936389550810e-02
1.120000000000000000e+02 3.301414843125320686e-02 1.435245190037319832e-02
1.130000000000000000e+02 3.034244660472197250e-02 1.287234837163398274e-02
1.140000000000000000e+02 2.781620719573062867e-02 1.150792623680771919e-02
1.150000000000000000e+02 2.543832514233721268e-02 1.025495695108076533e-02
1.160000000000000000e+02 2.320834394143598406e-02 9.109337484706093307e-03
1.170000000000000000e+02 2.112280818743937638e-02 8.066637084032296512e-03
1.180000000000000000e+02 1.917653899415175389e-02 7.121702670627584435e-03
1.190000000000000000e+02 1.736409803971979485e-02 6.268593404440049414e-03
1.200000000000000000e+02 1.568075138949694136e-02 5.500868359016324385e-03
1.210000000000000000e+02 1.412261577762530945e-02 4.812040881864801736e-03
1.220000000000000000e+02 1.268612315701442630e-02 4.195953029806668948e-03
1.230000000000000000e+02 1.136723800384585592e-02 3.646916392705365668e-03
1.240000000000000000e+02 1.016089183212348646e-02 3.159625575692304698e-03
1.250000000000000000e+02 9.060899392905647984e-03 2.728971725220990206e-03
1.260000000000000000e+02 8.060334283233159744e-03 2.349905525679164484e-03
1.270000000000000000e+02 7.152125072560291605e-03 2.017432102962890376e-03
1.280000000000000000e+02 6.329576637216885980e-03 1.726722951924444414e-03
1.290000000000000000e+02 5.586617726366042286e-03 1.473264621205850819e-03
1.300000000000000000e+02 4.917745067051653568e-03 1.252959592682663902e-03
1.310000000000000000e+02 4.317779720556480690e-03 1.062139000897440681e-03
1.320000000000000000e+02 3.781609481129079731e-03 8.975027493734872002e-04
1.330000000000000000e+02 3.304054347408037946e-03 7.560360652113885587e-04
1.340000000000000000e+02 2.879899790990153585e-03 6.349496967994991718e-04
1.350000000000000000e+02 2.504051376096048595e-03 5.316639956888795805e-04
1.360000000000000000e+02 2.171717006485108549e-03 4.438265961213786349e-04
1.370000000000000000e+02 1.878531194929490425e-03 3.693370969013763726e-04
1.380000000000000000e+02 1.620581692251195447e-03 3.063550995980958468e-04
1.390000000000000000e+02 1.394351673163472501e-03 2.532831672954274373e-04
1.400000000000000000e+02 1.196624210514720321e-03 2.087319624239684598e-04
1.410000000000000000e+02 1.024399447672230505e-03 1.714822934763388616e-04
1.420000000000000000e+02 8.748547486390721717e-04 1.404563275898287563e-04
1.430000000000000000e+02 7.453497031653954531e-04 1.147020180092557626e-04
1.440000000000000000e+02 6.334564554471989583e-04 9.338695563581203671e-05
1.450000000000000000e+02 5.369893024196195977e-04 7.579446762954321511e-05
1.460000000000000000e+02 4.540147117897362357e-04 6.131629260328541262e-05
1.470000000000000000e+02 3.828367094781148262e-04 4.944023330881320823e-05
1.480000000000000000e+02 3.219648620601284639e-04 3.973484621004756597e-05
1.490000000000000000e+02 2.700777156213313678e-04 3.183464977943136544e-05
1.500000000000000000e+02 2.259929053622444848e-04 2.542846542613227381e-05
1.510000000000000000e+02 1.886490661082816525e-04 2.025153063214383905e-05
1.520000000000000000e+02 1.570981790713309710e-04 1.608033508616353710e-05
1.530000000000000000e+02 1.305030989055572135e-04 1.272851482572412600e-05
1.540000000000000000e+02 1.081346453957944027e-04 1.004255888141099184e-05
1.550000000000000000e+02 8.936487907695923644e-05 7.896970676349618655e-06
1.560000000000000000e+02 7.365621171050076160e-05 6.189263647621976429e-06
1.570000000000000000e+02 6.054824291681205575e-05 4.835428140725135077e-06
1.580000000000000000e+02 4.964492335722682059e-05 3.766317832528793076e-06
1.590000000000000000e+02 4.060399329147618738e-05 2.925022322457118511e-06
