0.000000000000000000e+00 4.787696246016819174e-07 -1.133731278046197690e-05
1.000000000000000000e+00 5.622177494610491404e-07 1.401384241729316615e-05
2.000000000000000000e+00 6.679878618116171343e-07 1.470051533197155858e-05
3.000000000000000000e+00 8.969498678111428796e-07 1.828599325115228054e-05
4.000000000000000000e+00 1.204545445792780345e-06 2.276992789353723208e-05
5.000000000000000000e+00 1.611885645578876604e-06 2.827560929315669569e-05
6.000000000000000000e+00 2.148979535726806015e-06 3.501364643887926485e-05
7.000000000000000000e+00 2.854411679785803321e-06 4.323616039148893994e-05
8.000000000000000000e+00 3.777364724693479401e-06 5.324118402085921360e-05
9.000000000000000000e+00 4.980234955502632781e-06 6.537897070400712095e-05
1.000000000000000000e+01 6.541832295778777903e-06 8.005896234679721975e-05
1.100000000000000000e+01 8.561268782067442596e-06 9.775785243392933084e-05
1.200000000000000000e+01 1.116265670941201150e-05 1.190292917835274764e-04
1.300000000000000000e+01 1.450074276185828190e-05 1.445155079734757096e-04
1.400000000000000000e+01 1.876760836338573166e-05 1.749604957321074553e-04
1.500000000000000000e+01 2.420057768128084462e-05 2.112237394560807519e-04
1.600000000000000000e+01 3.109149849715361484e-05 2.542931000693084706e-04
1.700000000000000000e+01 3.979759413962053713e-05 3.052959564283166689e-04
1.800000000000000000e+01 5.075411137956159540e-05 3.655090066018108134e-04
1.900000000000000000e+01 6.448898788451584566e-05 4.363687863062799279e-04
2.000000000000000000e+01 8.163971976893643733e-05 5.194858979385380635e-04
2.100000000000000000e+01 1.029725385047530262e-04 6.166650914258088373e-04
2.200000000000000000e+01 1.294039450139683315e-04 7.299304044721882179e-04
2.300000000000000000e+01 1.620246497318651041e-04 8.615506369666427232e-04
2.400000000000000000e+01 2.021260458932095164e-04 1.014057815937764468e-03
2.500000000000000000e+01 2.512294452092100503e-04 1.190252446247766320e-03
2.600000000000000000e+01 3.111183049578483467e-04 1.393195127310060347e-03
2.700000000000000000e+01 3.838734419240258725e-04 1.626192501269928172e-03
2.800000000000000000e+01 4.719107625007832978e-04 1.892791604332909891e-03
2.900000000000000000e+01 5.780205433474678743e-04 2.196795112812954809e-03
3.000000000000000000e+01 7.054071375868207518e-04 2.542298561079685444e-03
3.100000000000000000e+01 8.577284115166742369e-04 2.933733415180236979e-03
3.200000000000000000e+01 1.039135056321044892e-03 3.375886704705687719e-03
3.300000000000000000e+01 1.254310439230549735e-03 3.873869547869671776e-03
3.400000000000000000e+01 1.508510965285292469e-03 4.433027967923057651e-03
3.500000000000000000e+01 1.807604757230528263e-03 5.058822582230975383e-03
3.600000000000000000e+01 2.158103899381018202e-03 5.756730255980796289e-03
3.700000000000000000e+01 2.567184667021413496e-03 6.532219549054623514e-03
3.800000000000000000e+01 3.042692764797281547e-03 7.390813927290433225e-03
3.900000000000000000e+01 3.593135866688860775e-03 8.338196387998894274e-03
4.000000000000000000e+01 4.227669823633918751e-03 9.380260845941280207e-03
4.100000000000000000e+01 4.956082938484266537e-03 1.052301654596287696e-02
4.200000000000000000e+01 5.788773270050914452e-03 1.177231703258404746e-02
4.300000000000000000e+01 6.736702370249193078e-03 1.313349011487107386e-02
4.400000000000000000e+01 7.811305584767409133e-03 1.461102942427232668e-02
4.500000000000000000e+01 9.024351682043966344e-03 1.620850716264122388e-02
4.600000000000000000e+01 1.038776888713126290e-02 1.792875831857271979e-02
4.700000000000000000e+01 1.191347255521759373e-02 1.977421517433719175e-02
4.800000000000000000e+01 1.361322139791989322e-02 2.174713821963108681e-02
4.900000000000000000e+01 1.549849062241046710e-02 2.384949541935556944e-02
5.000000000000000000e+01 1.758030592493229141e-02 2.608241697062026881e-02
5.100000000000000000e+01 1.986897313838075982e-02 2.844542012833172970e-02
5.200000000000000000e+01 2.237368924095643752e-02 3.093579787781890189e-02
5.300000000000000000e+01 2.510210843620117732e-02 3.354854403562357312e-02
5.400000000000000000e+01 2.805999376858735531e-02 3.627691278491365634e-02
5.500000000000000000e+01 3.125104440150140023e-02 3.911331791866303614e-02
5.600000000000000000e+01 3.467685293283610803e-02 4.205000771177554164e-02
5.700000000000000000e+01 3.833680973792678859e-02 4.507900861174787832e-02
5.800000000000000000e+01 4.222776222938641466e-02 4.819123721987739889e-02
5.900000000000000000e+01 4.634341055180341007e-02 5.137522615337825060e-02
6.000000000000000000e+01 5.067367796899911736e-02 5.461624957590334450e-02
6.100000000000000000e+01 5.520442222264059645e-02 5.789650131410264966e-02
6.200000000000000000e+01 5.991769280447670210e-02 6.119638942924734287e-02
6.300000000000000000e+01 6.479234753416057702e-02 6.449629970642133114e-02
6.400000000000000000e+01 6.980451194976147744e-02 6.777780743355360515e-02
6.500000000000000000e+01 7.492741741453175230e-02 7.102357399090382384e-02
6.600000000000000000e+01 8.013064687011962894e-02 7.421596175756341174e-02
6.700000000000000000e+01 8.537941935860081377e-02 7.733527106083212810e-02
6.800000000000000000e+01 9.063473557285145477e-02 8.035886208415815579e-02
6.900000000000000000e+01 9.585470841088425398e-02 8.326196422254429630e-02
7.000000000000000000e+01 1.009964957652643852e-01 8.601992453802857763e-02
7.100000000000000000e+01 1.060176558405892672e-01 8.861066949045859342e-02
7.200000000000000000e+01 1.108760593963674657e-01 9.101591890640201021e-02
7.300000000000000000e+01 1.155286308392627082e-01 9.322041840819317304e-02
7.400000000000000000e+01 1.199303074557882542e-01 9.520973983280425768e-02
7.500000000000000000e+01 1.240347091613625968e-01 9.696821490344079142e-02
7.600000000000000000e+01 1.277968186659864114e-01 9.847858568618980679e-02
7.700000000000000000e+01 1.311763006234961948e-01 9.972387143976327306e-02
7.800000000000000000e+01 1.341393188392142055e-01 1.006904384105397343e-01
7.900000000000000000e+01 1.366576561075912299e-01 1.013703460070367740e-01
8.000000000000000000e+01 1.387060390165019419e-01 1.017613984616304729e-01
8.100000000000000000e+01 1.402601705629081819e-01 1.018647898464675461e-01
8.200000000000000000e+01 1.412976325791313048e-01 1.016818710696634764e-01
8.300000000000000000e+01 1.418015889093438286e-01 1.012122744795218160e-01
8.400000000000000000e+01 1.417647880192592635e-01 1.004548306505379240e-01
8.500000000000000000e+01 1.411907817374013219e-01 9.941084010668524429e-02
8.600000000000000000e+01 1.400912250180121332e-01 9.808756405366222952e-02
8.700000000000000000e+01 1.384811872267311950e-01 9.649947639694518575e-02
8.800000000000000000e+01 1.363761031873810259e-01 9.466616950071973791e-02
8.900000000000000000e+01 1.337927972907558549e-01 9.260799333638686237e-02
9.000000000000000000e+01 1.307537322421035153e-01 9.034210539622916647e-02
9.100000000000000000e+01 1.272908761161514191e-01 8.788150334246043471e-02
9.200000000000000000e+01 1.234456641800720511e-01 8.523775529209245971e-02
9.300000000000000000e+01 1.192645130686378063e-01 8.242568459156797422e-02
9.400000000000000000e+01 1.147928757292911162e-01 7.946685620972990249e-02
9.500000000000000000e+01 1.100720267012926801e-01 7.638935240686310635e-02
9.600000000000000000e+01 1.051406093161221939e-01 7.322364771422934515e-02
9.700000000000000000e+01 1.000391715559061367e-01 6.999691343216016270e-02
9.800000000000000000e+01 9.481354249957808789e-02 6.672917764552015185e-02
9.900000000000000000e+01 8.951387381910237695e-02 6.343369391531759882e-02
1.000000000000000000e+02 8.418967654450495997e-02 6.012125376807506832e-02
1.010000000000000000e+02 7.888436656445106665e-02 5.680567308069842114e-02
1.020000000000000000e+02 7.363315486617012795e-02 5.350692521281225078e-02
1.030000000000000000e+02 6.846540988013724571e-02 5.024987794122547091e-02
1.040000000000000000e+02 6.340914130231185830e-02 4.705934283996614925e-02
1.050000000000000000e+02 5.849379041895901021e-02 4.395441648734919882e-02
1.060000000000000000e+02 5.374910926287464197e-02 4.094549449847453837e-02
1.070000000000000000e+02 4.920113325294537404e-02 3.803566294440495488e-02
1.080000000000000000e+02 4.486846983164019531e-02 3.522548519569766723e-02
1.090000000000000000e+02 4.076168325370752021e-02 3.251819210905268487e-02
1.100000000000000000e+02 3.688600739297649006e-02 2.992217894655777380e-02
1.110000000000000000e+02 3.324511591907262226e-02 2.744949061896396342e-02
1.120000000000000000e+02 2.984314678104690172e-02 2.511143943902541253e-02
1.130000000000000000e+02 2.668382756295898176e-02 2.291412197493348721e-02
1.140000000000000000e+02 2.376788377751181888e-02 2.085648428071035232e-02
1.150000000000000000e+02 2.109107496456730235e-02 1.893191773880716078e-02
1.160000000000000000e+02 1.864445188456350863e-02 1.713224079601248159e-02
1.170000000000000000e+02 1.641657316749999679e-02 1.545163383850594631e-02
1.180000000000000000e+02 1.439600693584473963e-02 1.388834788181658383e-02
1.190000000000000000e+02 1.257247325920424902e-02 1.244350703448939520e-02
1.200000000000000000e+02 1.093622443007045975e-02 1.111805485478960936e-02
1.210000000000000000e+02 9.476601862674011514e-03 9.909828001641479353e-03
1.220000000000000000e+02 8.181138646721555774e-03 8.812438592872557167e-03
1.230000000000000000e+02 7.035928511935512532e-03 7.816425482197946611e-03
1.240000000000000000e+02 6.026918429221027676e-03 6.911797088864945690e-03
1.250000000000000000e+02 5.141159167008472336e-03 6.090417400075759727e-03
1.260000000000000000e+02 4.367242196536556473e-03 5.346985291560620544e-03
1.270000000000000000e+02 3.694866201889007024e-03 4.678318192838627765e-03
1.280000000000000000e+02 3.114090399484913379e-03 4.081626847855414873e-03
1.290000000000000000e+02 2.614921143469084788e-03 3.552909214300008223e-03
1.300000000000000000e+02 2.187488077456225914e-03 3.086341202848832607e-03
1.310000000000000000e+02 1.822579507278071498e-03 2.674849509056621052e-03
1.320000000000000000e+02 1.512093627456197404e-03 2.311370947222056958e-03
1.330000000000000000e+02 1.249113333688471866e-03 1.990011156756376839e-03
1.340000000000000000e+02 1.027635635083575406e-03 1.706510196668948980e-03
1.350000000000000000e+02 8.422119365694414033e-04 1.457905850612185731e-03
1.360000000000000000e+02 6.877475605254128148e-04 1.241734157607589286e-03
1.370000000000000000e+02 5.595313924094428779e-04 1.055283283499643858e-03
1.380000000000000000e+02 4.533868152386417972e-04 8.952819501306865258e-04
1.390000000000000000e+02 3.657791153150899378e-04 7.580927011109056925e-04
1.400000000000000000e+02 2.937882544417992408e-04 6.401958963785905812e-04
1.410000000000000000e+02 2.349727376867890812e-04 5.386411424374952517e-04
1.420000000000000000e+02 1.872173972948496272e-04 4.512312715855938748e-04
1.430000000000000000e+02 1.486430810452222704e-04 3.763978637411123738e-04
1.440000000000000000e+02 1.175931533806183027e-04 3.128975666769304468e-04
1.450000000000000000e+02 9.265751212906839153e-05 2.595204089816775263e-04
1.460000000000000000e+02 7.268366656252816366e-05 2.149488295546878708e-04
1.470000000000000000e+02 5.675071360341651467e-05 1.777943259016622369e-04
1.480000000000000000e+02 4.411631169859706384e-05 1.467402126500372218e-04
1.490000000000000000e+02 3.416332915099500495e-05 1.206826071050591038e-04
1.500000000000000000e+02 2.636625979572328592e-05 9.879120977982860951e-05
1.510000000000000000e+02 2.027967209934115406e-05 8.047395258949190642e-05
1.520000000000000000e+02 1.553745473708773771e-05 6.528332501126667044e-05
1.530000000000000000e+02 1.184994919831978182e-05 5.282174332697032380e-05
1.540000000000000000e+02 8.993286376128580939e-06 4.268829504967180998e-05
1.550000000000000000e+02 6.793512302168329371e-06 3.447687368349248245e-05
1.560000000000000000e+02 5.111600983100302437e-06 2.780738115121609151e-05
1.570000000000000000e+02 3.833618518859240879e-06 2.236076032421640075e-05
1.580000000000000000e+02 2.866260212301122826e-06 1.789579748067054432e-05
1.590000000000000000e+02 2.135175353539474189e-06 1.424183824885144302e-05
