0.000000000000000000e+00 -1.465972010273940004e-09 -1.866158344178875681e-06
1.000000000000000000e+00 4.120223189760957220e-09 1.768303668272953022e-06
2.000000000000000000e+00 6.134914502142889185e-09 2.112825122533305272e-06
3.000000000000000000e+00 9.586232153343431937e-09 2.842999939406143852e-06
4.000000000000000000e+00 1.489771857453320180e-08 3.823647708838178873e-06
5.000000000000000000e+00 2.301087177333496827e-08 5.122068315446617598e-06
6.000000000000000000e+00 3.532554986367846152e-08 6.833026293185055558e-06
7.000000000000000000e+00 5.390220682504783125e-08 9.077782456685725294e-06
8.000000000000000000e+00 8.175224149828404920e-08 1.201013234058160374e-05
9.000000000000000000e+00 1.232446920281758468e-07 1.582412725991703061e-05
1.000000000000000000e+01 1.846736358671202568e-07 2.076338201543616161e-05
1.100000000000000000e+01 2.750474350437687641e-07 2.713219137557021049e-05
1.200000000000000000e+01 4.071783939197368203e-07 3.530871935236506391e-05
1.300000000000000000e+01 5.991689857852797540e-07 4.576054228299741931e-05
1.400000000000000000e+01 8.764148994297826455e-07 5.906283383854376960e-05
1.500000000000000000e+01 1.274285007506240203e-06 7.591947955701940965e-05
1.600000000000000000e+01 1.841694927983472804e-06 9.718739741638546151e-05
1.700000000000000000e+01 2.645850559093507204e-06 1.239043160619053650e-04
1.800000000000000000e+01 3.778482835353961520e-06 1.573202147655931860e-04
1.900000000000000000e+01 5.363934521154039484e-06 1.989325652725515577e-04
2.000000000000000000e+01 7.569530916838462701e-06 2.505254506912073134e-04
2.100000000000000000e+01 1.061879792915152349e-05 3.142125818506383284e-04
2.200000000000000000e+01 1.480824889095120874e-05 3.924841578840769247e-04
2.300000000000000000e+01 2.052855426869862343e-05 4.882573535196452772e-04
2.400000000000000000e+01 2.829089708345468236e-05 6.049298968909154126e-04
2.500000000000000000e+01 3.875929765887672635e-05 7.464357790363238855e-04
2.600000000000000000e+01 5.278983064274424952e-05 9.173018104700758494e-04
2.700000000000000000e+01 7.147795490966386768e-05 1.122703734030750097e-03
2.800000000000000000e+01 9.621535476111496110e-05 1.368520880265872153e-03
2.900000000000000000e+01 1.287574384777819296e-04 1.661388455124323833e-03
3.000000000000000000e+01 1.713020555996589041e-04 2.008745846835615669e-03
3.100000000000000000e+01 2.265796477248951230e-04 2.418877699728883609e-03
3.200000000000000000e+01 2.979553373898675929e-04 2.900942861701554833e-03
3.300000000000000000e+01 3.895439028182317480e-04 3.464986298783830337e-03
3.400000000000000000e+01 5.063380461980342790e-04 4.121931523273497135e-03
3.500000000000000000e+01 6.543484108211823202e-04 4.883554496067808379e-03
3.600000000000000000e+01 8.407516810019945294e-04 5.762440775304763715e-03
3.700000000000000000e+01 1.074042677284709315e-03 6.771923212386363709e-03
3.800000000000000000e+01 1.364187682739804357e-03 7.925989729377804285e-03
3.900000000000000000e+01 1.722776653460586721e-03 9.239146813088943561e-03
4.000000000000000000e+01 2.163168836955779890e-03 1.072623135914408180e-02
4.100000000000000000e+01 2.700620857402993152e-03 1.240218004983597438e-02
4.200000000000000000e+01 3.352383489711278919e-03 1.428177872791084289e-02
4.300000000000000000e+01 4.137756356508202546e-03 1.637940845253501448e-02
4.400000000000000000e+01 5.078095072738413734e-03 1.870877782651974436e-02
4.500000000000000000e+01 6.196765242589842224e-03 2.128260349696044565e-02
4.600000000000000000e+01 7.519029733276160268e-03 2.411220412359345311e-02
4.700000000000000000e+01 9.071847801546607803e-03 2.720701986815701051e-02
4.800000000000000000e+01 1.088356787239316142e-02 3.057412971774200669e-02
4.900000000000000000e+01 1.298351024641366397e-02 3.421785473708957581e-02
5.000000000000000000e+01 1.540144803979834852e-02 3.813947217604129331e-02
5.100000000000000000e+01 1.816699119630122913e-02 4.233696008950162820e-02
5.200000000000000000e+01 2.130886426740933454e-02 4.680464188859957686e-02
5.300000000000000000e+01 2.485406433868686538e-02 5.153268075024346195e-02
5.400000000000000000e+01 2.882690424748659067e-02 5.650654932466087077e-02
5.500000000000000000e+01 3.324797585606409367e-02 6.170672043660165029e-02
5.600000000000000000e+01 3.813308133338966233e-02 6.710874413960143947e-02
5.700000000000000000e+01 4.349216552619400433e-02 7.268361153574504074e-02
5.800000000000000000e+01 4.932825953918328066e-02 7.839807049102968939e-02
5.900000000000000000e+01 5.563644624836559111e-02 8.421460334044045259e-02
6.000000000000000000e+01 6.240289011002079361e-02 9.009113758771129798e-02
6.100000000000000000e+01 6.960400816840028870e-02 9.598095713616934532e-02
6.200000000000000000e+01 7.720586060055449618e-02 1.018333174038426742e-01
6.300000000000000000e+01 8.516380199930445594e-02 1.075948077035483452e-01
6.400000000000000000e+01 9.342239232258471582e-02 1.132108826530663914e-01
6.500000000000000000e+01 1.019155596860117363e-01 1.186267814035154022e-01
6.600000000000000000e+01 1.105670421396922759e-01 1.237875651170409208e-01
6.700000000000000000e+01 1.192911729085734396e-01 1.286378764386504336e-01
6.800000000000000000e+01 1.279940623152932555e-01 1.331224701430700763e-01
6.900000000000000000e+01 1.365751596381885591e-01 1.371880552681130072e-01
7.000000000000000000e+01 1.449291012466684125e-01 1.407858406236737747e-01
7.100000000000000000e+01 1.529477390944209703e-01 1.438733898292909597e-01
7.200000000000000000e+01 1.605223104091214048e-01 1.464147914083940016e-01
7.300000000000000000e+01 1.675457801774353217e-01 1.483795382926199058e-01
7.400000000000000000e+01 1.739153656104273082e-01 1.497417049215591378e-01
7.500000000000000000e+01 1.795351313428543427e-01 1.504808414196593391e-01
7.600000000000000000e+01 1.843184433181054294e-01 1.505844576549202063e-01
7.700000000000000000e+01 1.881901107923546757e-01 1.500503466782933393e-01
7.800000000000000000e+01 1.910882047009169193e-01 1.488868232109643586e-01
7.900000000000000000e+01 1.929656457803685665e-01 1.471105453492385362e-01
8.000000000000000000e+01 1.937915784025094623e-01 1.447436281499909216e-01
8.100000000000000000e+01 1.935523679119123819e-01 1.418123886915233500e-01
8.200000000000000000e+01 1.922520012663642974e-01 1.383485955036166393e-01
8.300000000000000000e+01 1.899118343809367560e-01 1.343917477282927930e-01
8.400000000000000000e+01 1.865698560063348277e-01 1.299897903903459717e-01
8.500000000000000000e+01 1.822796789597636302e-01 1.251968707131597969e-01
8.600000000000000000e+01 1.771092855227754392e-01 1.200692637456631517e-01
8.700000000000000000e+01 1.711393749929289165e-01 1.146621989518250562e-01
8.800000000000000000e+01 1.644612183911618175e-01 1.090295314451756453e-01
8.900000000000000000e+01 1.571741679430885275e-01 1.032256926340267694e-01
9.000000000000000000e+01 1.493831210154365485e-01 9.730735958077184333e-02
9.100000000000000000e+01 1.411961288703405537e-01 9.133258101899009718e-02
9.200000000000000000e+01 1.327221077679286987e-01 8.535740584323281421e-02
9.300000000000000000e+01 1.240685283787870130e-01 7.943229820026695420e-02
9.400000000000000000e+01 1.153391100409058845e-01 7.360081559773432036e-02
9.500000000000000000e+01 1.066317310038292221e-01 6.790106599526034292e-02
9.600000000000000000e+01 9.803675844409338869e-02 6.236814478964439190e-02
9.700000000000000000e+01 8.963581568193568216e-02 5.703511471708139213e-02
9.800000000000000000e+01 8.150085489075474532e-02 5.193158966439549717e-02
9.900000000000000000e+01 7.369344099893779254e-02 4.708118398194291454e-02
1.000000000000000000e+02 6.626429526692521887e-02 4.250004302175365567e-02
1.010000000000000000e+02 5.925320628323551414e-02 3.819765469920741174e-02
1.020000000000000000e+02 5.268932627410001512e-02 3.417919180739564106e-02
1.030000000000000000e+02 4.659174601781433667e-02 3.044749687140946293e-02
1.040000000000000000e+02 4.097021859705846786e-02 2.700337833055347497e-02
1.050000000000000000e+02 3.582598162065082220e-02 2.384448429366333236e-02
1.060000000000000000e+02 3.115269855093111967e-02 2.096419258163861182e-02
1.070000000000000000e+02 2.693752533764540852e-02 1.835177287976053409e-02
1.080000000000000000e+02 2.316224440440308591e-02 1.599386888897694203e-02
1.090000000000000000e+02 1.980437860119638876e-02 1.387626203916052584e-02
1.100000000000000000e+02 1.683823122473557948e-02 1.198479734582432593e-02
1.110000000000000000e+02 1.423584798134764143e-02 1.030519187572213197e-02
1.120000000000000000e+02 1.196791057816430984e-02 8.822371176296346304e-03
1.130000000000000000e+02 1.000455035420010422e-02 7.520218768179969676e-03
1.140000000000000000e+02 8.316053009199835672e-03 6.382103113055275292e-03
1.150000000000000000e+02 6.873435782397622172e-03 5.391826573506233559e-03
1.160000000000000000e+02 5.648902630255816203e-03 4.534342627780881332e-03
1.170000000000000000e+02 4.616195311674558578e-03 3.795870661598985032e-03
1.180000000000000000e+02 3.750852780505741901e-03 3.163558814330872174e-03
1.190000000000000000e+02 3.030382433400580916e-03 2.625139085385185759e-03
1.200000000000000000e+02 2.434347506746556943e-03 2.168900685042914403e-03
1.210000000000000000e+02 1.944382844620900705e-03 1.783962634050595495e-03
1.220000000000000000e+02 1.544156050078055939e-03 1.460579156509774369e-03
1.230000000000000000e+02 1.219288433324909387e-03 1.190233442646872024e-03
1.240000000000000000e+02 9.572449274824021848e-04 9.654847064959398359e-04
1.250000000000000000e+02 7.472000223704778135e-04 7.797202470184071621e-04
1.260000000000000000e+02 5.798879583609092532e-04 6.269888016313630505e-04
1.270000000000000000e+02 4.474462168183546097e-04 5.019767899927878810e-04
1.280000000000000000e+02 3.432595834913426463e-04 4.000603158923480207e-04
1.290000000000000000e+02 2.618090980298960497e-04 3.173254451601519336e-04
1.300000000000000000e+02 1.985283271489830955e-04 2.505032724563000445e-04
1.310000000000000000e+02 1.496690647986497695e-04 1.968463126712050406e-04
1.320000000000000000e+02 1.121785317116242154e-04 1.540102285796421909e-04
1.330000000000000000e+02 8.358941992922159256e-05 1.199839172006197008e-04
1.340000000000000000e+02 6.192295163781297935e-05 9.306482568506810348e-05
1.350000000000000000e+02 4.560429121294754743e-05 7.184725369059071593e-05
1.360000000000000000e+02 3.338945644285318791e-05 5.519556436522687686e-05
1.370000000000000000e+02 2.430296043589306985e-05 4.219777372203482873e-05
1.380000000000000000e+02 1.758536660489633089e-05 3.211403109960670659e-05
1.390000000000000000e+02 1.264972537807448441e-05 2.433640449875404361e-05
1.400000000000000000e+02 9.045708574589757313e-06 1.836548652706892191e-05
1.410000000000000000e+02 6.430299444763865505e-06 1.379798547529091665e-05
1.420000000000000000e+02 4.544056244993393809e-06 1.031608723845846747e-05
1.430000000000000000e+02 3.192105007611211729e-06 7.673590482438921132e-06
1.440000000000000000e+02 2.229087850873155596e-06 5.679839304301488335e-06
1.450000000000000000e+02 1.547346750240620843e-06 4.185307170552462779e-06
1.460000000000000000e+02 1.067708695112648024e-06 3.071489226772250772e-06
1.470000000000000000e+02 7.323507759962168588e-07 2.244928528236273521e-06
1.480000000000000000e+02 4.993270546378191105e-07 1.633399708722553939e-06
1.490000000000000000e+02 3.384135869044919127e-07 1.182403864786160647e-06
1.500000000000000000e+02 2.279822668156075700e-07 8.513596722811004264e-07
1.510000000000000000e+02 1.526641697769087578e-07 6.099193298845586237e-07
1.520000000000000000e+02 1.016133429562791221e-07 4.350533204040476273e-07
1.530000000000000000e+02 6.722663491358948044e-08 3.091387755609458528e-07
1.540000000000000000e+02 4.420891429138258441e-08 2.188106505774518614e-07
1.550000000000000000e+02 2.889698416233702630e-08 1.541640207426475943e-07
1.560000000000000000e+02 1.877411468919416749e-08 1.080297853380678787e-07
1.570000000000000000e+02 1.212327768714640202e-08 7.527084831689924940e-08
1.580000000000000000e+02 7.780919043957179435e-09 5.217515637757541738e-08
1.590000000000000000e+02 4.963604509502146597e-09 3.601568563611101506e-08
