0.000000000000000000e+00 -1.734119711359926405e-08 -8.605781784483155888e-07
1.000000000000000000e+00 5.280648835233988732e-07 2.780133809340583478e-06
2.000000000000000000e+00 6.479979132206805961e-07 3.064635092154174908e-06
3.000000000000000000e+00 8.717306650260509365e-07 4.005242869992210763e-06
4.000000000000000000e+00 1.169209413472310985e-06 5.262294532509278204e-06
5.000000000000000000e+00 1.562269983063838879e-06 6.897712272253561522e-06
6.000000000000000000e+00 2.079573504469984686e-06 9.011381388609969239e-06
7.000000000000000000e+00 2.757744191063124051e-06 1.172540666186822563e-05
8.000000000000000000e+00 3.643359766631895982e-06 1.518947743222787334e-05
9.000000000000000000e+00 4.795373599303590496e-06 1.959211937163432018e-05
1.000000000000000000e+01 6.288030889837305946e-06 2.517445064990289915e-05
1.100000000000000000e+01 8.214367827616294337e-06 3.224184551587192156e-05
1.200000000000000000e+01 1.069041456405757459e-05 4.116966443618275503e-05
1.300000000000000000e+01 1.386025645040412988e-05 5.240379481162014453e-05
1.400000000000000000e+01 1.790211884694446805e-05 6.646309180212378153e-05
1.500000000000000000e+01 2.303560263558611935e-05 8.395411792257581401e-05
1.600000000000000000e+01 2.953011360848645928e-05 1.056044390423433344e-04
1.700000000000000000e+01 3.771445634003856365e-05 1.323092812043728263e-04
1.800000000000000000e+01 4.798759282458586186e-05 1.651742996498911913e-04
1.900000000000000000e+01 6.083075617157645751e-05 2.055348969834266092e-04
2.000000000000000000e+01 7.682138268544660661e-05 2.549462914713131580e-04
2.100000000000000000e+01 9.664946423166989944e-05 3.151632550948501687e-04
2.200000000000000000e+01 1.211366684097093903e-04 3.881471498606965881e-04
2.300000000000000000e+01 1.512578914718096126e-04 4.761318140597156591e-04
2.400000000000000000e+01 1.881641525988150365e-04 5.817441329335755300e-04
2.500000000000000000e+01 2.332055680704105095e-04 7.081287214589274646e-04
2.600000000000000000e+01 2.879540430805055135e-04 8.590047358388267374e-04
2.700000000000000000e+01 3.542270155926002719e-04 1.038614103363534949e-03
2.800000000000000000e+01 4.341148495151686982e-04 1.251596879379946467e-03
2.900000000000000000e+01 5.300137681023375617e-04 1.502901981015359722e-03
3.000000000000000000e+01 6.446630097327284755e-04 1.797847332966038842e-03
3.100000000000000000e+01 7.811807304300221562e-04 2.142354837229001364e-03
3.200000000000000000e+01 9.430913440326626693e-04 2.543245759515858594e-03
3.300000000000000000e+01 1.134340269170862423e-03 3.008391978006645304e-03
3.400000000000000000e+01 1.359299857122731959e-03 3.546568977958223460e-03
3.500000000000000000e+01 1.622777517565475013e-03 4.167047693636832979e-03
3.600000000000000000e+01 1.930036717720236966e-03 4.879176503905997483e-03
3.700000000000000000e+01 2.286830261820497687e-03 5.692271263724854070e-03
3.800000000000000000e+01 2.699428229916785507e-03 6.615954678866799860e-03
3.900000000000000000e+01 3.174612933701959766e-03 7.660746889255987818e-03
4.000000000000000000e+01 3.719622228044704333e-03 8.838443580668169444e-03
4.100000000000000000e+01 4.342050447863027990e-03 1.016186224317077759e-02
4.200000000000000000e+01 5.049746020170282901e-03 1.164392917399231092e-02
4.300000000000000000e+01 5.850750772137342827e-03 1.329658115946598558e-02
4.400000000000000000e+01 6.753293640561290265e-03 1.513018584438298279e-02
4.500000000000000000e+01 7.765795028246761517e-03 1.715390091525767491e-02
4.600000000000000000e+01 8.896798442401042048e-03 1.937671775236072050e-02
4.700000000000000000e+01 1.015476442234572105e-02 2.180833552511582743e-02
4.800000000000000000e+01 1.154774282139615568e-02 2.445898122596978225e-02
4.900000000000000000e+01 1.308303454113585521e-02 2.733795470842891734e-02
5.000000000000000000e+01 1.476698539922847650e-02 3.045162529602673737e-02
5.100000000000000000e+01 1.660497544731285788e-02 3.380213532411845134e-02
5.200000000000000000e+01 1.860151085827523379e-02 3.738769682608108352e-02
5.300000000000000000e+01 2.076020413100506876e-02 4.120426222836288954e-02
5.400000000000000000e+01 2.308345698391841075e-02 4.524727707702815016e-02
5.500000000000000000e+01 2.557185811417064802e-02 4.951202614259844065e-02
5.600000000000000000e+01 2.822355376635039825e-02 5.399201728286153606e-02
5.700000000000000000e+01 3.103394668282095231e-02 5.867630601635316634e-02
5.800000000000000000e+01 3.399590675801610062e-02 6.354757332721405749e-02
5.900000000000000000e+01 3.710031241848547184e-02 6.858237977962088061e-02
6.000000000000000000e+01 4.033644687075891438e-02 7.375352186549560818e-02
6.100000000000000000e+01 4.369181310379079836e-02 7.903287784924689641e-02
6.200000000000000000e+01 4.715134820982930935e-02 8.439272374415915379e-02
6.300000000000000000e+01 5.069654351053953095e-02 8.980459499275864066e-02
6.400000000000000000e+01 5.430519391410452285e-02 9.523660222270856346e-02
6.500000000000000000e+01 5.795216289114386160e-02 1.006513231577064044e-01
6.600000000000000000e+01 6.161083120659461426e-02 1.060060540566523518e-01
6.700000000000000000e+01 6.525432450166479548e-02 1.112555316250336962e-01
6.800000000000000000e+01 6.885568735821846753e-02 1.163554666145293487e-01
6.900000000000000000e+01 7.238693703325074780e-02 1.212646868644196713e-01
7.000000000000000000e+01 7.581786638392723487e-02 1.259447659929794072e-01
7.100000000000000000e+01 7.911582560765537120e-02 1.303578868760429665e-01
7.200000000000000000e+01 8.224711505357874819e-02 1.344649520625602890e-01
7.300000000000000000e+01 8.517942514656466624e-02 1.382256928910606530e-01
7.400000000000000000e+01 8.788386703786867094e-02 1.416009955942461596e-01
7.500000000000000000e+01 9.033531389956118984e-02 1.445560464651415022e-01
7.600000000000000000e+01 9.251099319622974049e-02 1.470623929471744917e-01
7.700000000000000000e+01 9.438865159389578374e-02 1.490979179458086779e-01
7.800000000000000000e+01 9.594605115254475902e-02 1.506452637513056025e-01
7.900000000000000000e+01 9.716260913696292412e-02 1.516902444029436525e-01
8.000000000000000000e+01 9.802231621589307942e-02 1.522215728463098827e-01
8.100000000000000000e+01 9.851595912863575499e-02 1.522320809091832206e-01
8.200000000000000000e+01 9.864106465988936590e-02 1.517204688057663675e-01
8.300000000000000000e+01 9.839964767546448277e-02 1.506923212267282930e-01
8.400000000000000000e+01 9.779552126040647053e-02 1.491597785179207825e-01
8.500000000000000000e+01 9.683327503595179353e-02 1.471402446732418823e-01
8.600000000000000000e+01 9.551972105446018824e-02 1.446550730709665056e-01
8.700000000000000000e+01 9.386663560869079603e-02 1.417289557421948787e-01
8.800000000000000000e+01 9.189254174075484061e-02 1.383900398151218791e-01
8.900000000000000000e+01 8.962195566906855371e-02 1.346702136990768628e-01
9.000000000000000000e+01 8.708244300053165354e-02 1.306049623981240249e-01
9.100000000000000000e+01 8.430148771888243409e-02 1.262326187972083180e-01
9.200000000000000000e+01 8.130526658569811604e-02 1.215933164934273752e-01
9.300000000000000000e+01 7.811988748434595120e-02 1.167280971128165090e-01
9.400000000000000000e+01 7.477372038310248215e-02 1.116783888576331207e-01
9.500000000000000000e+01 7.129864243666020340e-02 1.064857159982564860e-01
9.600000000000000000e+01 6.772893107684241354e-02 1.011913372378870357e-01
9.700000000000000000e+01 6.409840070386095545e-02 9.583564806512123724e-02
9.800000000000000000e+01 6.043770727278664767e-02 9.045745457206434692e-02
9.900000000000000000e+01 5.677353670467001623e-02 8.509337762308430420e-02
1.000000000000000000e+02 5.312988704063330292e-02 7.977755710984481274e-02
1.010000000000000000e+02 4.953008508232985274e-02 7.454159614605887496e-02
1.020000000000000000e+02 4.599775486342275871e-02 6.941452339014435313e-02
1.030000000000000000e+02 4.255592006030940733e-02 6.442259047874426825e-02
1.040000000000000000e+02 3.922493207119297914e-02 5.958891435371879708e-02
1.050000000000000000e+02 3.602077617295020712e-02 5.493315042469945619e-02
1.060000000000000000e+02 3.295492198730354261e-02 5.047139832873580312e-02
1.070000000000000000e+02 3.003565693785022195e-02 4.621639520187131173e-02
1.080000000000000000e+02 2.726978023586738159e-02 4.217786891955539741e-02
1.090000000000000000e+02 2.466342092647983569e-02 3.836284857218764249e-02
1.100000000000000000e+02 2.222155799243619168e-02 3.477580797179100763e-02
1.110000000000000000e+02 1.994684834718295219e-02 3.141867571880343352e-02
1.120000000000000000e+02 1.783881969986442911e-02 2.829085706119160992e-02
1.130000000000000000e+02 1.589409729601991977e-02 2.538940240756809574e-02
1.140000000000000000e+02 1.410750202920209653e-02 2.270934822945378656e-02
1.150000000000000000e+02 1.247325503883632905e-02 2.024413995780366404e-02
1.160000000000000000e+02 1.098556064991559889e-02 1.798600659724481493e-02
1.170000000000000000e+02 9.638394801842082096e-03 1.592620940176990227e-02
1.180000000000000000e+02 8.424917350989855752e-03 1.405518079854703971e-02
1.190000000000000000e+02 7.337120604427942519e-03 1.236263360807031246e-02
1.200000000000000000e+02 6.366048361368241773e-03 1.083771670324554411e-02
1.210000000000000000e+02 5.502448987218730436e-03 9.469237428521038238e-03
1.220000000000000000e+02 4.737433479375359816e-03 8.245911634821835590e-03
1.230000000000000000e+02 4.062772297325655500e-03 7.156580053426486385e-03
1.240000000000000000e+02 3.470773046080425847e-03 6.190352122512954303e-03
1.250000000000000000e+02 2.953970787554853570e-03 5.336681090565193603e-03
1.260000000000000000e+02 2.504934184213838521e-03 4.585404881769540586e-03
1.270000000000000000e+02 2.116337869411071600e-03 3.926788794860478285e-03
1.280000000000000000e+02 1.781227156927163132e-03 3.351584727519168506e-03
1.290000000000000000e+02 1.493276412410731628e-03 2.851096943175882893e-03
1.300000000000000000e+02 1.246881976240861835e-03 2.417233306438918480e-03
1.310000000000000000e+02 1.037070726240827637e-03 2.042527089710559872e-03
1.320000000000000000e+02 8.593272703903789313e-04 1.720129409447372637e-03
1.330000000000000000e+02 7.094675547619084784e-04 1.443784196666871196e-03
1.340000000000000000e+02 5.836206086986431112e-04 1.207799675302276624e-03
1.350000000000000000e+02 4.782898689194641732e-04 1.007024030425387063e-03
1.360000000000000000e+02 3.904177309426304235e-04 8.368246147481364118e-04
1.370000000000000000e+02 3.173928514235966648e-04 6.930654268697772433e-04
1.380000000000000000e+02 2.569920717511430539e-04 5.720783844182176971e-04
1.390000000000000000e+02 2.072931374906370351e-04 4.706278765589617464e-04
1.400000000000000000e+02 1.666034518493647316e-04 3.858716818382839460e-04
1.410000000000000000e+02 1.334275546576236041e-04 3.153223830886932961e-04
1.420000000000000000e+02 1.064653883434820239e-04 2.568119995188213522e-04
1.430000000000000000e+02 8.461692319174590011e-05 2.084602836204832931e-04
1.440000000000000000e+02 6.697292816606857527e-05 1.686456060040233658e-04
1.450000000000000000e+02 5.278769299605303345e-05 1.359771882211236534e-04
1.460000000000000000e+02 4.144340932015384431e-05 1.092682153544462421e-04
1.470000000000000000e+02 3.241939135341022511e-05 8.751022237366630919e-05
1.480000000000000000e+02 2.527334554956225441e-05 6.984950589970747626e-05
1.490000000000000000e+02 1.963323225178228629e-05 5.556609752237209133e-05
1.500000000000000000e+02 1.519323907609002896e-05 4.405535730375231081e-05
1.510000000000000000e+02 1.170798477599664089e-05 3.481186876085201745e-05
1.520000000000000000e+02 8.983054879200903434e-06 2.741521175394029749e-05
1.530000000000000000e+02 6.863703681823136603e-06 2.151730471619540581e-05
1.540000000000000000e+02 5.224796136915241863e-06 1.683118172976215431e-05
1.550000000000000000e+02 3.963898979769304195e-06 1.312117261220186744e-05
1.560000000000000000e+02 2.997425438544555406e-06 1.019445171113420160e-05
1.570000000000000000e+02 2.258430569064159444e-06 7.893858208852204874e-06
1.580000000000000000e+02 1.694604157903722307e-06 6.091831909285073470e-06
1.590000000000000000e+02 1.265795796709410861e-06 4.685290786940813140e-06
