0.000000000000000000e+00 -4.789274647403718057e-08 -3.048087687489927933e-08
1.000000000000000000e+00 7.438176652592726554e-08 4.069651065269111706e-08
2.000000000000000000e+00 9.833363918257548977e-08 5.587583650735240416e-08
3.000000000000000000e+00 1.421011635287771177e-07 8.305642883666485718e-08
4.000000000000000000e+00 2.048147246713621812e-07 1.230453689644928714e-07
5.000000000000000000e+00 2.937416926513782678e-07 1.812791729928155828e-07
6.000000000000000000e+00 4.191536135431852038e-07 2.655620532383542636e-07
7.000000000000000000e+00 5.951042977640905795e-07 3.868381384111453031e-07
8.000000000000000000e+00 8.406773512335106323e-07 5.603456921904791825e-07
9.000000000000000000e+00 1.181623286359282813e-06 8.071526122183498706e-07
1.000000000000000000e+01 1.652490113654381744e-06 1.156179768931305022e-06
1.100000000000000000e+01 2.299383053513286082e-06 1.646870559256673316e-06
1.200000000000000000e+01 3.183498780519307761e-06 2.332705213342663242e-06
1.300000000000000000e+01 4.385588106336428612e-06 3.285771955471558454e-06
1.400000000000000000e+01 6.011534185281016500e-06 4.602612521276545866e-06
1.500000000000000000e+01 8.199305870565426585e-06 6.411607192556061449e-06
1.600000000000000000e+01 1.112762599282692125e-05 8.882282264612266436e-06
1.700000000000000000e+01 1.502672836913034942e-05 1.223705634442644397e-05
1.800000000000000000e+01 2.019153830437709713e-05 1.676598110028173133e-05
1.900000000000000000e+01 2.699756333494742145e-05 2.284494657381625079e-05
2.000000000000000000e+01 3.591983161262342247e-05 3.095775200827526015e-05
2.100000000000000000e+01 4.755539923240910269e-05 4.172259056313452566e-05
2.200000000000000000e+01 6.265012316796480520e-05 5.592384143504196991e-05
2.300000000000000000e+01 8.213033904129460653e-05 7.455025448666570474e-05
2.400000000000000000e+01 1.071397397128625830e-04 9.884029826078631728e-05
2.500000000000000000e+01 1.390813986600666474e-04 1.303347904706347925e-04
2.600000000000000000e+01 1.796649250209978756e-04 1.709366604249516015e-04
2.700000000000000000e+01 2.309592264289042542e-04 2.229782883269506720e-04
2.800000000000000000e+01 2.954517244063495363e-04 2.892977088543952037e-04
2.900000000000000000e+01 3.761143726168995590e-04 3.733246543358406840e-04
3.000000000000000000e+01 4.764754353883569535e-04 4.791754153735586067e-04
3.100000000000000000e+01 6.006947413161129118e-04 6.117533636379032455e-04
3.200000000000000000e+01 7.536403062057146210e-04 7.768520941599113896e-04
3.300000000000000000e+01 9.409657704567112209e-04 9.812606685059214844e-04
3.400000000000000000e+01 1.169189144646220081e-03 1.232872052677451685e-03
3.500000000000000000e+01 1.445771829752316761e-03 1.540792932715749934e-03
3.600000000000000000e+01 1.779193045023725727e-03 1.915446776721734141e-03
3.700000000000000000e+01 2.179011863889863086e-03 2.368658594576336564e-03
3.800000000000000000e+01 2.655910307659242742e-03 2.913714134168559917e-03
3.900000000000000000e+01 3.221715758991485976e-03 3.565394341580507311e-03
4.000000000000000000e+01 3.889404266580958214e-03 4.339987335989188739e-03
4.100000000000000000e+01 4.673083322486866822e-03 5.255269917779529371e-03
4.200000000000000000e+01 5.587944749948094147e-03 6.330438011181020383e-03
4.300000000000000000e+01 6.650173151239476346e-03 7.585966290675556084e-03
4.400000000000000000e+01 7.876799736385668022e-03 9.043394863551034238e-03
4.500000000000000000e+01 9.285503047037355420e-03 1.072505784263218243e-02
4.600000000000000000e+01 1.089436631552109271e-02 1.265376388465423371e-02
4.700000000000000000e+01 1.272159707917146568e-02 1.485241442513388251e-02
4.800000000000000000e+01 1.478520164527796082e-02 1.734353011411019982e-02
4.900000000000000000e+01 1.710259915944055409e-02 2.014867438069931418e-02
5.000000000000000000e+01 1.969016821269312795e-02 2.328780261693454839e-02
5.100000000000000000e+01 2.256273851851272466e-02 2.677858432062507621e-02
5.200000000000000000e+01 2.573305443594885861e-02 3.063571988418652831e-02
5.300000000000000000e+01 2.921123372094734660e-02 3.487023174798558472e-02
5.400000000000000000e+01 3.300422876049974308e-02 3.948870527643801032e-02
5.500000000000000000e+01 3.711528582528760695e-02 4.449250353993450952e-02
5.600000000000000000e+01 4.154340271520620687e-02 4.987703309645605265e-02
5.700000000000000000e+01 4.628280276200866239e-02 5.563113271452858888e-02
5.800000000000000000e+01 5.132245947546656972e-02 6.173659470028329543e-02
5.900000000000000000e+01 5.664571059078812171e-02 6.816778038863963163e-02
6.000000000000000000e+01 6.222999182714086808e-02 7.489131845204015370e-02
6.100000000000000000e+01 6.804670371584409239e-02 8.186594970951001360e-02
6.200000000000000000e+01 7.406120590163117745e-02 8.904261357273390853e-02
6.300000000000000000e+01 8.023292335942074083e-02 9.636481130372845372e-02
6.400000000000000000e+01 8.651556114307222545e-02 1.037691904705039803e-01
6.500000000000000000e+01 9.285745796366767779e-02 1.111862771261780403e-01
6.600000000000000000e+01 9.920213560547985754e-02 1.185413578236285126e-01
6.700000000000000000e+01 1.054890808387761864e-01 1.257555863076491864e-01
6.800000000000000000e+01 1.116547232625000746e-01 1.327473575984651766e-01
6.900000000000000000e+01 1.176335022446449718e-01 1.394338765659864088e-01
7.000000000000000000e+01 1.233589260743144650e-01 1.457327787233493599e-01
7.100000000000000000e+01 1.287646285578341043e-01 1.515637221056885253e-01
7.200000000000000000e+01 1.337855297637034757e-01 1.568499887869475307e-01
7.300000000000000000e+01 1.383591871100233739e-01 1.615201612160898914e-01
7.400000000000000000e+01 1.424272666421372013e-01 1.655098251846039981e-01
7.500000000000000000e+01 1.459369124193619083e-01 1.687631248886909130e-01
7.600000000000000000e+01 1.488418144558559530e-01 1.712340141004027039e-01
7.700000000000000000e+01 1.511029830885803060e-01 1.728872052233167422e-01
7.800000000000000000e+01 1.526894359491347830e-01 1.736989384848988127e-01
7.900000000000000000e+01 1.535789763793549700e-01 1.736576331658175598e-01
8.000000000000000000e+01 1.537589899047726860e-01 1.727643094770460463e-01
8.100000000000000000e+01 1.532269577713027964e-01 1.710325946916816109e-01
8.200000000000000000e+01 1.519904379491104351e-01 1.684882579793265389e-01
8.300000000000000000e+01 1.500665738889050416e-01 1.651684232810611830e-01
8.400000000000000000e+01 1.474814586924031723e-01 1.611206625304567319e-01
8.500000000000000000e+01 1.442696284244956162e-01 1.564020159074753502e-01
8.600000000000000000e+01 1.404736287844627063e-01 1.510778056513392698e-01
8.700000000000000000e+01 1.361433340502418432e-01 1.452201198615037658e-01
8.800000000000000000e+01 1.313347802254913044e-01 1.389060391227484870e-01
8.900000000000000000e+01 1.261086305615258807e-01 1.322158434707408070e-01
9.000000000000000000e+01 1.205286589801487507e-01 1.252313883024295249e-01
9.100000000000000000e+01 1.146605442074601494e-01 1.180346354453330332e-01
9.200000000000000000e+01 1.085709169740924906e-01 1.107061971295147385e-01
9.300000000000000000e+01 1.023263577836450028e-01 1.033238298693210100e-01
9.400000000000000000e+01 9.599214504247889634e-02 9.596099870542151855e-02
9.500000000000000000e+01 8.963087901146346570e-02 8.868570789215785011e-02
9.600000000000000000e+01 8.330131229035904472e-02 8.155968193377594044e-02
9.700000000000000000e+01 7.705760240428281838e-02 7.463780960754957949e-02
9.800000000000000000e+01 7.094890297878768404e-02 6.796771272440879641e-02
9.900000000000000000e+01 6.501903470802047891e-02 6.158940338509541479e-02
1.000000000000000000e+02 5.930608000665216206e-02 5.553511603386085405e-02
1.010000000000000000e+02 5.384198817485216781e-02 4.982940726043868368e-02
1.020000000000000000e+02 4.865240175465290057e-02 4.448951105245436272e-02
1.030000000000000000e+02 4.375681089342429997e-02 3.952584047900400965e-02
1.040000000000000000e+02 3.916894067603741980e-02 3.494253258410980056e-02
1.050000000000000000e+02 3.489718339828162819e-02 3.073801630976041172e-02
1.060000000000000000e+02 3.094497318942725228e-02 2.690564533895079338e-02
1.070000000000000000e+02 2.731115041751213529e-02 2.343442096927087978e-02
1.080000000000000000e+02 2.399042239982523972e-02 2.030976783260646581e-02
1.090000000000000000e+02 2.097395611733516088e-02 1.751429016858574439e-02
1.100000000000000000e+02 1.825003146948461427e-02 1.502845943651925052e-02
1.110000000000000000e+02 1.580465023039756556e-02 1.283123265458236545e-02
1.120000000000000000e+02 1.362205363597911167e-02 1.090062507792391444e-02
1.130000000000000000e+02 1.168517777606729001e-02 9.214246343132493494e-03
1.140000000000000000e+02 9.976096972766926307e-03 7.749782503915384445e-03
1.150000000000000000e+02 8.476466714796673449e-03 6.485398820194797354e-03
1.160000000000000000e+02 7.167932334883048498e-03 5.400054450123018338e-03
1.170000000000000000e+02 6.032463581366799381e-03 4.473740869381276526e-03
1.180000000000000000e+02 5.052605903182964125e-03 3.687662282175329948e-03
1.190000000000000000e+02 4.211670100277546507e-03 3.024368038695504201e-03
1.200000000000000000e+02 3.493885795999598660e-03 2.467837096902608836e-03
1.210000000000000000e+02 2.884526132997194525e-03 2.003513261751655242e-03
1.220000000000000000e+02 2.369994970969431427e-03 1.618296287433266612e-03
1.230000000000000000e+02 1.937868613719249391e-03 1.300499940843448604e-03
1.240000000000000000e+02 1.576896419476990410e-03 1.039788348590943694e-03
1.250000000000000000e+02 1.276973911804276003e-03 8.270977050815072305e-04
1.260000000000000000e+02 1.029100647954681470e-03 6.545464906679160106e-04
1.270000000000000000e+02 8.253275113217159193e-04 5.153365888612233738e-04
1.280000000000000000e+02 6.586928800941701774e-04 4.036491229310864908e-04
1.290000000000000000e+02 5.231478744099724455e-04 3.145398251499275169e-04
1.300000000000000000e+02 4.134745224626137461e-04 2.438379569971194929e-04
1.310000000000000000e+02 3.252025027433025762e-04 1.880509406093046549e-04
1.320000000000000000e+02 2.545286388615960169e-04 1.442754040686597405e-04
1.330000000000000000e+02 1.982405618280443733e-04 1.101149448623210708e-04
1.340000000000000000e+02 1.536443999230020037e-04 8.360513350982252457e-05
1.350000000000000000e+02 1.184965684776422370e-04 6.314634959467508928e-05
1.360000000000000000e+02 9.094054032126202322e-05 4.744467055351655051e-05
1.370000000000000000e+02 6.944966461135021235e-05 3.546048293341009546e-05
1.380000000000000000e+02 5.277650395347962533e-05 2.636413729253155795e-05
1.390000000000000000e+02 3.990840916107510925e-05 1.949793305728329872e-05
1.400000000000000000e+02 3.002870601350739291e-05 1.434383427639927103e-05
1.410000000000000000e+02 2.248294972622398737e-05 1.049638263484366292e-05
1.420000000000000000e+02 1.674988938748536604e-05 7.640239242404714008e-06
1.430000000000000000e+02 1.241682904333419417e-05 5.531730520528135713e-06
1.440000000000000000e+02 9.158978051640882914e-06 3.983778783579844545e-06
1.450000000000000000e+02 6.722287826146076430e-06 2.853671457863391271e-06
1.460000000000000000e+02 4.909264156060013710e-06 2.033214768856567221e-06
1.470000000000000000e+02 3.567307315368065554e-06 1.440885557456872271e-06
1.480000000000000000e+02 2.579205034397521943e-06 1.015635429996065161e-06
1.490000000000000000e+02 1.855451654351019373e-06 7.120356644100580825e-07
1.500000000000000000e+02 1.328096394649675418e-06 4.964943289883523452e-07
1.510000000000000000e+02 9.458529272778644394e-07 3.443263268535598923e-07
1.520000000000000000e+02 6.702380290835224732e-07 2.375015328136477801e-07
1.530000000000000000e+02 4.725437778292220259e-07 1.629295998149813976e-07
1.540000000000000000e+02 3.314798414305030726e-07 1.111644646692083369e-07
1.550000000000000000e+02 2.313494601150640958e-07 7.543223300856560239e-08
1.560000000000000000e+02 1.606469005762114508e-07 5.090559230103007819e-08
1.570000000000000000e+02 1.109860796487135043e-07 3.416544221171670952e-08
1.580000000000000000e+02 7.628849065133297807e-08 2.280448310952872731e-08
1.590000000000000000e+02 5.217276023130029572e-08 1.513782745447558152e-08
