0.000000000000000000e+00 -7.236541744393746760e-07 -3.377619029946588313e-08
1.000000000000000000e+00 7.597704086564853991e-07 5.471030595902350052e-08
2.000000000000000000e+00 9.193370311186920819e-07 7.407937910744804463e-08
3.000000000000000000e+00 1.255383662115440749e-06 1.092169183120026653e-07
4.000000000000000000e+00 1.714929360437523089e-06 1.606302774774440194e-07
5.000000000000000000e+00 2.333254859965249533e-06 2.349658459809566727e-07
6.000000000000000000e+00 3.160920905045884210e-06 3.417634720521562186e-07
7.000000000000000000e+00 4.263793694375036482e-06 4.942853198182804944e-07
8.000000000000000000e+00 5.726780142692241195e-06 7.108131498842817355e-07
9.000000000000000000e+00 7.658727257061545546e-06 1.016391528790382426e-06
1.000000000000000000e+01 1.019848381638394183e-05 1.445126084000435699e-06
1.100000000000000000e+01 1.352231453203360084e-05 2.043165046618843357e-06
1.200000000000000000e+01 1.785286650929849542e-05 2.872519393174852129e-06
1.300000000000000000e+01 2.346989272225228371e-05 4.015935838712747457e-06
1.400000000000000000e+01 3.072298332601397974e-05 5.583112808591442283e-06
1.500000000000000000e+01 4.004663598041994799e-05 7.718592861787552104e-06
1.600000000000000000e+01 5.197806050513132379e-05 1.061165279432198268e-05
1.700000000000000000e+01 6.717809458510352937e-05 1.450849451881415357e-05
1.800000000000000000e+01 8.645549416892030052e-05 1.972711119509305296e-05
1.900000000000000000e+01 1.107947351165536722e-04 2.667537952361102919e-05
2.000000000000000000e+01 1.413874433943838513e-04 3.587306847223648021e-05
2.100000000000000000e+01 1.796676958763289986e-04 4.797837878787034651e-05
2.200000000000000000e+01 2.273515824898429661e-04 6.381936787321670478e-05
2.300000000000000000e+01 2.864813635060231307e-04 8.443047357019524152e-05
2.400000000000000000e+01 3.594741793400941339e-04 1.110945942440879416e-04
2.500000000000000000e+01 4.491747274209018808e-04 1.453916011020956476e-04
2.600000000000000000e+01 5.589109737925009817e-04 1.892541258798093983e-04
2.700000000000000000e+01 6.925520627433298789e-04 2.450306443679485698e-04
2.800000000000000000e+01 8.545679506967945958e-04 3.155548501720265367e-04
2.900000000000000000e+01 1.050090384454150424e-03 4.042201746171982532e-04
3.000000000000000000e+01 1.284974228354748230e-03 5.150592906627249031e-04
3.100000000000000000e+01 1.565856972102234665e-03 6.528291773935142187e-04
3.200000000000000000e+01 1.900213253893816767e-03 8.231011171073944390e-04
3.300000000000000000e+01 2.296401095408587278e-03 1.032352106298091692e-03
3.400000000000000000e+01 2.763697210009610685e-03 1.288052254805728200e-03
3.500000000000000000e+01 3.312319382864409214e-03 1.598744114839886765e-03
3.600000000000000000e+01 3.953433721341546511e-03 1.974113085496675708e-03
3.700000000000000000e+01 4.699143586166184411e-03 2.425048565055752149e-03
3.800000000000000000e+01 5.562456090304628703e-03 2.963690977584026911e-03
3.900000000000000000e+01 6.557221875480388935e-03 3.603453968605866906e-03
4.000000000000000000e+01 7.698044190248293922e-03 4.359010821668047805e-03
4.100000000000000000e+01 9.000153441920059894e-03 5.246241118835602395e-03
4.200000000000000000e+01 1.047924363534650898e-02 6.282140516889746576e-03
4.300000000000000000e+01 1.215126883308614326e-02 7.484694266723759468e-03
4.400000000000000000e+01 1.403220155235778387e-02 8.872704743254357720e-03
4.500000000000000000e+01 1.613775843725356179e-02 1.046555702068336161e-02
4.600000000000000000e+01 1.848309721930339183e-02 1.228291457853834638e-02
4.700000000000000000e+01 2.108248168190401256e-02 1.434435384277871900e-02
4.800000000000000000e+01 2.394890445466824058e-02 1.666895384347015160e-02
4.900000000000000000e+01 2.709366181616448474e-02 1.927484670090581428e-02
5.000000000000000000e+01 3.052589420134127138e-02 2.217871868586125325e-02
5.100000000000000000e+01 3.425212834800808043e-02 2.539525235846679801e-02
5.200000000000000000e+01 3.827585900056706958e-02 2.893652243193396006e-02
5.300000000000000000e+01 4.259717841912724623e-02 3.281137993123468821e-02
5.400000000000000000e+01 4.721242032166557412e-02 3.702485654952133998e-02
5.500000000000000000e+01 5.211377397710839632e-02 4.157759709192125619e-02
5.600000000000000000e+01 5.728887064420529196e-02 4.646531265587991455e-02
5.700000000000000000e+01 6.272042169246211385e-02 5.167826267287620873e-02
5.800000000000000000e+01 6.838602364006285406e-02 5.720080511857949385e-02
5.900000000000000000e+01 7.425818546555161548e-02 6.301106411709683774e-02
6.000000000000000000e+01 8.030450731928490127e-02 6.908073837533869332e-02
6.100000000000000000e+01 8.648785776569942185e-02 7.537504082927995452e-02
6.200000000000000000e+01 9.276645760986590439e-02 8.185275864085182762e-02
6.300000000000000000e+01 9.909395912524818217e-02 8.846645406310675586e-02
6.400000000000000000e+01 1.054197537270763069e-01 9.516284868880287018e-02
6.500000000000000000e+01 1.116896871317842044e-01 1.018834114590546902e-01
6.600000000000000000e+01 1.178471103890288002e-01 1.085651228419557274e-01
6.700000000000000000e+01 1.238339524564702754e-01 1.151413671734812655e-01
6.800000000000000000e+01 1.295915089190453895e-01 1.215429352743061797e-01
6.900000000000000000e+01 1.350609425375701167e-01 1.276991592772855066e-01
7.000000000000000000e+01 1.401838381605412520e-01 1.335391922128316144e-01
7.100000000000000000e+01 1.449032084722324809e-01 1.389933845487674180e-01
7.200000000000000000e+01 1.491650025694282733e-01 1.439946645494354083e-01
7.300000000000000000e+01 1.529196998858225465e-01 1.484798563462630394e-01
7.400000000000000000e+01 1.561234161906994988e-01 1.523909417772267294e-01
7.500000000000000000e+01 1.587382981308033958e-01 1.556763006325804222e-01
7.600000000000000000e+01 1.607325616074046226e-01 1.582919046585413714e-01
7.700000000000000000e+01 1.620808084710003982e-01 1.602023573178524285e-01
7.800000000000000000e+01 1.627649433492726061e-01 1.613816694856095579e-01
7.900000000000000000e+01 1.627753578830557768e-01 1.618137596207658846e-01
8.000000000000000000e+01 1.621116488499709796e-01 1.614927619853366580e-01
8.100000000000000000e+01 1.607823832292556987e-01 1.604232071704428386e-01
8.200000000000000000e+01 1.588041216339874939e-01 1.586200244876465049e-01
8.300000000000000000e+01 1.562004356513767844e-01 1.561082447496469072e-01
8.400000000000000000e+01 1.530015230522425163e-01 1.529223537661908439e-01
8.500000000000000000e+01 1.492443548649728113e-01 1.491053954927803460e-01
8.600000000000000000e+01 1.449726932286538594e-01 1.447079851756396252e-01
8.700000000000000000e+01 1.402363387118766846e-01 1.397872964787268968e-01
8.800000000000000000e+01 1.350895702436049617e-01 1.344059449898595271e-01
8.900000000000000000e+01 1.295893719305206693e-01 1.286306727556666696e-01
9.000000000000000000e+01 1.237941401299235133e-01 1.225308712679690770e-01
9.100000000000000000e+01 1.177630768009522710e-01 1.161771133870372619e-01
9.200000000000000000e+01 1.115558699630356115e-01 1.096398453337777829e-01
9.300000000000000000e+01 1.052320739912527003e-01 1.029882408751203182e-01
9.400000000000000000e+01 9.884995181133848785e-02 9.628911064775895479e-02
9.500000000000000000e+01 9.246506821758179728e-02 8.960580771116304077e-02
9.600000000000000000e+01 8.612915708044423246e-02 8.299720914402233807e-02
9.700000000000000000e+01 7.988956535368473000e-02 7.651691704946819717e-02
9.800000000000000000e+01 7.378915133704019857e-02 7.021273968063961035e-02
9.900000000000000000e+01 6.786626604550154152e-02 6.412638152518493340e-02
1.000000000000000000e+02 6.215454426597212534e-02 5.829323292204784818e-02
1.010000000000000000e+02 5.668252753022989116e-02 5.274223095632940561e-02
1.020000000000000000e+02 5.147335443683659362e-02 4.749585687619517493e-02
1.030000000000000000e+02 4.654473189476927841e-02 4.257033446728175630e-02
1.040000000000000000e+02 4.190921532756798629e-02 3.797600913540485901e-02
1.050000000000000000e+02 3.757465972317400316e-02 3.371781887194487404e-02
1.060000000000000000e+02 3.354467502615763458e-02 2.979578392463477776e-02
1.070000000000000000e+02 2.981900737945178403e-02 2.620550998724973865e-02
1.080000000000000000e+02 2.639387147970420622e-02 2.293873927156904122e-02
1.090000000000000000e+02 2.326230248780838256e-02 1.998395993570895035e-02
1.100000000000000000e+02 2.041457380289415577e-02 1.732703596167116389e-02
1.110000000000000000e+02 1.783867991337411904e-02 1.495180357342671199e-02
1.120000000000000000e+02 1.552084797300175983e-02 1.284060797721048135e-02
1.130000000000000000e+02 1.344602932223999334e-02 1.097478951555007701e-02
1.140000000000000000e+02 1.159832977134544509e-02 9.335136054269459541e-03
1.150000000000000000e+02 9.961360017172161962e-03 7.902300255034530943e-03
1.160000000000000000e+02 8.518517064694801355e-03 6.657163817313931607e-03
1.170000000000000000e+02 7.253228846857209811e-03 5.581134171223596681e-03
1.180000000000000000e+02 6.149192377200131746e-03 4.656375395145052887e-03
1.190000000000000000e+02 5.190610554462474213e-03 3.865986042771597971e-03
1.200000000000000000e+02 4.362403495099337336e-03 3.194134299029757935e-03
1.210000000000000000e+02 3.650361286259419351e-03 2.626152860077520142e-03
1.220000000000000000e+02 3.041223974179647124e-03 2.148592672369088741e-03
1.230000000000000000e+02 2.522705290582410217e-03 1.749238296264873276e-03
1.240000000000000000e+02 2.083493820576457108e-03 1.417092532011021179e-03
1.250000000000000000e+02 1.713256857229973878e-03 1.142338887601611905e-03
1.260000000000000000e+02 1.402648116522260853e-03 9.162878090898889495e-04
1.270000000000000000e+02 1.143302186399127373e-03 7.313099561075525872e-04
1.280000000000000000e+02 9.277995420762105098e-04 5.807593605282183099e-04
1.290000000000000000e+02 7.496019017998410954e-04 4.588901761805383038e-04
1.300000000000000000e+02 6.029731231473941123e-04 3.607710234242050861e-04
1.310000000000000000e+02 4.829036275997331635e-04 2.822000525478293980e-04
1.320000000000000000e+02 3.850467654206181627e-04 2.196226129537478362e-04
1.330000000000000000e+02 3.056634390329156714e-04 1.700527009156634181e-04
1.340000000000000000e+02 2.415662335204014455e-04 1.309992054597831630e-04
1.350000000000000000e+02 1.900581106973414322e-04 1.003978783639770738e-04
1.360000000000000000e+02 1.488680276961129795e-04 7.654961457348552858e-05
1.370000000000000000e+02 1.160900309771999801e-04 5.806517564799634496e-05
1.380000000000000000e+02 9.013099293574346638e-05 4.381618037828418342e-05
1.390000000000000000e+02 6.966762717465724243e-05 3.289208366244035460e-05
1.400000000000000000e+02 5.360984863162717741e-05 2.456283570034223013e-05
1.410000000000000000e+02 4.106715558595546730e-05 1.824684219347994793e-05
1.420000000000000000e+02 3.131673476762401930e-05 1.348374413108815523e-05
1.430000000000000000e+02 2.377415151315149855e-05 9.911477401960174915e-06
1.440000000000000000e+02 1.796814259318686287e-05 7.247087130760761097e-06
1.450000000000000000e+02 1.352016960337490241e-05 5.270822338807905036e-06
1.460000000000000000e+02 1.012811332476152678e-05 3.813076938566597232e-06
1.470000000000000000e+02 7.552837139603772779e-06 2.743764512945900230e-06
1.480000000000000000e+02 5.606572353769333565e-06 1.963737683548743459e-06
1.490000000000000000e+02 4.142728657152897320e-06 1.397903668420180813e-06
1.500000000000000000e+02 3.047219007700144983e-06 9.897398271072802978e-07
1.510000000000000000e+02 2.231447394914680502e-06 6.969609906329443176e-07
1.520000000000000000e+02 1.626872305115158211e-06 4.881266511750131455e-07
1.530000000000000000e+02 1.180818355238175047e-06 3.400046551767457317e-07
1.540000000000000000e+02 8.531493477602924324e-07 2.355356358363794152e-07
1.550000000000000000e+02 6.135278150129979624e-07 1.622706936552943167e-07
1.560000000000000000e+02 4.391434672697123140e-07 1.111807332169656422e-07
1.570000000000000000e+02 3.128857827046463813e-07 7.575650940854928266e-08
1.580000000000000000e+02 2.219396255129622566e-07 5.133397157408401368e-08
1.590000000000000000e+02 1.567416800729444315e-07 3.459198062934713738e-08
