0.000000000000000000e+00 -1.636013336371234134e-07 -3.147596032097853217e-06
1.000000000000000000e+00 2.025011239690969767e-07 3.028976015124970029e-06
2.000000000000000000e+00 2.565746835515750119e-07 3.402828716188036482e-06
3.000000000000000000e+00 3.575958095402358304e-07 4.403808041060590734e-06
4.000000000000000000e+00 4.976332718136043654e-07 5.698860299141878717e-06
5.000000000000000000e+00 6.895399930114701431e-07 7.350390564024696978e-06
6.000000000000000000e+00 9.512234422542465831e-07 9.448326157082294059e-06
7.000000000000000000e+00 1.306407087614302047e-06 1.210377185863934495e-05
8.000000000000000000e+00 1.786285631804724733e-06 1.545283341353330175e-05
9.000000000000000000e+00 2.431662043151548174e-06 1.966150123047145530e-05
1.000000000000000000e+01 3.295634856861748097e-06 2.493135464772547205e-05
1.100000000000000000e+01 4.446951784750602011e-06 3.150618491508050753e-05
1.200000000000000000e+01 5.974166497145188466e-06 3.967963391278202544e-05
1.300000000000000000e+01 7.990756159638410112e-06 4.980390360505519817e-05
1.400000000000000000e+01 1.064137921629723771e-05 6.229954497287767826e-05
1.500000000000000000e+01 1.410947955317410087e-05 7.766633112700500462e-05
1.600000000000000000e+01 1.862646800140097328e-05 9.649528865733696906e-05
1.700000000000000000e+01 2.448273555133944181e-05 1.194820769389553616e-04
1.800000000000000000e+01 3.204076732562315778e-05 1.474419621889300940e-04
1.900000000000000000e+01 4.175063488845517522e-05 1.813265058949403783e-04
2.000000000000000000e+01 5.416815012262213823e-05 2.222417431524951103e-04
2.100000000000000000e+01 6.997597058556464405e-05 2.714672283582132608e-04
2.200000000000000000e+01 9.000795154864254090e-05 3.304751961635970267e-04
2.300000000000000000e+01 1.152770275641940381e-04 4.009494852757719313e-04
2.400000000000000000e+01 1.470068580587783084e-04 4.848047029356390876e-04
2.500000000000000000e+01 1.866673783503195057e-04 5.842067667998607867e-04
2.600000000000000000e+01 2.360142782265487002e-04 7.015956292387584906e-04
2.700000000000000000e+01 2.971323233589452792e-04 8.397093048495761448e-04
2.800000000000000000e+01 3.724823580311265991e-04 1.001606016607996599e-03
2.900000000000000000e+01 4.649517463019514586e-04 1.190680101484620571e-03
3.000000000000000000e+01 5.779078244312758602e-04 1.410668943794160784e-03
3.100000000000000000e+01 7.152535797502332848e-04 1.665652590393090640e-03
3.200000000000000000e+01 8.814842914103111163e-04 1.960052181059786843e-03
3.300000000000000000e+01 1.081743475148033793e-03 2.298633711148346387e-03
3.400000000000000000e+01 1.321876382849358159e-03 2.686517389990897026e-03
3.500000000000000000e+01 1.608479469220870390e-03 3.129182332760875596e-03
3.600000000000000000e+01 1.948944234371959103e-03 3.632449041841889163e-03
3.700000000000000000e+01 2.351493172622399954e-03 4.202426286179106012e-03
3.800000000000000000e+01 2.825204209906875732e-03 4.845426235455398134e-03
3.900000000000000000e+01 3.380018875951030718e-03 5.567872614434695583e-03
4.000000000000000000e+01 4.026729771902584978e-03 6.376234154425652542e-03
4.100000000000000000e+01 4.776944938913785244e-03 7.276997224333689104e-03
4.200000000000000000e+01 5.643028894409816629e-03 8.276652739814302495e-03
4.300000000000000000e+01 6.638019735288817891e-03 9.381639485658618133e-03
4.400000000000000000e+01 7.775517864514270953e-03 1.059819055244065611e-02
4.500000000000000000e+01 9.069537544605784860e-03 1.193208274151208968e-02
4.600000000000000000e+01 1.053431311799489338e-02 1.338836304354784276e-02
4.700000000000000000e+01 1.218406002094022528e-02 1.497116503704990984e-02
4.800000000000000000e+01 1.403270164528316009e-02 1.668368472635281541e-02
4.900000000000000000e+01 1.609357599753852633e-02 1.852826868923180062e-02
5.000000000000000000e+01 1.837912469989266134e-02 2.050645354241596025e-02
5.100000000000000000e+01 2.090054915513532563e-02 2.261878402180167794e-02
5.200000000000000000e+01 2.366741426378012395e-02 2.486437087009411850e-02
5.300000000000000000e+01 2.668720210133039214e-02 2.724036122952630187e-02
5.400000000000000000e+01 2.996485437836985538e-02 2.974162725586509959e-02
5.500000000000000000e+01 3.350235898000873680e-02 3.236089635096469491e-02
5.600000000000000000e+01 3.729840662122509143e-02 3.508925594797721037e-02
5.700000000000000000e+01 4.134808527038943277e-02 3.791665479374592418e-02
5.800000000000000000e+01 4.564254919137200606e-02 4.083194761203666479e-02
5.900000000000000000e+01 5.016864267628956542e-02 4.382231497399333153e-02
6.000000000000000000e+01 5.490855439407993366e-02 4.687238786517116534e-02
6.100000000000000000e+01 5.983963752995530294e-02 4.996375408577855004e-02
6.200000000000000000e+01 6.493447460480553102e-02 5.307539525981472273e-02
6.300000000000000000e+01 7.016111833644551876e-02 5.618499494904437286e-02
6.400000000000000000e+01 7.548333423681190257e-02 5.927036803447112423e-02
6.500000000000000000e+01 8.086073275412775097e-02 6.231004125130742977e-02
6.600000000000000000e+01 8.624888528860016890e-02 6.528253924870314195e-02
6.700000000000000000e+01 9.159968128022077938e-02 6.816491440516092570e-02
6.800000000000000000e+01 9.686211308274467191e-02 7.093178492860841011e-02
6.900000000000000000e+01 1.019833867917927239e-01 7.355597493786854291e-02
7.000000000000000000e+01 1.069100031256417921e-01 7.601076380827925805e-02
7.100000000000000000e+01 1.115885038761078446e-01 7.827248085288300572e-02
7.200000000000000000e+01 1.159659403358037078e-01 8.032172545210228276e-02
7.300000000000000000e+01 1.199904708433113532e-01 8.214233837079895628e-02
7.400000000000000000e+01 1.236124686562742603e-01 8.371890039397697492e-02
7.500000000000000000e+01 1.267860807565100445e-01 8.503477870515403769e-02
7.600000000000000000e+01 1.294707059919510406e-01 8.607253490560357045e-02
7.700000000000000000e+01 1.316318286835791440e-01 8.681683868491206491e-02
7.800000000000000000e+01 1.332411412547374885e-01 8.725806087557555490e-02
7.900000000000000000e+01 1.342764862798450087e-01 8.739398166950046454e-02
8.000000000000000000e+01 1.347222680115847115e-01 8.722824542075757748e-02
8.100000000000000000e+01 1.345704642639757032e-01 8.676655523678973581e-02
8.200000000000000000e+01 1.338216639978049571e-01 8.601337888653481922e-02
8.300000000000000000e+01 1.324853352303771992e-01 8.497169993130249122e-02
8.400000000000000000e+01 1.305790419580242223e-01 8.364613391337606674e-02
8.500000000000000000e+01 1.281271380450756947e-01 8.204713513843983619e-02
8.600000000000000000e+01 1.251598255460045217e-01 8.019303988850957909e-02
8.700000000000000000e+01 1.217130210279223634e-01 7.810816244914792206e-02
8.800000000000000000e+01 1.178286148606130512e-01 7.581805030104135645e-02
8.900000000000000000e+01 1.135542230038081718e-01 7.334515377283161441e-02
9.000000000000000000e+01 1.089418786127733102e-01 7.070791281918845095e-02
9.100000000000000000e+01 1.040459910478075123e-01 6.792374083661502360e-02
9.200000000000000000e+01 9.892151741520277541e-02 6.501346903493726570e-02
9.300000000000000000e+01 9.362308330241453369e-02 6.200371475939353560e-02
9.400000000000000000e+01 8.820494133746656362e-02 5.892518889601613963e-02
9.500000000000000000e+01 8.272093449452745662e-02 5.580798056341426672e-02
9.600000000000000000e+01 7.722368276590026170e-02 5.267707651279397718e-02
9.700000000000000000e+01 7.176298022986578318e-02 4.955114922985319470e-02
9.800000000000000000e+01 6.638417187515850693e-02 4.644519626024612435e-02
9.900000000000000000e+01 6.112737120322743467e-02 4.337480954388827498e-02
1.000000000000000000e+02 5.602771226773954616e-02 4.035878494842043418e-02
1.010000000000000000e+02 5.111601872594793289e-02 3.741816374530244904e-02
1.020000000000000000e+02 4.641904292460308223e-02 3.457249411558705604e-02
1.030000000000000000e+02 4.195895784236101933e-02 3.183607335212356587e-02
1.040000000000000000e+02 3.775256277715757780e-02 2.921679346348727419e-02
1.050000000000000000e+02 3.381098050898468516e-02 2.671820009777528537e-02
1.060000000000000000e+02 3.014022292125542735e-02 2.434307122168971604e-02
1.070000000000000000e+02 2.674228657974353149e-02 2.209591104635643885e-02
1.080000000000000000e+02 2.361606690427749469e-02 1.998277280123065061e-02
1.090000000000000000e+02 2.075765140798923811e-02 1.800886457194418241e-02
1.100000000000000000e+02 1.816017048036758577e-02 1.617590538010288057e-02
1.110000000000000000e+02 1.581376863807485225e-02 1.448117105408620701e-02
1.120000000000000000e+02 1.370609676814118182e-02 1.291878732379030809e-02
1.130000000000000000e+02 1.182322309683254968e-02 1.148221469206543027e-02
1.140000000000000000e+02 1.015050142937780168e-02 1.016618539692670624e-02
1.150000000000000000e+02 8.673016750866050298e-03 8.966958750746243517e-03
1.160000000000000000e+02 7.375619788508738263e-03 7.881062347884989355e-03
1.170000000000000000e+02 6.242878917562822913e-03 6.903685518123649570e-03
1.180000000000000000e+02 5.259258578761329822e-03 6.027946347252862054e-03
1.190000000000000000e+02 4.409551483684970817e-03 5.245469364616550494e-03
1.200000000000000000e+02 3.679336490727115692e-03 4.547753268719515254e-03
1.210000000000000000e+02 3.055220526995200934e-03 3.927358470230343096e-03
1.220000000000000000e+02 2.524818107555927994e-03 3.378224306339839764e-03
1.230000000000000000e+02 2.076619318572758052e-03 2.895118312387151647e-03
1.240000000000000000e+02 1.699929481475409652e-03 2.472783750160045726e-03
1.250000000000000000e+02 1.384939318429563278e-03 2.105433914676190562e-03
1.260000000000000000e+02 1.122842610684963082e-03 1.786880147453870967e-03
1.270000000000000000e+02 9.058818196543967464e-04 1.511101897847264789e-03
1.280000000000000000e+02 7.272764083535209270e-04 1.272812691480138241e-03
1.290000000000000000e+02 5.810847897179099303e-04 1.067667939609273859e-03
1.300000000000000000e+02 4.620836885192566509e-04 8.920642732252709968e-04
1.310000000000000000e+02 3.657072743125720608e-04 7.427494163150666351e-04
1.320000000000000000e+02 2.880260299066931531e-04 6.165288479955878965e-04
1.330000000000000000e+02 2.257182275161560576e-04 5.102237571618942419e-04
1.340000000000000000e+02 1.760068824186331266e-04 4.208357980549022105e-04
1.350000000000000000e+02 1.365721374457926822e-04 3.457523646709360324e-04
1.360000000000000000e+02 1.054680380774202051e-04 2.828411640458065998e-04
1.370000000000000000e+02 8.106352551891512028e-05 2.303906377693506449e-04
1.380000000000000000e+02 6.200589817625205553e-05 1.869602809237386296e-04
1.390000000000000000e+02 4.719182797454759604e-05 1.512438649167013719e-04
1.400000000000000000e+02 3.573384178046325112e-05 1.220127832905032564e-04
1.410000000000000000e+02 2.692142685247850910e-05 9.813901446542219037e-05
1.420000000000000000e+02 2.018387513085547044e-05 7.864883555223842464e-05
1.430000000000000000e+02 1.506148123456244346e-05 6.275432085838409464e-05
1.440000000000000000e+02 1.118601623895318816e-05 4.983963951763014483e-05
1.450000000000000000e+02 8.266724989043596676e-06 3.941445156577287151e-05
1.460000000000000000e+02 6.077676984241079767e-06 3.106379532768044051e-05
1.470000000000000000e+02 4.444920883657811763e-06 2.441777402784014078e-05
1.480000000000000000e+02 3.234437133580186043e-06 1.914595226635588132e-05
1.490000000000000000e+02 2.342458700856264040e-06 1.496573911298174859e-05
1.500000000000000000e+02 1.688669841552772218e-06 1.164984535670339017e-05
1.510000000000000000e+02 1.211554438254057234e-06 9.024033901067112502e-06
1.520000000000000000e+02 8.647765774397723223e-07 6.955705889656785783e-06
1.530000000000000000e+02 6.139149676486448488e-07 5.339664270805179437e-06
1.540000000000000000e+02 4.334999512345785666e-07 4.087385194647693383e-06
1.550000000000000000e+02 3.045934631624829605e-07 3.122311269337240512e-06
1.560000000000000000e+02 2.130491450108403151e-07 2.379653293444348969e-06
1.570000000000000000e+02 1.483500858528741317e-07 1.807425617746221747e-06
1.580000000000000000e+02 1.027942471964217357e-07 1.366196152598570399e-06
1.590000000000000000e+02 7.083988558567378201e-08 1.026951656908029106e-06
