0.000000000000000000e+00 -5.583999180667649385e-06 -4.529498656786113275e-06
1.000000000000000000e+00 -4.928288270088379217e-08 -1.286333834645782924e-09
2.000000000000000000e+00 -6.340339205888552659e-08 -1.827560636640250641e-09
3.000000000000000000e+00 -8.783068078375088220e-08 -2.753617937685622032e-09
4.000000000000000000e+00 -1.216889257612269922e-07 -4.136264898524033358e-09
5.000000000000000000e+00 -1.679920634794042137e-07 -6.183070180319674087e-09
6.000000000000000000e+00 -2.310025185259970767e-07 -9.196711922495685024e-09
7.000000000000000000e+00 -3.163891987071687944e-07 -1.361115788557875714e-08
8.000000000000000000e+00 -4.316245902479859125e-07 -2.004507746566148124e-08
9.000000000000000000e+00 -5.865097528657172526e-07 -2.937551721180428036e-08
1.000000000000000000e+01 -7.938413783913453045e-07 -4.283838290100376132e-08
1.100000000000000000e+01 -1.070252022886081134e-06 -6.216500548236539068e-08
1.200000000000000000e+01 -1.437263102417556085e-06 -8.976756191238361293e-08
1.300000000000000000e+01 -1.922598265416164205e-06 -1.289899373602988334e-07
1.400000000000000000e+01 -2.561812967612955714e-06 -1.844442859459360167e-07
1.500000000000000000e+01 -3.400304645684235851e-06 -2.624576052846290933e-07
1.600000000000000000e+01 -4.495777453779673141e-06 -3.716588873329490838e-07
1.700000000000000000e+01 -5.921246962471462824e-06 -5.237476065433892771e-07
1.800000000000000000e+01 -7.768683792679702770e-06 -7.344979730531410191e-07
1.900000000000000000e+01 -1.015340986836820423e-05 -1.025067137819269375e-06
2.000000000000000000e+01 -1.321937485335166707e-05 -1.423686059358230942e-06
2.100000000000000000e+01 -1.714545185126810153e-05 -1.967820675687350469e-06
2.200000000000000000e+01 -2.215290094995702109e-05 -2.706906388519232637e-06
2.300000000000000000e+01 -2.851415886969957666e-05 -3.705788528190253817e-06
2.400000000000000000e+01 -3.656312461556756189e-05 -5.049042417963103023e-06
2.500000000000000000e+01 -4.670712312980828876e-05 -6.846382070513149259e-06
2.600000000000000000e+01 -5.944073612074319147e-05 -9.239379630220665650e-06
2.700000000000000000e+01 -7.536168575216352188e-05 -1.240971387182845411e-05
2.800000000000000000e+01 -9.518894184995192254e-05 -1.658917855637510945e-05
2.900000000000000000e+01 -1.197832023320016999e-04 -2.207174227798054217e-05
3.000000000000000000e+01 -1.501698758534259642e-04 -2.922804682983672951e-05
3.100000000000000000e+01 -1.875646720501112350e-04 -3.852279159835729299e-05
3.200000000000000000e+01 -2.334018627769198645e-04 -5.053540969573093688e-05
3.300000000000000000e+01 -2.893652016265844929e-04 -6.598431849231800584e-05
3.400000000000000000e+01 -3.574213834975233615e-04 -8.575494867655650689e-05
3.500000000000000000e+01 -4.398558229456527675e-04 -1.109318403902717214e-04
3.600000000000000000e+01 -5.393104619517805239e-04 -1.428352928994555682e-04
3.700000000000000000e+01 -6.588232698031902101e-04 -1.830631231539398918e-04
3.800000000000000000e+01 -8.018689888860935228e-04 -2.335378024322391961e-04
3.900000000000000000e+01 -9.724004207181484710e-04 -2.965586778949408538e-04
4.000000000000000000e+01 -1.174889155525175345e-03 -3.748585678321096149e-04
4.100000000000000000e+01 -1.414364318793645114e-03 -4.716641323490184659e-04
4.200000000000000000e+01 -1.696447892707437068e-03 -5.907599203643580221e-04
4.300000000000000000e+01 -2.027385505692866959e-03 -7.365561533684041040e-04
4.400000000000000000e+01 -2.414071884793407650e-03 -9.141594678288235323e-04
4.500000000000000000e+01 -2.864069808238615695e-03 -1.129444239487561574e-03
4.600000000000000000e+01 -3.385620127687102420e-03 -1.389120955105108482e-03
4.700000000000000000e+01 -3.987638956480893566e-03 -1.700798476396548839e-03
4.800000000000000000e+01 -4.679697908973785153e-03 -2.073038616806427686e-03
4.900000000000000000e+01 -5.471985299772661945e-03 -2.515402355822866746e-03
5.000000000000000000e+01 -6.375249479366002989e-03 -3.038485533432583752e-03
5.100000000000000000e+01 -7.400726992014054068e-03 -3.653938502408581555e-03
5.200000000000000000e+01 -8.560055289814041263e-03 -4.374461843369968107e-03
5.300000000000000000e+01 -9.865163271005708903e-03 -5.213771591067759698e-03
5.400000000000000000e+01 -1.132812856691147937e-02 -6.186531954622222738e-03
5.500000000000000000e+01 -1.296099475190221235e-02 -7.308257143263626084e-03
5.600000000000000000e+01 -1.477555484077692355e-02 -8.595182540777507665e-03
5.700000000000000000e+01 -1.678312014364125720e-02 -1.006409953949893681e-02
5.800000000000000000e+01 -1.899429217300745848e-02 -1.173214354523401809e-02
5.900000000000000000e+01 -2.141873524848593446e-02 -1.361652719301175742e-02
6.000000000000000000e+01 -2.406492268455320133e-02 -1.573422089986380168e-02
6.100000000000000000e+01 -2.693982574045625591e-02 -1.810159306879748076e-02
6.200000000000000000e+01 -3.004854625092761786e-02 -2.073402328875982928e-02
6.300000000000000000e+01 -3.339394314732107433e-02 -2.364549180941366915e-02
6.400000000000000000e+01 -3.697632544070099392e-02 -2.684813658286292620e-02
6.500000000000000000e+01 -4.079324587653040263e-02 -3.035176895742094233e-02
6.600000000000000000e+01 -4.483934816798725714e-02 -3.416335604664907932e-02
6.700000000000000000e+01 -4.910616679658338229e-02 -3.828650106180714330e-02
6.800000000000000000e+01 -5.358181884881358520e-02 -4.272096187906175568e-02
6.900000000000000000e+01 -5.825065307712747054e-02 -4.746223071437913332e-02
7.000000000000000000e+01 -6.309303032770550990e-02 -5.250116557840668607e-02
7.100000000000000000e+01 -6.808538343138893778e-02 -5.782364773245837752e-02
7.200000000000000000e+01 -7.320052804281018677e-02 -6.341026178244685285e-02
7.300000000000000000e+01 -7.840800407580851561e-02 -6.923604456372291216e-02
7.400000000000000000e+01 -8.367421032557254001e-02 -7.527037998568475441e-02
7.500000000000000000e+01 -8.896231542835972284e-02 -8.147708879446782793e-02
7.600000000000000000e+01 -9.423222325190433457e-02 -8.781468557071789305e-02
7.700000000000000000e+01 -9.944096054600409795e-02 -9.423671730444313499e-02
7.800000000000000000e+01 -1.045435999417988621e-01 -1.006921249060119677e-01
7.900000000000000000e+01 -1.094944074992980493e-01 -1.071256719341579233e-01
8.000000000000000000e+01 -1.142476931995991818e-01 -1.134785668253805863e-01
8.100000000000000000e+01 -1.187580915523250430e-01 -1.196893652445683714e-01
8.200000000000000000e+01 -1.229805449673823936e-01 -1.256950857373886621e-01
8.300000000000000000e+01 -1.268706214426030543e-01 -1.314323414050131145e-01
8.400000000000000000e+01 -1.303855918305270312e-01 -1.368383276029586093e-01
8.500000000000000000e+01 -1.334860365926715531e-01 -1.418517030437872195e-01
8.600000000000000000e+01 -1.361372172540977477e-01 -1.464135728863866781e-01
8.700000000000000000e+01 -1.383095593452935423e-01 -1.504687320308960019e-01
8.800000000000000000e+01 -1.399783139426758749e-01 -1.539670662172116788e-01
8.900000000000000000e+01 -1.411231697541129870e-01 -1.568647829041915354e-01
9.000000000000000000e+01 -1.417286131344313027e-01 -1.591252034555265260e-01
9.100000000000000000e+01 -1.417851095963956476e-01 -1.607191732635555315e-01
9.200000000000000000e+01 -1.412903422041690837e-01 -1.616254273791850049e-01
9.300000000000000000e+01 -1.402495670718038601e-01 -1.618311829586565886e-01
9.400000000000000000e+01 -1.386748199816303095e-01 -1.613328503418412219e-01
9.500000000000000000e+01 -1.365836284288854396e-01 -1.601364360448903068e-01
9.600000000000000000e+01 -1.339982107015444401e-01 -1.582573009530395258e-01
9.700000000000000000e+01 -1.309455856663586382e-01 -1.557193807531359053e-01
9.800000000000000000e+01 -1.274581011366767436e-01 -1.525543402913671631e-01
9.900000000000000000e+01 -1.235734608647314631e-01 -1.488010403602981757e-01
1.000000000000000000e+02 -1.193337575333847239e-01 -1.445052235229323523e-01
1.010000000000000000e+02 -1.147838660002742511e-01 -1.397189518275044062e-01
1.020000000000000000e+02 -1.099700261016531427e-01 -1.344994445109713999e-01
1.030000000000000000e+02 -1.049391553846239222e-01 -1.289074625615401481e-01
1.040000000000000000e+02 -9.973871669718613331e-02 -1.230057674497406078e-01
1.050000000000000000e+02 -9.441651559587614650e-02 -1.168580600439109995e-01
1.060000000000000000e+02 -8.901998765854605977e-02 -1.105283114489551133e-01
1.070000000000000000e+02 -8.359509374524796976e-02 -1.040800334279608219e-01
1.080000000000000000e+02 -7.818530284320973633e-02 -9.757515960702572988e-02
1.090000000000000000e+02 -7.283100953126994681e-02 -9.107267412697712949e-02
1.100000000000000000e+02 -6.756932131133824848e-02 -8.462745087175238545e-02
1.110000000000000000e+02 -6.243390359846621995e-02 -7.828963746390675549e-02
1.120000000000000000e+02 -5.745469206178696608e-02 -7.210448797031851487e-02
1.130000000000000000e+02 -5.265757207969506970e-02 -6.611225557217441373e-02
1.140000000000000000e+02 -4.806424249470691440e-02 -6.034786874466763207e-02
1.150000000000000000e+02 -4.369232187618760782e-02 -5.484047975396118269e-02
1.160000000000000000e+02 -3.955553353671190792e-02 -4.961321079460137562e-02
1.170000000000000000e+02 -3.566378532528650946e-02 -4.468331597190781240e-02
1.180000000000000000e+02 -3.202316265612172030e-02 -4.006266798872103185e-02
1.190000000000000000e+02 -2.863604404643792928e-02 -3.575828431957144699e-02
1.200000000000000000e+02 -2.550150425450020339e-02 -3.177269419677127005e-02
1.210000000000000000e+02 -2.261592500199728975e-02 -2.810419103001958116e-02
1.220000000000000000e+02 -1.997354137402927721e-02 -2.474716250909997708e-02
1.230000000000000000e+02 -1.756671662315840293e-02 -2.169262091595373573e-02
1.240000000000000000e+02 -1.538600152137219526e-02 -1.892887157330529896e-02
1.250000000000000000e+02 -1.342024003937745263e-02 -1.644214982506721906e-02
1.260000000000000000e+02 -1.165693400504960210e-02 -1.421711227194709729e-02
1.270000000000000000e+02 -1.008282829643922934e-02 -1.223720554027141888e-02
1.280000000000000000e+02 -8.684466608016968431e-03 -1.048501551309285844e-02
1.290000000000000000e+02 -7.448487394498426277e-03 -8.942663334393714109e-03
1.300000000000000000e+02 -6.361647400639507469e-03 -7.592221546894525018e-03
1.310000000000000000e+02 -5.410768056834020824e-03 -6.416072305667569475e-03
1.320000000000000000e+02 -4.582818484153508738e-03 -5.397157827920750703e-03
1.330000000000000000e+02 -3.865183568340959264e-03 -4.519138499444423987e-03
1.340000000000000000e+02 -3.245980949640624690e-03 -3.766510604839929267e-03
1.350000000000000000e+02 -2.714246315749571474e-03 -3.124719363578337770e-03
1.360000000000000000e+02 -2.259919342053057310e-03 -2.580262540356103879e-03
1.370000000000000000e+02 -1.873714803815921875e-03 -2.120757729253592867e-03
1.380000000000000000e+02 -1.547023152275189221e-03 -1.734957274724816109e-03
1.390000000000000000e+02 -1.271919762867945941e-03 -1.412720270325761029e-03
1.400000000000000000e+02 -1.041248175050138924e-03 -1.144965003247855719e-03
1.410000000000000000e+02 -8.486812677694335807e-04 -9.236188469609609656e-04
1.420000000000000000e+02 -6.886937581191313702e-04 -7.415672443489759996e-04
1.430000000000000000e+02 -5.564566972778577265e-04 -5.925946377222011084e-04
1.440000000000000000e+02 -4.477179361515001062e-04 -4.713130788783644032e-04
1.450000000000000000e+02 -3.587253484191280811e-04 -3.730822819524854512e-04
1.460000000000000000e+02 -2.862017080479345530e-04 -2.939292547637110064e-04
1.470000000000000000e+02 -2.273384675774381912e-04 -2.304735424598060246e-04
1.480000000000000000e+02 -1.797706280683109502e-04 -1.798591372523972599e-04
1.490000000000000000e+02 -1.415205500088847232e-04 -1.396910488028597853e-04
1.500000000000000000e+02 -1.109269215985037168e-04 -1.079749452126408434e-04
1.510000000000000000e+02 -8.658376593376352411e-05 -8.306031315196812296e-05
1.520000000000000000e+02 -6.730223270365319509e-05 -6.358877464841808575e-05
1.530000000000000000e+02 -5.208999935893135822e-05 -4.844871929457325230e-05
1.540000000000000000e+02 -4.013441302252022968e-05 -3.673615040431494716e-05
1.550000000000000000e+02 -3.077963001360256438e-05 -2.772081227843810032e-05
1.560000000000000000e+02 -2.349787051890417965e-05 -2.081667131690789462e-05
1.570000000000000000e+02 -1.786139034515231666e-05 -1.555626972710835967e-05
1.580000000000000000e+02 -1.352119354966703974e-05 -1.156879359971347476e-05
1.590000000000000000e+02 -1.019359558681830327e-05 -8.561687312971718997e-06
