0.000000000000000000e+00 -1.644473756972862893e-04 -4.610566227958666887e-04
1.000000000000000000e+00 -3.305262339421573598e-06 -2.894066578728415566e-07
2.000000000000000000e+00 -3.441848585589231033e-06 -3.503127513494284522e-07
3.000000000000000000e+00 -4.303871552082947955e-06 -4.210217384527139629e-07
4.000000000000000000e+00 -5.396809532835204132e-06 -5.015895985498208960e-07
5.000000000000000000e+00 -6.764521789628961288e-06 -6.050276695781344238e-07
6.000000000000000000e+00 -8.484064333311392087e-06 -7.512543970972539630e-07
7.000000000000000000e+00 -1.064297594375057546e-05 -9.624546505043743701e-07
8.000000000000000000e+00 -1.333105679506100439e-05 -1.255359666294015187e-06
9.000000000000000000e+00 -1.663686885663875052e-05 -1.633364502345154579e-06
1.000000000000000000e+01 -2.065409602174553302e-05 -2.082980195887268760e-06
1.100000000000000000e+01 -2.549996311434970056e-05 -2.578950465457659936e-06
1.200000000000000000e+01 -3.134132293626569758e-05 -3.099671661398516884e-06
1.300000000000000000e+01 -3.841741987723361676e-05 -3.649563945580514177e-06
1.400000000000000000e+01 -4.704604668361717350e-05 -4.279442799150461837e-06
1.500000000000000000e+01 -5.760513249053959812e-05 -5.092732627263667218e-06
1.600000000000000000e+01 -7.049461228690942624e-05 -6.227660064519977091e-06
1.700000000000000000e+01 -8.609864891629704102e-05 -7.814628030657193314e-06
1.800000000000000000e+01 -1.047768290352827530e-04 -9.921601521093911306e-06
1.900000000000000000e+01 -1.269062544238578304e-04 -1.251278801849578810e-05
2.000000000000000000e+01 -1.529728171157426612e-04 -1.544974296805931907e-05
2.100000000000000000e+01 -1.836784469783511948e-04 -1.855344238139410029e-05
2.200000000000000000e+01 -2.200091275819593883e-04 -2.172032658168263823e-05
2.300000000000000000e+01 -2.632133047842705642e-04 -2.505242863386999183e-05
2.400000000000000000e+01 -3.146786937975939048e-04 -2.893687176249746471e-05
2.500000000000000000e+01 -3.757555947106044078e-04 -3.401106179844325833e-05
2.600000000000000000e+01 -4.476261473146616763e-04 -4.098716464657613679e-05
2.700000000000000000e+01 -5.313248043147720222e-04 -5.037640192732973645e-05
2.800000000000000000e+01 -6.279557735995529343e-04 -6.222436369850210705e-05
2.900000000000000000e+01 -7.390450561137274030e-04 -7.600540727324190705e-05
3.000000000000000000e+01 -8.668615109136462629e-04 -9.079452768595042166e-05
3.100000000000000000e+01 -1.014509020657308573e-03 -1.057298327548029850e-04
3.200000000000000000e+01 -1.185671603259244112e-03 -1.206265511448728026e-04
3.300000000000000000e+01 -1.384070427632769088e-03 -1.364702507435670495e-04
3.400000000000000000e+01 -1.612886231206509023e-03 -1.554837900587268166e-04
3.500000000000000000e+01 -1.874495189526655115e-03 -1.805846258915829643e-04
3.600000000000000000e+01 -2.170770422201165773e-03 -2.143136231983040437e-04
3.700000000000000000e+01 -2.503921662231615997e-03 -2.576266654020822324e-04
3.800000000000000000e+01 -2.877508871458408449e-03 -3.091428723083110221e-04
3.900000000000000000e+01 -3.297065261261561929e-03 -3.653944190614112826e-04
4.000000000000000000e+01 -3.769856441695347213e-03 -4.222680500473450149e-04
4.100000000000000000e+01 -4.303702082789471854e-03 -4.772586757410999473e-04
4.200000000000000000e+01 -4.905330105805218166e-03 -5.316077442152469584e-04
4.300000000000000000e+01 -5.579124652193566056e-03 -5.911755779010062278e-04
4.400000000000000000e+01 -6.327087419468712705e-03 -6.652187688106075969e-04
4.500000000000000000e+01 -7.150280390040389920e-03 -7.631014182772402881e-04
4.600000000000000000e+01 -8.051184994365766234e-03 -8.900582345572471011e-04
4.700000000000000000e+01 -9.035748795886599377e-03 -1.043933588444963907e-03
4.800000000000000000e+01 -1.011382712558544020e-02 -1.214839601163247547e-03
4.900000000000000000e+01 -1.129741643977838494e-02 -1.388685406503540427e-03
5.000000000000000000e+01 -1.259725730755706721e-02 -1.553778883223733099e-03
5.100000000000000000e+01 -1.401945185905335498e-02 -1.707909089401028323e-03
5.200000000000000000e+01 -1.556402768728859520e-02 -1.862412924741168978e-03
5.300000000000000000e+01 -1.722656453257863374e-02 -2.040414901040923240e-03
5.400000000000000000e+01 -1.900238201718573022e-02 -2.268739520690499917e-03
5.500000000000000000e+01 -2.089121070017616391e-02 -2.566114844528130136e-03
5.600000000000000000e+01 -2.289967530569577553e-02 -2.932777747765055298e-03
5.700000000000000000e+01 -2.503979394163383457e-02 -3.347020883188933475e-03
5.800000000000000000e+01 -2.732374089334832501e-02 -3.771908882954798283e-03
5.900000000000000000e+01 -2.975731487290145597e-02 -4.170933275747039717e-03
6.000000000000000000e+01 -3.233563395904443666e-02 -4.526607787151856917e-03
6.100000000000000000e+01 -3.504374264873949540e-02 -4.853309421488073705e-03
6.200000000000000000e+01 -3.786230685864096224e-02 -5.196845783282196332e-03
6.300000000000000000e+01 -4.077567645189852930e-02 -5.618438939597886379e-03
6.400000000000000000e+01 -4.377796673090895985e-02 -6.168179083919803594e-03
6.500000000000000000e+01 -4.687351133448582757e-02 -6.859171949859608347e-03
6.600000000000000000e+01 -5.007088564290402416e-02 -7.655231402825146692e-03
6.700000000000000000e+01 -5.337327614909982004e-02 -8.480430678141635467e-03
6.800000000000000000e+01 -5.677030132470042845e-02 -9.249371631035448876e-03
6.900000000000000000e+01 -6.023600347200919886e-02 -9.906620490785448402e-03
7.000000000000000000e+01 -6.373460506870747000e-02 -1.045746445826291858e-02
7.100000000000000000e+01 -6.723135961314900821e-02 -1.097374113408190396e-02
7.200000000000000000e+01 -7.070281366573297199e-02 -1.156835681598020540e-02
7.300000000000000000e+01 -7.414081930936966547e-02 -1.234652831409091371e-02
7.400000000000000000e+01 -7.754782992808337272e-02 -1.335422970109678351e-02
7.500000000000000000e+01 -8.092574657983830910e-02 -1.454834559324804863e-02
7.600000000000000000e+01 -8.426428581647543714e-02 -1.580552806433451959e-02
7.700000000000000000e+01 -8.753536601590301836e-02 -1.697001371109333953e-02
7.800000000000000000e+01 -9.069689842617981168e-02 -1.792186448749857192e-02
7.900000000000000000e+01 -9.370424905569883778e-02 -1.863525763518546208e-02
8.000000000000000000e+01 -9.652336438325531676e-02 -1.919808697491654642e-02
8.100000000000000000e+01 -9.913854752736731002e-02 -1.977982243224307712e-02
8.200000000000000000e+01 -1.015507198321913274e-01 -2.055807697569864145e-02
8.300000000000000000e+01 -1.037671628950509739e-01 -2.163499034719906788e-02
8.400000000000000000e+01 -1.057883936502163613e-01 -2.298205433191907732e-02
8.500000000000000000e+01 -1.075994036379218921e-01 -2.444157161087385371e-02
8.600000000000000000e+01 -1.091700826517873757e-01 -2.578817600007319785e-02
8.700000000000000000e+01 -1.104645802881114858e-01 -2.682567909149175672e-02
8.800000000000000000e+01 -1.114544895713378558e-01 -2.747627733195726063e-02
8.900000000000000000e+01 -1.121287662897809678e-01 -2.782018028751821401e-02
9.000000000000000000e+01 -1.124952281499733142e-01 -2.806461572522945744e-02
9.100000000000000000e+01 -1.125731366353336926e-01 -2.845310380459478358e-02
9.200000000000000000e+01 -1.123811505924307841e-01 -2.915430594102209200e-02
9.300000000000000000e+01 -1.119272631966964082e-01 -3.018096982581533472e-02
9.400000000000000000e+01 -1.112059990410354804e-01 -3.137739109067569365e-02
9.500000000000000000e+01 -1.102040039313714470e-01 -3.248323705047156951e-02
9.600000000000000000e+01 -1.089105958686983067e-01 -3.324644351873198844e-02
9.700000000000000000e+01 -1.073273799128913464e-01 -3.353466073680074627e-02
9.800000000000000000e+01 -1.054718710842632301e-01 -3.339449345406127201e-02
9.900000000000000000e+01 -1.033735463921845871e-01 -3.303099823535671914e-02
1.000000000000000000e+02 -1.010648316839159178e-01 -3.271609301700847960e-02
1.010000000000000000e+02 -9.857201478083840729e-02 -3.266706676163726869e-02
1.020000000000000000e+02 -9.591074457587045465e-02 -3.295010999814738245e-02
1.030000000000000000e+02 -9.308799267821743495e-02 -3.345223275600294616e-02
1.040000000000000000e+02 -9.010879547485931007e-02 -3.393349791599458570e-02
1.050000000000000000e+02 -8.698373589202196277e-02 -3.413494449943597908e-02
1.060000000000000000e+02 -8.373311456418912335e-02 -3.389287820326852829e-02
1.070000000000000000e+02 -8.038587252923433402e-02 -3.320844096137787888e-02
1.080000000000000000e+02 -7.697423958730503779e-02 -3.224275307030935456e-02
1.090000000000000000e+02 -7.352719593255760411e-02 -3.124210533058236969e-02
1.100000000000000000e+02 -7.006612839467687981e-02 -3.042880008622775301e-02
1.110000000000000000e+02 -6.660456647659805662e-02 -2.990726272762814913e-02
1.120000000000000000e+02 -6.315157180012159754e-02 -2.962616622307288894e-02
1.130000000000000000e+02 -5.971653572775598856e-02 -2.941047993006168371e-02
1.140000000000000000e+02 -5.631270752443272992e-02 -2.904561199791197076e-02
1.150000000000000000e+02 -5.295777574766408202e-02 -2.837379745761044181e-02
1.160000000000000000e+02 -4.967155208035280156e-02 -2.735990744670845770e-02
1.170000000000000000e+02 -4.647227818121368870e-02 -2.610002671522613713e-02
1.180000000000000000e+02 -4.337357525624845056e-02 -2.477301404432948745e-02
1.190000000000000000e+02 -4.038345794817160134e-02 -2.356019004982975659e-02
1.200000000000000000e+02 -3.750559585476410940e-02 -2.257035364280067513e-02
1.210000000000000000e+02 -3.474185567234754080e-02 -2.180206580792698814e-02
1.220000000000000000e+02 -3.209467203666045709e-02 -2.115622874642575368e-02
1.230000000000000000e+02 -2.956811831106660390e-02 -2.048898796841700301e-02
1.240000000000000000e+02 -2.716738457451461919e-02 -1.967846552754228678e-02
1.250000000000000000e+02 -2.489721390732503592e-02 -1.867544787232655601e-02
1.260000000000000000e+02 -2.276027631416959948e-02 -1.751805901652171357e-02
1.270000000000000000e+02 -2.075632732042945183e-02 -1.630796880228494242e-02
1.280000000000000000e+02 -1.888246612649318451e-02 -1.516242142909533450e-02
1.290000000000000000e+02 -1.713421249267473717e-02 -1.416513587521455592e-02
1.300000000000000000e+02 -1.550677264715358099e-02 -1.333696947598043275e-02
1.310000000000000000e+02 -1.399589103054083364e-02 -1.263631649789638892e-02
1.320000000000000000e+02 -1.259800161858389000e-02 -1.198533210514053302e-02
1.330000000000000000e+02 -1.130978711815193438e-02 -1.130763033907648124e-02
1.340000000000000000e+02 -1.012751795185708702e-02 -1.056016049591271787e-02
1.350000000000000000e+02 -9.046572726581264892e-03 -9.746765028463817357e-03
1.360000000000000000e+02 -8.061369988109325785e-03 -8.910348201515013236e-03
1.370000000000000000e+02 -7.165692703272510955e-03 -8.109987706128255619e-03
1.380000000000000000e+02 -6.353199715475623538e-03 -7.394709086278091620e-03
1.390000000000000000e+02 -5.617870790749959070e-03 -6.785293711893718854e-03
1.400000000000000000e+02 -4.954216324141676175e-03 -6.270394179555931202e-03
1.410000000000000000e+02 -4.357229037801597579e-03 -5.816282891537728934e-03
1.420000000000000000e+02 -3.822178956421081950e-03 -5.384009981045609697e-03
1.430000000000000000e+02 -3.344400478126963346e-03 -4.945714703273453722e-03
1.440000000000000000e+02 -2.919186382290002869e-03 -4.493580096962653675e-03
1.450000000000000000e+02 -2.541823385223814999e-03 -4.039066104854459327e-03
1.460000000000000000e+02 -2.207726701881378237e-03 -3.604460388998911510e-03
1.470000000000000000e+02 -1.912593044205223008e-03 -3.211572069640994571e-03
1.480000000000000000e+02 -1.652500935511641567e-03 -2.872686112258877704e-03
1.490000000000000000e+02 -1.423927711873017960e-03 -2.587020404397061615e-03
1.500000000000000000e+02 -1.223697191747024444e-03 -2.343066528311224181e-03
1.510000000000000000e+02 -1.048898823147349042e-03 -2.124728427975009805e-03
1.520000000000000000e+02 -8.968202618274327773e-04 -1.918046539594980750e-03
1.530000000000000000e+02 -7.649169892611372337e-04 -1.715704148282517095e-03
1.540000000000000000e+02 -6.508184694315531475e-04 -1.517977389526738554e-03
1.550000000000000000e+02 -5.523532267090370705e-04 -1.330496186526088868e-03
1.560000000000000000e+02 -4.675710832413096374e-04 -1.160385944986070186e-03
1.570000000000000000e+02 -3.947478775922215835e-04 -1.012673777046758710e-03
1.580000000000000000e+02 -3.323698479258009185e-04 -8.883278443664974645e-04
1.590000000000000000e+02 -2.791047113149760671e-04 -7.843431496702892459e-04
