0.000000000000000000e+00 -1.081149784037972321e-04 -1.319371099434520956e-04
1.000000000000000000e+00 -3.011621298237179139e-07 -2.808572153652922414e-06
2.000000000000000000e+00 -3.411485676258190673e-07 -3.071497906510402542e-06
3.000000000000000000e+00 -4.500118366042551799e-07 -3.828660242626484055e-06
4.000000000000000000e+00 -5.957877690445165281e-07 -4.754013921294559652e-06
5.000000000000000000e+00 -7.881404501200342100e-07 -5.894046885995967972e-06
6.000000000000000000e+00 -1.041289011799721222e-06 -7.319818546975557420e-06
7.000000000000000000e+00 -1.372299607284289169e-06 -9.116556762834792212e-06
8.000000000000000000e+00 -1.801209980873706015e-06 -1.137149707453038627e-05
9.000000000000000000e+00 -2.352262941942910773e-06 -1.416149471102105199e-05
1.000000000000000000e+01 -3.056568844866066778e-06 -1.754907270831801506e-05
1.100000000000000000e+01 -3.955845803756433157e-06 -2.159448475292903108e-05
1.200000000000000000e+01 -5.106027619396779278e-06 -2.638488523737883646e-05
1.300000000000000000e+01 -6.579198505100885457e-06 -3.207175057255902563e-05
1.400000000000000000e+01 -8.463091477739920356e-06 -3.889910725178401382e-05
1.500000000000000000e+01 -1.085926261964688878e-05 -4.720369083343596377e-05
1.600000000000000000e+01 -1.388310010805462524e-05 -5.737766452918593383e-05
1.700000000000000000e+01 -1.766946940076633352e-05 -6.980378236297245741e-05
1.800000000000000000e+01 -2.238578066499115411e-05 -8.479412946769943451e-05
1.900000000000000000e+01 -2.824986645765687417e-05 -1.025741768221006872e-04
2.000000000000000000e+01 -3.554561725387685574e-05 -1.233426384041332133e-04
2.100000000000000000e+01 -4.462836689658295994e-05 -1.474031827073006757e-04
2.200000000000000000e+01 -5.591700995071565306e-05 -1.753195253000817055e-04
2.300000000000000000e+01 -6.987965573135968651e-05 -2.080144312731435445e-04
2.400000000000000000e+01 -8.702874893232272798e-05 -2.467387347328767883e-04
2.500000000000000000e+01 -1.079424501633305123e-04 -2.928880236109532992e-04
2.600000000000000000e+01 -1.333172713840381101e-04 -3.477278916319095133e-04
2.700000000000000000e+01 -1.640362117935578430e-04 -4.121645541004453428e-04
2.800000000000000000e+01 -2.012192925418435183e-04 -4.867164401285287221e-04
2.900000000000000000e+01 -2.462243391917416624e-04 -5.717727184289468807e-04
3.000000000000000000e+01 -3.005919179676962236e-04 -6.680813384078284007e-04
3.100000000000000000e+01 -3.659695115030503162e-04 -7.772569760216496097e-04
3.200000000000000000e+01 -4.440804962334483387e-04 -9.020256562849047685e-04
3.300000000000000000e+01 -5.367955670214697751e-04 -1.045992569212518195e-03
3.400000000000000000e+01 -6.463094441790315225e-04 -1.212933885522434699e-03
3.500000000000000000e+01 -7.753485467831587119e-04 -1.405890184462912310e-03
3.600000000000000000e+01 -9.272864012753129302e-04 -1.626532264318104274e-03
3.700000000000000000e+01 -1.106069757504994384e-03 -1.875237930516751410e-03
3.800000000000000000e+01 -1.315965700067677976e-03 -2.152018009314457525e-03
3.900000000000000000e+01 -1.561274936159859350e-03 -2.457973372487163091e-03
4.000000000000000000e+01 -1.846226576174476042e-03 -2.796583432015233104e-03
4.100000000000000000e+01 -2.175201694877101910e-03 -3.174055849458207179e-03
4.200000000000000000e+01 -2.553234505432058331e-03 -3.598317133970847619e-03
4.300000000000000000e+01 -2.986519320855657994e-03 -4.076895001750898556e-03
4.400000000000000000e+01 -3.482565472190497606e-03 -4.614628507101873472e-03
4.500000000000000000e+01 -4.049792682822720216e-03 -5.212443805413453576e-03
4.600000000000000000e+01 -4.696701193633868662e-03 -5.868084796424246838e-03
4.700000000000000000e+01 -5.431085674130115871e-03 -6.578756906535273771e-03
4.800000000000000000e+01 -6.259843090137676147e-03 -7.344559413951637361e-03
4.900000000000000000e+01 -7.189628151675933956e-03 -8.170936134410449955e-03
5.000000000000000000e+01 -8.228058195117357934e-03 -9.068598935145971707e-03
5.100000000000000000e+01 -9.384701565004649471e-03 -1.005049950635594942e-02
5.200000000000000000e+01 -1.067105635243406452e-02 -1.112698312581154522e-02
5.300000000000000000e+01 -1.209925664003277772e-02 -1.230145740363770487e-02
5.400000000000000000e+01 -1.368007177819468949e-02 -1.356899621824893785e-02
5.500000000000000000e+01 -1.542136251570336465e-02 -1.491903601456666742e-02
5.600000000000000000e+01 -1.732805418008507431e-02 -1.634123206803022796e-02
5.700000000000000000e+01 -1.940381923017361204e-02 -1.783169676470043943e-02
5.800000000000000000e+01 -2.165350285567138253e-02 -1.939628530736216272e-02
5.900000000000000000e+01 -2.408464204173907386e-02 -2.104877532618072353e-02
6.000000000000000000e+01 -2.670677940290409544e-02 -2.280428010250840770e-02
6.100000000000000000e+01 -2.952857864623123496e-02 -2.467085480053286817e-02
6.200000000000000000e+01 -3.255424861923807145e-02 -2.664356828159263058e-02
6.300000000000000000e+01 -3.578146667897406930e-02 -2.870441986043225507e-02
6.400000000000000000e+01 -3.920227044658221999e-02 -3.082864575145624619e-02
6.500000000000000000e+01 -4.280657023557429136e-02 -3.299459311327680028e-02
6.600000000000000000e+01 -4.658613707256576558e-02 -3.519224018564479084e-02
6.700000000000000000e+01 -5.053637698215458773e-02 -3.742580704476072134e-02
6.800000000000000000e+01 -5.465441641381837273e-02 -3.970869599645700243e-02
6.900000000000000000e+01 -5.893435184296711565e-02 -4.205292609435440365e-02
7.000000000000000000e+01 -6.336249435020942233e-02 -4.445827669508628510e-02
7.100000000000000000e+01 -6.791570263723686884e-02 -4.690680493871404733e-02
7.200000000000000000e+01 -7.256412330061673410e-02 -4.936583230685782919e-02
7.300000000000000000e+01 -7.727688096472562496e-02 -5.179817301755217790e-02
7.400000000000000000e+01 -8.202727107242539784e-02 -5.417458963619792983e-02
7.500000000000000000e+01 -8.679417138713749202e-02 -5.648221514735056459e-02
7.600000000000000000e+01 -9.155870610523453301e-02 -5.872463989514525168e-02
7.700000000000000000e+01 -9.629824564119332519e-02 -6.091356574205086805e-02
7.800000000000000000e+01 -1.009816394936652456e-01 -6.305626447435959403e-02
7.900000000000000000e+01 -1.055689275045936099e-01 -6.514527535309602713e-02
8.000000000000000000e+01 -1.100160090596920826e-01 -6.715561781141093922e-02
8.100000000000000000e+01 -1.142816251663980043e-01 -6.905087946199545135e-02
8.200000000000000000e+01 -1.183325401606064031e-01 -7.079499562993092632e-02
8.300000000000000000e+01 -1.221439456877618929e-01 -7.236376324910598345e-02
8.400000000000000000e+01 -1.256951199148063913e-01 -7.375046456933891104e-02
8.500000000000000000e+01 -1.289633377659281654e-01 -7.496310801189061401e-02
8.600000000000000000e+01 -1.319200673475585672e-01 -7.601506356772844142e-02
8.700000000000000000e+01 -1.345319762257898288e-01 -7.691409671740598308e-02
8.800000000000000000e+01 -1.367662215720070740e-01 -7.765535445679880300e-02
8.900000000000000000e+01 -1.385968730154503170e-01 -7.822153678401336241e-02
9.000000000000000000e+01 -1.400087339179797441e-01 -7.858967416478479517e-02
9.100000000000000000e+01 -1.409965518544002983e-01 -7.874072010867322335e-02
9.200000000000000000e+01 -1.415604683862511648e-01 -7.866712357936125888e-02
9.300000000000000000e+01 -1.417007431757964786e-01 -7.837495472638814076e-02
9.400000000000000000e+01 -1.414150029817656806e-01 -7.788009316980680496e-02
9.500000000000000000e+01 -1.406995059082059574e-01 -7.720089754648706837e-02
9.600000000000000000e+01 -1.395533841121232022e-01 -7.635122775993002930e-02
9.700000000000000000e+01 -1.379831170514456973e-01 -7.533707415211735037e-02
9.800000000000000000e+01 -1.360045454326771208e-01 -7.415788356742744614e-02
9.900000000000000000e+01 -1.336413732858214853e-01 -7.281126478357403953e-02
1.000000000000000000e+02 -1.309212145814679096e-01 -7.129835202378657921e-02
1.010000000000000000e+02 -1.278715374384551406e-01 -6.962721683190792321e-02
1.020000000000000000e+02 -1.245176604196961689e-01 -6.781302818908616081e-02
1.030000000000000000e+02 -1.208835318081387389e-01 -6.587536635597782131e-02
1.040000000000000000e+02 -1.169943368036419906e-01 -6.383434443748996212e-02
1.050000000000000000e+02 -1.128790329373125650e-01 -6.170744952013408613e-02
1.060000000000000000e+02 -1.085711649563000786e-01 -5.950830748891454414e-02
1.070000000000000000e+02 -1.041074724740450458e-01 -5.724743609788207621e-02
1.080000000000000000e+02 -9.952510717783025207e-02 -5.493414594161850906e-02
1.090000000000000000e+02 -9.485896250437879373e-02 -5.257845776360273865e-02
1.100000000000000000e+02 -9.014037426332892344e-02 -5.019218898651643668e-02
1.110000000000000000e+02 -8.539753437716936235e-02 -4.778893364861025450e-02
1.120000000000000000e+02 -8.065697712438839317e-02 -4.538319730312209005e-02
1.130000000000000000e+02 -7.594500674941756513e-02 -4.298922687828331257e-02
1.140000000000000000e+02 -7.128814288992174619e-02 -4.062003281100416002e-02
1.150000000000000000e+02 -6.671235432445360436e-02 -3.828685234384354708e-02
1.160000000000000000e+02 -6.224157696522870931e-02 -3.599904999497995778e-02
1.170000000000000000e+02 -5.789635818322298733e-02 -3.376432505669774847e-02
1.180000000000000000e+02 -5.369329726370530853e-02 -3.158908638356966447e-02
1.190000000000000000e+02 -4.964543368400267664e-02 -2.947888111948654410e-02
1.200000000000000000e+02 -4.576321101779224493e-02 -2.743877767684843594e-02
1.210000000000000000e+02 -4.205540592750932338e-02 -2.547360951977730922e-02
1.220000000000000000e+02 -3.852954692249092872e-02 -2.358800741583647401e-02
1.230000000000000000e+02 -3.519172249172339978e-02 -2.178619841522519765e-02
1.240000000000000000e+02 -3.204604532402324096e-02 -2.007163104236363294e-02
1.250000000000000000e+02 -2.909419480559834875e-02 -1.844657297121556766e-02
1.260000000000000000e+02 -2.633535271656543830e-02 -1.691186653913193463e-02
1.270000000000000000e+02 -2.376658223307444306e-02 -1.546697514772884738e-02
1.280000000000000000e+02 -2.138345319542074574e-02 -1.411032343896857083e-02
1.290000000000000000e+02 -1.918062157057470046e-02 -1.283979640581507133e-02
1.300000000000000000e+02 -1.715215334486920942e-02 -1.165319301834488036e-02
1.310000000000000000e+02 -1.529156381155726344e-02 -1.054846080916998531e-02
1.320000000000000000e+02 -1.359170284948046578e-02 -9.523648186201275762e-03
1.330000000000000000e+02 -1.204467071312356405e-02 -8.576645262777167142e-03
1.340000000000000000e+02 -1.064188868027785700e-02 -7.704877222426561277e-03
1.350000000000000000e+02 -9.374331959834331443e-03 -6.905122230677292021e-03
1.360000000000000000e+02 -8.232835728867038752e-03 -6.173548938020840746e-03
1.370000000000000000e+02 -7.208358410666489309e-03 -5.505952864430781885e-03
1.380000000000000000e+02 -6.292128931952735600e-03 -4.898079318782170427e-03
1.390000000000000000e+02 -5.475677572777381923e-03 -4.345894712642576346e-03
1.400000000000000000e+02 -4.750805974199190373e-03 -3.845710247207442464e-03
1.410000000000000000e+02 -4.109564130481852332e-03 -3.394141760455993573e-03
1.420000000000000000e+02 -3.544274690630912737e-03 -2.987964731801398630e-03
1.430000000000000000e+02 -3.047602690456889529e-03 -2.623959981304200585e-03
1.440000000000000000e+02 -2.612638914393248211e-03 -2.298831865935691519e-03
1.450000000000000000e+02 -2.232960760952720520e-03 -2.009231095480738978e-03
1.460000000000000000e+02 -1.902651445665718734e-03 -1.751858713517408586e-03
1.470000000000000000e+02 -1.616281672133617654e-03 -1.523593989919625608e-03
1.480000000000000000e+02 -1.368873106822868311e-03 -1.321588379338922530e-03
1.490000000000000000e+02 -1.155864068117436758e-03 -1.143293540077433383e-03
1.500000000000000000e+02 -9.730881721618162613e-04 -9.864263615133586280e-04
1.510000000000000000e+02 -8.167645713365934753e-04 -8.489003884794680838e-04
1.520000000000000000e+02 -6.834911015674846125e-04 -7.287607511478684692e-04
1.530000000000000000e+02 -5.702316015128958441e-04 -6.241490517695068166e-04
1.540000000000000000e+02 -4.742936557638774246e-04 -5.333044952529526501e-04
1.550000000000000000e+02 -3.932987695475914365e-04 -4.545893783169964713e-04
1.560000000000000000e+02 -3.251501386809460287e-04 -3.865187608576136497e-04
1.570000000000000000e+02 -2.680028346641949509e-04 -3.277770237579101520e-04
1.580000000000000000e+02 -2.202386502434670770e-04 -2.772139155684703263e-04
1.590000000000000000e+02 -1.804451081638884611e-04 -2.338234147510374699e-04
