0.000000000000000000e+00 -2.330948287433390516e-05 -9.626627903111253601e-05
1.000000000000000000e+00 -1.173012891712459038e-08 -3.844107931346332438e-08
2.000000000000000000e+00 -1.499330176341372631e-08 -4.667869321162714725e-08
3.000000000000000000e+00 -2.125158280588407650e-08 -6.453226904085396884e-08
4.000000000000000000e+00 -3.010050111083566646e-08 -8.945768662690896826e-08
5.000000000000000000e+00 -4.252835743202088959e-08 -1.235510338301631806e-07
6.000000000000000000e+00 -5.992550174395093660e-08 -1.697829913105420244e-07
7.000000000000000000e+00 -8.413022376075370924e-08 -2.321157813714744104e-07
8.000000000000000000e+00 -1.175484962699278282e-07 -3.159415919775861451e-07
9.000000000000000000e+00 -1.633705805603545927e-07 -4.286280119074263752e-07
1.000000000000000000e+01 -2.259240920516387762e-07 -5.800401485160936862e-07
1.100000000000000000e+01 -3.111522302369548925e-07 -7.829542562658264011e-07
1.200000000000000000e+01 -4.271428596122011029e-07 -1.053437819155188101e-06
1.300000000000000000e+01 -5.846224743897114725e-07 -1.411491747925126400e-06
1.400000000000000000e+01 -7.974226329725938504e-07 -1.882367976714485688e-06
1.500000000000000000e+01 -1.083107249898739639e-06 -2.498818944419622464e-06
1.600000000000000000e+01 -1.464096252983426478e-06 -3.304085756592657358e-06
1.700000000000000000e+01 -1.969567853805142424e-06 -4.354936682844110140e-06
1.800000000000000000e+01 -2.638098783245813327e-06 -5.723971093905123972e-06
1.900000000000000000e+01 -3.520572461559979158e-06 -7.501045994446484226e-06
2.000000000000000000e+01 -4.682727075999648943e-06 -9.794912105707363347e-06
2.100000000000000000e+01 -6.207170220774531604e-06 -1.273717584100050624e-05
2.200000000000000000e+01 -8.195684829622420210e-06 -1.649048410831041161e-05
2.300000000000000000e+01 -1.077353263644443784e-05 -2.126088226301073926e-05
2.400000000000000000e+01 -1.409729564538224891e-05 -2.731146669112039020e-05
2.500000000000000000e+01 -1.836616057062174370e-05 -3.497285152151337903e-05
2.600000000000000000e+01 -2.383424108115315780e-05 -4.464770104634518293e-05
2.700000000000000000e+01 -3.082045323774286867e-05 -5.681180193049682932e-05
2.800000000000000000e+01 -3.971434501403185632e-05 -7.201992113366732394e-05
2.900000000000000000e+01 -5.098087487416091951e-05 -9.092612462001900574e-05
3.000000000000000000e+01 -6.517139187947261459e-05 -1.143219569066720971e-04
3.100000000000000000e+01 -8.294771961217017647e-05 -1.431838220635869765e-04
3.200000000000000000e+01 -1.051193355626232553e-04 -1.787110362775139964e-04
3.300000000000000000e+01 -1.326835605546218750e-04 -2.223380256786269880e-04
3.400000000000000000e+01 -1.668534897489019518e-04 -2.757214840620437427e-04
3.500000000000000000e+01 -2.090652730136487755e-04 -3.407273658807098227e-04
3.600000000000000000e+01 -2.609742154864502697e-04 -4.194551741522123465e-04
3.700000000000000000e+01 -3.244660135166670947e-04 -5.143223977083855383e-04
3.800000000000000000e+01 -4.017089841982145952e-04 -6.281917271468944039e-04
3.900000000000000000e+01 -4.952484029931527362e-04 -7.644823279525139173e-04
4.000000000000000000e+01 -6.081078532984471839e-04 -9.271990585251947518e-04
4.100000000000000000e+01 -7.438436152269798209e-04 -1.120859075303053164e-03
4.200000000000000000e+01 -9.065207288601138252e-04 -1.350374000239398017e-03
4.300000000000000000e+01 -1.100638390840414640e-03 -1.621002391642783601e-03
4.400000000000000000e+01 -1.331087095624214388e-03 -1.938465912190967836e-03
4.500000000000000000e+01 -1.603218745696419548e-03 -2.309214828443726351e-03
4.600000000000000000e+01 -1.923034906402726427e-03 -2.740696496980814072e-03
4.700000000000000000e+01 -2.297390381792135516e-03 -3.241427509846009011e-03
4.800000000000000000e+01 -2.734056180128645840e-03 -3.820765090572645576e-03
4.900000000000000000e+01 -3.241553398468681110e-03 -4.488481152012424244e-03
5.000000000000000000e+01 -3.828834837503432200e-03 -5.254423099728431495e-03
5.100000000000000000e+01 -4.505036177021717186e-03 -6.128541612453637655e-03
5.200000000000000000e+01 -5.279508099880507108e-03 -7.121329615542549250e-03
5.300000000000000000e+01 -6.162139481187793241e-03 -8.244381215152578324e-03
5.400000000000000000e+01 -7.163715006312349268e-03 -9.510595240653412288e-03
5.500000000000000000e+01 -8.295936828331993557e-03 -1.093370408236555950e-02
5.600000000000000000e+01 -9.570919117616108474e-03 -1.252725818707560272e-02
5.700000000000000000e+01 -1.100035215991003457e-02 -1.430364145207043206e-02
5.800000000000000000e+01 -1.259484030370016175e-02 -1.627377157221530576e-02
5.900000000000000000e+01 -1.436385997319313511e-02 -1.844771065835527912e-02
6.000000000000000000e+01 -1.631633049339558175e-02 -2.083571755692511379e-02
6.100000000000000000e+01 -1.846125141849769280e-02 -2.344882214710354226e-02
6.200000000000000000e+01 -2.080768440640179406e-02 -2.629820174908278213e-02
6.300000000000000000e+01 -2.336376642500745046e-02 -2.939344600303905528e-02
6.400000000000000000e+01 -2.613519022556632862e-02 -3.274066930989028706e-02
6.500000000000000000e+01 -2.912409790560310796e-02 -3.634168794319181384e-02
6.600000000000000000e+01 -3.232913279660469541e-02 -4.019482444428087997e-02
6.700000000000000000e+01 -3.574654528005518500e-02 -4.429672050088385993e-02
6.800000000000000000e+01 -3.937137438781130455e-02 -4.864369259923698174e-02
6.900000000000000000e+01 -4.319756203444018172e-02 -5.323136127288670416e-02
7.000000000000000000e+01 -4.721662603665775781e-02 -5.805249230232999158e-02
7.100000000000000000e+01 -5.141568548853905213e-02 -6.309437404182136055e-02
7.200000000000000000e+01 -5.577626926580190464e-02 -6.833755979212866039e-02
7.300000000000000000e+01 -6.027486701456157697e-02 -7.375695304637933103e-02
7.400000000000000000e+01 -6.488489447258433129e-02 -7.932454854251191900e-02
7.500000000000000000e+01 -6.957863742919384586e-02 -8.501188821002478302e-02
7.600000000000000000e+01 -7.432772953971931995e-02 -9.079044300489885755e-02
7.700000000000000000e+01 -7.910187574724511506e-02 -9.662965371807585857e-02
7.800000000000000000e+01 -8.386696907541044133e-02 -1.024941591482822767e-01
7.900000000000000000e+01 -8.858431302559242881e-02 -1.083424495450783648e-01
8.000000000000000000e+01 -9.321187397004102038e-02 -1.141282248937514066e-01
8.100000000000000000e+01 -9.770695259364198249e-02 -1.198037900012216134e-01
8.200000000000000000e+01 -1.020286002685951154e-01 -1.253233406004073680e-01
8.300000000000000000e+01 -1.061383591040382796e-01 -1.306441128046005595e-01
8.400000000000000000e+01 -1.099992554388625338e-01 -1.357249965766210986e-01
8.500000000000000000e+01 -1.135743366766235884e-01 -1.405241172051326926e-01
8.600000000000000000e+01 -1.168263432951630321e-01 -1.449976323080254814e-01
8.700000000000000000e+01 -1.197191576542374902e-01 -1.491010360629050346e-01
8.800000000000000000e+01 -1.222202712263486812e-01 -1.527923650698587710e-01
8.900000000000000000e+01 -1.243027750360514577e-01 -1.560353168249999922e-01
9.000000000000000000e+01 -1.259458245988880898e-01 -1.588004404268191228e-01
9.100000000000000000e+01 -1.271337197963876009e-01 -1.610640547960220936e-01
9.200000000000000000e+01 -1.278546970422105855e-01 -1.628062005601566831e-01
9.300000000000000000e+01 -1.281005556119738653e-01 -1.640094969737652952e-01
9.400000000000000000e+01 -1.278674219920651611e-01 -1.646599054187024569e-01
9.500000000000000000e+01 -1.271570193016735018e-01 -1.647488506406082354e-01
9.600000000000000000e+01 -1.259774728085480133e-01 -1.642751366197142127e-01
9.700000000000000000e+01 -1.243431067634803433e-01 -1.632453331718696221e-01
9.800000000000000000e+01 -1.222734340290242555e-01 -1.616725093655077550e-01
9.900000000000000000e+01 -1.197920049797403935e-01 -1.595743588648820543e-01
1.000000000000000000e+02 -1.169256829658908980e-01 -1.569720279329002155e-01
1.010000000000000000e+02 -1.137044414864117892e-01 -1.538902149551975851e-01
1.020000000000000000e+02 -1.101613596813653534e-01 -1.503580301223262916e-01
1.030000000000000000e+02 -1.063324154873670768e-01 -1.464095425473605216e-01
1.040000000000000000e+02 -1.022559030993061835e-01 -1.420832681698956101e-01
1.050000000000000000e+02 -9.797158387142054781e-02 -1.374207131874823073e-01
1.060000000000000000e+02 -9.351980280504459953e-02 -1.324647640384143121e-01
1.070000000000000000e+02 -8.894073761528720201e-02 -1.272587132366043428e-01
1.080000000000000000e+02 -8.427381353285202936e-02 -1.218461146489467767e-01
1.090000000000000000e+02 -7.955723763397812287e-02 -1.162710004401678182e-01
1.100000000000000000e+02 -7.482760666420909534e-02 -1.105777805929220869e-01
1.110000000000000000e+02 -7.011956727682873425e-02 -1.048104918938889130e-01
1.120000000000000000e+02 -6.546550948167363659e-02 -9.901163120870941359e-02
1.130000000000000000e+02 -6.089526239925757700e-02 -9.322113334084232428e-02
1.140000000000000000e+02 -5.643577541758322547e-02 -8.747591662652938471e-02
1.150000000000000000e+02 -5.211081781419697745e-02 -8.180998032327016500e-02
1.160000000000000000e+02 -4.794077609716055483e-02 -7.625466686085147217e-02
1.170000000000000000e+02 -4.394261927382069749e-02 -7.083867085380457507e-02
1.180000000000000000e+02 -4.013003113456786730e-02 -6.558766518761577347e-02
1.190000000000000000e+02 -3.651362752003624312e-02 -6.052376362013290462e-02
1.200000000000000000e+02 -3.310115198068094150e-02 -5.566517931496386962e-02
1.210000000000000000e+02 -2.989759636067616452e-02 -5.102629287061563601e-02
1.220000000000000000e+02 -2.690528051959730285e-02 -4.661805769646046316e-02
1.230000000000000000e+02 -2.412397766994808096e-02 -4.244847309541985303e-02
1.240000000000000000e+02 -2.155115029627504425e-02 -3.852287647223662237e-02
1.250000000000000000e+02 -1.918228860996842866e-02 -3.484399762285329133e-02
1.260000000000000000e+02 -1.701127929650391585e-02 -3.141191618055830942e-02
1.270000000000000000e+02 -1.503072409800403596e-02 -2.822412565345278068e-02
1.280000000000000000e+02 -1.323217461336789053e-02 -2.527581237875368286e-02
1.290000000000000000e+02 -1.160630975305347416e-02 -2.256029895309887359e-02
1.300000000000000000e+02 -1.014311036030184077e-02 -2.006950153427644254e-02
1.310000000000000000e+02 -8.832067320205432351e-03 -1.779426806155848598e-02
1.320000000000000000e+02 -7.662417021311698426e-03 -1.572456618517478061e-02
1.330000000000000000e+02 -6.623366825245862420e-03 -1.384959007927934367e-02
1.340000000000000000e+02 -5.704273624239054701e-03 -1.215788666286692597e-02
1.350000000000000000e+02 -4.894764080059672666e-03 -1.063755738683631880e-02
1.360000000000000000e+02 -4.184812718053284794e-03 -9.276517906852306539e-03
1.370000000000000000e+02 -3.564804341119880583e-03 -8.062750905918602759e-03
1.380000000000000000e+02 -3.025597499022083733e-03 -6.984492869426409470e-03
1.390000000000000000e+02 -2.558587902561330549e-03 -6.030338490744755267e-03
1.400000000000000000e+02 -2.155759248882845036e-03 -5.189289951067039067e-03
1.410000000000000000e+02 -1.809710195874612935e-03 -4.450794098532775793e-03
1.420000000000000000e+02 -1.513655966591740060e-03 -3.804795260028903062e-03
1.430000000000000000e+02 -1.261412335939870923e-03 -3.241802954479673475e-03
1.440000000000000000e+02 -1.047372405062207707e-03 -2.752954068810754135e-03
1.450000000000000000e+02 -8.664827009039663928e-04 -2.330048605263041438e-03
1.460000000000000000e+02 -7.142192289210687198e-04 -1.965552110552231183e-03
1.470000000000000000e+02 -5.865606494900311692e-04 -1.652573494668939554e-03
1.480000000000000000e+02 -4.799561852158684369e-04 -1.384833763423216381e-03
1.490000000000000000e+02 -3.912885570999688023e-04 -1.156637357814510299e-03
1.500000000000000000e+02 -3.178345684214771167e-04 -9.628487487232986189e-04
1.510000000000000000e+02 -2.572263874768851519e-04 -7.988698271850652472e-04
1.520000000000000000e+02 -2.074153746219114191e-04 -6.606122517957117597e-04
1.530000000000000000e+02 -1.666387107311134881e-04 -5.444622942137384474e-04
1.540000000000000000e+02 -1.333881971238156067e-04 -4.472401964359399499e-04
1.550000000000000000e+02 -1.063806570673799651e-04 -3.661584158368424990e-04
1.560000000000000000e+02 -8.452992346865510482e-05 -2.987825141473249074e-04
1.570000000000000000e+02 -6.692084138508647042e-05 -2.429961105664688113e-04
1.580000000000000000e+02 -5.278575260904163323e-05 -1.969691898530824916e-04
1.590000000000000000e+02 -4.148365027065616507e-05 -1.591282965993083987e-04
