0.000000000000000000e+00 -5.996727085636741141e-07 -1.246323358571787876e-05
1.000000000000000000e+00 -1.565198388811806538e-09 -5.089594760753757670e-06
2.000000000000000000e+00 -2.290193793177445637e-09 -5.270795985825068267e-06
3.000000000000000000e+00 -3.460647423140686625e-09 -6.667215175030286486e-06
4.000000000000000000e+00 -5.207308222422803963e-09 -8.525058262230381442e-06
5.000000000000000000e+00 -7.796260058789531994e-09 -1.087115583063215706e-05
6.000000000000000000e+00 -1.161354298114881080e-08 -1.380391079915727537e-05
7.000000000000000000e+00 -1.721282886861240673e-08 -1.745574032393737183e-05
8.000000000000000000e+00 -2.538363553493032730e-08 -2.199938268561147858e-05
9.000000000000000000e+00 -3.724560762132596899e-08 -2.765519463961427303e-05
1.000000000000000000e+01 -5.437785731924879208e-08 -3.469165803718550907e-05
1.100000000000000000e+01 -7.899527244928608220e-08 -4.341925322186663747e-05
1.200000000000000000e+01 -1.141873557510913974e-07 -5.418439844414364053e-05
1.300000000000000000e+01 -1.642398197932273222e-07 -6.737395210209038516e-05
1.400000000000000000e+01 -2.350650244624405247e-07 -8.343815229605564573e-05
1.500000000000000000e+01 -3.347745897570266933e-07 -1.029300955837823226e-04
1.600000000000000000e+01 -4.744363592494280479e-07 -1.265474067518031578e-04
1.700000000000000000e+01 -6.690686374500630427e-07 -1.551550588975659432e-04
1.800000000000000000e+01 -9.389376842521346349e-07 -1.897748686999686243e-04
1.900000000000000000e+01 -1.311240226601655821e-06 -2.315473811950740659e-04
2.000000000000000000e+01 -1.822271498370288982e-06 -2.816956983850421180e-04
2.100000000000000000e+01 -2.520201103196139696e-06 -3.415315547800784916e-04
2.200000000000000000e+01 -3.468603806551335187e-06 -4.125284120032527541e-04
2.300000000000000000e+01 -4.750920341217065428e-06 -4.964464676912202752e-04
2.400000000000000000e+01 -6.476054758754357510e-06 -5.954514254866781053e-04
2.500000000000000000e+01 -8.785349922438801201e-06 -7.121537744612921718e-04
2.600000000000000000e+01 -1.186122091292604131e-05 -8.495290576808713816e-04
2.700000000000000000e+01 -1.593776606992811491e-05 -1.010753505141408605e-03
2.800000000000000000e+01 -2.131371533691165087e-05 -1.199061824612929336e-03
2.900000000000000000e+01 -2.836811392651961939e-05 -1.417750681703972958e-03
3.000000000000000000e+01 -3.757917483547639886e-05 -1.670382469824199930e-03
3.100000000000000000e+01 -4.954676468128660355e-05 -1.961113942280049566e-03
3.200000000000000000e+01 -6.501901032256140447e-05 -2.294960559957208174e-03
3.300000000000000000e+01 -8.492352353469434273e-05 -2.677797847854207838e-03
3.400000000000000000e+01 -1.104037320557024542e-04 -3.116031605332537143e-03
3.500000000000000000e+01 -1.428607734371652768e-04 -3.616082778368751895e-03
3.600000000000000000e+01 -1.840013501549327612e-04 -4.183997446897396756e-03
3.700000000000000000e+01 -2.358918548464284618e-04 -4.825475963315209796e-03
3.800000000000000000e+01 -3.010189431498815548e-04 -5.546384174467598911e-03
3.900000000000000000e+01 -3.823565476729154648e-04 -6.353478346847077178e-03
4.000000000000000000e+01 -4.834390887579113980e-04 -7.254858406746914241e-03
4.100000000000000000e+01 -6.084403580502483269e-04 -8.259741886201522887e-03
4.200000000000000000e+01 -7.622572400308013502e-04 -9.377531633699615066e-03
4.300000000000000000e+01 -9.505970768287186996e-04 -1.061662774624575270e-02
4.400000000000000000e+01 -1.180067023191883882e-03 -1.198369101676314587e-02
4.500000000000000000e+01 -1.458263151981191528e-03 -1.348387704608782801e-02
4.600000000000000000e+01 -1.793856423383916173e-03 -1.512197571060291956e-02
4.700000000000000000e+01 -2.196672086727753225e-03 -1.690375009041235332e-02
4.800000000000000000e+01 -2.677758750387835771e-03 -1.883651181449279288e-02
4.900000000000000000e+01 -3.249443087889863652e-03 -2.092833690090848547e-02
5.000000000000000000e+01 -3.925365580018693769e-03 -2.318615869018524761e-02
5.100000000000000000e+01 -4.720491646669253138e-03 -2.561376624763527302e-02
5.200000000000000000e+01 -5.651091486040624862e-03 -2.821093605094297796e-02
5.300000000000000000e+01 -6.734681918697990252e-03 -3.097431370065071438e-02
5.400000000000000000e+01 -7.989925012075634048e-03 -3.389955820092976219e-02
5.500000000000000000e+01 -9.436480141590880208e-03 -3.698336526574817762e-02
5.600000000000000000e+01 -1.109480626369079882e-02 -4.022393416153379614e-02
5.700000000000000000e+01 -1.298590874800982682e-02 -4.361935407610267185e-02
5.800000000000000000e+01 -1.513102286092843536e-02 -4.716473344936827905e-02
5.900000000000000000e+01 -1.755122860104016760e-02 -5.084980810869789425e-02
6.000000000000000000e+01 -2.026700032662232670e-02 -5.465858926330979806e-02
6.100000000000000000e+01 -2.329770342297190350e-02 -5.857138420847737836e-02
6.200000000000000000e+01 -2.666104983463447181e-02 -6.256799779845939602e-02
6.300000000000000000e+01 -3.037251313905524330e-02 -6.663011042274995244e-02
6.400000000000000000e+01 -3.444469463572800288e-02 -7.074130624886902641e-02
6.500000000000000000e+01 -3.888664162823047415e-02 -7.488472698803555483e-02
6.600000000000000000e+01 -4.370314787427248548e-02 -7.903989162696570259e-02
6.700000000000000000e+01 -4.889408870060112794e-02 -8.318081763955803565e-02
6.800000000000000000e+01 -5.445383031829707787e-02 -8.727678451986131680e-02
6.900000000000000000e+01 -6.037070853072959431e-02 -9.129539650000055573e-02
7.000000000000000000e+01 -6.662654287602101655e-02 -9.520613616152559522e-02
7.100000000000000000e+01 -7.319618367976755968e-02 -9.898232217977434577e-02
7.200000000000000000e+01 -8.004716543140705243e-02 -1.026004621421976321e-01
7.300000000000000000e+01 -8.713957965790811167e-02 -1.060376956004324689e-01
7.400000000000000000e+01 -9.442621921586538680e-02 -1.092692280736747845e-01
7.500000000000000000e+01 -1.018529237581529134e-01 -1.122675906369178106e-01
7.600000000000000000e+01 -1.093590021779399929e-01 -1.150043050352251295e-01
7.700000000000000000e+01 -1.168777044648784263e-01 -1.174529603719739745e-01
7.800000000000000000e+01 -1.243368800020748510e-01 -1.195918630212206846e-01
7.900000000000000000e+01 -1.316600010947769073e-01 -1.214048156129956674e-01
8.000000000000000000e+01 -1.387675598036827163e-01 -1.228798715929858010e-01
8.100000000000000000e+01 -1.455786114962318578e-01 -1.240071941237754494e-01
8.200000000000000000e+01 -1.520121999784917743e-01 -1.247775911093696732e-01
8.300000000000000000e+01 -1.579886341999977850e-01 -1.251826825608648441e-01
8.400000000000000000e+01 -1.634308594727826858e-01 -1.252164780098788399e-01
8.500000000000000000e+01 -1.682661554011634364e-01 -1.248772310252237033e-01
8.600000000000000000e+01 -1.724280635893456759e-01 -1.241683708216874404e-01
8.700000000000000000e+01 -1.758581381921232312e-01 -1.230980371874140639e-01
8.800000000000000000e+01 -1.785071808719617681e-01 -1.216776891291802692e-01
8.900000000000000000e+01 -1.803360282404957438e-01 -1.199207681249961077e-01
9.000000000000000000e+01 -1.813162711703915075e-01 -1.178421887977617044e-01
9.100000000000000000e+01 -1.814311477615800361e-01 -1.154587330096599473e-01
9.200000000000000000e+01 -1.806764062856658914e-01 -1.127897735084093661e-01
9.300000000000000000e+01 -1.790606787717324289e-01 -1.098575924530356268e-01
9.400000000000000000e+01 -1.766051347258737469e-01 -1.066869364996329700e-01
9.500000000000000000e+01 -1.733426499790261810e-01 -1.033040285500451266e-01
9.600000000000000000e+01 -1.693169208525256708e-01 -9.973560349822885307e-02
9.700000000000000000e+01 -1.645816908575334081e-01 -9.600843654728669074e-02
9.800000000000000000e+01 -1.591998646902544889e-01 -9.214941236368208444e-02
9.900000000000000000e+01 -1.532422066138954819e-01 -8.818577821014310369e-02
1.000000000000000000e+02 -1.467856095779488113e-01 -8.414512508186131057e-02
1.010000000000000000e+02 -1.399112189434901232e-01 -8.005489017632851090e-02
1.020000000000000000e+02 -1.327026843830287350e-01 -7.594155772759554612e-02
1.030000000000000000e+02 -1.252445726110266166e-01 -7.182996233584762469e-02
1.040000000000000000e+02 -1.176208199626114781e-01 -6.774301924152789645e-02
1.050000000000000000e+02 -1.099131830732243548e-01 -6.370190195062504224e-02
1.060000000000000000e+02 -1.021997904261067458e-01 -5.972639141935055102e-02
1.070000000000000000e+02 -9.455389596682951814e-02 -5.583503860470628855e-02
1.080000000000000000e+02 -8.704281858802964678e-02 -5.204495393226243882e-02
1.090000000000000000e+02 -7.972701582300087408e-02 -4.837132454854849856e-02
1.100000000000000000e+02 -7.265934990200978438e-02 -4.482695690070988281e-02
1.110000000000000000e+02 -6.588468856980703170e-02 -4.142212287071355553e-02
1.120000000000000000e+02 -5.943987763680029512e-02 -3.816478542346639358e-02
1.130000000000000000e+02 -5.335391903928132784e-02 -3.506104596800822121e-02
1.140000000000000000e+02 -4.764814133374766641e-02 -3.211554567749600603e-02
1.150000000000000000e+02 -4.233634523690198159e-02 -2.933162390615169299e-02
1.160000000000000000e+02 -3.742512764632149880e-02 -2.671122234601317966e-02
1.170000000000000000e+02 -3.291456212755395488e-02 -2.425469196083558654e-02
1.180000000000000000e+02 -2.879915070378431460e-02 -2.196070685672002823e-02
1.190000000000000000e+02 -2.506875293784135289e-02 -1.982640188568314532e-02
1.200000000000000000e+02 -2.170928103862199143e-02 -1.784770241012736264e-02
1.210000000000000000e+02 -1.870323182452813052e-02 -1.601970592678957778e-02
1.220000000000000000e+02 -1.603029692060907105e-02 -1.433696657026274635e-02
1.230000000000000000e+02 -1.366817688979148418e-02 -1.279361418099819736e-02
1.240000000000000000e+02 -1.159346842832725648e-02 -1.138334626333099148e-02
1.250000000000000000e+02 -9.782380342997311351e-03 -1.009939545269766641e-02
1.260000000000000000e+02 -8.211170157419480503e-03 -8.934566318682772568e-03
1.270000000000000000e+02 -6.856414019481718233e-03 -7.881372342739860135e-03
1.280000000000000000e+02 -5.695296893854910093e-03 -6.932234556848333729e-03
1.290000000000000000e+02 -4.705987701953080748e-03 -6.079669856640468849e-03
1.300000000000000000e+02 -3.868000217934855402e-03 -5.316411828274462958e-03
1.310000000000000000e+02 -3.162405424667774113e-03 -4.635451459045753300e-03
1.320000000000000000e+02 -2.571866824905693141e-03 -4.030027308231631453e-03
1.330000000000000000e+02 -2.080588305579341747e-03 -3.493610859066547357e-03
1.340000000000000000e+02 -1.674279610711261815e-03 -3.019919498316784787e-03
1.350000000000000000e+02 -1.340165208651320329e-03 -2.602961326903159046e-03
1.360000000000000000e+02 -1.066984586901193431e-03 -2.237092517237952542e-03
1.370000000000000000e+02 -8.449278504299166832e-04 -1.917061445939994852e-03
1.380000000000000000e+02 -6.655051138116087296e-04 -1.638023828773121048e-03
1.390000000000000000e+02 -5.213955719208672370e-04 -1.395529778984829286e-03
1.400000000000000000e+02 -4.063202166833259580e-04 -1.185496012934517682e-03
1.410000000000000000e+02 -3.149454760867348825e-04 -1.004178593290836049e-03
1.420000000000000000e+02 -2.427957469415295381e-04 -8.481551018204147975e-04
1.430000000000000000e+02 -1.861542449774942977e-04 -7.143159151627226019e-04
1.440000000000000000e+02 -1.419526660938511767e-04 -5.998581606718848564e-04
1.450000000000000000e+02 -1.076656540799898840e-04 -5.022754137478098284e-04
1.460000000000000000e+02 -8.122366564829205222e-05 -4.193399061684519253e-04
1.470000000000000000e+02 -6.094494330405439333e-05 -3.490786446138044539e-04
1.480000000000000000e+02 -4.547820508836381340e-05 -2.897475503435522812e-04
1.490000000000000000e+02 -3.374864358940574355e-05 -2.398075902183891125e-04
1.500000000000000000e+02 -2.490641580902133777e-05 -1.979047876553034150e-04
1.510000000000000000e+02 -1.828131111330655453e-05 -1.628536811526984753e-04
1.520000000000000000e+02 -1.334654891675645720e-05 -1.336225415540564436e-04
1.530000000000000000e+02 -9.691143035169758738e-06 -1.093187833061027599e-04
1.540000000000000000e+02 -6.997924114834795405e-06 -8.917396933357497695e-05
1.550000000000000000e+02 -5.024670698063346786e-06 -7.252880537433438262e-05
1.560000000000000000e+02 -3.587570148732384382e-06 -5.881898659702935225e-05
1.570000000000000000e+02 -2.547456686758092759e-06 -4.756261284482346226e-05
1.580000000000000000e+02 -1.799202317526790229e-06 -3.834940585716244772e-05
1.590000000000000000e+02 -1.263891017533141602e-06 -3.083150313708673889e-05
