0.000000000000000000e+00 -3.519102727157707263e-09 -5.783119304484620255e-07
1.000000000000000000e+00 -3.720969195711794765e-09 -2.941430610938261325e-09
2.000000000000000000e+00 -5.467474177145943525e-09 -4.214057259667454802e-09
3.000000000000000000e+00 -8.300363225883960214e-09 -6.277443939653072967e-09
4.000000000000000000e+00 -1.253931785011120638e-08 -9.315597391059297133e-09
5.000000000000000000e+00 -1.883943487253323828e-08 -1.375736676244591400e-08
6.000000000000000000e+00 -2.814986487949849947e-08 -2.021801374870236839e-08
7.000000000000000000e+00 -4.183163626130098552e-08 -2.956809331197268706e-08
8.000000000000000000e+00 -6.182434694399391652e-08 -4.303234784570111953e-08
9.000000000000000000e+00 -9.087538690748772232e-08 -6.232459518273082519e-08
1.000000000000000000e+01 -1.328528131729579489e-07 -8.983019964594421366e-08
1.100000000000000000e+01 -1.931695334339992230e-07 -1.288513909623210189e-07
1.200000000000000000e+01 -2.793544987016228884e-07 -1.839351541364014362e-07
1.300000000000000000e+01 -4.018165295176731750e-07 -2.613089509999924380e-07
1.400000000000000000e+01 -5.748585560996771466e-07 -3.694562964310153471e-07
1.500000000000000000e+01 -8.180148482489066808e-07 -5.198723748022424189e-07
1.600000000000000000e+01 -1.157801638190030535e-06 -7.280497292760379070e-07
1.700000000000000000e+01 -1.629992674712914980e-06 -1.014755971140252203e-06
1.800000000000000000e+01 -2.282555817531306597e-06 -1.407679791381464198e-06
1.900000000000000000e+01 -3.179414832047310196e-06 -1.943538470580582329e-06
2.000000000000000000e+01 -4.405232108052908839e-06 -2.670759505976901176e-06
2.100000000000000000e+01 -6.071443043994520419e-06 -3.652870788546688317e-06
2.200000000000000000e+01 -8.323810930528619160e-06 -4.972758057412733592e-06
2.300000000000000000e+01 -1.135181139195726816e-05 -6.737975456608418282e-06
2.400000000000000000e+01 -1.540019622444977981e-05 -9.087325105004021841e-06
2.500000000000000000e+01 -2.078312565140770924e-05 -1.219895416292171580e-05
2.600000000000000000e+01 -2.790129291721818005e-05 -1.630025153585059946e-05
2.700000000000000000e+01 -3.726249259077007054e-05 -2.167985921359430278e-05
2.800000000000000000e+01 -4.950610044565087117e-05 -2.870214366661861085e-05
2.900000000000000000e+01 -6.543193455708929947e-05 -3.782449957671450561e-05
3.000000000000000000e+01 -8.603394959193987849e-05 -4.961788018583359071e-05
3.100000000000000000e+01 -1.125391719765168365e-04 -6.479096326800803701e-05
3.200000000000000000e+01 -1.464522025201733064e-04 -8.421836527948707682e-05
3.300000000000000000e+01 -1.896054852641115797e-04 -1.089733040210430021e-04
3.400000000000000000e+01 -2.442153637035406923e-04 -1.403650774792167158e-04
3.500000000000000000e+01 -3.129437240694720119e-04 -1.799816680389863084e-04
3.600000000000000000e+01 -3.989647649391917113e-04 -2.297376901402960799e-04
3.700000000000000000e+01 -5.060361189674381869e-04 -2.919277695165601585e-04
3.800000000000000000e+01 -6.385731509210680959e-04 -3.692852735521083866e-04
3.900000000000000000e+01 -8.017247451409460941e-04 -4.650461139892234888e-04
4.000000000000000000e+01 -1.001448317840664647e-03 -5.830171225979551355e-04
4.100000000000000000e+01 -1.244581250204733480e-03 -7.276482423436937338e-04
4.200000000000000000e+01 -1.538905505496745724e-03 -9.041074365146221058e-04
4.300000000000000000e+01 -1.893201780178816905e-03 -1.118356758948076297e-03
4.400000000000000000e+01 -2.317288940814814322e-03 -1.377227488737347433e-03
4.500000000000000000e+01 -2.822043661673032978e-03 -1.688491751830785209e-03
4.600000000000000000e+01 -3.419394456000407652e-03 -2.060927766235615046e-03
4.700000000000000000e+01 -4.122284268663021882e-03 -2.504375698678714800e-03
4.800000000000000000e+01 -4.944596605969571283e-03 -3.029780787541113633e-03
4.900000000000000000e+01 -5.901041033317886743e-03 -3.649219556628845434e-03
5.000000000000000000e+01 -7.006993678271603368e-03 -4.375903805310873973e-03
5.100000000000000000e+01 -8.278287265464156358e-03 -5.224156470362415448e-03
5.200000000000000000e+01 -9.730945229859788714e-03 -6.209354272460672342e-03
5.300000000000000000e+01 -1.138085777595287604e-02 -7.347833969564405987e-03
5.400000000000000000e+01 -1.324340348611620713e-02 -8.656760185805471158e-03
5.500000000000000000e+01 -1.533302372213084762e-02 -1.015395133308428025e-02
5.600000000000000000e+01 -1.766275500017867178e-02 -1.185765688296872879e-02
5.700000000000000000e+01 -2.024371985981259642e-02 -1.378627826632111697e-02
5.800000000000000000e+01 -2.308457842822970313e-02 -1.595803088004830311e-02
5.900000000000000000e+01 -2.619095563538761939e-02 -1.839055436160770551e-02
6.000000000000000000e+01 -2.956487417606476140e-02 -2.110048411199291762e-02
6.100000000000000000e+01 -3.320422434468735945e-02 -2.410299141065255432e-02
6.200000000000000000e+01 -3.710228412113245750e-02 -2.741128605364775983e-02
6.300000000000000000e+01 -4.124728541117743397e-02 -3.103607033578528393e-02
6.400000000000000000e+01 -4.562203133476429306e-02 -3.498494997433194281e-02
6.500000000000000000e+01 -5.020360440152570047e-02 -3.926183815990052367e-02
6.600000000000000000e+01 -5.496322884130619424e-02 -4.386640357631464704e-02
6.700000000000000000e+01 -5.986632507416135562e-02 -4.879358891001119025e-02
6.800000000000000000e+01 -6.487273424997103133e-02 -5.403317923778905296e-02
6.900000000000000000e+01 -6.993705988221474157e-02 -5.956938107489600370e-02
7.000000000000000000e+01 -7.500911624719536208e-02 -6.538041827924526150e-02
7.100000000000000000e+01 -8.003454914710059209e-02 -7.143822888963735629e-02
7.200000000000000000e+01 -8.495570762373770568e-02 -7.770837307103768687e-02
7.300000000000000000e+01 -8.971275415060517289e-02 -8.415018579908839502e-02
7.400000000000000000e+01 -9.424488755687997210e-02 -9.071708569235216457e-02
7.500000000000000000e+01 -9.849154649060826161e-02 -9.735691313432892624e-02
7.600000000000000000e+01 -1.023935840866013747e-01 -1.040122825629680586e-01
7.700000000000000000e+01 -1.058945230659645437e-01 -1.106210992456466147e-01
7.800000000000000000e+01 -1.089419636406344233e-01 -1.171174232577687491e-01
7.900000000000000000e+01 -1.114890400946680349e-01 -1.234326863964750054e-01
8.000000000000000000e+01 -1.134956946021517810e-01 -1.294970333939109708e-01
8.100000000000000000e+01 -1.149296153633689033e-01 -1.352405192012500756e-01
8.200000000000000000e+01 -1.157669037433012860e-01 -1.405941261161625377e-01
8.300000000000000000e+01 -1.159926578278228509e-01 -1.454908464482278230e-01
8.400000000000000000e+01 -1.156015452363728796e-01 -1.498670930267324009e-01
8.500000000000000000e+01 -1.145982059830419897e-01 -1.536643906440794682e-01
8.600000000000000000e+01 -1.129972373318157142e-01 -1.568309666390161061e-01
8.700000000000000000e+01 -1.108226815693725137e-01 -1.593228640657871897e-01
8.800000000000000000e+01 -1.081072005467373365e-01 -1.611045726114867793e-01
8.900000000000000000e+01 -1.048912071763632575e-01 -1.621495369212790638e-01
9.000000000000000000e+01 -1.012220462585077807e-01 -1.624408702764342516e-01
9.100000000000000000e+01 -9.715306550357225013e-02 -1.619721963169007128e-01
9.200000000000000000e+01 -9.274236195935581240e-02 -1.607481884507101222e-01
9.300000000000000000e+01 -8.805119666398468492e-02 -1.587844518809698735e-01
9.400000000000000000e+01 -8.314233436367780838e-02 -1.561068193192642894e-01
9.500000000000000000e+01 -7.807861417529027293e-02 -1.527504680584060304e-01
9.600000000000000000e+01 -7.292183459655018907e-02 -1.487591870630473045e-01
9.700000000000000000e+01 -6.773176502865363435e-02 -1.441847480187582742e-01
9.800000000000000000e+01 -6.256505479975717210e-02 -1.390860683470697967e-01
9.900000000000000000e+01 -5.747404368704753935e-02 -1.335279431828698127e-01
1.000000000000000000e+02 -5.250573876211613034e-02 -1.275794299710957536e-01
1.010000000000000000e+02 -4.770122679266772941e-02 -1.213121742057698405e-01
1.020000000000000000e+02 -4.309552304063161282e-02 -1.147989133158177355e-01
1.030000000000000000e+02 -3.871759377342157138e-02 -1.081122029916837535e-01
1.040000000000000000e+02 -3.459030667255320185e-02 -1.013232729164186829e-01
1.050000000000000000e+02 -3.073033230903132740e-02 -9.450090857496343255e-02
1.060000000000000000e+02 -2.714823969693708899e-02 -8.771031735249494588e-02
1.070000000000000000e+02 -2.384895993537900633e-02 -8.101201324609738630e-02
1.080000000000000000e+02 -2.083251816490990990e-02 -7.446083154675602056e-02
1.090000000000000000e+02 -1.809475899980393307e-02 -6.810522999748416795e-02
1.100000000000000000e+02 -1.562789357663886894e-02 -6.198697573968308533e-02
1.110000000000000000e+02 -1.342094451572843627e-02 -5.614114845027799033e-02
1.120000000000000000e+02 -1.146028225755130192e-02 -5.059623947820302003e-02
1.130000000000000000e+02 -9.730325266659805086e-03 -4.537416287533722892e-02
1.140000000000000000e+02 -8.214276832958273059e-03 -4.049021908783816820e-02
1.150000000000000000e+02 -6.894715625694532689e-03 -3.595325091041216836e-02
1.160000000000000000e+02 -5.753985851179038366e-03 -3.176618214866919199e-02
1.170000000000000000e+02 -4.774486757729269615e-03 -2.792685793160087915e-02
1.180000000000000000e+02 -3.938981084552073061e-03 -2.442888280993135361e-02
1.190000000000000000e+02 -3.230935203002388654e-03 -2.126221267630957340e-02
1.200000000000000000e+02 -2.634805972084415179e-03 -1.841353993341045270e-02
1.210000000000000000e+02 -2.136199636836312067e-03 -1.586672611732187557e-02
1.220000000000000000e+02 -1.721914399708767774e-03 -1.360346927867410287e-02
1.230000000000000000e+02 -1.379938659520557132e-03 -1.160413017114264242e-02
1.240000000000000000e+02 -1.099458670338922597e-03 -9.848460950945082948e-03
1.250000000000000000e+02 -8.708703121530615796e-04 -8.316056099940159069e-03
1.260000000000000000e+02 -6.857578846832908725e-04 -6.986578890459579569e-03
1.270000000000000000e+02 -5.368215347104712560e-04 -5.839964709511084005e-03
1.280000000000000000e+02 -4.177717428328459569e-04 -4.856736295241767185e-03
1.290000000000000000e+02 -3.232233887334243346e-04 -4.018382500593466883e-03
1.300000000000000000e+02 -2.486059599996555034e-04 -3.307646335178725076e-03
1.310000000000000000e+02 -1.900838088405500006e-04 -2.708627712440425141e-03
1.320000000000000000e+02 -1.444734749387852643e-04 -2.206746439907563383e-03
1.330000000000000000e+02 -1.091546621314744378e-04 -1.788686485291216119e-03
1.340000000000000000e+02 -8.198272502034194211e-05 -1.442397490879829399e-03
1.350000000000000000e+02 -6.121210213778631600e-05 -1.157131309858073056e-03
1.360000000000000000e+02 -4.543340217854835504e-05 -9.234412952464031692e-04
1.370000000000000000e+02 -3.352034684435816365e-05 -7.331038742435864097e-04
1.380000000000000000e+02 -2.458193826724023641e-05 -5.789866187778110835e-04
1.390000000000000000e+02 -1.791855495312325369e-05 -4.549180506512898138e-04
1.400000000000000000e+02 -1.298357166795396610e-05 -3.555925582172302047e-04
1.410000000000000000e+02 -9.352055821813884672e-06 -2.765020345875360448e-04
1.420000000000000000e+02 -6.696180119834910138e-06 -2.138657228705528445e-04
1.430000000000000000e+02 -4.765556818214287911e-06 -1.645420352798578902e-04
1.440000000000000000e+02 -3.370813967349258720e-06 -1.259301292746145410e-04
1.450000000000000000e+02 -2.369730344023995923e-06 -9.588014245326344264e-05
1.460000000000000000e+02 -1.655955977519566388e-06 -7.262331312633088000e-05
1.470000000000000000e+02 -1.150317133317644577e-06 -5.471889411176113791e-05
1.480000000000000000e+02 -7.943055291201047235e-07 -4.100779726411930208e-05
1.490000000000000000e+02 -5.451245592970527814e-07 -3.056651554169105507e-05
1.500000000000000000e+02 -3.717827094101693432e-07 -2.266232479092479416e-05
1.510000000000000000e+02 -2.519880746323203886e-07 -1.671444486293600858e-05
1.520000000000000000e+02 -1.697620387857817322e-07 -1.226395116677531119e-05
1.530000000000000000e+02 -1.136929168379120939e-07 -8.951275182969482710e-06
1.540000000000000000e+02 -7.568995829300644906e-08 -6.498094104410908692e-06
1.550000000000000000e+02 -5.007888141877866076e-08 -4.691253121264845996e-06
1.560000000000000000e+02 -3.292234128459012798e-08 -3.368349863246006891e-06
1.570000000000000000e+02 -2.150602646994159755e-08 -2.405731316042305265e-06
1.580000000000000000e+02 -1.396310657152319561e-08 -1.709378136327939803e-06
1.590000000000000000e+02 -9.013057740571077802e-09 -1.208286379008852734e-06
