0.000000000000000000e+00 -3.665851795123187568e-07 -1.776121902636077182e-04
1.000000000000000000e+00 -1.001138240248061829e-07 -1.298869506354470257e-05
2.000000000000000000e+00 -1.516258171990545245e-07 -1.280561633684090193e-05
3.000000000000000000e+00 -2.279061605448892548e-07 -1.579702034701649927e-05
4.000000000000000000e+00 -3.181064710136154634e-07 -1.955305009093061058e-05
5.000000000000000000e+00 -4.028745161290196124e-07 -2.407505260863675547e-05
6.000000000000000000e+00 -4.600163019910713115e-07 -2.946953893380489662e-05
7.000000000000000000e+00 -4.738029967398013121e-07 -3.590041485734927085e-05
8.000000000000000000e+00 -4.438334818068498621e-07 -4.361380751929052105e-05
9.000000000000000000e+00 -3.889379398383012837e-07 -5.294686954080076336e-05
1.000000000000000000e+01 -3.442215510584516354e-07 -6.430732513219993723e-05
1.100000000000000000e+01 -3.525419688970797807e-07 -7.812678151419011753e-05
1.200000000000000000e+01 -4.526748947978768803e-07 -9.480829459802715675e-05
1.300000000000000000e+01 -6.655384525309648914e-07 -1.147007809557874070e-04
1.400000000000000000e+01 -9.804550213984849267e-07 -1.381298624969042922e-04
1.500000000000000000e+01 -1.347143964190225188e-06 -1.654925164834417832e-04
1.600000000000000000e+01 -1.682185220017968456e-06 -1.973881606659098583e-04
1.700000000000000000e+01 -1.894854805552504891e-06 -2.347280941291353059e-04
1.800000000000000000e+01 -1.925674823326357437e-06 -2.787578081960076504e-04
1.900000000000000000e+01 -1.779989397589776206e-06 -3.309547169415425947e-04
2.000000000000000000e+01 -1.538858998196627179e-06 -3.928236731527733126e-04
2.100000000000000000e+01 -1.341650401507192925e-06 -4.656806333213815577e-04
2.200000000000000000e+01 -1.348038185855477839e-06 -5.505529178041741831e-04
2.300000000000000000e+01 -1.690749369216635886e-06 -6.482985838721982627e-04
2.400000000000000000e+01 -2.426476027581917929e-06 -7.599520031911564770e-04
2.500000000000000000e+01 -3.493516762711307053e-06 -8.871739622620348088e-04
2.600000000000000000e+01 -4.695715094238729997e-06 -1.032588460637705579e-03
2.700000000000000000e+01 -5.738927201735985349e-06 -1.199788858572307677e-03
2.800000000000000000e+01 -6.328835799598028368e-06 -1.392920175145090454e-03
2.900000000000000000e+01 -6.299209602549186169e-06 -1.615958445312490463e-03
3.000000000000000000e+01 -5.708569750266426196e-06 -1.872016009749240912e-03
3.100000000000000000e+01 -4.852519312876117819e-06 -2.163078515224235374e-03
3.200000000000000000e+01 -4.184734198230444313e-06 -2.490440334365629817e-03
3.300000000000000000e+01 -4.181975129145139766e-06 -2.855774084090453510e-03
3.400000000000000000e+01 -5.195353296630501087e-06 -3.262393555229860069e-03
3.500000000000000000e+01 -7.314381163597146552e-06 -3.716052737053529825e-03
3.600000000000000000e+01 -1.027123489794160828e-05 -4.224723785546500784e-03
3.700000000000000000e+01 -1.343847611165803238e-05 -4.797231278308941756e-03
3.800000000000000000e+01 -1.597899801234536139e-05 -5.441228075425048362e-03
3.900000000000000000e+01 -1.714460531004606856e-05 -6.161478157411917449e-03
4.000000000000000000e+01 -1.661202576327743962e-05 -6.959453702563808339e-03
4.100000000000000000e+01 -1.468492518120839337e-05 -7.834728766607165773e-03
4.200000000000000000e+01 -1.224784420709258475e-05 -8.787743848668368857e-03
4.300000000000000000e+01 -1.049426591300890905e-05 -9.822670504051131055e-03
4.400000000000000000e+01 -1.055028493127418636e-05 -1.094880713293690591e-02
4.500000000000000000e+01 -1.311142423106153511e-05 -1.217944474890282971e-02
4.600000000000000000e+01 -1.815876557497662089e-05 -1.352832455198857767e-02
4.700000000000000000e+01 -2.481882362063381019e-05 -1.500514913731266185e-02
4.800000000000000000e+01 -3.147790146991369435e-05 -1.661238980590101777e-02
4.900000000000000000e+01 -3.623965129222105145e-05 -1.834530050097182147e-02
5.000000000000000000e+01 -3.764368902827324489e-05 -2.019559196348376384e-02
5.100000000000000000e+01 -3.534140699244277809e-05 -2.215728581134434466e-02
5.200000000000000000e+01 -3.036667115787339814e-05 -2.423187213302248691e-02
5.300000000000000000e+01 -2.484176759264986747e-05 -2.642986900839757250e-02
5.400000000000000000e+01 -2.126886018311680316e-05 -2.876741523488722876e-02
5.500000000000000000e+01 -2.171747468711432170e-05 -3.125900780746078411e-02
5.600000000000000000e+01 -2.714971961423780076e-05 -3.390972231740217724e-02
5.700000000000000000e+01 -3.699698596158484682e-05 -3.671096745752037982e-02
5.800000000000000000e+01 -4.909674029522518511e-05 -3.964240838461121491e-02
5.900000000000000000e+01 -6.015686506882937982e-05 -4.267966626259244584e-02
6.000000000000000000e+01 -6.680517960177277984e-05 -4.580427101178068117e-02
6.100000000000000000e+01 -6.692880787332756835e-05 -4.901081395619708708e-02
6.200000000000000000e+01 -6.067896337851901218e-05 -5.230726798837789793e-02
6.300000000000000000e+01 -5.057760118607026637e-05 -5.570768590738953835e-02
6.400000000000000000e+01 -4.064895077966269762e-05 -5.922044642593428387e-02
6.500000000000000000e+01 -3.502094023766534749e-05 -6.283785907158370709e-02
6.600000000000000000e+01 -3.658442464514354611e-05 -6.653270248337121717e-02
6.700000000000000000e+01 -4.606761211104351084e-05 -7.026401135203724779e-02
6.800000000000000000e+01 -6.164830037387731795e-05 -7.398969421632441146e-02
6.900000000000000000e+01 -7.922734171245080794e-05 -7.767984461718409339e-02
7.000000000000000000e+01 -9.352733523441829659e-05 -8.132394038592952179e-02
7.100000000000000000e+01 -9.991336273329823586e-05 -8.492797999086246219e-02
7.200000000000000000e+01 -9.629139014564238588e-05 -8.850264413223268845e-02
7.300000000000000000e+01 -8.412923096433742496e-05 -9.204828948011170575e-02
7.400000000000000000e+01 -6.800053683621282543e-05 -9.554448955541285093e-02
7.500000000000000000e+01 -5.388384972203652025e-05 -9.894976034314162394e-02
7.600000000000000000e+01 -4.707228393444249878e-05 -1.022119686366368407e-01
7.700000000000000000e+01 -5.051084218147728244e-05 -1.052843842518062789e-01
7.800000000000000000e+01 -6.391700133792664119e-05 -1.081393504472923095e-01
7.900000000000000000e+01 -8.373053404383981688e-05 -1.107726888550036037e-01
8.000000000000000000e+01 -1.039661269172491038e-04 -1.131966350095188895e-01
8.100000000000000000e+01 -1.180239947758912096e-04 -1.154249382241097077e-01
8.200000000000000000e+01 -1.210814615720238086e-04 -1.174577833998437792e-01
8.300000000000000000e+01 -1.120883177336383786e-04 -1.192742956280634092e-01
8.400000000000000000e+01 -9.429855592188687743e-05 -1.208364607610738495e-01
8.500000000000000000e+01 -7.399750303568506347e-05 -1.221023908599552787e-01
8.600000000000000000e+01 -5.810709331445733491e-05 -1.230421190998456649e-01
8.700000000000000000e+01 -5.182786666468929080e-05 -1.236479779129717460e-01
8.800000000000000000e+01 -5.713361022661804614e-05 -1.239345573047979515e-01
8.900000000000000000e+01 -7.230465948979928215e-05 -1.239286166723345406e-01
9.000000000000000000e+01 -9.240414929387988949e-05 -1.236543500454910238e-01
9.100000000000000000e+01 -1.106700989297793492e-04 -1.231215578533103594e-01
9.200000000000000000e+01 -1.207043539390915108e-04 -1.223225276752003265e-01
9.300000000000000000e+01 -1.188427523601957620e-04 -1.212387744964175951e-01
9.400000000000000000e+01 -1.056364402129111976e-04 -1.198537531699889885e-01
9.500000000000000000e+01 -8.560719354258595169e-05 -1.181648590451313124e-01
9.600000000000000000e+01 -6.537641681596780062e-05 -1.161887743109189658e-01
9.700000000000000000e+01 -5.116696254724829125e-05 -1.139578813064265755e-01
9.800000000000000000e+01 -4.681161896970389763e-05 -1.115100207746280436e-01
9.900000000000000000e+01 -5.282275124289479980e-05 -1.088770076734356385e-01
1.000000000000000000e+02 -6.646774616802814811e-05 -1.060775601731347162e-01
1.010000000000000000e+02 -8.263876556962416477e-05 -1.031176991615593563e-01
1.020000000000000000e+02 -9.540245731509577778e-05 -9.999773169654195548e-02
1.030000000000000000e+02 -9.998246047844158398e-05 -9.672174571936759113e-02
1.040000000000000000e+02 -9.451509500738529933e-05 -9.330466559292963091e-02
1.050000000000000000e+02 -8.072423666996477593e-05 -8.977357056433475646e-02
1.060000000000000000e+02 -6.310502585526244304e-05 -8.616308933489469357e-02
1.070000000000000000e+02 -4.704930697568399762e-05 -8.250758389500312262e-02
1.080000000000000000e+02 -3.688766614384170824e-05 -7.883413258537357027e-02
1.090000000000000000e+02 -3.465259755656878779e-05 -7.515953400071599677e-02
1.100000000000000000e+02 -3.977340488867592484e-05 -7.149226553176381282e-02
1.110000000000000000e+02 -4.949198832322620090e-05 -6.783782719450712206e-02
1.120000000000000000e+02 -5.976902968038411666e-05 -6.420445077800504552e-02
1.130000000000000000e+02 -6.654438828551182132e-05 -6.060634986027917115e-02
1.140000000000000000e+02 -6.709527868623768197e-05 -5.706322406326795604e-02
1.150000000000000000e+02 -6.098884126468248851e-05 -5.359669069297329225e-02
1.160000000000000000e+02 -5.013623051511857209e-05 -5.022570253814431784e-02
1.170000000000000000e+02 -3.788900917858545239e-05 -4.696323299252713745e-02
1.180000000000000000e+02 -2.766582164304632523e-05 -4.381561035050072356e-02
1.190000000000000000e+02 -2.179197424381270414e-05 -4.078444086269002872e-02
1.200000000000000000e+02 -2.095875950982665879e-05 -3.786984721206951288e-02
1.210000000000000000e+02 -2.428537989150754260e-05 -3.507332119104526053e-02
1.220000000000000000e+02 -2.976287325002889171e-05 -3.239893492671142017e-02
1.230000000000000000e+02 -3.491188338830601240e-05 -2.985262404238374356e-02
1.240000000000000000e+02 -3.755374685031515091e-05 -2.744020603564316374e-02
1.250000000000000000e+02 -3.651754437619267947e-05 -2.516528433634633230e-02
1.260000000000000000e+02 -3.200103440396049584e-05 -2.302805838703695165e-02
1.270000000000000000e+02 -2.538594177994176718e-05 -2.102547269766670210e-02
1.280000000000000000e+02 -1.859349591345478114e-05 -1.915244487017591507e-02
1.290000000000000000e+02 -1.332465708550990764e-05 -1.740345962296100529e-02
1.300000000000000000e+02 -1.053890618318724436e-05 -1.577377484387144924e-02
1.310000000000000000e+02 -1.030955585864098044e-05 -1.425980115246920123e-02
1.320000000000000000e+02 -1.197211367609239876e-05 -1.285867495194959777e-02
1.330000000000000000e+02 -1.441949452542034106e-05 -1.156740753513145481e-02
1.340000000000000000e+02 -1.645552041399071734e-05 -1.038211101822220962e-02
1.350000000000000000e+02 -1.715564144986458985e-05 -9.297668123836958301e-03
1.360000000000000000e+02 -1.614726954178913646e-05 -8.307937201415963382e-03
1.370000000000000000e+02 -1.369189790023913577e-05 -7.406321199090211763e-03
1.380000000000000000e+02 -1.051734708251080109e-05 -6.586398021795403408e-03
1.390000000000000000e+02 -7.484987356530509224e-06 -5.842342950041063548e-03
1.400000000000000000e+02 -5.265525812560448518e-06 -5.169021496029051373e-03
1.410000000000000000e+02 -4.161741820145802302e-06 -4.561801551304555703e-03
1.420000000000000000e+02 -4.102421681668255712e-06 -4.016245113028193460e-03
1.430000000000000000e+02 -4.744782137208849291e-06 -3.527855208135173906e-03
1.440000000000000000e+02 -5.615399213277273755e-06 -3.091987319693271456e-03
1.450000000000000000e+02 -6.254992975169018510e-06 -2.703934806771952481e-03
1.460000000000000000e+02 -6.349034298917237807e-06 -2.359116987651064309e-03
1.470000000000000000e+02 -5.812565181929344066e-06 -2.053268518419255027e-03
1.480000000000000000e+02 -4.792134335530925300e-06 -1.782550743060855834e-03
1.490000000000000000e+02 -3.579510667098940688e-06 -1.543557410598708334e-03
1.500000000000000000e+02 -2.481206424452649397e-06 -1.333238435097951636e-03
1.510000000000000000e+02 -1.709681834842273763e-06 -1.148793772959103357e-03
1.520000000000000000e+02 -1.337793035278633779e-06 -9.875882533581605872e-04
1.530000000000000000e+02 -1.313473017719499068e-06 -8.471153333369892601e-04
1.540000000000000000e+02 -1.505314481718937769e-06 -7.250088054255193239e-04
1.550000000000000000e+02 -1.753483151791875642e-06 -6.190806910742787912e-04
1.560000000000000000e+02 -1.915757700334978891e-06 -5.273577956832318668e-04
1.570000000000000000e+02 -1.904548784458308432e-06 -4.480971177629357988e-04
1.580000000000000000e+02 -1.706586311791949226e-06 -3.797744916633650093e-04
1.590000000000000000e+02 -1.376344299778493296e-06 -3.210536179576171695e-04
