0.000000000000000000e+00 -2.049705341810159898e-07 -2.082888268800898281e-08
1.000000000000000000e+00 -1.638945047607035490e-10 -3.307950657617988743e-14
2.000000000000000000e+00 -2.524053859785406307e-10 -6.175149075814479339e-14
3.000000000000000000e+00 -4.005270233324162350e-10 -1.160117597333899937e-13
4.000000000000000000e+00 -6.310794708490840170e-10 -2.164683450644836607e-13
5.000000000000000000e+00 -9.873041058254109405e-10 -4.002469650029886048e-13
6.000000000000000000e+00 -1.535763650694634436e-09 -7.331779956266443710e-13
7.000000000000000000e+00 -2.378579059537468540e-09 -1.332917184002902040e-12
8.000000000000000000e+00 -3.669215932544615328e-09 -2.409270306394968115e-12
9.000000000000000000e+00 -5.632559769711127691e-09 -4.330105090742411490e-12
1.000000000000000000e+01 -8.593652180211856864e-09 -7.727134388224265411e-12
1.100000000000000000e+01 -1.302421110036272282e-08 -1.367300509163388167e-11
1.200000000000000000e+01 -1.961747452049274814e-08 -2.399137758782982709e-11
1.300000000000000000e+01 -2.939642947143756619e-08 -4.179321335033756129e-11
1.400000000000000000e+01 -4.385196761723621798e-08 -7.235150591248544579e-11
1.500000000000000000e+01 -6.510901089061448722e-08 -1.244568211894240979e-10
1.600000000000000000e+01 -9.614215717144598207e-08 -2.125218018211352204e-10
1.700000000000000000e+01 -1.411002504913646794e-07 -3.600012885626000867e-10
1.800000000000000000e+01 -2.058175027463702718e-07 -6.050912519157627183e-10
1.900000000000000000e+01 -2.985532662352033929e-07 -1.009931262818104542e-09
2.000000000000000000e+01 -4.309288599256712198e-07 -1.674624443080780509e-09
2.100000000000000000e+01 -6.190042956714372337e-07 -2.757927245686501839e-09
2.200000000000000000e+01 -8.845541957984616827e-07 -4.508458642010794697e-09
2.300000000000000000e+01 -1.256835540121789300e-06 -7.313731676439625396e-09
2.400000000000000000e+01 -1.775286492075921989e-06 -1.177719255795274553e-08
2.500000000000000000e+01 -2.493419030521293640e-06 -1.883374754863424196e-08
2.600000000000000000e+01 -3.483702568880233454e-06 -2.991461139452474469e-08
2.700000000000000000e+01 -4.842939162231016601e-06 -4.718084614637888172e-08
2.800000000000000000e+01 -6.698065313741937481e-06 -7.386610005791955700e-08
2.900000000000000000e+01 -9.213457828045102684e-06 -1.147916621633586994e-07
3.000000000000000000e+01 -1.260169439785191428e-05 -1.771207520911715182e-07
3.100000000000000000e+01 -1.713906178482401166e-05 -2.714061682805454011e-07
3.200000000000000000e+01 -2.318485287732438121e-05 -4.130011096488243311e-07
3.300000000000000000e+01 -3.120161414266673630e-05 -6.239929989515642118e-07
3.400000000000000000e+01 -4.177466209217890367e-05 -9.359470451445467955e-07
3.500000000000000000e+01 -5.563371228914931478e-05 -1.393785659185169308e-06
3.600000000000000000e+01 -7.368358352551973925e-05 -2.061027120938456133e-06
3.700000000000000000e+01 -9.704927919734017265e-05 -3.026539886446553022e-06
3.800000000000000000e+01 -1.271322360099960669e-04 -4.413216027256745171e-06
3.900000000000000000e+01 -1.656659855239629817e-04 -6.389484059593896586e-06
4.000000000000000000e+01 -2.147611620575485864e-04 -9.184832665127397081e-06
4.100000000000000000e+01 -2.769444840369818250e-04 -1.311006304395305515e-05
4.200000000000000000e+01 -3.552123068433490558e-04 -1.858231735167075257e-05
4.300000000000000000e+01 -4.531178007462134281e-04 -2.615522330123485982e-05
4.400000000000000000e+01 -5.748853009197901938e-04 -3.655601986161331735e-05
4.500000000000000000e+01 -7.255149743436124310e-04 -5.073261435396640289e-05
4.600000000000000000e+01 -9.108386093589306877e-04 -6.991222490306362467e-05
4.700000000000000000e+01 -1.137526869954395012e-03 -9.567042870976341933e-05
4.800000000000000000e+01 -1.413100361579505302e-03 -1.300087021796185742e-04
4.900000000000000000e+01 -1.746005719250675204e-03 -1.754417156928534543e-04
5.000000000000000000e+01 -2.145756174556606548e-03 -2.350989540298523963e-04
5.100000000000000000e+01 -2.623046901705074728e-03 -3.128429657951668471e-04
5.200000000000000000e+01 -3.189729647152815366e-03 -4.133992610936347263e-04
5.300000000000000000e+01 -3.858620407662558763e-03 -5.424886319627371736e-04
5.400000000000000000e+01 -4.643257628115049149e-03 -7.069569486880181294e-04
5.500000000000000000e+01 -5.557783272195359302e-03 -9.149043137100373521e-04
5.600000000000000000e+01 -6.616993970810759740e-03 -1.175813903982330343e-03
5.700000000000000000e+01 -7.836386456290251115e-03 -1.500670221056715856e-03
5.800000000000000000e+01 -9.231920275143561810e-03 -1.902048399199171265e-03
5.900000000000000000e+01 -1.081939359927738473e-02 -2.394158685527445537e-03
6.000000000000000000e+01 -1.261366587249352494e-02 -2.992836893643185080e-03
6.100000000000000000e+01 -1.462813748476578940e-02 -3.715473263720158945e-03
6.200000000000000000e+01 -1.687467229205143887e-02 -4.580870894798695116e-03
6.300000000000000000e+01 -1.936366668209152375e-02 -5.609026261765450924e-03
6.400000000000000000e+01 -2.210369920993424456e-02 -6.820821678746504663e-03
6.500000000000000000e+01 -2.510049225309633758e-02 -8.237606488114458322e-03
6.600000000000000000e+01 -2.835559190166757337e-02 -9.880639934532531310e-03
6.700000000000000000e+01 -3.186556976241006894e-02 -1.177040236150193007e-02
6.800000000000000000e+01 -3.562217549547500028e-02 -1.392583174992928843e-02
6.900000000000000000e+01 -3.961297496898370796e-02 -1.636353890076376605e-02
7.000000000000000000e+01 -4.382147312418727819e-02 -1.909697624096392751e-02
7.100000000000000000e+01 -4.822619272320982642e-02 -2.213548322921376349e-02
7.200000000000000000e+01 -5.279931893536176507e-02 -2.548321823405646364e-02
7.300000000000000000e+01 -5.750619658915938348e-02 -2.913814784988005835e-02
7.400000000000000000e+01 -6.230638017039540066e-02 -3.309128352876666151e-02
7.500000000000000000e+01 -6.715554099888811079e-02 -3.732615491874784197e-02
7.600000000000000000e+01 -7.200672116780723608e-02 -4.181832713643460209e-02
7.700000000000000000e+01 -7.681011958862617173e-02 -4.653488921531359623e-02
7.800000000000000000e+01 -8.151220946813070301e-02 -5.143416585520727696e-02
7.900000000000000000e+01 -8.605588669367583710e-02 -5.646599867608294993e-02
8.000000000000000000e+01 -9.038252367222301964e-02 -6.157260539934924365e-02
8.100000000000000000e+01 -9.443499684805357897e-02 -6.668964163184727678e-02
8.200000000000000000e+01 -9.815979598771511216e-02 -7.174718270945520948e-02
8.300000000000000000e+01 -1.015072423027158360e-01 -7.667083622066879489e-02
8.400000000000000000e+01 -1.044307495908168293e-01 -8.138343247163759564e-02
8.500000000000000000e+01 -1.068870125083570821e-01 -8.580734104347219338e-02
8.600000000000000000e+01 -1.088380108983738881e-01 -8.986689253575703973e-02
8.700000000000000000e+01 -1.102537921224694129e-01 -9.349038847133256391e-02
8.800000000000000000e+01 -1.111141047849728281e-01 -9.661177541491919318e-02
8.900000000000000000e+01 -1.114079918393627855e-01 -9.917246694946767194e-02
9.000000000000000000e+01 -1.111323172479105753e-01 -1.011234712943250708e-01
9.100000000000000000e+01 -1.102910012775734916e-01 -1.024273444024726420e-01
9.200000000000000000e+01 -1.088957338106829598e-01 -1.030593776163463704e-01
9.300000000000000000e+01 -1.069672331901223294e-01 -1.030079919311320813e-01
9.400000000000000000e+01 -1.045354570161150520e-01 -1.022748230464443631e-01
9.500000000000000000e+01 -1.016381291804928783e-01 -1.008748169076709444e-01
9.600000000000000000e+01 -9.831845431524585677e-02 -9.883608678042293816e-02
9.700000000000000000e+01 -9.462343202675439768e-02 -9.619907507716754513e-02
9.800000000000000000e+01 -9.060333835972735061e-02 -9.301496594467852097e-02
9.900000000000000000e+01 -8.631168532212514510e-02 -8.934377329768257436e-02
1.000000000000000000e+02 -8.180455981021851619e-02 -8.525250944828657862e-02
1.010000000000000000e+02 -7.713896306105771927e-02 -8.081342175458898491e-02
1.020000000000000000e+02 -7.237077936861349703e-02 -7.610203443130962586e-02
1.030000000000000000e+02 -6.755329995961574518e-02 -7.119492761560380911e-02
1.040000000000000000e+02 -6.273664083755817189e-02 -6.616752309048640202e-02
1.050000000000000000e+02 -5.796761187444432473e-02 -6.109219905403523443e-02
1.060000000000000000e+02 -5.328937611345903325e-02 -5.603680444936034316e-02
1.070000000000000000e+02 -4.874068045698684570e-02 -5.106342347690034922e-02
1.080000000000000000e+02 -4.435500499327382773e-02 -4.622728409363129065e-02
1.090000000000000000e+02 -4.016011836700062593e-02 -4.157588902744777104e-02
1.100000000000000000e+02 -3.617819316522298545e-02 -3.714851646400587487e-02
1.110000000000000000e+02 -3.242622631833935731e-02 -3.297612361637312917e-02
1.120000000000000000e+02 -2.891640850173887722e-02 -2.908154702720677082e-02
1.130000000000000000e+02 -2.565631322687443594e-02 -2.547987813906843479e-02
1.140000000000000000e+02 -2.264904985053714515e-02 -2.217897719385284599e-02
1.150000000000000000e+02 -1.989358834379042693e-02 -1.918014721856287422e-02
1.160000000000000000e+02 -1.738531145099116854e-02 -1.647896241552206445e-02
1.170000000000000000e+02 -1.511667087565706814e-02 -1.406618517882008215e-02
1.180000000000000000e+02 -1.307778376788109112e-02 -1.192868914399182467e-02
1.190000000000000000e+02 -1.125690416598961428e-02 -1.005034075445653333e-02
1.200000000000000000e+02 -9.640819493372055141e-03 -8.412830543338304518e-03
1.210000000000000000e+02 -8.215251725781060055e-03 -6.996451617223047731e-03
1.220000000000000000e+02 -6.965287392335002721e-03 -5.780807093152909651e-03
1.230000000000000000e+02 -5.875794589825203591e-03 -4.745420756579415630e-03
1.240000000000000000e+02 -4.931770265708877027e-03 -3.870237130010939844e-03
1.250000000000000000e+02 -4.118596261585529689e-03 -3.136015005518392410e-03
1.260000000000000000e+02 -3.422224305949717136e-03 -2.524626660674289015e-03
1.270000000000000000e+02 -2.829322547362647829e-03 -2.019272532355405325e-03
1.280000000000000000e+02 -2.327399511216687866e-03 -1.604617409470638191e-03
1.290000000000000000e+02 -1.904899923778914737e-03 -1.266855446752820826e-03
1.300000000000000000e+02 -1.551260686101428978e-03 -9.937154993272996097e-04
1.310000000000000000e+02 -1.256924684161651786e-03 -7.744205236521559815e-04
1.320000000000000000e+02 -1.013322158811392950e-03 -5.996134797702389789e-04
1.330000000000000000e+02 -8.128332658015071082e-04 -4.612594097422285325e-04
1.340000000000000000e+02 -6.487408141877510455e-04 -3.525314869843697166e-04
1.350000000000000000e+02 -5.151755850755615528e-04 -2.676881153166768101e-04
1.360000000000000000e+02 -4.070537821155243026e-04 -2.019475337168177669e-04
1.370000000000000000e+02 -3.200075466548358465e-04 -1.513651512597592329e-04
1.380000000000000000e+02 -2.503119723375798328e-04 -1.127172404462699080e-04
1.390000000000000000e+02 -1.948128522238940386e-04 -8.339324096748825161e-05
1.400000000000000000e+02 -1.508581337696741009e-04 -6.129800853465171284e-05
1.410000000000000000e+02 -1.162341776723346885e-04 -4.476473116626584548e-05
1.420000000000000000e+02 -8.910680334061973104e-05 -3.247871364881609079e-05
1.430000000000000000e+02 -6.796702730303165658e-05 -2.341174552321881560e-05
1.440000000000000000e+02 -5.158175452031910091e-05 -1.676638718403248053e-05
1.450000000000000000e+02 -3.894982463844679800e-05 -1.192928149043557892e-05
1.460000000000000000e+02 -2.926357006481559140e-05 -8.432504264192520801e-06
1.470000000000000000e+02 -2.187564570973927843e-05 -5.921951513003680347e-06
1.480000000000000000e+02 -1.627062243753481458e-05 -4.131784387747898106e-06
1.490000000000000000e+02 -1.204078772198435966e-05 -2.864002037518501584e-06
1.500000000000000000e+02 -8.865678269756795493e-06 -1.972286089325092504e-06
1.510000000000000000e+02 -6.494949125172476730e-06 -1.349351960185673393e-06
1.520000000000000000e+02 -4.734206336817955612e-06 -9.171431965033252599e-07
1.530000000000000000e+02 -3.433414488751443650e-06 -6.193035979126315911e-07
1.540000000000000000e+02 -2.477486088715272243e-06 -4.154537448393326834e-07
1.550000000000000000e+02 -1.778686556808237305e-06 -2.768804570579784442e-07
1.560000000000000000e+02 -1.270540657483918758e-06 -1.833200948721403537e-07
1.570000000000000000e+02 -9.029797465379273131e-07 -1.205794270955881953e-07
1.580000000000000000e+02 -6.385110877521417425e-07 -7.879145219817466630e-08
1.590000000000000000e+02 -4.492214368626250930e-07 -5.114759600935213650e-08
