0.000000000000000000e+00 -2.033357673062656636e-07 -1.432314075641035545e-06
1.000000000000000000e+00 -1.005290012982035764e-11 -4.231439508200035713e-11
2.000000000000000000e+00 -1.643514013329447145e-11 -6.513048784381234758e-11
3.000000000000000000e+00 -2.716713803920501086e-11 -1.048180804038397302e-10
4.000000000000000000e+00 -4.465011481716696778e-11 -1.679421435670655717e-10
5.000000000000000000e+00 -7.295725115255124211e-11 -2.674290720300985773e-10
6.000000000000000000e+00 -1.185177886667515800e-10 -4.229956006608187000e-10
7.000000000000000000e+00 -1.914127243062933326e-10 -6.648917550473877581e-10
8.000000000000000000e+00 -3.073511829540479924e-10 -1.039658900865088404e-09
9.000000000000000000e+00 -4.906612095249366833e-10 -1.618234773965686307e-09
1.000000000000000000e+01 -7.787843386903179786e-10 -2.506856797287659033e-09
1.100000000000000000e+01 -1.228983944637089525e-09 -3.862183585785469348e-09
1.200000000000000000e+01 -1.928291467802317908e-09 -5.913955662211769101e-09
1.300000000000000000e+01 -3.008157306993704596e-09 -9.000262997086536525e-09
1.400000000000000000e+01 -4.665889147439390079e-09 -1.362040981463137297e-08
1.500000000000000000e+01 -7.195808371026487473e-09 -2.050828448132240779e-08
1.600000000000000000e+01 -1.103421499007347906e-08 -3.072823631657476369e-08
1.700000000000000000e+01 -1.682383191881591047e-08 -4.580088496127560650e-08
1.800000000000000000e+01 -2.550553941016180031e-08 -6.787949930319036669e-08
1.900000000000000000e+01 -3.844807617256021122e-08 -1.000110186795773597e-07
2.000000000000000000e+01 -5.763016878852833643e-08 -1.465162338499682453e-07
2.100000000000000000e+01 -8.589449292070523866e-08 -2.135069580148047732e-07
2.200000000000000000e+01 -1.272992764173748785e-07 -3.095431650660541678e-07
2.300000000000000000e+01 -1.876016179691228750e-07 -4.464542978537345139e-07
2.400000000000000000e+01 -2.749171679287571440e-07 -6.404197085384908857e-07
2.500000000000000000e+01 -4.006141650273194656e-07 -9.134815898367639879e-07
2.600000000000000000e+01 -5.805164024194932631e-07 -1.295670110050118658e-06
2.700000000000000000e+01 -8.365100103183692454e-07 -1.827820667522467712e-06
2.800000000000000000e+01 -1.198673605916256848e-06 -2.565047816960490709e-06
2.900000000000000000e+01 -1.708081076228638722e-06 -3.580886836406338211e-06
3.000000000000000000e+01 -2.420461623543558586e-06 -4.972405197646923249e-06
3.100000000000000000e+01 -3.410942971280045133e-06 -6.866941085269529395e-06
3.200000000000000000e+01 -4.780150655012485933e-06 -9.431175495680760545e-06
3.300000000000000000e+01 -6.661988763773538353e-06 -1.288279980817440479e-05
3.400000000000000000e+01 -9.233484987438397623e-06 -1.750443585902728994e-05
3.500000000000000000e+01 -1.272714471942073798e-05 -2.365941380177687955e-05
3.600000000000000000e+01 -1.744632354928661808e-05 -3.180991007808018403e-05
3.700000000000000000e+01 -2.378419130718442361e-05 -4.253922303985894170e-05
3.800000000000000000e+01 -3.224691896509454796e-05 -5.658030993935887000e-05
3.900000000000000000e+01 -4.348176697180408657e-05 -7.485130515797066186e-05
4.000000000000000000e+01 -5.831078535662526173e-05 -9.849641852200511131e-05
4.100000000000000000e+01 -7.777084676353677951e-05 -1.289295772445941501e-04
4.200000000000000000e+01 -1.031607141054683292e-04 -1.678800422235285730e-04
4.300000000000000000e+01 -1.360957799573961173e-04 -2.174429998523095446e-04
4.400000000000000000e+01 -1.785709892693853966e-04 -2.801402928287064983e-04
4.500000000000000000e+01 -2.330322623667581351e-04 -3.589938178334096063e-04
4.600000000000000000e+01 -3.024564743319026324e-04 -4.576072928962249178e-04
4.700000000000000000e+01 -3.904397206731777302e-04 -5.802462795375477054e-04
4.800000000000000000e+01 -5.012931852379777205e-04 -7.319077322443887784e-04
4.900000000000000000e+01 -6.401453790330171624e-04 -9.183801131372845879e-04
5.000000000000000000e+01 -8.130488149744848417e-04 -1.146305966260703418e-03
5.100000000000000000e+01 -1.027088382135588800e-03 -1.423258906440938096e-03
5.200000000000000000e+01 -1.290487907900194362e-03 -1.757830476090449989e-03
5.300000000000000000e+01 -1.612710702923866304e-03 -2.159699188449176570e-03
5.400000000000000000e+01 -2.004549127840135180e-03 -2.639646800308885835e-03
5.500000000000000000e+01 -2.478197162826609526e-03 -3.209510881719028572e-03
5.600000000000000000e+01 -3.047298643794491176e-03 -3.882104536693635217e-03
5.700000000000000000e+01 -3.726962827732819249e-03 -4.671152690096751041e-03
5.800000000000000000e+01 -4.533738964441984438e-03 -5.591257265614948957e-03
5.900000000000000000e+01 -5.485542463108256106e-03 -6.657830602634303568e-03
6.000000000000000000e+01 -6.601525762327668453e-03 -7.886899568844451744e-03
6.100000000000000000e+01 -7.901885975568637144e-03 -9.294741231550357474e-03
6.200000000000000000e+01 -9.407599822407866630e-03 -1.089743336485636364e-02
6.300000000000000000e+01 -1.114007756750467690e-02 -1.271046971058824304e-02
6.400000000000000000e+01 -1.312073372526042017e-02 -1.474850460429276075e-02
6.500000000000000000e+01 -1.537047994850609250e-02 -1.702510686059922201e-02
6.600000000000000000e+01 -1.790914786815615140e-02 -1.955230700453466572e-02
6.700000000000000000e+01 -2.075484428626752503e-02 -2.233985600066359933e-02
6.800000000000000000e+01 -2.392323658211299720e-02 -2.539438813064947079e-02
6.900000000000000000e+01 -2.742677539229584557e-02 -2.871881711985355828e-02
7.000000000000000000e+01 -3.127388476070420281e-02 -3.231210506451502595e-02
7.100000000000000000e+01 -3.546816685688144316e-02 -3.616917426752543074e-02
7.200000000000000000e+01 -4.000765719955633182e-02 -4.028056826032695714e-02
7.300000000000000000e+01 -4.488413454779618950e-02 -4.463173656873904716e-02
7.400000000000000000e+01 -5.008247731097052041e-02 -4.920229226711936299e-02
7.500000000000000000e+01 -5.558009529340185439e-02 -5.396577268685756601e-02
7.600000000000000000e+01 -6.134652334238105409e-02 -5.889007553619458879e-02
7.700000000000000000e+01 -6.734326982777927295e-02 -6.393816959583123460e-02
7.800000000000000000e+01 -7.352393566644016554e-02 -6.906849488891132760e-02
7.900000000000000000e+01 -7.983452820072706180e-02 -7.423490857487780037e-02
8.000000000000000000e+01 -8.621390210006787957e-02 -7.938666737847872856e-02
8.100000000000000000e+01 -9.259438288831835229e-02 -8.446908557017959729e-02
8.200000000000000000e+01 -9.890272979812633758e-02 -8.942497564168935820e-02
8.300000000000000000e+01 -1.050615180740726989e-01 -9.419630133378585624e-02
8.400000000000000000e+01 -1.109908002499637586e-01 -9.872536165438017264e-02
8.500000000000000000e+01 -1.166097777108752731e-01 -1.029554013481374097e-01
8.600000000000000000e+01 -1.218383599107434323e-01 -1.068311968357947006e-01
8.700000000000000000e+01 -1.265987788475136655e-01 -1.103002069828763476e-01
8.800000000000000000e+01 -1.308175090060894052e-01 -1.133142752231636186e-01
8.900000000000000000e+01 -1.344274530759965169e-01 -1.158312719699363946e-01
9.000000000000000000e+01 -1.373699743394764250e-01 -1.178160910062852618e-01
9.100000000000000000e+01 -1.395963509099971689e-01 -1.192409973669840556e-01
9.200000000000000000e+01 -1.410686773744347366e-01 -1.200858303914656977e-01
9.300000000000000000e+01 -1.417606665912294617e-01 -1.203384901186606848e-01
9.400000000000000000e+01 -1.416586765978688767e-01 -1.199956193853052855e-01
9.500000000000000000e+01 -1.407626868456694769e-01 -1.190630156458707400e-01
9.600000000000000000e+01 -1.390865633443349181e-01 -1.175554355205953444e-01
9.700000000000000000e+01 -1.366573023422962829e-01 -1.154958977080312726e-01
9.800000000000000000e+01 -1.335137039440822126e-01 -1.129148625634162073e-01
9.900000000000000000e+01 -1.297052341118774821e-01 -1.098495324214430191e-01
1.000000000000000000e+02 -1.252912856717642853e-01 -1.063431883677190132e-01
1.010000000000000000e+02 -1.203402485659141596e-01 -1.024443260545379042e-01
1.020000000000000000e+02 -1.149277006133298806e-01 -9.820549607535186687e-02
1.030000000000000000e+02 -1.091338041941103121e-01 -9.368198934852202397e-02
1.040000000000000000e+02 -1.030407742259760173e-01 -8.893058003002840550e-02
1.050000000000000000e+02 -9.673115210850644075e-02 -8.400841414437282273e-02
1.060000000000000000e+02 -9.028670776209263282e-02 -7.897198542027032697e-02
1.070000000000000000e+02 -8.378714734604979231e-02 -7.387612491271314252e-02
1.080000000000000000e+02 -7.730817117557670093e-02 -6.877302548103796098e-02
1.090000000000000000e+02 -7.091936517594037148e-02 -6.371139244588493178e-02
1.100000000000000000e+02 -6.468282017053506028e-02 -5.873578240557768976e-02
1.110000000000000000e+02 -5.865279048200225387e-02 -5.388611458827725909e-02
1.120000000000000000e+02 -5.287581713652178550e-02 -4.919730645488379350e-02
1.130000000000000000e+02 -4.739055633563132169e-02 -4.469902007247211068e-02
1.140000000000000000e+02 -4.222722226342499885e-02 -4.041554926053916863e-02
1.150000000000000000e+02 -3.740725367953378483e-02 -3.636587194263009304e-02
1.160000000000000000e+02 -3.294375592341764608e-02 -3.256384629344482445e-02
1.170000000000000000e+02 -2.884258372739408050e-02 -2.901849741167875085e-02
1.180000000000000000e+02 -2.510343190050459000e-02 -2.573435497213024878e-02
1.190000000000000000e+02 -2.172050979210614352e-02 -2.271183907116985923e-02
1.200000000000000000e+02 -1.868297278358285046e-02 -1.994770769093860002e-02
1.210000000000000000e+02 -1.597557191239987878e-02 -1.743556053164065089e-02
1.220000000000000000e+02 -1.357970117871499724e-02 -1.516636564817953371e-02
1.230000000000000000e+02 -1.147456627101266918e-02 -1.312896896282239254e-02
1.240000000000000000e+02 -9.638085501957164430e-03 -1.131056649327491503e-02
1.250000000000000000e+02 -8.047425494112721636e-03 -9.697142623748671378e-03
1.260000000000000000e+02 -6.679393317599469776e-03 -8.273883498486638358e-03
1.270000000000000000e+02 -5.510921428111648784e-03 -7.025562984732234943e-03
1.280000000000000000e+02 -4.519645903455968977e-03 -5.936886595676737696e-03
1.290000000000000000e+02 -3.684393506282461050e-03 -4.992779632844455799e-03
1.300000000000000000e+02 -2.985439252430801410e-03 -4.178617425433054158e-03
1.310000000000000000e+02 -2.404574311497516617e-03 -3.480406070743923431e-03
1.320000000000000000e+02 -1.925124737575095030e-03 -2.884923536011285011e-03
1.330000000000000000e+02 -1.532005905206341436e-03 -2.379825588780463529e-03
1.340000000000000000e+02 -1.211783236724895243e-03 -1.953716334380737815e-03
1.350000000000000000e+02 -9.526656271376687281e-04 -1.596183650113165708e-03
1.360000000000000000e+02 -7.444069788908066034e-04 -1.297803807125820106e-03
1.370000000000000000e+02 -5.781582948794281160e-04 -1.050122595183107131e-03
1.380000000000000000e+02 -4.463272000259198161e-04 -8.456199514172402752e-04
1.390000000000000000e+02 -3.424649813611250733e-04 -6.776626372780274318e-04
1.400000000000000000e+02 -2.611631589723749976e-04 -5.404474726298800005e-04
1.410000000000000000e+02 -1.979374427990229790e-04 -4.289372818677232840e-04
1.420000000000000000e+02 -1.490984635555208878e-04 -3.387923676329638711e-04
1.430000000000000000e+02 -1.116263645747968161e-04 -2.663006849571521086e-04
1.440000000000000000e+02 -8.306431598166639943e-05 -2.083093588156908647e-04
1.450000000000000000e+02 -6.143219988569839705e-05 -1.621591684919370811e-04
1.460000000000000000e+02 -4.515225644515848829e-05 -1.256228033717570153e-04
1.470000000000000000e+02 -3.297994349531655303e-05 -9.684736693905011138e-05
1.480000000000000000e+02 -2.394002636160225369e-05 -7.430157665181304357e-05
1.490000000000000000e+02 -1.727169418577270213e-05 -5.672804963431348087e-05
1.500000000000000000e+02 -1.238483575837171437e-05 -4.310084669383437212e-05
1.510000000000000000e+02 -8.825922907512813909e-06 -3.258816223967105920e-05
1.520000000000000000e+02 -6.250245234641000941e-06 -2.451984107637955354e-05
1.530000000000000000e+02 -4.398268466482847377e-06 -1.835932755406132299e-05
1.540000000000000000e+02 -3.075709392582035535e-06 -1.367965677472761123e-05
1.550000000000000000e+02 -2.137667615369152874e-06 -1.014311100722810951e-05
1.560000000000000000e+02 -1.476666684005054288e-06 -7.484155380557056074e-06
1.570000000000000000e+02 -1.013733955470211454e-06 -5.495252767733627102e-06
1.580000000000000000e+02 -6.914964007639156509e-07 -4.015161697961996048e-06
1.590000000000000000e+02 -4.686542883442747892e-07 -2.919349711888891366e-06
