0.000000000000000000e+00 -5.540908579309357883e-08 -1.040934652002294538e-07
1.000000000000000000e+00 -2.023805680627563369e-13 -2.605274329621993157e-14
2.000000000000000000e+00 -3.584613714521475363e-13 -4.746392040686949058e-14
3.000000000000000000e+00 -6.343539728211674829e-13 -8.711887826079998902e-14
4.000000000000000000e+00 -1.110809114043433480e-12 -1.593216299975699990e-13
5.000000000000000000e+00 -1.931009335796573282e-12 -2.893357586566555682e-13
6.000000000000000000e+00 -3.344558584364970969e-12 -5.203937872122617426e-13
7.000000000000000000e+00 -5.776223871870000679e-12 -9.271947899524670726e-13
8.000000000000000000e+00 -9.923153254116161434e-12 -1.640729453251339524e-12
9.000000000000000000e+00 -1.690470658256615140e-11 -2.890264521726071675e-12
1.000000000000000000e+01 -2.852896309933746368e-11 -5.068414221070790131e-12
1.100000000000000000e+01 -4.777865883512277060e-11 -8.830086297615595213e-12
1.200000000000000000e+01 -7.961376267238178450e-11 -1.525404147406080421e-11
1.300000000000000000e+01 -1.321350557148975044e-10 -2.612741285401796729e-11
1.400000000000000000e+01 -2.181641223107324012e-10 -4.444119432833286019e-11
1.500000000000000000e+01 -3.575580092563897863e-10 -7.518591603755205676e-11
1.600000000000000000e+01 -5.811201357218957581e-10 -1.265310106456386919e-10
1.700000000000000000e+01 -9.374108982151601837e-10 -2.115549677288070082e-10
1.800000000000000000e+01 -1.503512438076163415e-09 -3.509720349573588872e-10
1.900000000000000000e+01 -2.399949831695142922e-09 -5.777126134561149803e-10
2.000000000000000000e+01 -3.810061680009889783e-09 -9.444495338761122633e-10
2.100000000000000000e+01 -6.007222078825749731e-09 -1.534989180249837866e-09
2.200000000000000000e+01 -9.399001984525511376e-09 -2.480338421759907539e-09
2.300000000000000000e+01 -1.460058140331639712e-08 -3.981481418590721125e-09
2.400000000000000000e+01 -2.254474654988898788e-08 -6.344187163393847972e-09
2.500000000000000000e+01 -3.462594331910611054e-08 -1.003480447052824538e-08
2.600000000000000000e+01 -5.287805301776864600e-08 -1.576634401777049729e-08
2.700000000000000000e+01 -8.021576331902039689e-08 -2.462052716869582691e-08
2.800000000000000000e+01 -1.208140683854154966e-07 -3.821124704711046358e-08
2.900000000000000000e+01 -1.807099296527499948e-07 -5.890918127345936892e-08
3.000000000000000000e+01 -2.686484264380541743e-07 -9.017520936151571554e-08
3.100000000000000000e+01 -3.971160298430610971e-07 -1.370684283349349436e-07
3.200000000000000000e+01 -5.835445980484640483e-07 -2.069770739082458358e-07
3.300000000000000000e+01 -8.519029630107932114e-07 -3.105841436666309830e-07
3.400000000000000000e+01 -1.235143797323134166e-06 -4.630958753760614292e-07
3.500000000000000000e+01 -1.778892829001778936e-06 -6.858842299828364025e-07
3.600000000000000000e+01 -2.546255260049349406e-06 -1.008850483581896007e-06
3.700000000000000000e+01 -3.623189080884030160e-06 -1.473820463257609384e-06
3.800000000000000000e+01 -5.124358206900759214e-06 -2.139058684279285433e-06
3.900000000000000000e+01 -7.200754222803246331e-06 -3.084795169851602942e-06
4.000000000000000000e+01 -1.005127973975516301e-05 -4.419916790998679742e-06
4.100000000000000000e+01 -1.393925955469089441e-05 -6.290696273164950457e-06
4.200000000000000000e+01 -1.921193748761530502e-05 -8.892889421923008914e-06
4.300000000000000000e+01 -2.631974405753528736e-05 -1.248790930578426154e-05
4.400000000000000000e+01 -3.583550032055419045e-05 -1.742243543607958177e-05
4.500000000000000000e+01 -4.847968860382869007e-05 -2.415046787118392503e-05
4.600000000000000000e+01 -6.515923598814001710e-05 -3.325874044308843364e-05
4.700000000000000000e+01 -8.701917787079460566e-05 -4.549905946555177856e-05
4.800000000000000000e+01 -1.154953082600128844e-04 -6.183095682910936185e-05
4.900000000000000000e+01 -1.523557001715813454e-04 -8.347368464503409833e-05
5.000000000000000000e+01 -1.997356838940647357e-04 -1.119621539498759691e-04
5.100000000000000000e+01 -2.601891879214648733e-04 -1.492031776942677891e-04
5.200000000000000000e+01 -3.367739241575397292e-04 -1.975364582838083096e-04
5.300000000000000000e+01 -4.331543947739475205e-04 -2.598100834173043897e-04
5.400000000000000000e+01 -5.536777379716687235e-04 -3.394735375619150871e-04
5.500000000000000000e+01 -7.033938233422789774e-04 -4.406760336406525267e-04
5.600000000000000000e+01 -8.880489242314695744e-04 -5.683510306381715045e-04
5.700000000000000000e+01 -1.114119922360423069e-03 -7.282807233915817571e-04
5.800000000000000000e+01 -1.388914369085048756e-03 -9.271558590233308032e-04
5.900000000000000000e+01 -1.720665383751832523e-03 -1.172649772715340499e-03
6.000000000000000000e+01 -2.118505518496519718e-03 -1.473499336007782221e-03
6.100000000000000000e+01 -2.592286344990962083e-03 -1.839552798036625438e-03
6.200000000000000000e+01 -3.152355985673194888e-03 -2.281743935823520378e-03
6.300000000000000000e+01 -3.809448327173549538e-03 -2.811993151794490216e-03
6.400000000000000000e+01 -4.574690881325077334e-03 -3.443079813314081378e-03
6.500000000000000000e+01 -5.459535276822998287e-03 -4.188523063054657401e-03
6.600000000000000000e+01 -6.475397275304628844e-03 -5.062444827704235158e-03
6.700000000000000000e+01 -7.633036040864118674e-03 -6.079331040044370048e-03
6.800000000000000000e+01 -8.941971869604773554e-03 -7.253629753006539220e-03
6.900000000000000000e+01 -1.041021228068156682e-02 -8.599227511787665285e-03
7.000000000000000000e+01 -1.204419692653153212e-02 -1.012892903911043890e-02
7.100000000000000000e+01 -1.384855394005040340e-02 -1.185402285941008702e-02
7.200000000000000000e+01 -1.582538688101046975e-02 -1.378386442661691004e-02
7.300000000000000000e+01 -1.797332206840968755e-02 -1.592531147227198643e-02
7.400000000000000000e+01 -2.028689583885008932e-02 -1.828195047470030157e-02
7.500000000000000000e+01 -2.275659797873473902e-02 -2.085329048954236847e-02
7.600000000000000000e+01 -2.536922581698403817e-02 -2.363420661747299423e-02
7.700000000000000000e+01 -2.810787810698253675e-02 -2.661471808990215418e-02
7.800000000000000000e+01 -3.095136954208582009e-02 -2.977986364053832741e-02
7.900000000000000000e+01 -3.387363824023915948e-02 -3.310938008400794719e-02
8.000000000000000000e+01 -3.684394240990596092e-02 -3.657723547401010161e-02
8.100000000000000000e+01 -3.982796233684705867e-02 -4.015145129765562704e-02
8.200000000000000000e+01 -4.278904984331156902e-02 -4.379457282500251458e-02
8.300000000000000000e+01 -4.568880983446061556e-02 -4.746461783383956745e-02
8.400000000000000000e+01 -4.848707996442512547e-02 -5.111594950987873726e-02
8.500000000000000000e+01 -5.114221055671382826e-02 -5.469978642228094656e-02
8.600000000000000000e+01 -5.361234868247785612e-02 -5.816471609817549376e-02
8.700000000000000000e+01 -5.585738314234330731e-02 -6.145781921491500627e-02
8.800000000000000000e+01 -5.784050139433824511e-02 -6.452647924310131455e-02
8.900000000000000000e+01 -5.952876215858310394e-02 -6.732024204496239728e-02
9.000000000000000000e+01 -6.089317279897839275e-02 -6.979207288523167629e-02
9.100000000000000000e+01 -6.190922291415232315e-02 -7.189908863118676940e-02
9.200000000000000000e+01 -6.255815488028534932e-02 -7.360343980843550571e-02
9.300000000000000000e+01 -6.282826168446742354e-02 -7.487373809740704989e-02
9.400000000000000000e+01 -6.271533850343169458e-02 -7.568660419538607298e-02
9.500000000000000000e+01 -6.222221523838104840e-02 -7.602755853480500092e-02
9.600000000000000000e+01 -6.135809451742116338e-02 -7.589102323636846836e-02
9.700000000000000000e+01 -6.013832981670395872e-02 -7.527997326836079195e-02
9.800000000000000000e+01 -5.858450323261212012e-02 -7.420584589899968664e-02
9.900000000000000000e+01 -5.672415270393843523e-02 -7.268865624063346187e-02
1.000000000000000000e+02 -5.458979310221884207e-02 -7.075672183798217829e-02
1.010000000000000000e+02 -5.221754349770593717e-02 -6.844561964076349703e-02
1.020000000000000000e+02 -4.964592806895114924e-02 -6.579666843301013035e-02
1.030000000000000000e+02 -4.691505235268394330e-02 -6.285553011567947268e-02
1.040000000000000000e+02 -4.406588070808439145e-02 -5.967115439303518482e-02
1.050000000000000000e+02 -4.113929422480707560e-02 -5.629476830886379068e-02
1.060000000000000000e+02 -3.817495430030289072e-02 -5.277855980192605601e-02
1.070000000000000000e+02 -3.521027406430995987e-02 -4.917411384426607912e-02
1.080000000000000000e+02 -3.227971738280350361e-02 -4.553098957802986790e-02
1.090000000000000000e+02 -2.941436896506136045e-02 -4.189571118363601132e-02
1.100000000000000000e+02 -2.664158779393577953e-02 -3.831108495813230486e-02
1.110000000000000000e+02 -2.398466896671079540e-02 -3.481559027821500008e-02
1.120000000000000000e+02 -2.146260423008308424e-02 -3.144275874804615400e-02
1.130000000000000000e+02 -1.909004947679121544e-02 -2.822069183879393969e-02
1.140000000000000000e+02 -1.687749291064205570e-02 -2.517188835954325965e-02
1.150000000000000000e+02 -1.483152746618979570e-02 -2.231337526411867125e-02
1.160000000000000000e+02 -1.295515367438957940e-02 -1.965699110201199473e-02
1.170000000000000000e+02 -1.124811537058924976e-02 -1.720970340540933438e-02
1.180000000000000000e+02 -9.707300087419780052e-03 -1.497396712516847576e-02
1.190000000000000000e+02 -8.327199651413118298e-03 -1.294818932364386055e-02
1.200000000000000000e+02 -7.100384614484844467e-03 -1.112731063532190409e-02
1.210000000000000000e+02 -6.017948558142147478e-03 -9.503435729687047945e-03
1.220000000000000000e+02 -5.069912025970882766e-03 -8.066434057714127678e-03
1.230000000000000000e+02 -4.245597382463325159e-03 -6.804483309939162936e-03
1.240000000000000000e+02 -3.533978022027746933e-03 -5.704572873539118412e-03
1.250000000000000000e+02 -2.923988205854590947e-03 -4.752982233325579557e-03
1.260000000000000000e+02 -2.404777668343511914e-03 -3.935720651163709081e-03
1.270000000000000000e+02 -1.965908572000526523e-03 -3.238901054110429872e-03
1.280000000000000000e+02 -1.597504648039758165e-03 -2.649035114437493441e-03
1.290000000000000000e+02 -1.290362615661951300e-03 -2.153257768922903215e-03
1.300000000000000000e+02 -1.036029038363969713e-03 -1.739496653988648923e-03
1.310000000000000000e+02 -8.268421210674999338e-04 -1.396594832195096388e-03
1.320000000000000000e+02 -6.559409268311900678e-04 -1.114387425369327321e-03
1.330000000000000000e+02 -5.172491951994970900e-04 -8.837332915554152717e-04
1.340000000000000000e+02 -4.054420541120187923e-04 -6.965086910600329622e-04
1.350000000000000000e+02 -3.159013305687548745e-04 -5.455734804235680500e-04
1.360000000000000000e+02 -2.446623487341761222e-04 -4.247189277791950856e-04
1.370000000000000000e+02 -1.883544162678988461e-04 -3.286026748086964930e-04
1.380000000000000000e+02 -1.441379826130422220e-04 -2.526743408742553498e-04
1.390000000000000000e+02 -1.096418353898831672e-04 -1.930953932229644509e-04
1.400000000000000000e+02 -8.290291839281690078e-05 -1.466574501375335186e-04
1.410000000000000000e+02 -6.231008598799134962e-05 -1.107027154614942063e-04
1.420000000000000000e+02 -4.655228372324358651e-05 -8.304891770450297428e-05
1.430000000000000000e+02 -3.457145487796473390e-05 -6.191990081442849073e-05
1.440000000000000000e+02 -2.552050277648493459e-05 -4.588241823152451864e-05
1.450000000000000000e+02 -1.872650036896936213e-05 -3.378952085095328036e-05
1.460000000000000000e+02 -1.365902841648526577e-05 -2.473077804194497695e-05
1.470000000000000000e+02 -9.903250173328083072e-06 -1.798926717290184424e-05
1.480000000000000000e+02 -7.137225202978157650e-06 -1.300493513189390802e-05
1.490000000000000000e+02 -5.112986289049188611e-06 -9.343735239223760307e-06
1.500000000000000000e+02 -3.640945089207620191e-06 -6.671897643858207477e-06
1.510000000000000000e+02 -2.577201714988178011e-06 -4.734720873364520178e-06
1.520000000000000000e+02 -1.813330410569841896e-06 -3.339300503197834890e-06
1.530000000000000000e+02 -1.268231038162656294e-06 -2.340627008103599556e-06
1.540000000000000000e+02 -8.816812500267466791e-07 -1.630508522963897546e-06
1.550000000000000000e+02 -6.092793896788140245e-07 -1.128824006984231260e-06
1.560000000000000000e+02 -4.185174162316318152e-07 -7.766766987827559348e-07
1.570000000000000000e+02 -2.857608605624519350e-07 -5.310856691303847201e-07
1.580000000000000000e+02 -1.939469935708958230e-07 -3.609099488632228079e-07
1.590000000000000000e+02 -1.308436761403785515e-07 -2.437486345887457251e-07
