0.000000000000000000e+00 -1.189919924547981796e-05 -2.365204899318267032e-06
1.000000000000000000e+00 -5.657191415254820287e-08 -4.419627755397452216e-10
2.000000000000000000e+00 -7.009279917986267170e-08 -6.443983997668720428e-10
3.000000000000000000e+00 -9.773134181788897507e-08 -1.002661307633740642e-09
4.000000000000000000e+00 -1.360609622692458710e-07 -1.555368046379454215e-09
5.000000000000000000e+00 -1.884404970571312489e-07 -2.400277596098105472e-09
6.000000000000000000e+00 -2.596949533740657227e-07 -3.682728597807832129e-09
7.000000000000000000e+00 -3.564655915521346771e-07 -5.617002796291888284e-09
8.000000000000000000e+00 -4.877798501474297665e-07 -8.519461618849356659e-09
9.000000000000000000e+00 -6.655726241946279876e-07 -1.285551394311340130e-08
1.000000000000000000e+01 -9.051590129230751212e-07 -1.930280221093217516e-08
1.100000000000000000e+01 -1.225878865260774632e-06 -2.883554397355981476e-08
1.200000000000000000e+01 -1.652303764472083372e-06 -4.284162369837021752e-08
1.300000000000000000e+01 -2.216332711942662155e-06 -6.329204951704254390e-08
1.400000000000000000e+01 -2.960124324294038569e-06 -9.298560511240052378e-08
1.500000000000000000e+01 -3.939307279664698475e-06 -1.358866769599228453e-07
1.600000000000000000e+01 -5.225711818861521542e-06 -1.975682955709498877e-07
1.700000000000000000e+01 -6.909374289976021331e-06 -2.857811552622362286e-07
1.800000000000000000e+01 -9.100723973911613697e-06 -4.112023099704144540e-07
1.900000000000000000e+01 -1.193492566294817629e-05 -5.884602784934052341e-07
2.000000000000000000e+01 -1.558024038305883574e-05 -8.375517062607657369e-07
2.100000000000000000e+01 -2.025043264368187089e-05 -1.185736802335022304e-06
2.200000000000000000e+01 -2.621852214126712830e-05 -1.669956037159577384e-06
2.300000000000000000e+01 -3.382770843399918051e-05 -2.339823262911951588e-06
2.400000000000000000e+01 -4.349719624434059573e-05 -3.261369172980532329e-06
2.500000000000000000e+01 -5.572587972214609485e-05 -4.521879479234867472e-06
2.600000000000000000e+01 -7.110213128527022352e-05 -6.236250483475420071e-06
2.700000000000000000e+01 -9.032829275287527940e-05 -8.555172546695188733e-06
2.800000000000000000e+01 -1.142611129654549386e-04 -1.167523948198961740e-05
2.900000000000000000e+01 -1.439574952541347445e-04 -1.585102117918404184e-05
3.000000000000000000e+01 -1.807074857371983778e-04 -2.140940745814952430e-05
3.100000000000000000e+01 -2.260424315274179403e-04 -2.876700365014002252e-05
3.200000000000000000e+01 -2.817261011969822101e-04 -3.845163412351627826e-05
3.300000000000000000e+01 -3.497579091841784837e-04 -5.112877241756291031e-05
3.400000000000000000e+01 -4.324210824570894952e-04 -6.763307452221144840e-05
3.500000000000000000e+01 -5.323837372362815595e-04 -8.900464872323087212e-05
3.600000000000000000e+01 -6.528182907897493725e-04 -1.165297481644315530e-04
3.700000000000000000e+01 -7.974760390905371015e-04 -1.517863056313518782e-04
3.800000000000000000e+01 -9.706704773537692260e-04 -1.966957109714467409e-04
3.900000000000000000e+01 -1.177186974040280495e-03 -2.535826717264540544e-04
4.000000000000000000e+01 -1.422207246289747913e-03 -3.252440802733670331e-04
4.100000000000000000e+01 -1.711353319549381189e-03 -4.150253145746273789e-04
4.200000000000000000e+01 -2.050883334343312023e-03 -5.268995518129091123e-04
4.300000000000000000e+01 -2.447944676577635571e-03 -6.655451875330386027e-04
4.400000000000000000e+01 -2.910703154360574398e-03 -8.364203853422322353e-04
4.500000000000000000e+01 -3.448210334844509055e-03 -1.045840039024013976e-03
4.600000000000000000e+01 -4.070046970508802570e-03 -1.301062050666685005e-03
4.700000000000000000e+01 -4.785973823017717135e-03 -1.610380793215882098e-03
4.800000000000000000e+01 -5.605867589255951813e-03 -1.983209938669787831e-03
4.900000000000000000e+01 -6.540036498435890591e-03 -2.430130001020081552e-03
5.000000000000000000e+01 -7.599693744415809624e-03 -2.962891305838315659e-03
5.100000000000000000e+01 -8.797157216724780376e-03 -3.594392590507098154e-03
5.200000000000000000e+01 -1.014545072436474210e-02 -4.338668295899432079e-03
5.300000000000000000e+01 -1.165739123827360529e-02 -5.210888960351055949e-03
5.400000000000000000e+01 -1.334467861174648030e-02 -6.227325516005093389e-03
5.500000000000000000e+01 -1.521759441299797531e-02 -7.405205807652487197e-03
5.600000000000000000e+01 -1.728551333889103911e-02 -8.762441528461308721e-03
5.700000000000000000e+01 -1.955777421922741052e-02 -1.031729376864745119e-02
5.800000000000000000e+01 -2.204405553689250952e-02 -1.208808154473579172e-02
5.900000000000000000e+01 -2.475364246379285066e-02 -1.409295881306272570e-02
6.000000000000000000e+01 -2.769377154382916470e-02 -1.634965046362388263e-02
6.100000000000000000e+01 -3.086802087543070311e-02 -1.887499273523349230e-02
6.200000000000000000e+01 -3.427582257834792950e-02 -2.168425034589890193e-02
6.300000000000000000e+01 -3.791341658855068575e-02 -2.479038140228097264e-02
6.400000000000000000e+01 -4.177544491464042081e-02 -2.820348055821580643e-02
6.500000000000000000e+01 -4.585578284113542291e-02 -3.193045181889724721e-02
6.600000000000000000e+01 -5.014668014064569551e-02 -3.597470153492716288e-02
6.700000000000000000e+01 -5.463657350459556056e-02 -4.033558388421149693e-02
6.800000000000000000e+01 -5.930806404650734720e-02 -4.500758163580663440e-02
6.900000000000000000e+01 -6.413759359174052432e-02 -4.997953602219309954e-02
7.000000000000000000e+01 -6.909717070815751816e-02 -5.523429373857030589e-02
7.100000000000000000e+01 -7.415695127534721598e-02 -6.074881742723838018e-02
7.200000000000000000e+01 -7.928678928573472395e-02 -6.649441608963488348e-02
7.300000000000000000e+01 -8.445564349520465197e-02 -7.243671250298046316e-02
7.400000000000000000e+01 -8.962940985667837424e-02 -7.853535018702940962e-02
7.500000000000000000e+01 -9.476904594113287617e-02 -8.474386742641296100e-02
7.600000000000000000e+01 -9.983072268741001454e-02 -9.101017254329642203e-02
7.700000000000000000e+01 -1.047682496819929421e-01 -9.727760860320371072e-02
7.800000000000000000e+01 -1.095363234339646330e-01 -1.034861459614514617e-01
7.900000000000000000e+01 -1.140925692963319915e-01 -1.095732547718156480e-01
8.000000000000000000e+01 -1.183973269306623222e-01 -1.154744727931688586e-01
8.100000000000000000e+01 -1.224118801842308535e-01 -1.211241111369725509e-01
8.200000000000000000e+01 -1.260969862022837951e-01 -1.264564884678391621e-01
8.300000000000000000e+01 -1.294132517744499555e-01 -1.314076146950152457e-01
8.400000000000000000e+01 -1.323234362414854037e-01 -1.359168468486038894e-01
8.500000000000000000e+01 -1.347953102618458798e-01 -1.399281055000184126e-01
8.600000000000000000e+01 -1.368033639041881244e-01 -1.433906709828750847e-01
8.700000000000000000e+01 -1.383286023726345015e-01 -1.462599200041887482e-01
8.800000000000000000e+01 -1.393570766239687619e-01 -1.484982918136752150e-01
8.900000000000000000e+01 -1.398785804601369864e-01 -1.500764059204696688e-01
9.000000000000000000e+01 -1.398865951613895431e-01 -1.509739815123697093e-01
9.100000000000000000e+01 -1.393794702525888440e-01 -1.511802795867029647e-01
9.200000000000000000e+01 -1.383618905460060333e-01 -1.506940879430543612e-01
9.300000000000000000e+01 -1.368455547971795250e-01 -1.495234884457707636e-01
9.400000000000000000e+01 -1.348486438745847560e-01 -1.476856081450119706e-01
9.500000000000000000e+01 -1.323944922731963292e-01 -1.452063528947697135e-01
9.600000000000000000e+01 -1.295102754515326526e-01 -1.421199724549641885e-01
9.700000000000000000e+01 -1.262262951694074486e-01 -1.384683287935129792e-01
9.800000000000000000e+01 -1.225758790389849806e-01 -1.342998759749802762e-01
9.900000000000000000e+01 -1.185954741965434406e-01 -1.296684749329252151e-01
1.000000000000000000e+02 -1.143244709180310931e-01 -1.246321813205579498e-01
1.010000000000000000e+02 -1.098045636641078182e-01 -1.192520796334996247e-01
1.020000000000000000e+02 -1.050787769088369072e-01 -1.135911593788323237e-01
1.030000000000000000e+02 -1.001904349325262594e-01 -1.077131915738757939e-01
1.040000000000000000e+02 -9.518230410322910118e-02 -1.016815803454580447e-01
1.050000000000000000e+02 -9.009598918529961031e-02 -9.555821656560152533e-02
1.060000000000000000e+02 -8.497154120548391920e-02 -8.940241006482976815e-02
1.070000000000000000e+02 -7.984717987537431894e-02 -8.326998499814974863e-02
1.080000000000000000e+02 -7.475903219274840361e-02 -7.721257790615165817e-02
1.090000000000000000e+02 -6.974081689952529861e-02 -7.127711192123044326e-02
1.100000000000000000e+02 -6.482345619079213361e-02 -6.550538704572395066e-02
1.110000000000000000e+02 -6.003466453662635594e-02 -5.993375199745133719e-02
1.120000000000000000e+02 -5.539861940346514635e-02 -5.459287937768129290e-02
1.130000000000000000e+02 -5.093581788026798479e-02 -4.950769561472091046e-02
1.140000000000000000e+02 -4.666315224605220580e-02 -4.469749044086469142e-02
1.150000000000000000e+02 -4.259413580946755373e-02 -4.017617364468605012e-02
1.160000000000000000e+02 -3.873914942348184731e-02 -3.595261314580777690e-02
1.170000000000000000e+02 -3.510560541198241152e-02 -3.203100521977268744e-02
1.180000000000000000e+02 -3.169802009907778800e-02 -2.841127204394313516e-02
1.190000000000000000e+02 -2.851807761543896994e-02 -2.508950836670141224e-02
1.200000000000000000e+02 -2.556478932529426124e-02 -2.205848639197020844e-02
1.210000000000000000e+02 -2.283479390589114935e-02 -1.930819483005682957e-02
1.220000000000000000e+02 -2.032275280067395717e-02 -1.682636949701313278e-02
1.230000000000000000e+02 -1.802174295438836379e-02 -1.459898429742129654e-02
1.240000000000000000e+02 -1.592356702115491074e-02 -1.261069802847907158e-02
1.250000000000000000e+02 -1.401896836273446370e-02 -1.084526875122308366e-02
1.260000000000000000e+02 -1.229779987675140226e-02 -9.285943012044864733e-03
1.270000000000000000e+02 -1.074921001208931776e-02 -7.915812612483700411e-03
1.280000000000000000e+02 -9.361874920038305153e-03 -6.718123997005276404e-03
1.290000000000000000e+02 -8.124256031912070047e-03 -5.676531120640008685e-03
1.300000000000000000e+02 -7.024835442842186639e-03 -4.775294566616277575e-03
1.310000000000000000e+02 -6.052291802087005762e-03 -3.999436788564318321e-03
1.320000000000000000e+02 -5.195612381176675787e-03 -3.334861799024811321e-03
1.330000000000000000e+02 -4.444165416517742093e-03 -2.768442029637646802e-03
1.340000000000000000e+02 -3.787762725624612553e-03 -2.288072003853028509e-03
1.350000000000000000e+02 -3.216727631284558436e-03 -1.882690078126724289e-03
1.360000000000000000e+02 -2.721962904517768490e-03 -1.542273110383801963e-03
1.370000000000000000e+02 -2.295003000032623964e-03 -1.257810831679332872e-03
1.380000000000000000e+02 -1.928038836794020335e-03 -1.021265790111311814e-03
1.390000000000000000e+02 -1.613915278901250456e-03 -8.255225542406827285e-04
1.400000000000000000e+02 -1.346111193097538489e-03 -6.643284171496950490e-04
1.410000000000000000e+02 -1.118713655979132037e-03 -5.322277574020244789e-04
1.420000000000000000e+02 -9.263927251116129552e-04 -4.244927227070340839e-04
1.430000000000000000e+02 -7.643765503049504677e-04 -3.370530242225199587e-04
1.440000000000000000e+02 -6.284232075821408452e-04 -2.664270808116192936e-04
1.450000000000000000e+02 -5.147865985175648692e-04 -2.096559273638281423e-04
1.460000000000000000e+02 -4.201769464947798741e-04 -1.642406843098055300e-04
1.470000000000000000e+02 -3.417189309656956707e-04 -1.280841217410691186e-04
1.480000000000000000e+02 -2.769108197604672477e-04 -9.943677087289145471e-05
1.490000000000000000e+02 -2.235865170870398092e-04 -7.684792770410768460e-05
1.500000000000000000e+02 -1.798806767574496600e-04 -5.912169351241553688e-05
1.510000000000000000e+02 -1.441960968266254662e-04 -4.527797416879223108e-05
1.520000000000000000e+02 -1.151727306200408954e-04 -3.451819940749118783e-05
1.530000000000000000e+02 -9.165829179370441526e-05 -2.619544511357609973e-05
1.540000000000000000e+02 -7.268093345982278681e-05 -1.978861525212554002e-05
1.550000000000000000e+02 -5.742452611535674281e-05 -1.488032789565782499e-05
1.560000000000000000e+02 -4.520675181759362755e-05 -1.113813722610078026e-05
1.570000000000000000e+02 -3.545986985909033011e-05 -8.298718187840948565e-06
1.580000000000000000e+02 -2.771381732391742556e-05 -6.154647290885191498e-06
1.590000000000000000e+02 -2.158132062378415039e-05 -4.543433748715964350e-06
