0.000000000000000000e+00 -4.459536026342436692e-08 -1.257862009670370840e-04
1.000000000000000000e+00 -2.760833096556375318e-18 -7.195577319098637806e-07
2.000000000000000000e+00 -6.301120334731368080e-18 -8.334785494322504953e-07
3.000000000000000000e+00 -1.432565564823054182e-17 -1.067901191727573514e-06
4.000000000000000000e+00 -3.219326663495714781e-17 -1.374352797461219713e-06
5.000000000000000000e+00 -7.153627359229948721e-17 -1.767392458115912404e-06
6.000000000000000000e+00 -1.575409071689431333e-16 -2.258703504555857829e-06
7.000000000000000000e+00 -3.443096708143447886e-16 -2.858528408978840124e-06
8.000000000000000000e+00 -7.461148577694085441e-16 -3.581574739802675202e-06
9.000000000000000000e+00 -1.600376246094115237e-15 -4.455986921598534313e-06
1.000000000000000000e+01 -3.396259897998120015e-15 -5.531647268923553534e-06
1.100000000000000000e+01 -7.138610202550001764e-15 -6.882736177296970199e-06
1.200000000000000000e+01 -1.487815139750595346e-14 -8.600819592921403936e-06
1.300000000000000000e+01 -3.074362838952650840e-14 -1.077919327545743964e-05
1.400000000000000000e+01 -6.292296086882116752e-14 -1.349543623465582578e-05
1.500000000000000000e+01 -1.274919330530671089e-13 -1.680383161634082178e-05
1.600000000000000000e+01 -2.558448548966790265e-13 -2.074854781572989419e-05
1.700000000000000000e+01 -5.088722135636583387e-13 -2.540013836461917088e-05
1.800000000000000000e+01 -1.003281273002516210e-12 -3.090417762907661639e-05
1.900000000000000000e+01 -1.959732062972195073e-12 -3.751839087560941547e-05
2.000000000000000000e+01 -3.791114616495688503e-12 -4.561201328083850883e-05
2.100000000000000000e+01 -7.264723205186031062e-12 -5.561413458730190819e-05
2.200000000000000000e+01 -1.379565198272812391e-11 -6.792488003940205105e-05
2.300000000000000000e+01 -2.596486069914933975e-11 -8.283309316534440137e-05
2.400000000000000000e+01 -4.842118677027163866e-11 -1.004983489095252807e-04
2.500000000000000000e+01 -8.945252695930282070e-11 -1.210376614713106684e-04
2.600000000000000000e+01 -1.637197749522413675e-10 -1.447069591305674826e-04
2.700000000000000000e+01 -2.969414559936716787e-10 -1.721044101988559115e-04
2.800000000000000000e+01 -5.337470425197610870e-10 -2.042823534517712895e-04
2.900000000000000000e+01 -9.506800745221165554e-10 -2.426701447866725118e-04
3.000000000000000000e+01 -1.677707953081197073e-09 -2.887921683281204945e-04
3.100000000000000000e+01 -2.933664914343623142e-09 -3.438868334627471221e-04
3.200000000000000000e+01 -5.083712989756094109e-09 -4.086313293692916179e-04
3.300000000000000000e+01 -8.730655985182176109e-09 -4.831816091771564260e-04
3.400000000000000000e+01 -1.485853548905967620e-08 -5.676116657961839023e-04
3.500000000000000000e+01 -2.505799396587784006e-08 -6.626177584358814831e-04
3.600000000000000000e+01 -4.187753673098412349e-08 -7.701496045983304136e-04
3.700000000000000000e+01 -6.936155003866328687e-08 -8.935709905690291440e-04
3.800000000000000000e+01 -1.138594753270268907e-07 -1.037115673325832502e-03
3.900000000000000000e+01 -1.852323161228112098e-07 -1.204759228298682167e-03
4.000000000000000000e+01 -2.986457399590979927e-07 -1.399015351130390369e-03
4.100000000000000000e+01 -4.772080582254539846e-07 -1.620355776690674638e-03
4.200000000000000000e+01 -7.557789263041158808e-07 -1.867769237767726975e-03
4.300000000000000000e+01 -1.186378334792924434e-06 -2.140427211503096588e-03
4.400000000000000000e+01 -1.845813860854217966e-06 -2.439754878873420362e-03
4.500000000000000000e+01 -2.846380303699214464e-06 -2.770788870704008616e-03
4.600000000000000000e+01 -4.350661634573161858e-06 -3.141847057917054528e-03
4.700000000000000000e+01 -6.591598666296165654e-06 -3.562290250548394172e-03
4.800000000000000000e+01 -9.899296617271835888e-06 -4.039224069639710778e-03
4.900000000000000000e+01 -1.473661375365395421e-05 -4.574808351365509257e-03
5.000000000000000000e+01 -2.174601145312623986e-05 -5.165854810405504961e-03
5.100000000000000000e+01 -3.181007945786602944e-05 -5.806409817536429402e-03
5.200000000000000000e+01 -4.612802431254165429e-05 -6.492420948741566694e-03
5.300000000000000000e+01 -6.631104614891015570e-05 -7.226201506506703572e-03
5.400000000000000000e+01 -9.450045986869631169e-05 -8.018083437415422093e-03
5.500000000000000000e+01 -1.335118755168588571e-04 -8.883768277175569175e-03
5.600000000000000000e+01 -1.870065362943941522e-04 -9.838074329962774589e-03
5.700000000000000000e+01 -2.596897038038422593e-04 -1.088796891081274427e-02
5.800000000000000000e+01 -3.575371942469329940e-04 -1.202868083944476016e-02
5.900000000000000000e+01 -4.880509539491926065e-04 -1.324554606779138749e-02
6.000000000000000000e+01 -6.605387646876207438e-04 -1.452138730390392651e-02
6.100000000000000000e+01 -8.864058781481855102e-04 -1.584607422039824645e-02
6.200000000000000000e+01 -1.179445830691232266e-03 -1.722321799972025003e-02
6.300000000000000000e+01 -1.556121365568675962e-03 -1.866986973329554447e-02
6.400000000000000000e+01 -2.035821025176587536e-03 -2.020844997371711027e-02
6.500000000000000000e+01 -2.641060943640510545e-03 -2.185437751808678650e-02
6.600000000000000000e+01 -3.397593891381421333e-03 -2.360569544769339917e-02
6.700000000000000000e+01 -4.334399897820113458e-03 -2.544060427757508652e-02
6.800000000000000000e+01 -5.483543050225675626e-03 -2.732505338025046498e-02
6.900000000000000000e+01 -6.879863472681040093e-03 -2.922721132952221107e-02
7.000000000000000000e+01 -8.560453096160481473e-03 -3.113158437119436725e-02
7.100000000000000000e+01 -1.056388068353733382e-02 -3.304512224060095205e-02
7.200000000000000000e+01 -1.292917536866771550e-02 -3.499137215753227864e-02
7.300000000000000000e+01 -1.569458940966677804e-02 -3.699492861857434783e-02
7.400000000000000000e+01 -1.889612951803982741e-02 -3.906387656011416076e-02
7.500000000000000000e+01 -2.256584361853802498e-02 -4.117954253391040847e-02
7.600000000000000000e+01 -2.672991712472965256e-02 -4.329947441962581078e-02
7.700000000000000000e+01 -3.140669534606309321e-02 -4.537276582218776472e-02
7.800000000000000000e+01 -3.660472504349084055e-02 -4.736021418918361092e-02
7.900000000000000000e+01 -4.232085429997670817e-02 -4.924894075121301340e-02
8.000000000000000000e+01 -4.853846192640994678e-02 -5.105365704758503542e-02
8.100000000000000000e+01 -5.522598224538166622e-02 -5.280356653822983887e-02
8.200000000000000000e+01 -6.233590266812250730e-02 -5.452146027006186946e-02
8.300000000000000000e+01 -6.980430890511986342e-02 -5.620584250425580963e-02
8.400000000000000000e+01 -7.755098561027133630e-02 -5.782549069078472825e-02
8.500000000000000000e+01 -8.548013869965989664e-02 -5.932940526967180050e-02
8.600000000000000000e+01 -9.348186134327596264e-02 -6.066709335813525589e-02
8.700000000000000000e+01 -1.014343765861537988e-01 -6.180880553034681646e-02
8.800000000000000000e+01 -1.092069399387171347e-01 -6.275544791760487295e-02
8.900000000000000000e+01 -1.166632558433167433e-01 -6.353330684937096018e-02
9.000000000000000000e+01 -1.236653374299631070e-01 -6.417659588960498984e-02
9.100000000000000000e+01 -1.300777381938242883e-01 -6.470702694521311693e-02
9.200000000000000000e+01 -1.357719607932664774e-01 -6.512087912398456524e-02
9.300000000000000000e+01 -1.406307636759212276e-01 -6.538984570564171372e-02
9.400000000000000000e+01 -1.445521459714392831e-01 -6.547468838596995355e-02
9.500000000000000000e+01 -1.474528851420789100e-01 -6.534431467547760497e-02
9.600000000000000000e+01 -1.492714959368528216e-01 -6.499053413910582666e-02
9.700000000000000000e+01 -1.499704231882551808e-01 -6.443140745963196747e-02
9.800000000000000000e+01 -1.495373092549217298e-01 -6.370218156942634991e-02
9.900000000000000000e+01 -1.479852918743205237e-01 -6.283905367108018336e-02
1.000000000000000000e+02 -1.453523732735338692e-01 -6.186422690568517402e-02
1.010000000000000000e+02 -1.416999079580964771e-01 -6.077945371549620113e-02
1.020000000000000000e+02 -1.371102573663255941e-01 -5.957049639785465256e-02
1.030000000000000000e+02 -1.316837158633394067e-01 -5.821937350167373515e-02
1.040000000000000000e+02 -1.255348862121436204e-01 -5.671773708280059695e-02
1.050000000000000000e+02 -1.187887087907959216e-01 -5.507477223126859556e-02
1.060000000000000000e+02 -1.115763291487747166e-01 -5.331627658596430064e-02
1.070000000000000000e+02 -1.040309710760888851e-01 -5.147617546552497869e-02
1.080000000000000000e+02 -9.628398544415585347e-02 -4.958526363327478426e-02
1.090000000000000000e+02 -8.846124245757185089e-02 -4.766278525986211712e-02
1.100000000000000000e+02 -8.068000413540379889e-02 -4.571446055027363065e-02
1.110000000000000000e+02 -7.304636601030166376e-02 -4.373706488280854759e-02
1.120000000000000000e+02 -6.565331620787007161e-02 -4.172654915700270417e-02
1.130000000000000000e+02 -5.857943260187696566e-02 -3.968539476954245637e-02
1.140000000000000000e+02 -5.188821324317625938e-02 -3.762580550277466740e-02
1.150000000000000000e+02 -4.562800389313844546e-02 -3.556774656353484110e-02
1.160000000000000000e+02 -3.983245574830898000e-02 -3.353340812559503503e-02
1.170000000000000000e+02 -3.452142700211632831e-02 -3.154113794127442333e-02
1.180000000000000000e+02 -2.970223514323511865e-02 -2.960170050586553858e-02
1.190000000000000000e+02 -2.537116573197204655e-02 -2.771821644778091343e-02
1.200000000000000000e+02 -2.151514308604056055e-02 -2.588923240189518193e-02
1.210000000000000000e+02 -1.811347126413110839e-02 -2.411301899678462701e-02
1.220000000000000000e+02 -1.513956349595476508e-02 -2.239093133913409167e-02
1.230000000000000000e+02 -1.256259317414166327e-02 -2.072844644498971628e-02
1.240000000000000000e+02 -1.034901496933663019e-02 -1.913379166933852973e-02
1.250000000000000000e+02 -8.463918300293129734e-03 -1.761520490428455238e-02
1.260000000000000000e+02 -6.872188391089749555e-03 -1.617831915956711303e-02
1.270000000000000000e+02 -5.539463348998883291e-03 -1.482484752258660110e-02
1.280000000000000000e+02 -4.432887803578527443e-03 -1.355294620443678322e-02
1.290000000000000000e+02 -3.521672974131744883e-03 -1.235880812789573804e-02
1.300000000000000000e+02 -2.777479439784596993e-03 -1.123856724083087920e-02
1.310000000000000000e+02 -2.174643284849380603e-03 -1.018962505211474037e-02
1.320000000000000000e+02 -1.690269169316423181e-03 -9.210940781184021042e-03
1.330000000000000000e+02 -1.304215072058804731e-03 -8.302384098598698109e-03
1.340000000000000000e+02 -9.989929431402715890e-04 -7.463652769426859339e-03
1.350000000000000000e+02 -7.596077482922854824e-04 -6.693351200506732906e-03
1.360000000000000000e+02 -5.733549696325468750e-04 -5.988630673773795432e-03
1.370000000000000000e+02 -4.295938598128302326e-04 -5.345456857395274736e-03
1.380000000000000000e+02 -3.195107674147640688e-04 -4.759275241909795458e-03
1.390000000000000000e+02 -2.358838200450404901e-04 -4.225714690333738296e-03
1.400000000000000000e+02 -1.728573842658729482e-04 -3.741028125949743665e-03
1.410000000000000000e+02 -1.257321746645269096e-04 -3.302151148731870267e-03
1.420000000000000000e+02 -9.077471367129920365e-05 -2.906454757758732653e-03
1.430000000000000000e+02 -6.504805064143375946e-05 -2.551385272175341057e-03
1.440000000000000000e+02 -4.626422705312882415e-05 -2.234187936154775553e-03
1.450000000000000000e+02 -3.265791043828980415e-05 -1.951825628018302424e-03
1.460000000000000000e+02 -2.287987987038082445e-05 -1.701089582794098817e-03
1.470000000000000000e+02 -1.590857745865764040e-05 -1.478813240811637604e-03
1.480000000000000000e+02 -1.097769151784723325e-05 -1.282074877590001554e-03
1.490000000000000000e+02 -7.517655187283646985e-06 -1.108306591521672664e-03
1.500000000000000000e+02 -5.108989012245243223e-06 -9.552881721945030062e-04
1.510000000000000000e+02 -3.445546194947590102e-06 -8.210595836670361034e-04
1.520000000000000000e+02 -2.305902664780751081e-06 -7.038118574445534435e-04
1.530000000000000000e+02 -1.531344159846302009e-06 -6.018090098877182728e-04
1.540000000000000000e+02 -1.009119613534513893e-06 -5.133651632913358584e-04
1.550000000000000000e+02 -6.598413109371290346e-07 -4.368696747239246211e-04
1.560000000000000000e+02 -4.281070201049224771e-07 -3.708335010221394581e-04
1.570000000000000000e+02 -2.755942136930216889e-07 -3.139277792214789859e-04
1.580000000000000000e+02 -1.760279788044180241e-07 -2.649969280611818136e-04
1.590000000000000000e+02 -1.115516551523147726e-07 -2.230446163172916771e-04
