0.000000000000000000e+00 -6.454608555692356060e-06 -4.642219068621209227e-06
1.000000000000000000e+00 -5.063552752531776104e-09 -7.355775917532052906e-09
2.000000000000000000e+00 -6.991621507693016227e-09 -9.986340258172209596e-09
3.000000000000000000e+00 -1.018079038813581432e-08 -1.463257009125140500e-08
4.000000000000000000e+00 -1.479601330956439483e-08 -2.141572171064994406e-08
5.000000000000000000e+00 -2.140121573141810485e-08 -3.119283576691348098e-08
6.000000000000000000e+00 -3.079982491125773949e-08 -4.519746311784739254e-08
7.000000000000000000e+00 -4.410225122446225274e-08 -6.514737381225117784e-08
8.000000000000000000e+00 -6.283102875621000915e-08 -9.341593665426025280e-08
9.000000000000000000e+00 -8.906167109779093782e-08 -1.332601919894025046e-07
1.000000000000000000e+01 -1.256083414512206863e-07 -1.891193357091809144e-07
1.100000000000000000e+01 -1.762660179044646733e-07 -2.670063751261324563e-07
1.200000000000000000e+01 -2.461231032548147375e-07 -3.750227508563357535e-07
1.300000000000000000e+01 -3.419620302854850745e-07 -5.240281032723838412e-07
1.400000000000000000e+01 -4.727707694907162572e-07 -7.284969370051872280e-07
1.500000000000000000e+01 -6.503940707344794570e-07 -1.007599033625716667e-06
1.600000000000000000e+01 -8.903577808557806076e-07 -1.386557847221996398e-06
1.700000000000000000e+01 -1.212902241927098146e-06 -1.898364804609275163e-06
1.800000000000000000e+01 -1.644264288810917922e-06 -2.585939593934688614e-06
1.900000000000000000e+01 -2.218255674083961654e-06 -3.504816941786671084e-06
2.000000000000000000e+01 -2.978199237000313625e-06 -4.726426500599340358e-06
2.100000000000000000e+01 -3.979296905072715509e-06 -6.342049791399413620e-06
2.200000000000000000e+01 -5.291507847169151902e-06 -8.467597017152747694e-06
2.300000000000000000e+01 -7.003010387197762076e-06 -1.124940046718474331e-05
2.400000000000000000e+01 -9.224318863394921761e-06 -1.487120173151987796e-05
2.500000000000000000e+01 -1.209313984453893107e-05 -1.956241541193638666e-05
2.600000000000000000e+01 -1.578007911374354569e-05 -2.560768832447166018e-05
2.700000000000000000e+01 -2.049532876177073617e-05 -3.335785718658971355e-05
2.800000000000000000e+01 -2.649644822263614623e-05 -4.324259890083456865e-05
2.900000000000000000e+01 -3.409730889384595597e-05 -5.578513690615149735e-05
3.000000000000000000e+01 -4.367823928731082254e-05 -7.161912569945872874e-05
3.100000000000000000e+01 -5.569742451530113189e-05 -9.150742791796609302e-05
3.200000000000000000e+01 -7.070366503633492461e-05 -1.163623687114584952e-04
3.300000000000000000e+01 -8.935061271697839467e-05 -1.472674643732382654e-04
3.400000000000000000e+01 -1.124125168572315004e-04 -1.855011952897677265e-04
3.500000000000000000e+01 -1.408013611990824939e-04 -2.325633206099166289e-04
3.600000000000000000e+01 -1.755851741953582995e-04 -2.902032000233320443e-04
3.700000000000000000e+01 -2.180073362396599908e-04 -3.604484324196442833e-04
3.800000000000000000e+01 -2.695068235721005765e-04 -4.456321949562214190e-04
3.900000000000000000e+01 -3.317393301119766027e-04 -5.484192328348905503e-04
4.000000000000000000e+01 -4.065989771699883028e-04 -6.718318883716964222e-04
4.100000000000000000e+01 -4.962399787970859068e-04 -8.192767764508201642e-04
4.200000000000000000e+01 -6.030974649947073735e-04 -9.945697320941212713e-04
4.300000000000000000e+01 -7.299068286014772549e-04 -1.201954351450748365e-03
4.400000000000000000e+01 -8.797212504772551232e-04 -1.446110827136826279e-03
4.500000000000000000e+01 -1.055927064069983601e-03 -1.732156168398395158e-03
4.600000000000000000e+01 -1.262256173861735133e-03 -2.065639642418308844e-03
4.700000000000000000e+01 -1.502794174584936356e-03 -2.452534432617162717e-03
4.800000000000000000e+01 -1.781982690263155108e-03 -2.899220008062218957e-03
4.900000000000000000e+01 -2.104614943532182383e-03 -3.412446535360106042e-03
5.000000000000000000e+01 -2.475824185897306396e-03 -3.999277581502368693e-03
5.100000000000000000e+01 -2.901064654535752494e-03 -4.667016478834154145e-03
5.200000000000000000e+01 -3.386084031515593663e-03 -5.423125312787389733e-03
5.300000000000000000e+01 -3.936885672801753756e-03 -6.275138455850814111e-03
5.400000000000000000e+01 -4.559679025009361411e-03 -7.230561500924806775e-03
5.500000000000000000e+01 -5.260817718453097459e-03 -8.296743953170945471e-03
5.600000000000000000e+01 -6.046725864697749357e-03 -9.480724871911386242e-03
5.700000000000000000e+01 -6.923813087410439146e-03 -1.078906486306827235e-02
5.800000000000000000e+01 -7.898377876173279591e-03 -1.222768019719932230e-02
5.900000000000000000e+01 -8.976498225293802133e-03 -1.380168179389263533e-02
6.000000000000000000e+01 -1.016390931103209987e-02 -1.551520692793027442e-02
6.100000000000000000e+01 -1.146586981239462733e-02 -1.737123181181976159e-02
6.200000000000000000e+01 -1.288701976255173486e-02 -1.937137020403848636e-02
6.300000000000000000e+01 -1.443123235318589763e-02 -2.151567987714253852e-02
6.400000000000000000e+01 -1.610146066252227115e-02 -2.380249732575411351e-02
6.500000000000000000e+01 -1.789957998262029643e-02 -2.622830254740278824e-02
6.600000000000000000e+01 -1.982622847577206193e-02 -2.878759967626974905e-02
6.700000000000000000e+01 -2.188065182365888858e-02 -3.147280301644073131e-02
6.800000000000000000e+01 -2.406055832276147652e-02 -3.427413787012228985e-02
6.900000000000000000e+01 -2.636198826987976029e-02 -3.717958055100824277e-02
7.000000000000000000e+01 -2.877919810106638332e-02 -4.017485630001026153e-02
7.100000000000000000e+01 -3.130456005402489778e-02 -4.324349327701519641e-02
7.200000000000000000e+01 -3.392848335010804905e-02 -4.636691605794122234e-02
7.300000000000000000e+01 -3.663936823953699989e-02 -4.952456681512505676e-02
7.400000000000000000e+01 -3.942360269113297927e-02 -5.269405997411188286e-02
7.500000000000000000e+01 -4.226560188910057775e-02 -5.585138781409376696e-02
7.600000000000000000e+01 -4.514788157969084476e-02 -5.897118857222755084e-02
7.700000000000000000e+01 -4.805115887905671290e-02 -6.202707087003611619e-02
7.800000000000000000e+01 -5.095448896283548412e-02 -6.499197446533240552e-02
7.900000000000000000e+01 -5.383545808714552960e-02 -6.783854803766266317e-02
8.000000000000000000e+01 -5.667044509563473609e-02 -7.053953728472309170e-02
8.100000000000000000e+01 -5.943493623154332689e-02 -7.306818919494763309e-02
8.200000000000000000e+01 -6.210385729040043823e-02 -7.539867992737937785e-02
8.300000000000000000e+01 -6.465189945372301628e-02 -7.750656184947120331e-02
8.400000000000000000e+01 -6.705385506791206041e-02 -7.936920801835090078e-02
8.500000000000000000e+01 -6.928500567306235258e-02 -8.096622363644220832e-02
8.600000000000000000e+01 -7.132157908749471587e-02 -8.227980336065143785e-02
8.700000000000000000e+01 -7.314122944097875556e-02 -8.329503595390627679e-02
8.800000000000000000e+01 -7.472345793757492749e-02 -8.400017440685317305e-02
8.900000000000000000e+01 -7.604993287519638823e-02 -8.438688219211006036e-02
9.000000000000000000e+01 -7.710475601518360089e-02 -8.445043781794725479e-02
9.100000000000000000e+01 -7.787476524998904193e-02 -8.418985748132873370e-02
9.200000000000000000e+01 -7.834989962992446044e-02 -8.360790668490192257e-02
9.300000000000000000e+01 -7.852353459816185932e-02 -8.271101276198544738e-02
9.400000000000000000e+01 -7.839265099128941983e-02 -8.150912393482842577e-02
9.500000000000000000e+01 -7.795779829138964334e-02 -8.001555052190695294e-02
9.600000000000000000e+01 -7.722296571124559472e-02 -7.824677616674302616e-02
9.700000000000000000e+01 -7.619551904054377989e-02 -7.622219024117454778e-02
9.800000000000000000e+01 -7.488623148108694560e-02 -7.396371037301840978e-02
9.900000000000000000e+01 -7.330925851319960995e-02 -7.149532517429585399e-02
1.000000000000000000e+02 -7.148187809960598882e-02 -6.884263133050270989e-02
1.010000000000000000e+02 -6.942398991911330475e-02 -6.603241802584933207e-02
1.020000000000000000e+02 -6.715757013548875887e-02 -6.309228344809914013e-02
1.030000000000000000e+02 -6.470628980797785146e-02 -6.005022310756719106e-02
1.040000000000000000e+02 -6.209529920635960959e-02 -5.693415723178332777e-02
1.050000000000000000e+02 -5.935097093557664683e-02 -5.377143814536060329e-02
1.060000000000000000e+02 -5.650041203917482296e-02 -5.058842124546456681e-02
1.070000000000000000e+02 -5.357078984409308076e-02 -4.741014838728697944e-02
1.080000000000000000e+02 -5.058871981728407796e-02 -4.426011468340100563e-02
1.090000000000000000e+02 -4.757991533306651921e-02 -4.116004860816330907e-02
1.100000000000000000e+02 -4.456904854102244906e-02 -3.812967143959887506e-02
1.110000000000000000e+02 -4.157958621053842174e-02 -3.518647470287726564e-02
1.120000000000000000e+02 -3.863343892115377737e-02 -3.234558602838521341e-02
1.130000000000000000e+02 -3.575050873109277688e-02 -2.961975271190599862e-02
1.140000000000000000e+02 -3.294837167876081552e-02 -2.701940280737901573e-02
1.150000000000000000e+02 -3.024223201999083274e-02 -2.455271662983505090e-02
1.160000000000000000e+02 -2.764505194142773820e-02 -2.222567978409757325e-02
1.170000000000000000e+02 -2.516764291012715468e-02 -2.004214740180167154e-02
1.180000000000000000e+02 -2.281861306489538915e-02 -1.800396729893540687e-02
1.190000000000000000e+02 -2.060426627746442946e-02 -1.611117347605088568e-02
1.200000000000000000e+02 -1.852862714507489891e-02 -1.436221280777625481e-02
1.210000000000000000e+02 -1.659365546332621302e-02 -1.275415607075516301e-02
1.220000000000000000e+02 -1.479954795129257393e-02 -1.128287607589431758e-02
1.230000000000000000e+02 -1.314497752474402294e-02 -9.943213841936929254e-03
1.240000000000000000e+02 -1.162722182458278408e-02 -8.729161099656365663e-03
1.250000000000000000e+02 -1.024225987330466131e-02 -7.634062640367927574e-03
1.260000000000000000e+02 -8.984939099203904586e-03 -6.650815068311732164e-03
1.270000000000000000e+02 -7.849229618111608006e-03 -5.772035988057975728e-03
1.280000000000000000e+02 -6.828492164628483831e-03 -4.990197757791100738e-03
1.290000000000000000e+02 -5.915680167993648056e-03 -4.297739738251446159e-03
1.300000000000000000e+02 -5.103464893085049754e-03 -3.687174608178517624e-03
1.310000000000000000e+02 -4.384334695683513548e-03 -3.151190862188151930e-03
1.320000000000000000e+02 -3.750717633222016689e-03 -2.682741459131385026e-03
1.330000000000000000e+02 -3.195127526120328156e-03 -2.275108974424898053e-03
1.340000000000000000e+02 -2.710295348803458924e-03 -1.921947339098700313e-03
1.350000000000000000e+02 -2.289254623496539236e-03 -1.617308287128328519e-03
1.360000000000000000e+02 -1.925384195014690847e-03 -1.355660343540632425e-03
1.370000000000000000e+02 -1.612435057440872541e-03 -1.131902249636611681e-03
1.380000000000000000e+02 -1.344561310910418698e-03 -9.413681192546842968e-04
1.390000000000000000e+02 -1.116353281401282101e-03 -7.798220610859027228e-04
1.400000000000000000e+02 -9.228581944874010437e-04 -6.434435415810141378e-04
1.410000000000000000e+02 -7.595796037787144435e-04 -5.288072679733092944e-04
1.420000000000000000e+02 -6.224603182151922879e-04 -4.328609042263921393e-04
1.430000000000000000e+02 -5.078601175025297936e-04 -3.529017779476191128e-04
1.440000000000000000e+02 -4.125352145733439087e-04 -2.865522141091440193e-04
1.450000000000000000e+02 -3.336184679133645655e-04 -2.317332178420900956e-04
1.460000000000000000e+02 -2.685960101855519610e-04 -1.866371685326024469e-04
1.470000000000000000e+02 -2.152786087944679166e-04 -1.497007723626055196e-04
1.480000000000000000e+02 -1.717702038343982978e-04 -1.195792866371964288e-04
1.490000000000000000e+02 -1.364373488675042973e-04 -9.512239059058960437e-05
1.500000000000000000e+02 -1.078814272381961890e-04 -7.535163320820126320e-05
1.510000000000000000e+02 -8.491316020860215411e-05 -5.943935435871122253e-05
1.520000000000000000e+02 -6.652821692368577136e-05 -4.668914962294955500e-05
1.530000000000000000e+02 -5.188360100621423535e-05 -3.651805405242115410e-05
1.540000000000000000e+02 -4.027549127460837246e-05 -2.844055828374294069e-05
1.550000000000000000e+02 -3.111934841762659614e-05 -2.205442685241023216e-05
1.560000000000000000e+02 -2.393251674290329282e-05 -1.702818518293304121e-05
1.570000000000000000e+02 -1.831898757130904864e-05 -1.309011976857057321e-05
1.580000000000000000e+02 -1.395588901392198385e-05 -1.001866350534818260e-05
1.590000000000000000e+02 -1.058149992819095255e-05 -7.634063012792480183e-06
