0.000000000000000000e+00 -3.309140964388528039e-04 -4.587763187044188208e-03
1.000000000000000000e+00 -8.908065029898685420e-06 -5.355899689425722862e-06
2.000000000000000000e+00 -8.878577843902064879e-06 -5.193066009637801550e-06
3.000000000000000000e+00 -1.053931508475526214e-05 -6.313229042533618123e-06
4.000000000000000000e+00 -1.286267560910557973e-05 -7.764222450655315554e-06
5.000000000000000000e+00 -1.579128392604824555e-05 -9.532806514653228568e-06
6.000000000000000000e+00 -1.939202140536921704e-05 -1.170145631907007011e-05
7.000000000000000000e+00 -2.376601091634239715e-05 -1.438439666403575458e-05
8.000000000000000000e+00 -2.903397520910982072e-05 -1.771256737962063118e-05
9.000000000000000000e+00 -3.534216996107104316e-05 -2.181885287199786182e-05
1.000000000000000000e+01 -4.287640580624466725e-05 -2.682578546897548051e-05
1.100000000000000000e+01 -5.187573552211038137e-05 -3.284437114478076076e-05
1.200000000000000000e+01 -6.263798624686083461e-05 -3.999104804995706991e-05
1.300000000000000000e+01 -7.551275060092676854e-05 -4.842296314689073847e-05
1.400000000000000000e+01 -9.088429039530230679e-05 -5.838214190598380114e-05
1.500000000000000000e+01 -1.091544077621371309e-04 -7.023101176011561247e-05
1.600000000000000000e+01 -1.307392165275769790e-04 -8.445986720310237725e-05
1.700000000000000000e+01 -1.560900879784770745e-04 -1.016544816497781255e-04
1.800000000000000000e+01 -1.857376451349487183e-04 -1.224290354058454812e-04
1.900000000000000000e+01 -2.203433060874688079e-04 -1.473506877165732271e-04
2.000000000000000000e+01 -2.607336178384533844e-04 -1.768973500709199761e-04
2.100000000000000000e+01 -3.078957380376007389e-04 -2.114881875056203429e-04
2.200000000000000000e+01 -3.629297564269051701e-04 -2.516016255738411068e-04
2.300000000000000000e+01 -4.269788028610695140e-04 -2.979543792125850126e-04
2.400000000000000000e+01 -5.011777827732131129e-04 -3.516745295899545800e-04
2.500000000000000000e+01 -5.866619320851100897e-04 -4.143831937663692623e-04
2.600000000000000000e+01 -6.846512230997653208e-04 -4.881188158969892435e-04
2.700000000000000000e+01 -7.965847350377970419e-04 -5.750982487401172776e-04
2.800000000000000000e+01 -9.242420456510350678e-04 -6.773930063040345352e-04
2.900000000000000000e+01 -1.069780280614722207e-03 -7.966707586343208100e-04
3.000000000000000000e+01 -1.235647719633314618e-03 -9.341664759183815813e-04
3.100000000000000000e+01 -1.424398463930049005e-03 -1.090976874312289246e-03
3.200000000000000000e+01 -1.638497039430976323e-03 -1.268629643301562044e-03
3.300000000000000000e+01 -1.880227784700423069e-03 -1.469722964029031211e-03
3.400000000000000000e+01 -2.151786081991648430e-03 -1.698338355973123132e-03
3.500000000000000000e+01 -2.455535617563123479e-03 -1.959962653486260319e-03
3.600000000000000000e+01 -2.794312987348633592e-03 -2.260829974004105892e-03
3.700000000000000000e+01 -3.171608054834156986e-03 -2.606865916636680065e-03
3.800000000000000000e+01 -3.591486327844914915e-03 -3.002672842184749957e-03
3.900000000000000000e+01 -4.058243098444221965e-03 -3.451093389947683648e-03
4.000000000000000000e+01 -4.575932041933212548e-03 -3.953728097824229723e-03
4.100000000000000000e+01 -5.148008391293819319e-03 -4.512382182400266444e-03
4.200000000000000000e+01 -5.777299540900200994e-03 -5.130935881274180030e-03
4.300000000000000000e+01 -6.466357727805873562e-03 -5.816803387860527280e-03
4.400000000000000000e+01 -7.218033700261795166e-03 -6.581159936220831383e-03
4.500000000000000000e+01 -8.035956696408302902e-03 -7.437539397795830953e-03
4.600000000000000000e+01 -8.924613132486427722e-03 -8.399124809226768060e-03
4.700000000000000000e+01 -9.888901543931707255e-03 -9.475785618191151505e-03
4.800000000000000000e+01 -1.093332233534882389e-02 -1.067227908914609134e-02
4.900000000000000000e+01 -1.206118891167555496e-02 -1.198874193119800133e-02
5.000000000000000000e+01 -1.327428109481857028e-02 -1.342366223919999602e-02
5.100000000000000000e+01 -1.457315594582464166e-02 -1.497831305908584737e-02
5.200000000000000000e+01 -1.595797767505979098e-02 -1.666071979647652801e-02
5.300000000000000000e+01 -1.742941931132281630e-02 -1.848711542800940411e-02
5.400000000000000000e+01 -1.898910726125467574e-02 -2.047968973411496904e-02
5.500000000000000000e+01 -2.063929113161078882e-02 -2.266102753819999177e-02
5.600000000000000000e+01 -2.238182992350572914e-02 -2.504732996928997479e-02
5.700000000000000000e+01 -2.421697811276557477e-02 -2.764348781462157290e-02
5.800000000000000000e+01 -2.614260597122435026e-02 -3.044267130926053139e-02
5.900000000000000000e+01 -2.815428937727480763e-02 -3.343127687283771465e-02
6.000000000000000000e+01 -3.024624373228822216e-02 -3.659756009411413435e-02
6.100000000000000000e+01 -3.241260563335706529e-02 -3.994026739756827149e-02
6.200000000000000000e+01 -3.464835501793171041e-02 -4.347308977348888354e-02
6.300000000000000000e+01 -3.694934823544992336e-02 -4.722219709173556407e-02
6.400000000000000000e+01 -3.931141163013433804e-02 -5.121704322121106018e-02
6.500000000000000000e+01 -4.172896929317349013e-02 -5.547789442028423779e-02
6.600000000000000000e+01 -4.419395587685234078e-02 -6.000558584855825855e-02
6.700000000000000000e+01 -4.669562816212906309e-02 -6.477862455272026532e-02
6.800000000000000000e+01 -4.922140132765073783e-02 -6.975978281078867860e-02
6.900000000000000000e+01 -5.175827114164800041e-02 -7.490998223210584839e-02
7.000000000000000000e+01 -5.429406582596180142e-02 -8.020359767910077708e-02
7.100000000000000000e+01 -5.681787989032638375e-02 -8.563812033449128003e-02
7.200000000000000000e+01 -5.931950975985317287e-02 -9.123312668864634600e-02
7.300000000000000000e+01 -6.178827232037578665e-02 -9.701803713805999541e-02
7.400000000000000000e+01 -6.421192874518787119e-02 -1.030133733322483036e-01
7.500000000000000000e+01 -6.657636505205107025e-02 -1.092137407157379586e-01
7.600000000000000000e+01 -6.886623952717300934e-02 -1.155806527107921117e-01
7.700000000000000000e+01 -7.106625570929506197e-02 -1.220492577916029442e-01
7.800000000000000000e+01 -7.316238255464344031e-02 -1.285467437707161487e-01
7.900000000000000000e+01 -7.514240866631760607e-02 -1.350146344337662396e-01
8.000000000000000000e+01 -7.699562867881436234e-02 -1.414250192430943909e-01
8.100000000000000000e+01 -7.871196543292190151e-02 -1.477830521662983898e-01
8.200000000000000000e+01 -8.028113919118984310e-02 -1.541139474581271762e-01
8.300000000000000000e+01 -8.169243474937423755e-02 -1.604397309975594266e-01
8.400000000000000000e+01 -8.293523431956527359e-02 -1.667560204843189231e-01
8.500000000000000000e+01 -8.400001514657007284e-02 -1.730195777000609614e-01
8.600000000000000000e+01 -8.487924189077630799e-02 -1.791527806800456424e-01
8.700000000000000000e+01 -8.556767036035053953e-02 -1.850635230541803067e-01
8.800000000000000000e+01 -8.606195255236573360e-02 -1.906719734838341340e-01
8.900000000000000000e+01 -8.635985526153185099e-02 -1.959324190189005999e-01
9.000000000000000000e+01 -8.645962173302167153e-02 -2.008404838587664609e-01
9.100000000000000000e+01 -8.635989527883579375e-02 -2.054224266011214772e-01
9.200000000000000000e+01 -8.606025890797837363e-02 -2.097112072452355924e-01
9.300000000000000000e+01 -8.556205094657133581e-02 -2.137200493778610988e-01
9.400000000000000000e+01 -8.486893625348804204e-02 -2.174254582696701632e-01
9.500000000000000000e+01 -8.398685588618955145e-02 -2.207673777986988162e-01
9.600000000000000000e+01 -8.292335265578648640e-02 -2.236663582953407059e-01
9.700000000000000000e+01 -8.168664361669036866e-02 -2.260499827734291922e-01
9.800000000000000000e+01 -8.028495829697609998e-02 -2.278768515956961782e-01
9.900000000000000000e+01 -7.872649878628157349e-02 -2.291477558795840253e-01
1.000000000000000000e+02 -7.702000359626851034e-02 -2.298994939617521882e-01
1.010000000000000000e+02 -7.517553310467924021e-02 -2.301844778143533610e-01
1.020000000000000000e+02 -7.320495569851293016e-02 -2.300454619606200346e-01
1.030000000000000000e+02 -7.112178213861911069e-02 -2.294966449946115594e-01
1.040000000000000000e+02 -6.894036996078353741e-02 -2.285191972332120403e-01
1.050000000000000000e+02 -6.667487871055130522e-02 -2.270725518276239252e-01
1.060000000000000000e+02 -6.433849396577767665e-02 -2.251158011245412427e-01
1.070000000000000000e+02 -6.194328087872059962e-02 -2.226294348953298807e-01
1.080000000000000000e+02 -5.950067269472718301e-02 -2.196280340728228864e-01
1.090000000000000000e+02 -5.702225051716047072e-02 -2.161589137071298072e-01
1.100000000000000000e+02 -5.452032211272364592e-02 -2.122879971236883712e-01
1.110000000000000000e+02 -5.200793621091155672e-02 -2.080796299572212349e-01
1.120000000000000000e+02 -4.949829294107804811e-02 -2.035792792125781792e-01
1.130000000000000000e+02 -4.700384312469269715e-02 -1.988062427838549751e-01
1.140000000000000000e+02 -4.453552658859581681e-02 -1.937586530608004232e-01
1.150000000000000000e+02 -4.210250674380549424e-02 -1.884275858637055046e-01
1.160000000000000000e+02 -3.971248067507002211e-02 -1.828134615201664759e-01
1.170000000000000000e+02 -3.737234164421832094e-02 -1.769375326035463880e-01
1.180000000000000000e+02 -3.508880714397456108e-02 -1.708439351500635750e-01
1.190000000000000000e+02 -3.286867777654407796e-02 -1.645921355357845561e-01
1.200000000000000000e+02 -3.071861613713914099e-02 -1.582436785522507439e-01
1.210000000000000000e+02 -2.864459782400352941e-02 -1.518492238216325729e-01
1.220000000000000000e+02 -2.665134655210302239e-02 -1.454411892773784243e-01
1.230000000000000000e+02 -2.474204802944159065e-02 -1.390344200181617418e-01
1.240000000000000000e+02 -2.291846935166156479e-02 -1.326336614115314338e-01
1.250000000000000000e+02 -2.118139473835309317e-02 -1.262439048043380030e-01
1.260000000000000000e+02 -1.953114110250035729e-02 -1.198789343510578281e-01
1.270000000000000000e+02 -1.796790652071081004e-02 -1.135646924642633032e-01
1.280000000000000000e+02 -1.649182071609220715e-02 -1.073366199424025530e-01
1.290000000000000000e+02 -1.510273433669132546e-02 -1.012327301062208029e-01
1.300000000000000000e+02 -1.379991082296879237e-02 -9.528575543360234823e-02
1.310000000000000000e+02 -1.258181174949430173e-02 -8.951769836069137232e-02
1.320000000000000000e+02 -1.144609374734610607e-02 -8.393870242919532210e-02
1.330000000000000000e+02 -1.038981336827967360e-02 -7.855011887234920887e-02
1.340000000000000000e+02 -9.409733908387143270e-03 -7.334993744719185693e-02
1.350000000000000000e+02 -8.502593757159893073e-03 -6.833804912257462894e-02
1.360000000000000000e+02 -7.665236149089711681e-03 -6.351924768092084839e-02
1.370000000000000000e+02 -6.894583291364930581e-03 -5.890310474382402794e-02
1.380000000000000000e+02 -6.187515291491797916e-03 -5.450125631536752863e-02
1.390000000000000000e+02 -5.540748627610544985e-03 -5.032362225846969545e-02
1.400000000000000000e+02 -4.950790690767789375e-03 -4.637529358939106172e-02
1.410000000000000000e+02 -4.413994598366085056e-03 -4.265528357468782727e-02
1.420000000000000000e+02 -3.926683988836627420e-03 -3.915738709019384728e-02
1.430000000000000000e+02 -3.485287988193200119e-03 -3.587249674195901183e-02
1.440000000000000000e+02 -3.086431709842253710e-03 -3.279124812474382145e-02
1.450000000000000000e+02 -2.726958250028649940e-03 -2.990592991927635419e-02
1.460000000000000000e+02 -2.403894177633717801e-03 -2.721107372620611836e-02
1.470000000000000000e+02 -2.114393370836800939e-03 -2.470276814258353867e-02
1.480000000000000000e+02 -1.855695452460252946e-03 -2.237724390103981026e-02
1.490000000000000000e+02 -1.625118974372662898e-03 -2.022947027870485026e-02
1.500000000000000000e+02 -1.420087467845112692e-03 -1.825236046560389444e-02
1.510000000000000000e+02 -1.238170388570077616e-03 -1.643682336788707121e-02
1.520000000000000000e+02 -1.077117200271459621e-03 -1.477251168402553098e-02
1.530000000000000000e+02 -9.348703425976499825e-04 -1.324886630189823361e-02
1.540000000000000000e+02 -8.095553847187803758e-04 -1.185601807324797655e-02
1.550000000000000000e+02 -6.994570784416348150e-04 -1.058525087718084970e-02
1.560000000000000000e+02 -6.029938753130064484e-04 -9.428960021412127399e-03
1.570000000000000000e+02 -5.187005786805197124e-04 -8.380249100058721062e-03
1.580000000000000000e+02 -4.452222308309155261e-04 -7.432418063581465277e-03
1.590000000000000000e+02 -3.813161069327170548e-04 -6.578581535397661113e-03
