0.000000000000000000e+00 -2.605203289293975602e-05 -3.710242157856463458e-03
1.000000000000000000e+00 -9.121663063185171463e-08 -9.192403084400780027e-07
2.000000000000000000e+00 -1.135122720976505887e-07 -1.038484701253726997e-06
3.000000000000000000e+00 -1.530230029727676963e-07 -1.235602385549420241e-06
4.000000000000000000e+00 -2.068768264740513437e-07 -1.497774398247684679e-06
5.000000000000000000e+00 -2.788958851007263964e-07 -1.822642190895601470e-06
6.000000000000000000e+00 -3.746808412788384791e-07 -2.218047102971461831e-06
7.000000000000000000e+00 -5.015664710952592516e-07 -2.696053417420528365e-06
8.000000000000000000e+00 -6.690194231072080231e-07 -3.271758553649681531e-06
9.000000000000000000e+00 -8.891893724471288754e-07 -3.963227412380003050e-06
1.000000000000000000e+01 -1.177602412059691071e-06 -4.791769162520679792e-06
1.100000000000000000e+01 -1.554019332278164032e-06 -5.782363345045659545e-06
1.200000000000000000e+01 -2.043490203182646705e-06 -6.964184570553362279e-06
1.300000000000000000e+01 -2.677642081059233509e-06 -8.371213228686584279e-06
1.400000000000000000e+01 -3.496242496660454962e-06 -1.004292961688767092e-05
1.500000000000000000e+01 -4.549088755969181203e-06 -1.202509168880838346e-05
1.600000000000000000e+01 -5.898281782214779721e-06 -1.437059943005342993e-05
1.700000000000000000e+01 -7.620951892769290510e-06 -1.714045379015243620e-05
1.800000000000000000e+01 -9.812510878914408846e-06 -2.040482385219274106e-05
1.900000000000000000e+01 -1.259050951917364461e-05 -2.424423905980007960e-05
2.000000000000000000e+01 -1.609918378284661006e-05 -2.875092046686420210e-05
2.100000000000000000e+01 -2.051477943921729119e-05 -3.403025553336985233e-05
2.200000000000000000e+01 -2.605175544785304521e-05 -4.020240882536191599e-05
2.300000000000000000e+01 -3.296997941861112998e-05 -4.740405367337201671e-05
2.400000000000000000e+01 -4.158303746872299406e-05 -5.579021527189078044e-05
2.500000000000000000e+01 -5.226777917975211141e-05 -6.553623682324560200e-05
2.600000000000000000e+01 -6.547520452268973769e-05 -7.683991024984174276e-05
2.700000000000000000e+01 -8.174278097192625250e-05 -8.992383371967619526e-05
2.800000000000000000e+01 -1.017082686160880682e-04 -1.050380471526506055e-04
2.900000000000000000e+01 -1.261251368878878144e-04 -1.224629416042816816e-04
3.000000000000000000e+01 -1.558796700284879498e-04 -1.425123523815792319e-04
3.100000000000000000e+01 -1.920098531348072494e-04 -1.655366717233676117e-04
3.200000000000000000e+01 -2.357260779782610139e-04 -1.919258108385508055e-04
3.300000000000000000e+01 -2.884336037913523597e-04 -2.221119414351447816e-04
3.400000000000000000e+01 -3.517565914063637664e-04 -2.565721427598547690e-04
3.500000000000000000e+01 -4.275634656987323430e-04 -2.958312928749299089e-04
3.600000000000000000e+01 -5.179933932425363112e-04 -3.404656359546231375e-04
3.700000000000000000e+01 -6.254837488558397801e-04 -3.911072939123064066e-04
3.800000000000000000e+01 -7.527984542145218410e-04 -4.484495341862172486e-04
3.900000000000000000e+01 -9.030568607698713501e-04 -5.132520073858968645e-04
4.000000000000000000e+01 -1.079762406768499045e-03 -5.863447550843107602e-04
4.100000000000000000e+01 -1.286829821632374735e-03 -6.686299129326964651e-04
4.200000000000000000e+01 -1.528609542344701051e-03 -7.610808634390454387e-04
4.300000000000000000e+01 -1.809908461943716615e-03 -8.647399368202549454e-04
4.400000000000000000e+01 -2.136006903023090521e-03 -9.807170310728976007e-04
4.500000000000000000e+01 -2.512672067598240456e-03 -1.110191882404807165e-03
4.600000000000000000e+01 -2.946167421401311819e-03 -1.254421458703659613e-03
4.700000000000000000e+01 -3.443255565691070476e-03 -1.414751079250568897e-03
4.800000000000000000e+01 -4.011190386440561390e-03 -1.592624501387130548e-03
4.900000000000000000e+01 -4.657694513934619238e-03 -1.789586319934301836e-03
5.000000000000000000e+01 -5.390921234602476242e-03 -2.007271395294067153e-03
5.100000000000000000e+01 -6.219404346451983846e-03 -2.247381108990569292e-03
5.200000000000000000e+01 -7.152001248072475600e-03 -2.511653474769091204e-03
5.300000000000000000e+01 -8.197830621987345009e-03 -2.801840099834861618e-03
5.400000000000000000e+01 -9.366197532690051508e-03 -3.119703534729284002e-03
5.500000000000000000e+01 -1.066649216969034475e-02 -3.467040904425639641e-03
5.600000000000000000e+01 -1.210805182334685585e-02 -3.845725146656933050e-03
5.700000000000000000e+01 -1.369999080397247757e-02 -4.257740177985040210e-03
5.800000000000000000e+01 -1.545102059112038809e-02 -4.705180208467779276e-03
5.900000000000000000e+01 -1.736928629386209899e-02 -5.190193093195552901e-03
6.000000000000000000e+01 -1.946222572713244420e-02 -5.714872483804012658e-03
6.100000000000000000e+01 -2.173642378470131559e-02 -6.281134229122618297e-03
6.200000000000000000e+01 -2.419741550010972436e-02 -6.890633312741844749e-03
6.300000000000000000e+01 -2.684941221600977562e-02 -7.544772698983063207e-03
6.400000000000000000e+01 -2.969498301301575979e-02 -8.244817835422201674e-03
6.500000000000000000e+01 -3.273477619734847105e-02 -8.992071291332823235e-03
6.600000000000000000e+01 -3.596735985707685823e-02 -9.788010707726250634e-03
6.700000000000000000e+01 -3.938918011257762364e-02 -1.063428423925004071e-02
6.800000000000000000e+01 -4.299453220435940637e-02 -1.153250844104175554e-02
6.900000000000000000e+01 -4.677540603886806009e-02 -1.248391054663667427e-02
7.000000000000000000e+01 -5.072116117442549560e-02 -1.348895799000400346e-02
7.100000000000000000e+01 -5.481815851026514835e-02 -1.454716734133976175e-02
7.200000000000000000e+01 -5.904958676263478284e-02 -1.565723802983653642e-02
7.300000000000000000e+01 -6.339564570097945551e-02 -1.681750961702582758e-02
7.400000000000000000e+01 -6.783400110481174750e-02 -1.802655272339282952e-02
7.500000000000000000e+01 -7.234019356816157043e-02 -1.928357695133178784e-02
7.600000000000000000e+01 -7.688768868608521212e-02 -2.058836690329251748e-02
7.700000000000000000e+01 -8.144755691977179080e-02 -2.194065763885455489e-02
7.800000000000000000e+01 -8.598815886166120970e-02 -2.333915596434317161e-02
7.900000000000000000e+01 -9.047534358569601920e-02 -2.478066186298783641e-02
8.000000000000000000e+01 -9.487336065437103338e-02 -2.625979838167479680e-02
8.100000000000000000e+01 -9.914612597480271239e-02 -2.776963737595672388e-02
8.200000000000000000e+01 -1.032581317808479587e-01 -2.930306670714883863e-02
8.300000000000000000e+01 -1.071745151868194190e-01 -3.085428964571962016e-02
8.400000000000000000e+01 -1.108604991695554542e-01 -3.241965109599079936e-02
8.500000000000000000e+01 -1.142810391145012150e-01 -3.399721365609886803e-02
8.600000000000000000e+01 -1.174014699223991792e-01 -3.558509697931678400e-02
8.700000000000000000e+01 -1.201891824910365364e-01 -3.717927581340869925e-02
8.800000000000000000e+01 -1.226154475433188507e-01 -3.877195613636327809e-02
8.900000000000000000e+01 -1.246562501882245849e-01 -4.035154066179987009e-02
9.000000000000000000e+01 -1.262917122822033444e-01 -4.190450170043816258e-02
9.100000000000000000e+01 -1.275048360226639921e-01 -4.341847139413527318e-02
9.200000000000000000e+01 -1.282809200900358326e-01 -4.488506907042776051e-02
9.300000000000000000e+01 -1.286084802457005405e-01 -4.630091783257578308e-02
9.400000000000000000e+01 -1.284812092265542049e-01 -4.766609056640391806e-02
9.500000000000000000e+01 -1.278995203856972684e-01 -4.898051792162432666e-02
9.600000000000000000e+01 -1.268704303044654869e-01 -5.024004701878823781e-02
9.700000000000000000e+01 -1.254058335144893066e-01 -5.143424583782470888e-02
9.800000000000000000e+01 -1.235205272798074738e-01 -5.254738747676258870e-02
9.900000000000000000e+01 -1.212315236818485575e-01 -5.356250406468883452e-02
1.000000000000000000e+02 -1.185590524215724556e-01 -5.446670191546439110e-02
1.010000000000000000e+02 -1.155281651607883986e-01 -5.525504529385175806e-02
1.020000000000000000e+02 -1.121692890603410431e-01 -5.593084768402197676e-02
1.030000000000000000e+02 -1.085169342125499592e-01 -5.650195543336476722e-02
1.040000000000000000e+02 -1.046072900924651383e-01 -5.697468216795718854e-02
1.050000000000000000e+02 -1.004763270057368318e-01 -5.734840035998449437e-02
1.060000000000000000e+02 -9.615951286417616373e-02 -5.761369379078331437e-02
1.070000000000000000e+02 -9.169283909639833197e-02 -5.775533197764404908e-02
1.080000000000000000e+02 -8.711376754987251725e-02 -5.775884294337681885e-02
1.090000000000000000e+02 -8.246087216455155744e-02 -5.761743485844868923e-02
1.100000000000000000e+02 -7.777214714532933171e-02 -5.733565584450366071e-02
1.110000000000000000e+02 -7.308309807387540491e-02 -5.692777089867944590e-02
1.120000000000000000e+02 -6.842585233261208599e-02 -5.641152441942971774e-02
1.130000000000000000e+02 -6.382959712524266527e-02 -5.580033384605539992e-02
1.140000000000000000e+02 -5.932155308922656967e-02 -5.509784434596083635e-02
1.150000000000000000e+02 -5.492737182477278046e-02 -5.429769732642865387e-02
1.160000000000000000e+02 -5.067050515169684022e-02 -5.338875423752440647e-02
1.170000000000000000e+02 -4.657106769441071020e-02 -5.236314719075708252e-02
1.180000000000000000e+02 -4.264513367539439492e-02 -5.122298568232366844e-02
1.190000000000000000e+02 -3.890497518161242091e-02 -4.998225197574754364e-02
1.200000000000000000e+02 -3.535993052192944880e-02 -4.866295204415902603e-02
1.210000000000000000e+02 -3.201713445777213535e-02 -4.728752011487825924e-02
1.220000000000000000e+02 -2.888159729255769526e-02 -4.587130397244161550e-02
1.230000000000000000e+02 -2.595578031274593453e-02 -4.441885964932582725e-02
1.240000000000000000e+02 -2.323925943224955035e-02 -4.292582911230877207e-02
1.250000000000000000e+02 -2.072894029974541030e-02 -4.138529670606276578e-02
1.260000000000000000e+02 -1.841977054927802782e-02 -3.979521700625795327e-02
1.270000000000000000e+02 -1.630548394931772074e-02 -3.816306558210259825e-02
1.280000000000000000e+02 -1.437894723281684176e-02 -3.650548855106854756e-02
1.290000000000000000e+02 -1.263207556733601279e-02 -3.484339321490563524e-02
1.300000000000000000e+02 -1.105565181220566524e-02 -3.319514788557371282e-02
1.310000000000000000e+02 -9.639416356664879532e-03 -3.157131171034562728e-02
1.320000000000000000e+02 -8.372507809983685545e-03 -2.997337380557272418e-02
1.330000000000000000e+02 -7.244016681966673060e-03 -2.839686401907345892e-02
1.340000000000000000e+02 -6.243336540882818073e-03 -2.683696941924626836e-02
1.350000000000000000e+02 -5.360190978948149894e-03 -2.529363387338810429e-02
1.360000000000000000e+02 -4.584480129196882511e-03 -2.377363484913881317e-02
1.370000000000000000e+02 -3.906198454249882115e-03 -2.228890713727358502e-02
1.380000000000000000e+02 -3.315562719856507065e-03 -2.085231742299318083e-02
1.390000000000000000e+02 -2.803283101498697631e-03 -1.947319179856806665e-02
1.400000000000000000e+02 -2.360792959370170557e-03 -1.815477401583073108e-02
1.410000000000000000e+02 -1.980302700769995174e-03 -1.689465284271100126e-02
1.420000000000000000e+02 -1.654691182254457637e-03 -1.568764568726006142e-02
1.430000000000000000e+02 -1.377359839850343225e-03 -1.452944847210320585e-02
1.440000000000000000e+02 -1.142169783903127477e-03 -1.341916459026632619e-02
1.450000000000000000e+02 -9.434872203638637817e-04 -1.235963691891595051e-02
1.460000000000000000e+02 -7.762690903509935096e-04 -1.135575337521334618e-02
1.470000000000000000e+02 -6.360998874808361037e-04 -1.041185012181248745e-02
1.480000000000000000e+02 -5.191423467175214444e-04 -9.529589780697581003e-03
1.490000000000000000e+02 -4.220338031272843926e-04 -8.707267472511236173e-03
1.500000000000000000e+02 -3.417906195843361129e-04 -7.940688950097959942e-03
1.510000000000000000e+02 -2.757613188526475368e-04 -7.224981265427530761e-03
1.520000000000000000e+02 -2.216235558587488432e-04 -6.556322101554630001e-03
1.530000000000000000e+02 -1.773900703832673642e-04 -5.932771959411416510e-03
1.540000000000000000e+02 -1.413921423831092405e-04 -5.353983029107159050e-03
1.550000000000000000e+02 -1.122345536459485411e-04 -4.820150518059773508e-03
1.560000000000000000e+02 -8.873922483293946221e-05 -4.330859316392369172e-03
1.570000000000000000e+02 -6.989945785858397574e-05 -3.884398529925065478e-03
1.580000000000000000e+02 -5.485473594102451819e-05 -3.477792051185286427e-03
1.590000000000000000e+02 -4.288054710062138745e-05 -3.107411387798864229e-03
