0.000000000000000000e+00 -1.004573137818878535e-05 -1.912010743352894442e-05
1.000000000000000000e+00 -1.718560032900464859e-06 -2.028012163907726548e-09
2.000000000000000000e+00 -2.081241298515303681e-06 -2.801262895631645947e-09
3.000000000000000000e+00 -2.617238742244820730e-06 -4.174321618772915916e-09
4.000000000000000000e+00 -3.321822934543486916e-06 -6.210730720681793713e-09
5.000000000000000000e+00 -4.213506309891049325e-06 -9.194146032247539923e-09
6.000000000000000000e+00 -5.331156725856019463e-06 -1.353972814150055974e-08
7.000000000000000000e+00 -6.725331544020365934e-06 -1.983592314369257997e-08
8.000000000000000000e+00 -8.458008310884094903e-06 -2.890770576214681760e-08
9.000000000000000000e+00 -1.060406958227434701e-05 -4.190312187019067279e-08
1.000000000000000000e+01 -1.325342120533982430e-05 -6.041245124637495806e-08
1.100000000000000000e+01 -1.651353214917887811e-05 -8.663055641737767585e-08
1.200000000000000000e+01 -2.051236909872449421e-05 -1.235718410780957184e-07
1.300000000000000000e+01 -2.540174665742835259e-05 -1.753476615186894966e-07
1.400000000000000000e+01 -3.136112766900083919e-05 -2.475222534542930476e-07
1.500000000000000000e+01 -3.860190967233103151e-05 -3.475745894571435809e-07
1.600000000000000000e+01 -4.737222988147689784e-05 -4.855029619295809607e-07
1.700000000000000000e+01 -5.796231735748565313e-05 -6.746096201573783262e-07
1.800000000000000000e+01 -7.071042071317915751e-05 -9.324974447360648661e-07
1.900000000000000000e+01 -8.600934237010364480e-05 -1.282312375822520752e-06
2.000000000000000000e+01 -1.043136110375106172e-04 -1.754283129004835265e-06
2.100000000000000000e+01 -1.261473161584284136e-04 -2.387634749590562774e-06
2.200000000000000000e+01 -1.521126092606293976e-04 -3.232964613259952788e-06
2.300000000000000000e+01 -1.828988533610085079e-04 -4.355162699204919015e-06
2.400000000000000000e+01 -2.192923844121329310e-04 -5.836953340487802798e-06
2.500000000000000000e+01 -2.621868461377015983e-04 -7.783154879895561780e-06
2.600000000000000000e+01 -3.125940654237713496e-04 -1.032578012746460509e-05
2.700000000000000000e+01 -3.716554286360841241e-04 -1.363008958929244954e-05
2.800000000000000000e+01 -4.406536775943010868e-04 -1.790165892454204235e-05
2.900000000000000000e+01 -5.210249668840991836e-04 -2.339451189413011142e-05
3.000000000000000000e+01 -6.143709462546893384e-04 -3.042047324439979393e-05
3.100000000000000000e+01 -7.224706071648201704e-04 -3.936002643076262403e-05
3.200000000000000000e+01 -8.472916888017139247e-04 -5.067488624807381896e-05
3.300000000000000000e+01 -9.910015305017007628e-04 -6.492212316975930339e-05
3.400000000000000000e+01 -1.155977267517369891e-03 -8.276932516173528536e-05
3.500000000000000000e+01 -1.344815087283785090e-03 -1.050104797639524960e-04
3.600000000000000000e+01 -1.560337917708923793e-03 -1.325830416929631292e-04
3.700000000000000000e+01 -1.805600627432563674e-03 -1.665871688551559548e-04
3.800000000000000000e+01 -2.083891890755364476e-03 -2.083073369977938704e-04
3.900000000000000000e+01 -2.398732432267768229e-03 -2.592347026066742894e-04
4.000000000000000000e+01 -2.753870100788989844e-03 -3.210875556335956765e-04
4.100000000000000000e+01 -3.153272424620061267e-03 -3.958287444557139585e-04
4.200000000000000000e+01 -3.601116388198016827e-03 -4.856821435992025458e-04
4.300000000000000000e+01 -4.101773387014892754e-03 -5.931514197264920471e-04
4.400000000000000000e+01 -4.659785996560127444e-03 -7.210408948838994535e-04
4.500000000000000000e+01 -5.279834016929392526e-03 -8.724726405079840036e-04
4.600000000000000000e+01 -5.966690681260476171e-03 -1.050892466622724937e-03
4.700000000000000000e+01 -6.725173942388067844e-03 -1.260063660628884348e-03
4.800000000000000000e+01 -7.560098606465370449e-03 -1.504056008364274477e-03
4.900000000000000000e+01 -8.476230176895338184e-03 -1.787238603516150270e-03
5.000000000000000000e+01 -9.478232571662916287e-03 -2.114274456516332737e-03
5.100000000000000000e+01 -1.057059637674426927e-02 -2.490102538573872679e-03
5.200000000000000000e+01 -1.175753948096462491e-02 -2.919893507854470511e-03
5.300000000000000000e+01 -1.304288823537631467e-02 -3.408981918303680223e-03
5.400000000000000000e+01 -1.442996396374204154e-02 -3.962794332179809219e-03
5.500000000000000000e+01 -1.592150030073433489e-02 -4.586789605649586009e-03
5.600000000000000000e+01 -1.751959336201209735e-02 -5.286404312577088101e-03
5.700000000000000000e+01 -1.922565156907333345e-02 -6.066976672463982034e-03
5.800000000000000000e+01 -2.104029500909451039e-02 -6.933630668520698523e-03
5.900000000000000000e+01 -2.296318072064058163e-02 -7.891133829983071682e-03
6.000000000000000000e+01 -2.499279304834900461e-02 -8.943764574447499865e-03
6.100000000000000000e+01 -2.712629077802991562e-02 -1.009521113752149049e-02
6.200000000000000000e+01 -2.935948971632810350e-02 -1.134848543271066608e-02
6.300000000000000000e+01 -3.168696769980110239e-02 -1.270581321521930401e-02
6.400000000000000000e+01 -3.410216755042552728e-02 -1.416848363469514448e-02
6.500000000000000000e+01 -3.659734276259068997e-02 -1.573668648380079083e-02
6.600000000000000000e+01 -3.916329970585023801e-02 -1.740938568542165985e-02
6.700000000000000000e+01 -4.178908293933839002e-02 -1.918424887874345397e-02
6.800000000000000000e+01 -4.446187051374787119e-02 -2.105760456688394316e-02
6.900000000000000000e+01 -4.716725569839121113e-02 -2.302438248918297486e-02
7.000000000000000000e+01 -4.988980938248728514e-02 -2.507802768781669869e-02
7.100000000000000000e+01 -5.261355049651166016e-02 -2.721042702280157544e-02
7.200000000000000000e+01 -5.532195522170949009e-02 -2.941189647981403560e-02
7.300000000000000000e+01 -5.799748287873086883e-02 -3.167123829986905059e-02
7.400000000000000000e+01 -6.062105613750266853e-02 -3.397583117682220766e-02
7.500000000000000000e+01 -6.317210719798996288e-02 -3.631171264279140637e-02
7.600000000000000000e+01 -6.562945755230870093e-02 -3.866365224058725125e-02
7.700000000000000000e+01 -6.797262836525796992e-02 -4.101525291455011824e-02
7.800000000000000000e+01 -7.018271939528565595e-02 -4.334911529626475635e-02
7.900000000000000000e+01 -7.224221255342218317e-02 -4.564706056059888301e-02
8.000000000000000000e+01 -7.413389544413868937e-02 -4.789037479985272516e-02
8.100000000000000000e+01 -7.583992240089657000e-02 -5.006004356641305386e-02
8.200000000000000000e+01 -7.734209066267869193e-02 -5.213697881707633763e-02
8.300000000000000000e+01 -7.862351869693673390e-02 -5.410226412446896005e-02
8.400000000000000000e+01 -7.967070660988559427e-02 -5.593743454488084993e-02
8.500000000000000000e+01 -8.047445798806490691e-02 -5.762477829317732420e-02
8.600000000000000000e+01 -8.102890041927873765e-02 -5.914762991018034100e-02
8.700000000000000000e+01 -8.132936570114134012e-02 -6.049063429311003076e-02
8.800000000000000000e+01 -8.137093767502166786e-02 -6.163998393612863530e-02
8.900000000000000000e+01 -8.114907341879754044e-02 -6.258364318755632594e-02
9.000000000000000000e+01 -8.066204461152688687e-02 -6.331156387758020421e-02
9.100000000000000000e+01 -7.991334006436723314e-02 -6.381587916029793361e-02
9.200000000000000000e+01 -7.891201142190139295e-02 -6.409105573923239152e-02
9.300000000000000000e+01 -7.767049466684000647e-02 -6.413399428558341775e-02
9.400000000000000000e+01 -7.620149697227844576e-02 -6.394408267505843901e-02
9.500000000000000000e+01 -7.451637587734762092e-02 -6.352321222757681407e-02
9.600000000000000000e+01 -7.262627945911213911e-02 -6.287576004941158869e-02
9.700000000000000000e+01 -7.054504921533896744e-02 -6.200853022557373251e-02
9.800000000000000000e+01 -6.829137557964681804e-02 -6.093064458285374352e-02
9.900000000000000000e+01 -6.588823445876836049e-02 -5.965338252332390984e-02
1.000000000000000000e+02 -6.335982087814315267e-02 -5.818998076737664366e-02
1.010000000000000000e+02 -6.072822880456554134e-02 -5.655540733075110904e-02
1.020000000000000000e+02 -5.801231717447768998e-02 -5.476611722243523300e-02
1.030000000000000000e+02 -5.522940533020233300e-02 -5.283978789473062210e-02
1.040000000000000000e+02 -5.239815421386005700e-02 -5.079503067590056264e-02
1.050000000000000000e+02 -4.954008982089386226e-02 -4.865108288048254626e-02
1.060000000000000000e+02 -4.667841205791956050e-02 -4.642749605175133104e-02
1.070000000000000000e+02 -4.383496839221225766e-02 -4.414383794137199946e-02
1.080000000000000000e+02 -4.102769830667224449e-02 -4.181941661395405241e-02
1.090000000000000000e+02 -3.827036698195303288e-02 -3.947302318143727090e-02
1.100000000000000000e+02 -3.557451243132651181e-02 -3.712268686006384155e-02
1.110000000000000000e+02 -3.295182921591179731e-02 -3.478544497313060258e-02
1.120000000000000000e+02 -3.041503870059984738e-02 -3.247714159440631687e-02
1.130000000000000000e+02 -2.797666711005472595e-02 -3.021226944540055318e-02
1.140000000000000000e+02 -2.564684852239443313e-02 -2.800385826030655709e-02
1.150000000000000000e+02 -2.343192541413930546e-02 -2.586339965359799042e-02
1.160000000000000000e+02 -2.133483420317002985e-02 -2.380079607545034295e-02
1.170000000000000000e+02 -1.935680776162000336e-02 -2.182433123618695778e-02
1.180000000000000000e+02 -1.749900133291204529e-02 -1.994067042055201050e-02
1.190000000000000000e+02 -1.576290076136330209e-02 -1.815489940630613669e-02
1.200000000000000000e+02 -1.414945702771509134e-02 -1.647059965019371033e-02
1.210000000000000000e+02 -1.265786248756706547e-02 -1.488994606771809961e-02
1.220000000000000000e+02 -1.128501923061836672e-02 -1.341381307374837732e-02
1.230000000000000000e+02 -1.002607609710057072e-02 -1.204188431030622959e-02
1.240000000000000000e+02 -8.875562153404426349e-03 -1.077277114395419622e-02
1.250000000000000000e+02 -7.828283793633185328e-03 -9.604145097574838530e-03
1.260000000000000000e+02 -6.879468678915479085e-03 -8.532880850851238055e-03
1.270000000000000000e+02 -6.024279585141784424e-03 -7.555198752108000827e-03
1.280000000000000000e+02 -5.257250820879291395e-03 -6.666796615414444238e-03
1.290000000000000000e+02 -4.572143101876671029e-03 -5.862968447993164786e-03
1.300000000000000000e+02 -3.962306997493145883e-03 -5.138714570610672383e-03
1.310000000000000000e+02 -3.421254845258360142e-03 -4.488847412840006774e-03
1.320000000000000000e+02 -2.943046420627563539e-03 -3.908091746418276835e-03
1.330000000000000000e+02 -2.522302641612278202e-03 -3.391173756186752902e-03
1.340000000000000000e+02 -2.153958362194782934e-03 -2.932894431443591916e-03
1.350000000000000000e+02 -1.833016987018191383e-03 -2.528187632513374025e-03
1.360000000000000000e+02 -1.554501344449834123e-03 -2.172166882871739806e-03
1.370000000000000000e+02 -1.313606548246702308e-03 -1.860164507993819407e-03
1.380000000000000000e+02 -1.105912668874803328e-03 -1.587763639312449399e-03
1.390000000000000000e+02 -9.275025955907249299e-04 -1.350821406068235340e-03
1.400000000000000000e+02 -7.749297689246951223e-04 -1.145482258833237146e-03
1.410000000000000000e+02 -6.450940272058204149e-04 -9.681826477346916699e-04
1.420000000000000000e+02 -5.351286758489847990e-04 -8.156497787221628128e-04
1.430000000000000000e+02 -4.423648476917327213e-04 -6.848967343581572340e-04
1.440000000000000000e+02 -3.643672055741154999e-04 -5.732147373177529179e-04
1.450000000000000000e+02 -2.989866296648859868e-04 -4.781623405967035307e-04
1.460000000000000000e+02 -2.443777062977777457e-04 -3.975515286371779258e-04
1.470000000000000000e+02 -1.989663904610000048e-04 -3.294315223838384810e-04
1.480000000000000000e+02 -1.613905528666848856e-04 -2.720715358354111211e-04
1.490000000000000000e+02 -1.304478365286232877e-04 -2.239434644516880945e-04
1.500000000000000000e+02 -1.050707335265093446e-04 -1.837048749391983777e-04
1.510000000000000000e+02 -8.432532220395020988e-05 -1.501822785270705545e-04
1.520000000000000000e+02 -6.741600280031855008e-05 -1.223547004000845025e-04
1.530000000000000000e+02 -5.368056100923276311e-05 -9.933778236242968426e-05
1.540000000000000000e+02 -4.257181312773561111e-05 -8.036876482553316080e-05
1.550000000000000000e+02 -3.363288887586358554e-05 -6.479258767695333736e-05
1.560000000000000000e+02 -2.647600715025397961e-05 -5.204915491545533749e-05
1.570000000000000000e+02 -2.077002272936482721e-05 -4.166168646981329175e-05
1.580000000000000000e+02 -1.623539182591735014e-05 -3.322608153231637672e-05
1.590000000000000000e+02 -1.264153903955384081e-05 -2.640127210699873760e-05
