0.000000000000000000e+00 -7.941686841960960295e-06 -1.272884320210337933e-05
1.000000000000000000e+00 -1.494063660719129811e-09 -6.591805431332710513e-10
2.000000000000000000e+00 -2.124924727161312094e-09 -9.501227969901954831e-10
3.000000000000000000e+00 -3.193830187291750436e-09 -1.457203200130958697e-09
4.000000000000000000e+00 -4.786949217690223186e-09 -2.228278475162156364e-09
5.000000000000000000e+00 -7.137167841059410296e-09 -3.388437974119116042e-09
6.000000000000000000e+00 -1.058289191170755025e-08 -5.122827075600168832e-09
7.000000000000000000e+00 -1.560529591976590405e-08 -7.700738419630860329e-09
8.000000000000000000e+00 -2.288406997403192607e-08 -1.151098468368769199e-08
9.000000000000000000e+00 -3.337386128602753184e-08 -1.711036330970358035e-08
1.000000000000000000e+01 -4.840705264295429626e-08 -2.528998238088249400e-08
1.100000000000000000e+01 -6.983062186925921094e-08 -3.716696858398813035e-08
1.200000000000000000e+01 -1.001881241538721872e-07 -5.431121915498283869e-08
1.300000000000000000e+01 -1.429617670072652217e-07 -7.891753618599446246e-08
1.400000000000000000e+01 -2.028925561583624377e-07 -1.140341336133436841e-07
1.500000000000000000e+01 -2.863981357858137813e-07 -1.638625350177770745e-07
1.600000000000000000e+01 -4.021105414065593993e-07 -2.341527812562673486e-07
1.700000000000000000e+01 -5.615631722674314617e-07 -3.327276251474258756e-07
1.800000000000000000e+01 -7.800680809033844542e-07 -4.701732270842003032e-07
1.900000000000000000e+01 -1.077835481703072221e-06 -6.607313880870135972e-07
2.000000000000000000e+01 -1.481390435723694411e-06 -9.234306079671315081e-07
2.100000000000000000e+01 -2.025338792819279080e-06 -1.283512553716507903e-06
2.200000000000000000e+01 -2.754538724393960024e-06 -1.774241417336832911e-06
2.300000000000000000e+01 -3.726756892930851889e-06 -2.439200253757193505e-06
2.400000000000000000e+01 -5.015920534792991256e-06 -3.335163214417123943e-06
2.500000000000000000e+01 -6.716090046571638452e-06 -4.535609890969578622e-06
2.600000000000000000e+01 -8.946253688138315331e-06 -6.134969867675358623e-06
2.700000000000000000e+01 -1.185601202657238661e-05 -8.253763590961001997e-06
2.800000000000000000e+01 -1.563222836344842654e-05 -1.104486582528489268e-05
2.900000000000000000e+01 -2.050679005019024701e-05 -1.470106754119944200e-05
3.000000000000000000e+01 -2.676568940708152737e-05 -1.946397762433447261e-05
3.100000000000000000e+01 -3.475959496054534562e-05 -2.563426079077763025e-05
3.200000000000000000e+01 -4.491593763512316870e-05 -3.358337889690267018e-05
3.300000000000000000e+01 -5.775241928504373562e-05 -4.376723514847686517e-05
3.400000000000000000e+01 -7.389191420553267481e-05 -5.674205923996487568e-05
3.500000000000000000e+01 -9.407893452433293484e-05 -7.318240526290813012e-05
3.600000000000000000e+01 -1.191979009454401366e-04 -9.390070717588206773e-05
3.700000000000000000e+01 -1.502931866620020639e-04 -1.198680596616811790e-04
3.800000000000000000e+01 -1.885904424954320960e-04 -1.522366878321292365e-04
3.900000000000000000e+01 -2.355185301403644050e-04 -1.923649287013151133e-04
4.000000000000000000e+01 -2.927317421018541563e-04 -2.418445854076568498e-04
4.100000000000000000e+01 -3.621324890531124954e-04 -3.025288593252373659e-04
4.200000000000000000e+01 -4.458945552402794913e-04 -3.765586447362155153e-04
4.300000000000000000e+01 -5.464861429395097281e-04 -4.663867799869967062e-04
4.400000000000000000e+01 -6.666910145317971699e-04 -5.748020918736552933e-04
4.500000000000000000e+01 -8.096261508291861938e-04 -7.049545710596799445e-04
4.600000000000000000e+01 -9.787555218218259735e-04 -8.603791990944276678e-04
4.700000000000000000e+01 -1.177900491498719933e-03 -1.045012669323981767e-03
4.800000000000000000e+01 -1.411246705504009494e-03 -1.263199051946729259e-03
4.900000000000000000e+01 -1.683345406133144630e-03 -1.519686528111163651e-03
5.000000000000000000e+01 -1.999106035271437307e-03 -1.819620794861556224e-03
5.100000000000000000e+01 -2.363778251318911835e-03 -2.168536136028948510e-03
5.200000000000000000e+01 -2.782924052905061830e-03 -2.572336198208322305e-03
5.300000000000000000e+01 -3.262381717146772483e-03 -3.037253824408215046e-03
5.400000000000000000e+01 -3.808221278192093148e-03 -3.569788154736064194e-03
5.500000000000000000e+01 -4.426688321533306728e-03 -4.176629217579061817e-03
5.600000000000000000e+01 -5.124132555085700487e-03 -4.864581039227574080e-03
5.700000000000000000e+01 -5.906920946353693726e-03 -5.640480829387516798e-03
5.800000000000000000e+01 -6.781338978381843893e-03 -6.511098599817808155e-03
5.900000000000000000e+01 -7.753483667365612675e-03 -7.483005647875878852e-03
6.000000000000000000e+01 -8.829148231464340954e-03 -8.562420035909928950e-03
6.100000000000000000e+01 -1.001369511145748167e-02 -9.755051207573119110e-03
6.200000000000000000e+01 -1.131191560785599001e-02 -1.106595686225496714e-02
6.300000000000000000e+01 -1.272787970162757298e-02 -1.249940180213033290e-02
6.400000000000000000e+01 -1.426478323591323302e-02 -1.405869781832437895e-02
6.500000000000000000e+01 -1.592479775433990052e-02 -1.574602025978429423e-02
6.600000000000000000e+01 -1.770892323902613363e-02 -1.756222375647208817e-02
6.700000000000000000e+01 -1.961684179176206508e-02 -1.950668612649225642e-02
6.800000000000000000e+01 -2.164677389457494647e-02 -2.157718729921004330e-02
6.900000000000000000e+01 -2.379534469038790609e-02 -2.376980394854896414e-02
7.000000000000000000e+01 -2.605746955727061137e-02 -2.607880064342323057e-02
7.100000000000000000e+01 -2.842626420795155151e-02 -2.849652498854989002e-02
7.200000000000000000e+01 -3.089297911497859012e-02 -3.101333701850672586e-02
7.300000000000000000e+01 -3.344695715341247655e-02 -3.361759595597241940e-02
7.400000000000000000e+01 -3.607561785333945198e-02 -3.629569859386083674e-02
7.500000000000000000e+01 -3.876447649379427540e-02 -3.903214545941821600e-02
7.600000000000000000e+01 -4.149720582879785208e-02 -4.180962259377901669e-02
7.700000000000000000e+01 -4.425574223554140652e-02 -4.460911292080375207e-02
7.800000000000000000e+01 -4.702043192310213782e-02 -4.741006117365996475e-02
7.900000000000000000e+01 -4.977021224605099325e-02 -5.019059946212381385e-02
8.000000000000000000e+01 -5.248282834124762264e-02 -5.292781642005876808e-02
8.100000000000000000e+01 -5.513509031222121881e-02 -5.559804727253960660e-02
8.200000000000000000e+01 -5.770317434433264170e-02 -5.817717817212531700e-02
8.300000000000000000e+01 -6.016296191933377668e-02 -6.064097504417916701e-02
8.400000000000000000e+01 -6.249040215379603885e-02 -6.296544558671329783e-02
8.500000000000000000e+01 -6.466188234602110452e-02 -6.512722589143229990e-02
8.600000000000000000e+01 -6.665460208489140670e-02 -6.710396986004184272e-02
8.700000000000000000e+01 -6.844695623125718331e-02 -6.887472329192946552e-02
8.800000000000000000e+01 -7.001892877978263541e-02 -7.042027866971602157e-02
8.900000000000000000e+01 -7.135248254140569291e-02 -7.172351445850366769e-02
9.000000000000000000e+01 -7.243191506727034157e-02 -7.276971629042225387e-02
9.100000000000000000e+01 -7.324415739981937623e-02 -7.354686526161108295e-02
9.200000000000000000e+01 -7.377901726679826633e-02 -7.404587494294073702e-02
9.300000000000000000e+01 -7.402938719654331146e-02 -7.426076781913243385e-02
9.400000000000000000e+01 -7.399142724682430949e-02 -7.418879411374532107e-02
9.500000000000000000e+01 -7.366469904232583743e-02 -7.383049888446455156e-02
9.600000000000000000e+01 -7.305220920191651812e-02 -7.318973506714937516e-02
9.700000000000000000e+01 -7.216034336400184435e-02 -7.227361146409222448e-02
9.800000000000000000e+01 -7.099871946305207071e-02 -7.109236714124142487e-02
9.900000000000000000e+01 -6.958001068072973416e-02 -6.965917710954350195e-02
1.000000000000000000e+02 -6.791975658735811827e-02 -6.798990599254320366e-02
1.010000000000000000e+02 -6.603612695484788186e-02 -6.610282485498286675e-02
1.020000000000000000e+02 -6.394958910545714414e-02 -6.401829371291103965e-02
1.030000000000000000e+02 -6.168247956799875059e-02 -6.175840337386127865e-02
1.040000000000000000e+02 -5.925854510499917877e-02 -5.934657694288812679e-02
1.050000000000000000e+02 -5.670252501694728747e-02 -5.680714842008361548e-02
1.060000000000000000e+02 -5.403978368552466577e-02 -5.416494545857444137e-02
1.070000000000000000e+02 -5.129593668938607631e-02 -5.144489424808731948e-02
1.080000000000000000e+02 -4.849642017349732603e-02 -4.867164537494234056e-02
1.090000000000000000e+02 -4.566602766768776411e-02 -4.586921077384389922e-02
1.100000000000000000e+02 -4.282849912063182996e-02 -4.306061318365517893e-02
1.110000000000000000e+02 -4.000622404595322035e-02 -4.026756817668718236e-02
1.120000000000000000e+02 -3.722003714575104760e-02 -3.751022310397278403e-02
1.130000000000000000e+02 -3.448903144070199212e-02 -3.480696058045527896e-02
1.140000000000000000e+02 -3.183034768615647381e-02 -3.217425289204174643e-02
1.150000000000000000e+02 -2.925897914385248641e-02 -2.962654957629904176e-02
1.160000000000000000e+02 -2.678766677355642889e-02 -2.717619624580247181e-02
1.170000000000000000e+02 -2.442691283080643261e-02 -2.483339951093766623e-02
1.180000000000000000e+02 -2.218506458904854345e-02 -2.260625111205099777e-02
1.190000000000000000e+02 -2.006839694258870724e-02 -2.050080548960463850e-02
1.200000000000000000e+02 -1.808117229604441767e-02 -1.852118903455808596e-02
1.210000000000000000e+02 -1.622571845480933958e-02 -1.666972221511262703e-02
1.220000000000000000e+02 -1.450257261853236598e-02 -1.494705266916810521e-02
1.230000000000000000e+02 -1.291069006545393465e-02 -1.335230899342862779e-02
1.240000000000000000e+02 -1.144766821695376163e-02 -1.188327960814004186e-02
1.250000000000000000e+02 -1.010994012579018685e-02 -1.053660619883126440e-02
1.260000000000000000e+02 -8.892935579664137252e-03 -9.307973609577392671e-03
1.270000000000000000e+02 -7.791241860663282795e-03 -8.192285055238003946e-03
1.280000000000000000e+02 -6.798787466214744474e-03 -7.183824531142414885e-03
1.290000000000000000e+02 -5.909037691349944103e-03 -6.276413819162986359e-03
1.300000000000000000e+02 -5.115171023689102717e-03 -5.463565751932585729e-03
1.310000000000000000e+02 -4.410217716278391764e-03 -4.738626708629962991e-03
1.320000000000000000e+02 -3.787168366648343675e-03 -4.094899534525589524e-03
1.330000000000000000e+02 -3.239072216464831695e-03 -3.525744288774082698e-03
1.340000000000000000e+02 -2.759134303571122125e-03 -3.024661251272283032e-03
1.350000000000000000e+02 -2.340803669519106196e-03 -2.585361842242773350e-03
1.360000000000000000e+02 -1.977840026126925950e-03 -2.201828977248158990e-03
1.370000000000000000e+02 -1.664355549138446478e-03 -1.868364450250234411e-03
1.380000000000000000e+02 -1.394839449034042953e-03 -1.579621221441087275e-03
1.390000000000000000e+02 -1.164174870834234175e-03 -1.330621865873995698e-03
1.400000000000000000e+02 -9.676513560194326125e-04 -1.116767000359395953e-03
1.410000000000000000e+02 -8.009699869562434110e-04 -9.338370707305163575e-04
1.420000000000000000e+02 -6.602381280775735609e-04 -7.779886753506125296e-04
1.430000000000000000e+02 -5.419547177699328812e-04 -6.457451672641720004e-04
1.440000000000000000e+02 -4.429901840775956538e-04 -5.339816783118961222e-04
1.450000000000000000e+02 -3.605645879645517872e-04 -4.399059407414356352e-04
1.460000000000000000e+02 -2.922250684502914028e-04 -3.610368435715161518e-04
1.470000000000000000e+02 -2.358219713771167816e-04 -2.951821303214512832e-04
1.480000000000000000e+02 -1.894833034013739047e-04 -2.404157458407266709e-04
1.490000000000000000e+02 -1.515883028911755735e-04 -1.950549062864923109e-04
1.500000000000000000e+02 -1.207414898198508595e-04 -1.576371313636519935e-04
1.510000000000000000e+02 -9.574815861365486291e-05 -1.268977871577791727e-04
1.520000000000000000e+02 -7.559153792345495409e-05 -1.017487219429831670e-04
1.530000000000000000e+02 -5.941145494562156444e-05 -8.125832298402579598e-05
1.540000000000000000e+02 -4.648441739956164141e-05 -6.463304297582990162e-05
1.550000000000000000e+02 -3.620524655645207686e-05 -5.120033914216301312e-05
1.560000000000000000e+02 -2.807045610746533462e-05 -4.039301400369162300e-05
1.570000000000000000e+02 -2.166345170339790391e-05 -3.173500551714599865e-05
1.580000000000000000e+02 -1.664146880745311929e-05 -2.482865546184196185e-05
1.590000000000000000e+02 -1.272408987168428326e-05 -1.934341194045299562e-05
