0.000000000000000000e+00 -1.090215848580918800e-05 -3.565822984221889772e-06
1.000000000000000000e+00 -2.327637581884392622e-07 -4.841284057825346499e-08
2.000000000000000000e+00 -2.966333874345428120e-07 -6.172105899316018533e-08
3.000000000000000000e+00 -3.933530719609260905e-07 -8.567271052395187916e-08
4.000000000000000000e+00 -5.233555308014329091e-07 -1.190769286437033020e-07
5.000000000000000000e+00 -6.944962122169818910e-07 -1.649010323595158675e-07
6.000000000000000000e+00 -9.183975538415973077e-07 -2.273962802832889947e-07
7.000000000000000000e+00 -1.210075100164071506e-06 -3.122290725276474808e-07
8.000000000000000000e+00 -1.588561104332196859e-06 -4.268680704027295410e-07
9.000000000000000000e+00 -2.077819754011200860e-06 -5.810984936277547204e-07
1.000000000000000000e+01 -2.707885839167354577e-06 -7.876725089140134577e-07
1.100000000000000000e+01 -3.516244029603901294e-06 -1.063125449808118268e-06
1.200000000000000000e+01 -4.549483734325120777e-06 -1.428796454295986171e-06
1.300000000000000000e+01 -5.865272064994680822e-06 -1.912096614937322082e-06
1.400000000000000000e+01 -7.534693810227082158e-06 -2.548069737416730917e-06
1.500000000000000000e+01 -9.645013930056710029e-06 -3.381294714802895138e-06
1.600000000000000000e+01 -1.230292424719133707e-05 -4.468189206214770149e-06
1.700000000000000000e+01 -1.563834066857620897e-05 -5.879791601298138169e-06
1.800000000000000000e+01 -1.980882009611870407e-05 -7.705114330088285639e-06
1.900000000000000000e+01 -2.500466814728765603e-05 -1.005516607085725054e-05
2.000000000000000000e+01 -3.145481151679426174e-05 -1.306773122488334782e-05
2.100000000000000000e+01 -3.943351296963270675e-05 -1.691298473619466618e-05
2.200000000000000000e+01 -4.926801111793513487e-05 -2.180002814389005183e-05
2.300000000000000000e+01 -6.134716810547692026e-05 -2.798446452593430811e-05
2.400000000000000000e+01 -7.613120328869540021e-05 -3.577716431370695475e-05
2.500000000000000000e+01 -9.416257981370916802e-05 -4.555437366224454263e-05
2.600000000000000000e+01 -1.160780964913481780e-04 -5.776926439814868814e-05
2.700000000000000000e+01 -1.426222230774557768e-04 -7.296494941549168758e-05
2.800000000000000000e+01 -1.746617039233108628e-04 -9.178895260412601597e-05
2.900000000000000000e+01 -2.132014401090343611e-04 -1.150091649839917287e-04
3.000000000000000000e+01 -2.594016388029714900e-04 -1.435313964082582069e-04
3.100000000000000000e+01 -3.145961869071342955e-04 -1.784186388064769660e-04
3.200000000000000000e+01 -3.803121622934440378e-04 -2.209120159275364454e-04
3.300000000000000000e+01 -4.582903393560997310e-04 -2.724531543879261377e-04
3.400000000000000000e+01 -5.505064771035316808e-04 -3.347075356822311093e-04
3.500000000000000000e+01 -6.591931050163916082e-04 -4.095884181579568920e-04
3.600000000000000000e+01 -7.868614620260102515e-04 -4.992811069146297839e-04
3.700000000000000000e+01 -9.363232154178688458e-04 -6.062674596622294639e-04
3.800000000000000000e+01 -1.110711581569720887e-03 -7.333503135837577194e-04
3.900000000000000000e+01 -1.313501434094695858e-03 -8.836770235172215120e-04
4.000000000000000000e+01 -1.548527837332403781e-03 -1.060760840814675265e-03
4.100000000000000000e+01 -1.820002161759515539e-03 -1.268498805761488412e-03
4.200000000000000000e+01 -2.132524644950211951e-03 -1.511185222797943465e-03
4.300000000000000000e+01 -2.491092202932625437e-03 -1.793520248018570795e-03
4.400000000000000000e+01 -2.901100641376291693e-03 -2.120613125015244176e-03
4.500000000000000000e+01 -3.368340984748371871e-03 -2.497979004647701493e-03
4.600000000000000000e+01 -3.898989853863635020e-03 -2.931527493463636884e-03
4.700000000000000000e+01 -4.499593101293608566e-03 -3.427540758008663403e-03
4.800000000000000000e+01 -5.177040391765501924e-03 -3.992639494350767003e-03
4.900000000000000000e+01 -5.938527290704260879e-03 -4.633736045137499052e-03
5.000000000000000000e+01 -6.791502289731177026e-03 -5.357974736744141979e-03
5.100000000000000000e+01 -7.743599418224686101e-03 -6.172659633576701999e-03
5.200000000000000000e+01 -8.802560567085499291e-03 -7.085169386296017412e-03
5.300000000000000000e+01 -9.976151708950237867e-03 -8.102858088977493017e-03
5.400000000000000000e+01 -1.127207187984716023e-02 -9.232940585067879805e-03
5.500000000000000000e+01 -1.269784615756051546e-02 -1.048236103266842953e-02
5.600000000000000000e+01 -1.426069148038573188e-02 -1.185764522392845563e-02
5.700000000000000000e+01 -1.596735296544272986e-02 -1.336473997993151315e-02
5.800000000000000000e+01 -1.782392508468246678e-02 -1.500884542459852110e-02
5.900000000000000000e+01 -1.983568272642721037e-02 -1.679424566722243981e-02
6.000000000000000000e+01 -2.200693740478376972e-02 -1.872413925149649452e-02
6.100000000000000000e+01 -2.434090466120198554e-02 -2.080046530337136337e-02
6.200000000000000000e+01 -2.683954301520000141e-02 -2.302372059772614735e-02
6.300000000000000000e+01 -2.950333286379330094e-02 -2.539277095216944946e-02
6.400000000000000000e+01 -3.233101284477329918e-02 -2.790467360272784469e-02
6.500000000000000000e+01 -3.531934716716122330e-02 -3.055453353443642051e-02
6.600000000000000000e+01 -3.846300356046522539e-02 -3.333540576884728296e-02
6.700000000000000000e+01 -4.175455070270453484e-02 -3.623823162591092301e-02
6.800000000000000000e+01 -4.518448048819205531e-02 -3.925178101774322997e-02
6.900000000000000000e+01 -4.874112115907821424e-02 -4.236258610404518288e-02
7.000000000000000000e+01 -5.241039818343563167e-02 -4.555489124195917505e-02
7.100000000000000000e+01 -5.617557322012611820e-02 -4.881067628663397773e-02
7.200000000000000000e+01 -6.001719533382265936e-02 -5.210979614574900304e-02
7.300000000000000000e+01 -6.391340062812078671e-02 -5.543021697340527743e-02
7.400000000000000000e+01 -6.784043070500578310e-02 -5.874826878953521431e-02
7.500000000000000000e+01 -7.177302623537566706e-02 -6.203884069869494700e-02
7.600000000000000000e+01 -7.568442409441021590e-02 -6.527553127069631034e-02
7.700000000000000000e+01 -7.954605461065168692e-02 -6.843086326876263170e-02
7.800000000000000000e+01 -8.332740743038662135e-02 -7.147667740175145390e-02
7.900000000000000000e+01 -8.699653384177945259e-02 -7.438470208766828629e-02
8.000000000000000000e+01 -9.052118330307926120e-02 -7.712714614664800683e-02
8.100000000000000000e+01 -9.386998576894872715e-02 -7.967712712680503906e-02
8.200000000000000000e+01 -9.701294542326380221e-02 -8.200889132989318264e-02
8.300000000000000000e+01 -9.992104895725019420e-02 -8.409799197453668440e-02
8.400000000000000000e+01 -1.025656254813348128e-01 -8.592166518582174117e-02
8.500000000000000000e+01 -1.049184632403008660e-01 -8.745947705348111612e-02
8.600000000000000000e+01 -1.069531408046998089e-01 -8.869403496670104359e-02
8.700000000000000000e+01 -1.086469356041430134e-01 -8.961142854115802803e-02
8.800000000000000000e+01 -1.099819998734742621e-01 -9.020124416559080482e-02
8.900000000000000000e+01 -1.109449619243212115e-01 -9.045634870101636194e-02
9.000000000000000000e+01 -1.115254390534442253e-01 -9.037283427131162505e-02
9.100000000000000000e+01 -1.117149830768888463e-01 -8.995034322387750192e-02
9.200000000000000000e+01 -1.115076979543504071e-01 -8.919258121805509476e-02
9.300000000000000000e+01 -1.109022859054705906e-01 -8.810756029919440679e-02
9.400000000000000000e+01 -1.099038662172445030e-01 -8.670726950524582088e-02
9.500000000000000000e+01 -1.085239070283413459e-01 -8.500693176028223386e-02
9.600000000000000000e+01 -1.067781449469554916e-01 -8.302434673181183222e-02
9.700000000000000000e+01 -1.046841295786041792e-01 -8.077970427833353062e-02
9.800000000000000000e+01 -1.022604012706144899e-01 -7.829577224783673683e-02
9.900000000000000000e+01 -9.952786991399030503e-02 -7.559796399282542323e-02
1.000000000000000000e+02 -9.651194674068550028e-02 -7.271385850568380660e-02
1.010000000000000000e+02 -9.324321277137387343e-02 -6.967222455673521830e-02
1.020000000000000000e+02 -8.975562866511409277e-02 -6.650204127828411582e-02
1.030000000000000000e+02 -8.608343618148564524e-02 -6.323199720040099947e-02
1.040000000000000000e+02 -8.225904351286753013e-02 -5.989050335603309655e-02
1.050000000000000000e+02 -7.831329732912097052e-02 -5.650579831229826655e-02
1.060000000000000000e+02 -7.427743068688930084e-02 -5.310567700639837185e-02
1.070000000000000000e+02 -7.018453587965167717e-02 -4.971676514797958996e-02
1.080000000000000000e+02 -6.606890814829401160e-02 -4.636370598882189747e-02
1.090000000000000000e+02 -6.196354169158606318e-02 -4.306871657639393253e-02
1.100000000000000000e+02 -5.789767217082627399e-02 -3.985164849262688019e-02
1.110000000000000000e+02 -5.389615338967346930e-02 -3.673027564813284573e-02
1.120000000000000000e+02 -4.998081893062210346e-02 -3.372040524314783017e-02
1.130000000000000000e+02 -4.617232566777536990e-02 -3.083565061591259093e-02
1.140000000000000000e+02 -4.249073284335821293e-02 -2.808706013592930650e-02
1.150000000000000000e+02 -3.895433601215324282e-02 -2.548293693906000107e-02
1.160000000000000000e+02 -3.557783312163698142e-02 -2.302901327466136058e-02
1.170000000000000000e+02 -3.237139370081455053e-02 -2.072885109711301854e-02
1.180000000000000000e+02 -2.934132215330351179e-02 -1.858419723990032205e-02
1.190000000000000000e+02 -2.649164342268461869e-02 -1.659512733465446158e-02
1.200000000000000000e+02 -2.382529304745311174e-02 -1.476003645476590097e-02
1.210000000000000000e+02 -2.134411739328730823e-02 -1.307566559425506550e-02
1.220000000000000000e+02 -1.904799497498642011e-02 -1.153729737059198610e-02
1.230000000000000000e+02 -1.693407883931819652e-02 -1.013909389735304957e-02
1.240000000000000000e+02 -1.499692493130321685e-02 -8.874439423492527096e-03
1.250000000000000000e+02 -1.322944473606428757e-02 -7.736171892046227704e-03
1.260000000000000000e+02 -1.162397027619431825e-02 -6.716695802756498385e-03
1.270000000000000000e+02 -1.017274755699529472e-02 -5.808056454033817297e-03
1.280000000000000000e+02 -8.867744634715136673e-03 -5.002056696355727805e-03
1.290000000000000000e+02 -7.700216973946653540e-03 -4.290431861907033524e-03
1.300000000000000000e+02 -6.660571255286715925e-03 -3.665035707973804662e-03
1.310000000000000000e+02 -5.738717383502190891e-03 -3.117979847774230914e-03
1.320000000000000000e+02 -4.924664043454225065e-03 -2.641706343184209091e-03
1.330000000000000000e+02 -4.208957362759864831e-03 -2.229016471337977659e-03
1.340000000000000000e+02 -3.582752443836142130e-03 -1.873093057136527868e-03
1.350000000000000000e+02 -3.037621744112657240e-03 -1.567536390719275309e-03
1.360000000000000000e+02 -2.565369571564588697e-03 -1.306407139394092504e-03
1.370000000000000000e+02 -2.158042742144985430e-03 -1.084256839647377907e-03
1.380000000000000000e+02 -1.808120678015954661e-03 -8.961331820422739625e-04
1.390000000000000000e+02 -1.508723367363875656e-03 -7.375625820724085934e-04
1.400000000000000000e+02 -1.253690148898816900e-03 -6.045224678156764118e-04
1.410000000000000000e+02 -1.037506873962202626e-03 -4.934146231119225902e-04
1.420000000000000000e+02 -8.551710522444575142e-04 -4.010430111312506137e-04
1.430000000000000000e+02 -7.021018193531886010e-04 -3.245925867580814247e-04
1.440000000000000000e+02 -5.741351465823800546e-04 -2.616042426397879525e-04
1.450000000000000000e+02 -4.675664805429045022e-04 -2.099442864104098688e-04
1.460000000000000000e+02 -3.791749779262918916e-04 -1.677707866329355220e-04
1.470000000000000000e+02 -3.061931955099183277e-04 -1.335006470711558725e-04
1.480000000000000000e+02 -2.462352812209698269e-04 -1.057800117546488022e-04
1.490000000000000000e+02 -1.972230973445201997e-04 -8.345828218969126428e-05
1.500000000000000000e+02 -1.573400687007101408e-04 -6.556452924744310959e-05
1.510000000000000000e+02 -1.250142883459082188e-04 -5.128509112979570016e-05
1.520000000000000000e+02 -9.891171051889930646e-05 -3.994208323980920854e-05
1.530000000000000000e+02 -7.792003394606030397e-05 -3.097339288998705398e-05
1.540000000000000000e+02 -6.111803511125300954e-05 -2.391489974219853992e-05
1.550000000000000000e+02 -4.773880006468018570e-05 -1.838523699772414034e-05
1.560000000000000000e+02 -3.713864467402850489e-05 -1.407286103635196430e-05
1.570000000000000000e+02 -2.877730581877582997e-05 -1.072492360471995098e-05
1.580000000000000000e+02 -2.220673317529179024e-05 -8.137515667867884983e-06
1.590000000000000000e+02 -1.706209635276722972e-05 -6.147093353525626198e-06
