0.000000000000000000e+00 -4.372847253070478302e-05 -1.347619134042786362e-07
1.000000000000000000e+00 -1.314518482517153313e-07 -1.023704509813587737e-10
2.000000000000000000e+00 -1.563851452082206073e-07 -1.664410308845869560e-10
3.000000000000000000e+00 -2.101765896337951371e-07 -2.802365893406533667e-10
4.000000000000000000e+00 -2.842599114185165180e-07 -4.686782582120238586e-10
5.000000000000000000e+00 -3.836328221798966369e-07 -7.779883455012334924e-10
6.000000000000000000e+00 -5.160641270524975325e-07 -1.281710735106541462e-09
7.000000000000000000e+00 -6.917323689529227343e-07 -2.095449078828259240e-09
8.000000000000000000e+00 -9.236092215631300852e-07 -3.399507106604004751e-09
9.000000000000000000e+00 -1.228122167516485315e-06 -5.473190501377794992e-09
1.000000000000000000e+01 -1.626137690088698444e-06 -8.745745579568979006e-09
1.100000000000000000e+01 -2.144280236399469040e-06 -1.387064057287643191e-08
1.200000000000000000e+01 -2.816485461068755083e-06 -2.183334135489782556e-08
1.300000000000000000e+01 -3.685621250038537589e-06 -3.410802648485629525e-08
1.400000000000000000e+01 -4.805106278008755849e-06 -5.288407079624539577e-08
1.500000000000000000e+01 -6.240712977758908680e-06 -8.138738450056284474e-08
1.600000000000000000e+01 -8.072998258891974683e-06 -1.243279814635321999e-07
1.700000000000000000e+01 -1.040081540382278799e-05 -1.885192845935340584e-07
1.800000000000000000e+01 -1.334599195085937212e-05 -2.837361282785881916e-07
1.900000000000000000e+01 -1.705867948232658344e-05 -4.238964032245609336e-07
2.000000000000000000e+01 -2.172255029363612532e-05 -6.286590162535363335e-07
2.100000000000000000e+01 -2.755937588908896052e-05 -9.255439764880899624e-07
2.200000000000000000e+01 -3.483355644067975755e-05 -1.352724466349713864e-06
2.300000000000000000e+01 -4.385819922691855811e-05 -1.962707090448441645e-06
2.400000000000000000e+01 -5.500437594591695218e-05 -2.827152340008449708e-06
2.500000000000000000e+01 -6.871373278762986933e-05 -4.043067374098511529e-06
2.600000000000000000e+01 -8.551239794389778163e-05 -5.740599871184616543e-06
2.700000000000000000e+01 -1.060229055764849026e-04 -8.092769648067017093e-06
2.800000000000000000e+01 -1.309722136567262145e-04 -1.132763499087633081e-05
2.900000000000000000e+01 -1.611975973517030365e-04 -1.574339456473150875e-05
3.000000000000000000e+01 -1.976556669691401319e-04 -2.172671571102250629e-05
3.100000000000000000e+01 -2.414395880445651668e-04 -2.977445157040986611e-05
3.200000000000000000e+01 -2.938044754343084532e-04 -4.051915512736309962e-05
3.300000000000000000e+01 -3.561937876344714615e-04 -5.475913372397722635e-05
3.400000000000000000e+01 -4.302562993719711779e-04 -7.349353845405034536e-05
3.500000000000000000e+01 -5.178482882908449787e-04 -9.796212210305899537e-05
3.600000000000000000e+01 -6.210270353571426850e-04 -1.296888467852173399e-04
3.700000000000000000e+01 -7.420510215996091192e-04 -1.705292004765736216e-04
3.800000000000000000e+01 -8.833998970649267800e-04 -2.227218217713280123e-04
3.900000000000000000e+01 -1.047811789510303326e-03 -2.889440379410114067e-04
4.000000000000000000e+01 -1.238317080157815128e-03 -3.723685889680918904e-04
4.100000000000000000e+01 -1.458242578628774237e-03 -4.767180370686275714e-04
4.200000000000000000e+01 -1.711176632499932003e-03 -6.063154864602983245e-04
4.300000000000000000e+01 -2.000914816119827438e-03 -7.661320275042845379e-04
4.400000000000000000e+01 -2.331424115552904828e-03 -9.618288372517782908e-04
4.500000000000000000e+01 -2.706851516464240433e-03 -1.199787127128338357e-03
4.600000000000000000e+01 -3.131564123966013545e-03 -1.487118849550479391e-03
4.700000000000000000e+01 -3.610171404667003158e-03 -1.831656832179997087e-03
4.800000000000000000e+01 -4.147479517665565718e-03 -2.241926863396033909e-03
4.900000000000000000e+01 -4.748371241095596107e-03 -2.727099232051765580e-03
5.000000000000000000e+01 -5.417662600407608352e-03 -3.296909372846139590e-03
5.100000000000000000e+01 -6.160010277136755870e-03 -3.961539275711130174e-03
5.200000000000000000e+01 -6.979905553601908896e-03 -4.731463300849922220e-03
5.300000000000000000e+01 -7.881714582974005609e-03 -5.617268241759538518e-03
5.400000000000000000e+01 -8.869672616632785084e-03 -6.629448259857831025e-03
5.500000000000000000e+01 -9.947761296992520264e-03 -7.778164011001312446e-03
5.600000000000000000e+01 -1.111948482273230308e-02 -9.072961278553049597e-03
5.700000000000000000e+01 -1.238764556027004832e-02 -1.052246332744433133e-02
5.800000000000000000e+01 -1.375422863450660727e-02 -1.213405781991800866e-02
5.900000000000000000e+01 -1.522042210159564937e-02 -1.391358383982055011e-02
6.000000000000000000e+01 -1.678668709701577194e-02 -1.586501015154660049e-02
6.100000000000000000e+01 -1.845274514759669138e-02 -1.799010591829578593e-02
6.200000000000000000e+01 -2.021741349804183005e-02 -2.028812802404524399e-02
6.300000000000000000e+01 -2.207834731811856438e-02 -2.275555267648289928e-02
6.400000000000000000e+01 -2.403183519039163787e-02 -2.538585753095537467e-02
6.500000000000000000e+01 -2.607276507917291597e-02 -2.816934479642512618e-02
6.600000000000000000e+01 -2.819475158329535006e-02 -3.109300822095337202e-02
6.700000000000000000e+01 -3.039029470763374152e-02 -3.414046863094107043e-02
6.800000000000000000e+01 -3.265082668387546405e-02 -3.729200100138404389e-02
6.900000000000000000e+01 -3.496660909556380259e-02 -4.052465188077901403e-02
7.000000000000000000e+01 -3.732658014917733524e-02 -4.381243185416418967e-02
7.100000000000000000e+01 -3.971830733055657647e-02 -4.712657988631899220e-02
7.200000000000000000e+01 -4.212812920371210995e-02 -5.043591289184860826e-02
7.300000000000000000e+01 -4.454143310356288576e-02 -5.370726824073804306e-02
7.400000000000000000e+01 -4.694292685164060813e-02 -5.690602553120502338e-02
7.500000000000000000e+01 -4.931679192234464382e-02 -5.999668408283788390e-02
7.600000000000000000e+01 -5.164672195416181166e-02 -6.294348262600184263e-02
7.700000000000000000e+01 -5.391595410422739265e-02 -6.571105823715435446e-02
7.800000000000000000e+01 -5.610740887074493199e-02 -6.826513578870556376e-02
7.900000000000000000e+01 -5.820396798142557504e-02 -7.057322500570195611e-02
8.000000000000000000e+01 -6.018881738948798910e-02 -7.260529784945725373e-02
8.100000000000000000e+01 -6.204574671055829160e-02 -7.433442706482200346e-02
8.200000000000000000e+01 -6.375934757837946332e-02 -7.573737403720773309e-02
8.300000000000000000e+01 -6.531513885341361236e-02 -7.679511188652227149e-02
8.400000000000000000e+01 -6.669969340627993071e-02 -7.749326410919021857e-02
8.500000000000000000e+01 -6.790081836257230719e-02 -7.782243992410683986e-02
8.600000000000000000e+01 -6.890777881535450899e-02 -7.777845504205618821e-02
8.700000000000000000e+01 -6.971151159237107264e-02 -7.736243344701890234e-02
8.800000000000000000e+01 -7.030478244153445799e-02 -7.658078778368443418e-02
8.900000000000000000e+01 -7.068228021382569337e-02 -7.544507625118138106e-02
9.000000000000000000e+01 -7.084067323655834914e-02 -7.397173718479471693e-02
9.100000000000000000e+01 -7.077865061328732221e-02 -7.218170891659442256e-02
9.200000000000000000e+01 -7.049694606531942132e-02 -7.009994842981165375e-02
9.300000000000000000e+01 -6.999832566836422520e-02 -6.775486513427250723e-02
9.400000000000000000e+01 -6.928753112686411586e-02 -6.517768667327941690e-02
9.500000000000000000e+01 -6.837119389879992015e-02 -6.240177468216813461e-02
9.600000000000000000e+01 -6.725774407443776970e-02 -5.946191097833079808e-02
9.700000000000000000e+01 -6.595731868705835554e-02 -5.639357708109193901e-02
9.800000000000000000e+01 -6.448164474260514867e-02 -5.323224972600081040e-02
9.900000000000000000e+01 -6.284386427484012216e-02 -5.001273189130654023e-02
1.000000000000000000e+02 -6.105829590102005572e-02 -4.676853527395845311e-02
1.010000000000000000e+02 -5.914016936512341005e-02 -4.353132836089890906e-02
1.020000000000000000e+02 -5.710538828713489223e-02 -4.033046333998390603e-02
1.030000000000000000e+02 -5.497035089781365097e-02 -3.719259227995396627e-02
1.040000000000000000e+02 -5.275180680397776461e-02 -3.414137753853653534e-02
1.050000000000000000e+02 -5.046669335035545989e-02 -3.119729590333183283e-02
1.060000000000000000e+02 -4.813190963968438929e-02 -2.837753326495268125e-02
1.070000000000000000e+02 -4.576404057515590790e-02 -2.569596591093657040e-02
1.080000000000000000e+02 -4.337909314188655163e-02 -2.316322278329884660e-02
1.090000000000000000e+02 -4.099231005382583670e-02 -2.078681928425116579e-02
1.100000000000000000e+02 -3.861807765358911404e-02 -1.857134990270305555e-02
1.110000000000000000e+02 -3.626988408465490338e-02 -1.651872655397587653e-02
1.120000000000000000e+02 -3.396025962273133136e-02 -1.462845125510606886e-02
1.130000000000000000e+02 -3.170066273637667936e-02 -1.289791277349545441e-02
1.140000000000000000e+02 -2.950133618829518453e-02 -1.132269622166665393e-02
1.150000000000000000e+02 -2.737119745909179225e-02 -9.896894121621313545e-03
1.160000000000000000e+02 -2.531781537726227743e-02 -8.613409069384691391e-03
1.170000000000000000e+02 -2.334747174804819442e-02 -7.464241068786485987e-03
1.180000000000000000e+02 -2.146525664625573149e-02 -6.440754761010345809e-03
1.190000000000000000e+02 -1.967513779768677307e-02 -5.533922467313505747e-03
1.200000000000000000e+02 -1.797998149829540745e-02 -4.734539465473555815e-03
1.210000000000000000e+02 -1.638155238891605969e-02 -4.033409420978352825e-03
1.220000000000000000e+02 -1.488054229664052125e-02 -3.421499943846236132e-03
1.230000000000000000e+02 -1.347665904878404125e-02 -2.890069606982891351e-03
1.240000000000000000e+02 -1.216876370614993277e-02 -2.430768098481196540e-03
1.250000000000000000e+02 -1.095501404676775016e-02 -2.035711242162705631e-03
1.260000000000000000e+02 -9.832975363795730395e-03 -1.697533074734016703e-03
1.270000000000000000e+02 -8.799690184670524301e-03 -1.409417819379834647e-03
1.280000000000000000e+02 -7.851729846606876617e-03 -1.165114873263835022e-03
1.290000000000000000e+02 -6.985259445342071986e-03 -9.589397018857103751e-04
1.300000000000000000e+02 -6.196130559199528043e-03 -7.857631723975264625e-04
1.310000000000000000e+02 -5.479990219979892496e-03 -6.409916736170994268e-04
1.320000000000000000e+02 -4.832380719269850113e-03 -5.205402960467684801e-04
1.330000000000000000e+02 -4.248811428561719873e-03 -4.208011617693546377e-04
1.340000000000000000e+02 -3.724802588980819125e-03 -3.386086562009881407e-04
1.350000000000000000e+02 -3.255916121719131927e-03 -2.712029580777252378e-04
1.360000000000000000e+02 -2.837789702851297412e-03 -2.161930049006991178e-04
1.370000000000000000e+02 -2.466179608989714327e-03 -1.715198464197055061e-04
1.380000000000000000e+02 -2.137005495824002496e-03 -1.354211539736701209e-04
1.390000000000000000e+02 -1.846385675463332486e-03 -1.063974493822695465e-04
1.400000000000000000e+02 -1.590656314908832272e-03 -8.318043052216506409e-05
1.410000000000000000e+02 -1.366376739748834113e-03 -6.470363119498308789e-05
1.420000000000000000e+02 -1.170328563861933267e-03 -5.007555402055651345e-05
1.430000000000000000e+02 -9.995155167330930287e-04 -3.855533135673512021e-05
1.440000000000000000e+02 -8.511657689821323924e-04 -2.953089479350708103e-05
1.450000000000000000e+02 -7.227339049758284674e-04 -2.249957222708662676e-05
1.460000000000000000e+02 -6.118986186510197781e-04 -1.705098948321284833e-05
1.470000000000000000e+02 -5.165545099071180632e-04 -1.285212787910657894e-05
1.480000000000000000e+02 -4.347994947869712507e-04 -9.634371883584598635e-06
1.490000000000000000e+02 -3.649208706253341105e-04 -7.182371507334207992e-06
1.500000000000000000e+02 -3.053823610356248830e-04 -5.324539136651760613e-06
1.510000000000000000e+02 -2.548126157959283949e-04 -3.925002856049871492e-06
1.520000000000000000e+02 -2.119942331656363924e-04 -2.876844232376000966e-06
1.530000000000000000e+02 -1.758522097029185461e-04 -2.096458680411492202e-06
1.540000000000000000e+02 -1.454415037401587225e-04 -1.518887466747768346e-06
1.550000000000000000e+02 -1.199342689527508655e-04 -1.093982945382848194e-06
1.560000000000000000e+02 -9.860763044002865895e-05 -7.832818517287437385e-07
1.570000000000000000e+02 -8.083257977658524934e-05 -5.574753221727354396e-07
1.580000000000000000e+02 -6.606404149782639816e-05 -3.943768485812442418e-07
1.590000000000000000e+02 -5.383181953657202156e-05 -2.773026912981495052e-07
