0.000000000000000000e+00 -6.513373510281398974e-07 -6.059737915553145739e-06
1.000000000000000000e+00 -2.944478551352390987e-12 -5.376171551031497257e-09
2.000000000000000000e+00 -5.103447376087678819e-12 -7.292956945996821242e-09
3.000000000000000000e+00 -9.069175131919881547e-12 -1.063340660427558134e-08
4.000000000000000000e+00 -1.600097286865488803e-11 -1.548506869599514857e-08
5.000000000000000000e+00 -2.800800667952289356e-11 -2.244944945143247487e-08
6.000000000000000000e+00 -4.864444631761033665e-11 -3.238942476526354558e-08
7.000000000000000000e+00 -8.385696324614567925e-11 -4.650346080718331342e-08
8.000000000000000000e+00 -1.435000597620250018e-10 -6.644449797101310568e-08
9.000000000000000000e+00 -2.437262946547466852e-10 -9.447977738375593449e-08
1.000000000000000000e+01 -4.107756077924763593e-10 -1.337010216289554053e-07
1.100000000000000000e+01 -6.870080688886044443e-10 -1.882991709709482216e-07
1.200000000000000000e+01 -1.140387091175690717e-09 -2.639234758180296949e-07
1.300000000000000000e+01 -1.879037924829820324e-09 -3.681503021431009835e-07
1.400000000000000000e+01 -3.073244150290200713e-09 -5.110907281521030825e-07
1.500000000000000000e+01 -4.988693001360225509e-09 -7.061683430169449480e-07
1.600000000000000000e+01 -8.036936785268504698e-09 -9.711034457878859171e-07
1.700000000000000000e+01 -1.285131279299584570e-08 -1.329151378939896487e-06
1.800000000000000000e+01 -2.039875181523699760e-08 -1.810660189135278983e-06
1.900000000000000000e+01 -3.214153281917088431e-08 -2.455028125821323441e-06
2.000000000000000000e+01 -5.027055033525519330e-08 -3.313145881984597006e-06
2.100000000000000000e+01 -7.804284588233471258e-08 -4.450403976178860123e-06
2.200000000000000000e+01 -1.202667150119556047e-07 -5.950348792293711620e-06
2.300000000000000000e+01 -1.839852848712632385e-07 -7.919098497945676782e-06
2.400000000000000000e+01 -2.794217973414344849e-07 -1.049067662130666997e-05
2.500000000000000000e+01 -4.212796192110502417e-07 -1.383345208953492411e-05
2.600000000000000000e+01 -6.305345547747267452e-07 -1.815785615733172894e-05
2.700000000000000000e+01 -9.368913975046088726e-07 -2.372549017338535841e-05
2.800000000000000000e+01 -1.382086708232150482e-06 -3.085970848738579418e-05
2.900000000000000000e+01 -2.024241795278070884e-06 -3.995781805844609473e-05
3.000000000000000000e+01 -2.943559868351809390e-06 -5.150515272954062578e-05
3.100000000000000000e+01 -4.249798391779596569e-06 -6.609133000118905536e-05
3.200000000000000000e+01 -6.092014014447085678e-06 -8.442887059078088823e-05
3.300000000000000000e+01 -8.671016618410144793e-06 -1.073741083602457766e-04
3.400000000000000000e+01 -1.225493982926539123e-05 -1.359501638053709849e-04
3.500000000000000000e+01 -1.719855018422088215e-05 -1.713718850181284673e-04
3.600000000000000000e+01 -2.396725619078418623e-05 -2.150729715500489247e-04
3.700000000000000000e+01 -3.316678299506442963e-05 -2.687355970579619166e-04
3.800000000000000000e+01 -4.557899607697130106e-05 -3.343224239504126059e-04
3.900000000000000000e+01 -6.220401635272082954e-05 -4.141101442693563128e-04
4.000000000000000000e+01 -8.430925271802159422e-05 -5.107232381718680063e-04
4.100000000000000000e+01 -1.134867448974175561e-04 -6.271670129134036169e-04
4.200000000000000000e+01 -1.517197642704682574e-04 -7.668598550622785209e-04
4.300000000000000000e+01 -2.014577357063155770e-04 -9.336649617770563904e-04
4.400000000000000000e+01 -2.656973635270168258e-04 -1.131920858137076824e-03
4.500000000000000000e+01 -3.480691980346579039e-04 -1.366468276821369236e-03
4.600000000000000000e+01 -4.529307700391019698e-04 -1.642670062558811150e-03
4.700000000000000000e+01 -5.854657371991437093e-04 -1.966421789947238145e-03
4.800000000000000000e+01 -7.517833846551295884e-04 -2.344152973904200295e-03
4.900000000000000000e+01 -9.590104505695270501e-04 -2.782819817929839488e-03
5.000000000000000000e+01 -1.215371567306663915e-03 -3.289888824589152095e-03
5.100000000000000000e+01 -1.530259565484282840e-03 -3.873307416751680353e-03
5.200000000000000000e+01 -1.914292934554345750e-03 -4.541456170048229976e-03
5.300000000000000000e+01 -2.379347053464905219e-03 -5.303079464045212452e-03
5.400000000000000000e+01 -2.938543040585976478e-03 -6.167195827542293687e-03
5.500000000000000000e+01 -3.606189948294293880e-03 -7.142991835973853954e-03
5.600000000000000000e+01 -4.397687434279541098e-03 -8.239701378694681833e-03
5.700000000000000000e+01 -5.329388434420153503e-03 -9.466467290280007607e-03
5.800000000000000000e+01 -6.418402598838198782e-03 -1.083217982302607518e-02
5.900000000000000000e+01 -7.682320240459477277e-03 -1.234528960680526463e-02
6.000000000000000000e+01 -9.138861675395614295e-03 -1.401359958795357630e-02
6.100000000000000000e+01 -1.080547723773026859e-02 -1.584404517164955672e-02
6.200000000000000000e+01 -1.269890923195494958e-02 -1.784247039739598334e-02
6.300000000000000000e+01 -1.483469766364513276e-02 -2.001340216799756336e-02
6.400000000000000000e+01 -1.722661398804371108e-02 -2.235982013898264731e-02
6.500000000000000000e+01 -1.988604760603614879e-02 -2.488292130864405358e-02
6.600000000000000000e+01 -2.282139696635877499e-02 -2.758188490278321026e-02
6.700000000000000000e+01 -2.603749239279919830e-02 -3.045365002127000884e-02
6.800000000000000000e+01 -2.953503610534182616e-02 -3.349272095251772802e-02
6.900000000000000000e+01 -3.331004992520924385e-02 -3.669101142004573685e-02
7.000000000000000000e+01 -3.735337172431633240e-02 -4.003773118638789819e-02
7.100000000000000000e+01 -4.165026797173911749e-02 -4.351931098256948960e-02
7.200000000000000000e+01 -4.618019208337809101e-02 -4.711936049644851326e-02
7.300000000000000000e+01 -5.091666717787496355e-02 -5.081866271436743382e-02
7.400000000000000000e+01 -5.582727738039575116e-02 -5.459522229757397122e-02
7.500000000000000000e+01 -6.087380236439947356e-02 -5.842439310488570930e-02
7.600000000000000000e+01 -6.601254825551759742e-02 -6.227909783021545742e-02
7.700000000000000000e+01 -7.119488267115255120e-02 -6.613012377266515307e-02
7.800000000000000000e+01 -7.636793048203022183e-02 -6.994645632796347989e-02
7.900000000000000000e+01 -8.147539276480857129e-02 -7.369562210449061290e-02
8.000000000000000000e+01 -8.645849430689087067e-02 -7.734405582015804748e-02
8.100000000000000000e+01 -9.125707545573726043e-02 -8.085754122415486633e-02
8.200000000000000000e+01 -9.581080319256420064e-02 -8.420176137850683695e-02
8.300000000000000000e+01 -1.000604373524958124e-01 -8.734292628127202085e-02
8.400000000000000000e+01 -1.039490967593373616e-01 -9.024838410295807356e-02
8.500000000000000000e+01 -1.074235043503870141e-01 -9.288713530602345225e-02
8.600000000000000000e+01 -1.104351985699979916e-01 -9.523026072843686352e-02
8.700000000000000000e+01 -1.129416726294703022e-01 -9.725136238182451043e-02
8.800000000000000000e+01 -1.149073835373916885e-01 -9.892710133436642683e-02
8.900000000000000000e+01 -1.163045865253396760e-01 -1.002377944743565175e-01
9.000000000000000000e+01 -1.171139786868558852e-01 -1.011679136922288696e-01
9.100000000000000000e+01 -1.173251456628100903e-01 -1.017063471415884657e-01
9.200000000000000000e+01 -1.169367953079239741e-01 -1.018464398062102205e-01
9.300000000000000000e+01 -1.159567578454077097e-01 -1.015859844984650928e-01
9.400000000000000000e+01 -1.144017474073182883e-01 -1.009273217028400088e-01
9.500000000000000000e+01 -1.122969016114366003e-01 -9.987752118313711347e-02
9.600000000000000000e+01 -1.096751246511359912e-01 -9.844843808393678730e-02
9.700000000000000000e+01 -1.065762554429098702e-01 -9.665645416029657044e-02
9.800000000000000000e+01 -1.030460813029755451e-01 -9.452193334296718485e-02
9.900000000000000000e+01 -9.913522761579159071e-02 -9.206863140450981253e-02
1.000000000000000000e+02 -9.489796614939301211e-02 -8.932328545007114928e-02
1.010000000000000000e+02 -9.039098664669265037e-02 -8.631537352082195580e-02
1.020000000000000000e+02 -8.567216838213799479e-02 -8.307681050209357598e-02
1.030000000000000000e+02 -8.079938173632569831e-02 -7.964136425336922065e-02
1.040000000000000000e+02 -7.582935113911894176e-02 -7.604382428563001561e-02
1.050000000000000000e+02 -7.081661392096444407e-02 -7.231918687909411059e-02
1.060000000000000000e+02 -6.581260503440490572e-02 -6.850210225005984310e-02
1.070000000000000000e+02 -6.086488521275986580e-02 -6.462658109894263425e-02
1.080000000000000000e+02 -5.601651933592217969e-02 -6.072573031398886823e-02
1.090000000000000000e+02 -5.130560887584609264e-02 -5.683130441999656446e-02
1.100000000000000000e+02 -4.676498273346310630e-02 -5.297309270944303150e-02
1.110000000000000000e+02 -4.242204618217687573e-02 -4.917837032427576499e-02
1.120000000000000000e+02 -3.829877742652813832e-02 -4.547162118245787199e-02
1.130000000000000000e+02 -3.441185312710544342e-02 -4.187452573718510040e-02
1.140000000000000000e+02 -3.077288350492010660e-02 -3.840601878699292232e-02
1.150000000000000000e+02 -2.738874073418169283e-02 -3.508223824881665648e-02
1.160000000000000000e+02 -2.426196435430219567e-02 -3.191636766444666540e-02
1.170000000000000000e+02 -2.139122343625311090e-02 -2.891853002398194622e-02
1.180000000000000000e+02 -1.877181262776920004e-02 -2.609587348467981571e-02
1.190000000000000000e+02 -1.639616182705462208e-02 -2.345283822560162088e-02
1.200000000000000000e+02 -1.425434458258846050e-02 -2.099146820211807152e-02
1.210000000000000000e+02 -1.233457353485981414e-02 -1.871164482068523108e-02
1.220000000000000000e+02 -1.062367141791067601e-02 -1.661123684889928911e-02
1.230000000000000000e+02 -9.107506586833914383e-03 -1.468625603825586372e-02
1.240000000000000000e+02 -7.771385119815363805e-03 -1.293109742033656147e-02
1.250000000000000000e+02 -6.600395877867515013e-03 -1.133885689897499299e-02
1.260000000000000000e+02 -5.579707746192771357e-03 -9.901650887369143131e-03
1.270000000000000000e+02 -4.694819075898005144e-03 -8.610871852416475056e-03
1.280000000000000000e+02 -3.931759798835393616e-03 -7.457375639832826940e-03
1.290000000000000000e+02 -3.277248110536776313e-03 -6.431644392821378106e-03
1.300000000000000000e+02 -2.718805457176276356e-03 -5.523963802117392262e-03
1.310000000000000000e+02 -2.244834590069510420e-03 -4.724613479943426050e-03
1.320000000000000000e+02 -1.844665414997895096e-03 -4.024039443665263470e-03
1.330000000000000000e+02 -1.508573023233777130e-03 -3.412982436330920782e-03
1.340000000000000000e+02 -1.227772265242794113e-03 -2.882562188612549162e-03
1.350000000000000000e+02 -9.943933710428866195e-04 -2.424337035304024827e-03
1.360000000000000000e+02 -8.014429875607996046e-04 -2.030356075872721388e-03
1.370000000000000000e+02 -6.427544955770181628e-04 -1.693205955856903972e-03
1.380000000000000000e+02 -5.129308616872069225e-04 -1.406043650445307040e-03
1.390000000000000000e+02 -4.072828115171792693e-04 -1.162608380099083155e-03
1.400000000000000000e+02 -3.217647577906965575e-04 -9.572145265562511437e-04
1.410000000000000000e+02 -2.529105431084858265e-04 -7.847333130376502952e-04
1.420000000000000000e+02 -1.977706224727162471e-04 -6.405699364741844525e-04
1.430000000000000000e+02 -1.538518874418998747e-04 -5.206380804259723308e-04
1.440000000000000000e+02 -1.190609925154026709e-04 -4.213305794451694514e-04
1.450000000000000000e+02 -9.165178106233879611e-05 -3.394854155830452375e-04
1.460000000000000000e+02 -7.017718425518335186e-05 -2.723483515070387016e-04
1.470000000000000000e+02 -5.344576334881823170e-05 -2.175347045708240958e-04
1.480000000000000000e+02 -4.048289201420156758e-05 -1.729922239596368464e-04
1.490000000000000000e+02 -3.049644630487313192e-05 -1.369657646752602464e-04
1.500000000000000000e+02 -2.284678039379511223e-05 -1.079636989980706436e-04
1.510000000000000000e+02 -1.702070544883932136e-05 -8.472605933020298360e-05
1.520000000000000000e+02 -1.260914750107396752e-05 -6.619474635400634534e-05
1.530000000000000000e+02 -9.288135241784329106e-06 -5.148623177171888392e-05
1.540000000000000000e+02 -6.802760987891117144e-06 -3.986696718077812810e-05
1.550000000000000000e+02 -4.953763611332736709e-06 -3.073143990353342813e-05
1.560000000000000000e+02 -3.586398552835947319e-06 -2.358269573484386033e-05
1.570000000000000000e+02 -2.581280267310291732e-06 -1.801517056255356870e-05
1.580000000000000000e+02 -1.846909352871893885e-06 -1.369971115147494641e-05
1.590000000000000000e+02 -1.313622660733525073e-06 -1.037064997255693759e-05
