0.000000000000000000e+00 -1.285320044458072108e-06 -2.136548961883531940e-05
1.000000000000000000e+00 -1.637404797801705516e-09 -1.676014332446161716e-06
2.000000000000000000e+00 -2.361770044315794141e-09 -1.870467528672156933e-06
3.000000000000000000e+00 -3.643206719286235925e-09 -2.370203508344484278e-06
4.000000000000000000e+00 -5.602637392667850370e-09 -3.038152954149878456e-06
5.000000000000000000e+00 -8.566602174445312575e-09 -3.891574589683412628e-06
6.000000000000000000e+00 -1.301969254232437161e-08 -4.971850994281311177e-06
7.000000000000000000e+00 -1.966958437123100238e-08 -6.333316422290114350e-06
8.000000000000000000e+00 -2.954326278189133520e-08 -8.043259356881110863e-06
9.000000000000000000e+00 -4.411881310116259690e-08 -1.018392739683941630e-05
1.000000000000000000e+01 -6.550445860219597863e-08 -1.285529581472315675e-05
1.100000000000000000e+01 -9.668529983692134046e-08 -1.617839751628115974e-05
1.200000000000000000e+01 -1.418665951265628646e-07 -2.029920762830868052e-05
1.300000000000000000e+01 -2.069450606970673890e-07 -2.539312740763437180e-05
1.400000000000000000e+01 -3.001381438332981226e-07 -3.167013328598158981e-05
1.500000000000000000e+01 -4.328072935544346235e-07 -3.938066690625200306e-05
1.600000000000000000e+01 -6.205355487557899430e-07 -4.882234129642200619e-05
1.700000000000000000e+01 -8.845542279413277755e-07 -6.034752769583128965e-05
1.800000000000000000e+01 -1.253632207190975432e-06 -7.437187453875610649e-05
1.900000000000000000e+01 -1.766530882928417726e-06 -9.138380598137051374e-05
2.000000000000000000e+01 -2.475117410668484833e-06 -1.119550570833877481e-04
2.100000000000000000e+01 -3.448268743549413832e-06 -1.367523154871719986e-04
2.200000000000000000e+01 -4.776792218474091209e-06 -1.665500304845696038e-04
2.300000000000000000e+01 -6.579656727437806895e-06 -2.022443996218824844e-04
2.400000000000000000e+01 -9.011792812484403347e-06 -2.448684600415930641e-04
2.500000000000000000e+01 -1.227362936801935589e-05 -2.956081444890580807e-04
2.600000000000000000e+01 -1.662255637896966790e-05 -3.558191695376567028e-04
2.700000000000000000e+01 -2.238670718151119794e-05 -4.270447203878331667e-04
2.800000000000000000e+01 -2.998163301149588846e-05 -5.110340058491478262e-04
2.900000000000000000e+01 -3.993029779327718506e-05 -6.097617292472900553e-04
3.000000000000000000e+01 -5.288641432744273804e-05 -7.254482406002250297e-04
3.100000000000000000e+01 -6.966100628200946800e-05 -8.605796648017825139e-04
3.200000000000000000e+01 -9.125258302872322732e-05 -1.017926933019800686e-03
3.300000000000000000e+01 -1.188819203049972510e-04 -1.200562755965305616e-03
3.400000000000000000e+01 -1.540320533686449442e-04 -1.411876306508110402e-03
3.500000000000000000e+01 -1.984925602044780037e-04 -1.655586346579223126e-03
3.600000000000000000e+01 -2.544061576435486497e-04 -1.935753895293153976e-03
3.700000000000000000e+01 -3.243168086833502677e-04 -2.256794516754394384e-03
3.800000000000000000e+01 -4.112210410127776182e-04 -2.623487996464464195e-03
3.900000000000000000e+01 -5.186243917525914940e-04 -3.040980952632622511e-03
4.000000000000000000e+01 -6.506007792727849575e-04 -3.514777872265181270e-03
4.100000000000000000e+01 -8.118477508589511680e-04 -4.050719376678241050e-03
4.200000000000000000e+01 -1.007731504901538972e-03 -4.654951959653328211e-03
4.300000000000000000e+01 -1.244323249399372118e-03 -5.333897168077699966e-03
4.400000000000000000e+01 -1.528434089890601862e-03 -6.094225952546383773e-03
4.500000000000000000e+01 -1.867649595784064533e-03 -6.942834735372889476e-03
4.600000000000000000e+01 -2.270350861621056159e-03 -7.886808530938685738e-03
4.700000000000000000e+01 -2.745703134132095134e-03 -8.933352361815987200e-03
4.800000000000000000e+01 -3.303607166438678015e-03 -1.008968229344787276e-02
4.900000000000000000e+01 -3.954629802725401211e-03 -1.136288932201253571e-02
5.000000000000000000e+01 -4.709931888820670376e-03 -1.275980929592062003e-02
5.100000000000000000e+01 -5.581185137704407564e-03 -1.428693191244667128e-02
5.200000000000000000e+01 -6.580442975802716123e-03 -1.595035333133037331e-02
5.300000000000000000e+01 -7.719940218641182204e-03 -1.775573334704132547e-02
5.400000000000000000e+01 -9.011840384302661003e-03 -1.970819138674496235e-02
5.500000000000000000e+01 -1.046797920083981578e-02 -2.181209569516281629e-02
5.600000000000000000e+01 -1.209962740890488907e-02 -2.407076760399262660e-02
5.700000000000000000e+01 -1.391723786250286150e-02 -2.648619802368593415e-02
5.800000000000000000e+01 -1.593012115975791718e-02 -2.905889549907168801e-02
5.900000000000000000e+01 -1.814604581094956051e-02 -3.178791703087639059e-02
6.000000000000000000e+01 -2.057083163898169517e-02 -3.467100123183980420e-02
6.100000000000000000e+01 -2.320801211244260739e-02 -3.770461855379689947e-02
6.200000000000000000e+01 -2.605856626702544865e-02 -4.088377191382559783e-02
6.300000000000000000e+01 -2.912064787351028791e-02 -4.420154521765726902e-02
6.400000000000000000e+01 -3.238925950589061076e-02 -4.764861417397137783e-02
6.500000000000000000e+01 -3.585591712166715656e-02 -5.121303993021370654e-02
6.600000000000000000e+01 -3.950841448973702041e-02 -5.488054281606324913e-02
6.700000000000000000e+01 -4.333074723448272075e-02 -5.863513932721614585e-02
6.800000000000000000e+01 -4.730314601649659306e-02 -6.245972818804091525e-02
6.900000000000000000e+01 -5.140212451189794807e-02 -6.633617778911093943e-02
7.000000000000000000e+01 -5.560052177725271355e-02 -7.024478638812506337e-02
7.100000000000000000e+01 -5.986762302685137010e-02 -7.416348015422954965e-02
7.200000000000000000e+01 -6.416945420023933977e-02 -7.806742452551096445e-02
7.300000000000000000e+01 -6.846924970122528209e-02 -8.192956365655416906e-02
7.400000000000000000e+01 -7.272799914706604141e-02 -8.572200191845540107e-02
7.500000000000000000e+01 -7.690499052168509042e-02 -8.941749409870553000e-02
7.600000000000000000e+01 -8.095836148899367146e-02 -9.299012359145479578e-02
7.700000000000000000e+01 -8.484573353797159045e-02 -9.641474582876646826e-02
7.800000000000000000e+01 -8.852496535220379104e-02 -9.966567470433290721e-02
7.900000000000000000e+01 -9.195497196745738844e-02 -1.027157510328484541e-01
8.000000000000000000e+01 -9.509651658900447613e-02 -1.055368046273830740e-01
8.100000000000000000e+01 -9.791292731571452079e-02 -1.081015936501772273e-01
8.200000000000000000e+01 -1.003707597802530604e-01 -1.103861934076249551e-01
8.300000000000000000e+01 -1.024404420510826724e-01 -1.123713524453582718e-01
8.400000000000000000e+01 -1.040968940216059069e-01 -1.140419559040230235e-01
8.500000000000000000e+01 -1.053200687133459684e-01 -1.153850594542331492e-01
8.600000000000000000e+01 -1.060953654289887305e-01 -1.163880375091486397e-01
8.700000000000000000e+01 -1.064139028734086834e-01 -1.170383907100331633e-01
8.800000000000000000e+01 -1.062726692426086139e-01 -1.173255979888732786e-01
8.900000000000000000e+01 -1.056745634482653684e-01 -1.172438783033114273e-01
9.000000000000000000e+01 -1.046283241405861902e-01 -1.167939768679071705e-01
9.100000000000000000e+01 -1.031483368263382550e-01 -1.159827075401067414e-01
9.200000000000000000e+01 -1.012543180874968252e-01 -1.148205475529522485e-01
9.300000000000000000e+01 -9.897088617630064866e-02 -1.133189564786339365e-01
9.400000000000000000e+01 -9.632703144534444928e-02 -1.114892643901052305e-01
9.500000000000000000e+01 -9.335550345392254479e-02 -1.093438055659632507e-01
9.600000000000000000e+01 -9.009213827087375615e-02 -1.068983210820952656e-01
9.700000000000000000e+01 -8.657515267577270413e-02 -1.041737397162274120e-01
9.800000000000000000e+01 -8.284442432602312500e-02 -1.011959271285335082e-01
9.900000000000000000e+01 -7.894076495000564020e-02 -9.799346829967647832e-02
1.000000000000000000e+02 -7.490519251691747649e-02 -9.459490817325283407e-02
1.010000000000000000e+02 -7.077822212678311353e-02 -9.102715299602034960e-02
1.020000000000000000e+02 -6.659920854622879138e-02 -8.731579373763634355e-02
1.030000000000000000e+02 -6.240576785040396340e-02 -8.348670636490916619e-02
1.040000000000000000e+02 -5.823328355775100190e-02 -7.956745933891254396e-02
1.050000000000000000e+02 -5.411448559207719666e-02 -7.558735668841991273e-02
1.060000000000000000e+02 -5.007909502657403866e-02 -7.157603251211855366e-02
1.070000000000000000e+02 -4.615354589461048707e-02 -6.756152606382287429e-02
1.080000000000000000e+02 -4.236080382569657604e-02 -6.356900518635821840e-02
1.090000000000000000e+02 -3.872028784360460885e-02 -5.962070675296250039e-02
1.100000000000000000e+02 -3.524787924517278070e-02 -5.573676444572398664e-02
1.110000000000000000e+02 -3.195599255122960614e-02 -5.193607860793084813e-02
1.120000000000000000e+02 -2.885369480089499880e-02 -4.823655223640233719e-02
1.130000000000000000e+02 -2.594687567992594313e-02 -4.465461924149748130e-02
1.140000000000000000e+02 -2.323847336779840192e-02 -4.120450736073167503e-02
1.150000000000000000e+02 -2.072874790766733241e-02 -3.789776402870895233e-02
1.160000000000000000e+02 -1.841558069192630875e-02 -3.474326981021620686e-02
1.170000000000000000e+02 -1.629477920803968152e-02 -3.174758318743037960e-02
1.180000000000000000e+02 -1.436037838562357824e-02 -2.891530363711820872e-02
1.190000000000000000e+02 -1.260494007950946870e-02 -2.624926746112769826e-02
1.200000000000000000e+02 -1.101985123618257068e-02 -2.375061828504318115e-02
1.210000000000000000e+02 -9.595613155924663171e-03 -2.141889921213637610e-02
1.220000000000000000e+02 -8.322109671455199878e-03 -1.925223847839545310e-02
1.230000000000000000e+02 -7.188846085351740037e-03 -1.724756323813415176e-02
1.240000000000000000e+02 -6.185158671271452982e-03 -1.540072780600824226e-02
1.250000000000000000e+02 -5.300398751190900717e-03 -1.370652880164282411e-02
1.260000000000000000e+02 -4.524093491614936992e-03 -1.215871134430731616e-02
1.270000000000000000e+02 -3.846081763068285534e-03 -1.075011245988206042e-02
1.280000000000000000e+02 -3.256622614268213367e-03 -9.472988316754391708e-03
1.290000000000000000e+02 -2.746476740612981832e-03 -8.319413987166464353e-03
1.300000000000000000e+02 -2.306964561760885962e-03 -7.281567212172389107e-03
1.310000000000000000e+02 -1.930005291306724231e-03 -6.351779162015328342e-03
1.320000000000000000e+02 -1.608139878786894348e-03 -5.522398966838867190e-03
1.330000000000000000e+02 -1.334539151317601499e-03 -4.785646776255167087e-03
1.340000000000000000e+02 -1.102998405017893355e-03 -4.133625298308888155e-03
1.350000000000000000e+02 -9.079206766971374470e-04 -3.558529917333695062e-03
1.360000000000000000e+02 -7.442916134074404081e-04 -3.052945787278506327e-03
1.370000000000000000e+02 -6.076485662373893541e-04 -2.610060146459344636e-03
1.380000000000000000e+02 -4.940456899512795166e-04 -2.223684786291643851e-03
1.390000000000000000e+02 -4.000162104149218145e-04 -1.888116402191657162e-03
1.400000000000000000e+02 -3.225329207766196044e-04 -1.597961355053611468e-03
1.410000000000000000e+02 -2.589680903512237269e-04 -1.348052542272800206e-03
1.420000000000000000e+02 -2.070539322927381922e-04 -1.133501637688306106e-03
1.430000000000000000e+02 -1.648444881427777820e-04 -9.498295175697919453e-04
1.440000000000000000e+02 -1.306794390173546152e-04 -7.930720238946716407e-04
1.450000000000000000e+02 -1.031501315763409549e-04 -6.597891149184275652e-04
1.460000000000000000e+02 -8.106802929362963244e-05 -5.469786189925343600e-04
1.470000000000000000e+02 -6.343576575090351447e-05 -4.519549630493613574e-04
1.480000000000000000e+02 -4.942090387460836367e-05 -3.722623908495539965e-04
1.490000000000000000e+02 -3.833239800404322062e-05 -3.056552173647586793e-04
1.500000000000000000e+02 -2.959966111504284990e-05 -2.501278800392237305e-04
1.510000000000000000e+02 -2.275409009726862415e-05 -2.039498864725325410e-04
1.520000000000000000e+02 -1.741288541999294487e-05 -1.656682049907838962e-04
1.530000000000000000e+02 -1.326499573690045345e-05 -1.340692745665980883e-04
1.540000000000000000e+02 -1.005900726267650662e-05 -1.081203797595807578e-04
1.550000000000000000e+02 -7.592787181358900931e-06 -8.691870264562509790e-05
1.560000000000000000e+02 -5.704687969970415653e-06 -6.966526793329740671e-05
1.570000000000000000e+02 -4.266126120490228365e-06 -5.566213178307158701e-05
1.580000000000000000e+02 -3.175362765786633620e-06 -4.431830700439576693e-05
1.590000000000000000e+02 -2.352327275202134099e-06 -3.514949000339304336e-05
