0.000000000000000000e+00 -1.662934866090865976e-05 -2.187629267861075730e-03
1.000000000000000000e+00 -3.796707146792571149e-06 -2.059289706088853627e-04
2.000000000000000000e+00 -4.084269262620481810e-06 -1.848253578845506146e-04
3.000000000000000000e+00 -5.086155333026038820e-06 -1.937166340293129381e-04
4.000000000000000000e+00 -6.433838879162929569e-06 -2.123262423482815656e-04
5.000000000000000000e+00 -8.144269685862512618e-06 -2.369919384602150645e-04
6.000000000000000000e+00 -1.028701999039124603e-05 -2.667798977050469915e-04
7.000000000000000000e+00 -1.295612907952330760e-05 -3.015973499150694870e-04
8.000000000000000000e+00 -1.626783035785089735e-05 -3.416131381612792892e-04
9.000000000000000000e+00 -2.036267752590388281e-05 -3.870167549389483871e-04
1.000000000000000000e+01 -2.540883364078671297e-05 -4.379333661807494559e-04
1.100000000000000000e+01 -3.160601380694586367e-05 -4.944449345897503414e-04
1.200000000000000000e+01 -3.919023344709239554e-05 -5.566849117611620112e-04
1.300000000000000000e+01 -4.843964648294766829e-05 -6.249657236328749798e-04
1.400000000000000000e+01 -5.968157078492161965e-05 -6.998903664765137363e-04
1.500000000000000000e+01 -7.330042678539138985e-05 -7.824013488620758976e-04
1.600000000000000000e+01 -8.974601204948267253e-05 -8.737353127766160719e-04
1.700000000000000000e+01 -1.095415807896619152e-04 -9.752796717564779288e-04
1.800000000000000000e+01 -1.332916962483628729e-04 -1.088363446525312996e-03
1.900000000000000000e+01 -1.616905455829712487e-04 -1.214046765071780110e-03
2.000000000000000000e+01 -1.955318423854519839e-04 -1.352987119821663599e-03
2.100000000000000000e+01 -2.357211122028264182e-04 -1.505444659938211163e-03
2.200000000000000000e+01 -2.832900220369719718e-04 -1.671445395363059701e-03
2.300000000000000000e+01 -3.394110795868039644e-04 -1.851065552186584046e-03
2.400000000000000000e+01 -4.054104790058210474e-04 -2.044753095628915225e-03
2.500000000000000000e+01 -4.827777996785420698e-04 -2.253579601363284168e-03
2.600000000000000000e+01 -5.731733979632499826e-04 -2.479324688447780319e-03
2.700000000000000000e+01 -6.784363229457447252e-04 -2.724336818884820141e-03
2.800000000000000000e+01 -8.005957641564268035e-04 -2.991182589550761290e-03
2.900000000000000000e+01 -9.418866668363534570e-04 -3.282175388459419169e-03
3.000000000000000000e+01 -1.104766329822541755e-03 -3.598935024127052941e-03
3.100000000000000000e+01 -1.291926132636932786e-03 -3.942141490594941108e-03
3.200000000000000000e+01 -1.506293444729528072e-03 -4.311593494610084509e-03
3.300000000000000000e+01 -1.751023483143995287e-03 -4.706580843412357454e-03
3.400000000000000000e+01 -2.029486660308708803e-03 -5.126468399369365180e-03
3.500000000000000000e+01 -2.345259493858881886e-03 -5.571309231480768565e-03
3.600000000000000000e+01 -2.702123619772085501e-03 -6.042280619530021601e-03
3.700000000000000000e+01 -3.104069176146479446e-03 -6.541774934662587977e-03
3.800000000000000000e+01 -3.555291216762250430e-03 -7.073072297926376838e-03
3.900000000000000000e+01 -4.060167010034779374e-03 -7.639655529518072155e-03
4.000000000000000000e+01 -4.623210224316435212e-03 -8.244363577171433255e-03
4.100000000000000000e+01 -5.249010670182153830e-03 -8.888663727156917785e-03
4.200000000000000000e+01 -5.942176566820653316e-03 -9.572308269993296675e-03
4.300000000000000000e+01 -6.707292936506587672e-03 -1.029352044103684465e-02
4.400000000000000000e+01 -7.548895107144349727e-03 -1.104967232859674006e-02
4.500000000000000000e+01 -8.471439720303468660e-03 -1.183824698440237230e-02
4.600000000000000000e+01 -9.479249713016224543e-03 -1.265777784681740986e-02
4.700000000000000000e+01 -1.057642112376703906e-02 -1.350845509602836836e-02
4.800000000000000000e+01 -1.176670268679486618e-02 -1.439217695940949240e-02
4.900000000000000000e+01 -1.305337834970158283e-02 -1.531198605938095814e-02
5.000000000000000000e+01 -1.443918268003567540e-02 -1.627103173872435776e-02
5.100000000000000000e+01 -1.592625648933865268e-02 -1.727137783420224990e-02
5.200000000000000000e+01 -1.751611861644464946e-02 -1.831305559625460988e-02
5.300000000000000000e+01 -1.920961253624126411e-02 -1.939369380437828971e-02
5.400000000000000000e+01 -2.100679919722167957e-02 -2.050886059647303444e-02
5.500000000000000000e+01 -2.290680573066715756e-02 -2.165300714915765340e-02
5.600000000000000000e+01 -2.490767845894107865e-02 -2.282070943878519026e-02
5.700000000000000000e+01 -2.700629819436784623e-02 -2.400781923161444606e-02
5.800000000000000000e+01 -2.919838361897024448e-02 -2.521216723746461802e-02
5.900000000000000000e+01 -3.147855192874700336e-02 -2.643359151394413659e-02
6.000000000000000000e+01 -3.384036415991902025e-02 -2.767326509996822365e-02
6.100000000000000000e+01 -3.627629059180469823e-02 -2.893252296140310514e-02
6.200000000000000000e+01 -3.877759229787061668e-02 -3.021156584117763028e-02
6.300000000000000000e+01 -4.133419116970799695e-02 -3.150846834472123548e-02
6.400000000000000000e+01 -4.393463648829899759e-02 -3.281880836553854874e-02
6.500000000000000000e+01 -4.656623596233400164e-02 -3.413601263410644127e-02
6.600000000000000000e+01 -4.921531953535769610e-02 -3.545227953298350776e-02
6.700000000000000000e+01 -5.186751055358317791e-02 -3.675978227035114898e-02
6.800000000000000000e+01 -5.450786419337944055e-02 -3.805180317733429518e-02
6.900000000000000000e+01 -5.712082322461223965e-02 -3.932348963044669798e-02
7.000000000000000000e+01 -5.969008592709203198e-02 -4.057203283387159076e-02
7.100000000000000000e+01 -6.219857851798565873e-02 -4.179623477324030667e-02
7.200000000000000000e+01 -6.462869090690288865e-02 -4.299561201732042537e-02
7.300000000000000000e+01 -6.696277217526856729e-02 -4.416932593943262431e-02
7.400000000000000000e+01 -6.918369278334410288e-02 -4.531526612711939128e-02
7.500000000000000000e+01 -7.127520441751725166e-02 -4.642953446570040332e-02
7.600000000000000000e+01 -7.322194242287274890e-02 -4.750643190183195808e-02
7.700000000000000000e+01 -7.500916322286407811e-02 -4.853891073486536756e-02
7.800000000000000000e+01 -7.662252185462513354e-02 -4.951936217212462438e-02
7.900000000000000000e+01 -7.804820555364128110e-02 -5.044055648183558282e-02
8.000000000000000000e+01 -7.927351098922458261e-02 -5.129652536320637723e-02
8.100000000000000000e+01 -8.028762530102644124e-02 -5.208317885363332456e-02
8.200000000000000000e+01 -8.108217890602940903e-02 -5.279850212014498834e-02
8.300000000000000000e+01 -8.165124311878789454e-02 -5.344228161785490039e-02
8.400000000000000000e+01 -8.199080448887838268e-02 -5.401543180277024181e-02
8.500000000000000000e+01 -8.209811983787965173e-02 -5.451908834382553082e-02
8.600000000000000000e+01 -8.197146469088888165e-02 -5.495368103156496320e-02
8.700000000000000000e+01 -8.161052691571002438e-02 -5.531820764916667993e-02
8.800000000000000000e+01 -8.101722782075428120e-02 -5.560990782865216087e-02
8.900000000000000000e+01 -8.019640546326403663e-02 -5.582447150025018900e-02
9.000000000000000000e+01 -7.915583583213556262e-02 -5.595679394949894248e-02
9.100000000000000000e+01 -7.790549409627289812e-02 -5.600212420410402570e-02
9.200000000000000000e+01 -7.645648120161435690e-02 -5.595730328029074885e-02
9.300000000000000000e+01 -7.482028342561845846e-02 -5.582172342020835787e-02
9.400000000000000000e+01 -7.300880471348086820e-02 -5.559769562085616068e-02
9.500000000000000000e+01 -7.103506125432519636e-02 -5.529007430040992765e-02
9.600000000000000000e+01 -6.891394317575691431e-02 -5.490520207679921993e-02
9.700000000000000000e+01 -6.666238100567381530e-02 -5.444944401842827242e-02
9.800000000000000000e+01 -6.429866077333913632e-02 -5.392772560673286808e-02
9.900000000000000000e+01 -6.184122492640066471e-02 -5.334252517664779536e-02
1.000000000000000000e+02 -5.930765284165012696e-02 -5.269366869586396968e-02
1.010000000000000000e+02 -5.671438165932322917e-02 -5.197904117810893398e-02
1.020000000000000000e+02 -5.407720577486753444e-02 -5.119603023894292448e-02
1.030000000000000000e+02 -5.141205809612958699e-02 -5.034325959468272799e-02
1.040000000000000000e+02 -4.873540532684356164e-02 -4.942205428853686106e-02
1.050000000000000000e+02 -4.606389111465426095e-02 -4.843715203471348624e-02
1.060000000000000000e+02 -4.341340475465361309e-02 -4.739641080066792078e-02
1.070000000000000000e+02 -4.079814782565896469e-02 -4.630958084788726337e-02
1.080000000000000000e+02 -3.823024995544751364e-02 -4.518650841892061371e-02
1.090000000000000000e+02 -3.572008796136723341e-02 -4.403532615957636565e-02
1.100000000000000000e+02 -3.327698917403743711e-02 -4.286120092451396746e-02
1.110000000000000000e+02 -3.090978070345135054e-02 -4.166603968671628994e-02
1.120000000000000000e+02 -2.862681099802499851e-02 -4.044924571126187751e-02
1.130000000000000000e+02 -2.643547181830695550e-02 -3.920927042307973537e-02
1.140000000000000000e+02 -2.434159109055118730e-02 -3.794544302360718796e-02
1.150000000000000000e+02 -2.234912348351399819e-02 -3.665947413755723389e-02
1.160000000000000000e+02 -2.046032907817252333e-02 -3.535614918187948708e-02
1.170000000000000000e+02 -1.867629426827550551e-02 -3.404300382385394563e-02
1.180000000000000000e+02 -1.699745060964805848e-02 -3.272910838345559348e-02
1.190000000000000000e+02 -1.542380167075302691e-02 -3.142336935601290626e-02
1.200000000000000000e+02 -1.395480477986483885e-02 -3.013289779986207464e-02
1.210000000000000000e+02 -1.258909061275845231e-02 -2.886195633497693619e-02
1.220000000000000000e+02 -1.132428257825057218e-02 -2.761179489554544883e-02
1.230000000000000000e+02 -1.015707236649689149e-02 -2.638138795409428888e-02
1.240000000000000000e+02 -9.083517217908523844e-03 -2.516879301068261285e-02
1.250000000000000000e+02 -8.099387648390502306e-03 -2.397266105694284208e-02
1.260000000000000000e+02 -7.200391448022707905e-03 -2.279340571401534260e-02
1.270000000000000000e+02 -6.382208717839107925e-03 -2.163367855999295819e-02
1.280000000000000000e+02 -5.640402146946396980e-03 -2.049804504549186668e-02
1.290000000000000000e+02 -4.970329158296881572e-03 -1.939201809453734715e-02
1.300000000000000000e+02 -4.367151364817137109e-03 -1.832079882209951271e-02
1.310000000000000000e+02 -3.825951457119586719e-03 -1.728814112561170152e-02
1.320000000000000000e+02 -3.341894203582474864e-03 -1.629568815236502252e-02
1.330000000000000000e+02 -2.910350831679839496e-03 -1.534295468723892615e-02
1.340000000000000000e+02 -2.526943260039522278e-03 -1.442791178055289301e-02
1.350000000000000000e+02 -2.187520457441810215e-03 -1.354794136153313587e-02
1.360000000000000000e+02 -1.888114101468436066e-03 -1.270082967839173543e-02
1.370000000000000000e+02 -1.624917967948366019e-03 -1.188548594292324588e-02
1.380000000000000000e+02 -1.394306311426892191e-03 -1.110219067923347638e-02
1.390000000000000000e+02 -1.192875829064312353e-03 -1.035234741285635460e-02
1.400000000000000000e+02 -1.017483007251553540e-03 -9.637870261389390805e-03
1.410000000000000000e+02 -8.652568451540926632e-04 -8.960439161015220852e-03
1.420000000000000000e+02 -7.335853444145349006e-04 -8.320870342014776919e-03
1.430000000000000000e+02 -6.200885919992852897e-04 -7.718787193461061798e-03
1.440000000000000000e+02 -5.225940490903310072e-04 -7.152663374503477785e-03
1.450000000000000000e+02 -4.391225330970765345e-04 -6.620185947963775838e-03
1.460000000000000000e+02 -3.678836194150377089e-04 -6.118791645983477807e-03
1.470000000000000000e+02 -3.072734467602246237e-04 -5.646191963309786163e-03
1.480000000000000000e+02 -2.558683430108501622e-04 -5.200728973289631997e-03
1.490000000000000000e+02 -2.124120445438766017e-04 -4.781477385180238522e-03
1.500000000000000000e+02 -1.757986583801859676e-04 -4.388098827574647698e-03
1.510000000000000000e+02 -1.450552840641476378e-04 -4.020529911341471155e-03
1.520000000000000000e+02 -1.193272002007154801e-04 -3.678624808962212452e-03
1.530000000000000000e+02 -9.786627740382389837e-05 -3.361869625092718875e-03
1.540000000000000000e+02 -8.002153083817788344e-05 -3.069247274214564024e-03
1.550000000000000000e+02 -6.523028729749376213e-05 -2.799274433797267238e-03
1.560000000000000000e+02 -5.300906799169011164e-05 -2.550176113158157676e-03
1.570000000000000000e+02 -4.294420003972947180e-05 -2.320125670587555242e-03
1.580000000000000000e+02 -3.468272243395208827e-05 -2.107468396622920632e-03
1.590000000000000000e+02 -2.792416457206955331e-05 -1.910864438017878010e-03
