0.000000000000000000e+00 -1.588327781179556142e-05 -1.415995418083571931e-05
1.000000000000000000e+00 -1.624818327095010924e-07 -3.205829253724829093e-08
2.000000000000000000e+00 -1.932703972623039423e-07 -4.662858606768975180e-08
3.000000000000000000e+00 -2.600850674383310740e-07 -6.359812414394828426e-08
4.000000000000000000e+00 -3.521037638297050633e-07 -8.666932766703026852e-08
5.000000000000000000e+00 -4.755403582809059404e-07 -1.176827637172566699e-07
6.000000000000000000e+00 -6.399854799083463405e-07 -1.591485314211923846e-07
7.000000000000000000e+00 -8.580579125478598430e-07 -2.143423742207866895e-07
8.000000000000000000e+00 -1.146006044877236050e-06 -2.874951702071709735e-07
9.000000000000000000e+00 -1.524608381420892572e-06 -3.840412811634038567e-07
1.000000000000000000e+01 -2.020339272479807005e-06 -5.109278636555275993e-07
1.100000000000000000e+01 -2.666826091707042032e-06 -6.769955740105833318e-07
1.200000000000000000e+01 -3.506619466741524523e-06 -8.934441213032038660e-07
1.300000000000000000e+01 -4.593292103568192636e-06 -1.174398368264738179e-06
1.400000000000000000e+01 -5.993897939734756771e-06 -1.537592963793646255e-06
1.500000000000000000e+01 -7.791868295062331215e-06 -2.005196023622503950e-06
1.600000000000000000e+01 -1.009047961423305704e-05 -2.604795158702419479e-06
1.700000000000000000e+01 -1.301706250810146884e-05 -3.370572033533457170e-06
1.800000000000000000e+01 -1.672809642453759797e-05 -4.344694422954531992e-06
1.900000000000000000e+01 -2.141524003770214524e-05 -5.578957345476565333e-06
2.000000000000000000e+01 -2.731223161391025316e-05 -7.136707406677924274e-06
2.100000000000000000e+01 -3.470255191812734449e-05 -9.095087205763753967e-06
2.200000000000000000e+01 -4.392785953152499680e-05 -1.154763958941242428e-05
2.300000000000000000e+01 -5.539746908548059446e-05 -1.460731434945711505e-05
2.400000000000000000e+01 -6.959938069989749171e-05 -1.840992204642893690e-05
2.500000000000000000e+01 -8.711333560912227071e-05 -2.311808053240342305e-05
2.600000000000000000e+01 -1.086259343889798022e-04 -2.892569953324401896e-05
2.700000000000000000e+01 -1.349471928697070020e-04 -3.606304793863784479e-05
2.800000000000000000e+01 -1.670275254073100377e-04 -4.480244773445690693e-05
2.900000000000000000e+01 -2.059745246134845340e-04 -5.546463742332000813e-05
3.000000000000000000e+01 -2.530700336391838198e-04 -6.842584496256596280e-05
3.100000000000000000e+01 -3.097891127888389084e-04 -8.412560427158654285e-05
3.200000000000000000e+01 -3.778224564173507339e-04 -1.030753400072219469e-04
3.300000000000000000e+01 -4.591020779593621339e-04 -1.258677339734097121e-04
3.400000000000000000e+01 -5.558275126942493084e-04 -1.531868749373761101e-04
3.500000000000000000e+01 -6.704884306765894518e-04 -1.858191816583381023e-04
3.600000000000000000e+01 -8.058811222868248088e-04 -2.246650737990358161e-04
3.700000000000000000e+01 -9.651203928502634713e-04 -2.707513435787767134e-04
3.800000000000000000e+01 -1.151651984878096892e-03 -3.252441519897661284e-04
3.900000000000000000e+01 -1.369270095078820590e-03 -3.894625412088639446e-04
4.000000000000000000e+01 -1.622138867016174749e-03 -4.648923248069752141e-04
4.100000000000000000e+01 -1.914809457344335318e-03 -5.532001892741467055e-04
4.200000000000000000e+01 -2.252221612252973577e-03 -6.562478052327641413e-04
4.300000000000000000e+01 -2.639684484591332987e-03 -7.761056934278275522e-04
4.400000000000000000e+01 -3.082842761131921946e-03 -9.150665202710690348e-04
4.500000000000000000e+01 -3.587642175593006542e-03 -1.075657431397781041e-03
4.600000000000000000e+01 -4.160304973802411189e-03 -1.260650996271075715e-03
4.700000000000000000e+01 -4.807311220987624777e-03 -1.473074332250960249e-03
4.800000000000000000e+01 -5.535366716883694665e-03 -1.716215954841600420e-03
4.900000000000000000e+01 -6.351336352341270704e-03 -1.993629796070421189e-03
5.000000000000000000e+01 -7.262137652329098830e-03 -2.309135640630322148e-03
5.100000000000000000e+01 -8.274612512581143095e-03 -2.666815065762149529e-03
5.200000000000000000e+01 -9.395406678602211126e-03 -3.071002013727158926e-03
5.300000000000000000e+01 -1.063087439565614349e-02 -3.526267423595051426e-03
5.400000000000000000e+01 -1.198699709892212147e-02 -4.037397655924427481e-03
5.500000000000000000e+01 -1.346928295103615690e-02 -4.609366327716737585e-03
5.600000000000000000e+01 -1.508261881839701238e-02 -5.247298463841968373e-03
5.700000000000000000e+01 -1.683107714488577683e-02 -5.956425085617314888e-03
5.800000000000000000e+01 -1.871771345309976298e-02 -6.742026532903351577e-03
5.900000000000000000e+01 -2.074439786743499312e-02 -7.609364506117995142e-03
6.000000000000000000e+01 -2.291169811360550465e-02 -8.563605020946917987e-03
6.100000000000000000e+01 -2.521879250729344019e-02 -9.609734885282234657e-03
6.200000000000000000e+01 -2.766337229257493160e-02 -1.075247145994209785e-02
6.300000000000000000e+01 -3.024150996350772128e-02 -1.199616117625774969e-02
6.400000000000000000e+01 -3.294750923863046244e-02 -1.334466143523480378e-02
6.500000000000000000e+01 -3.577377971061661277e-02 -1.480120667105734936e-02
6.600000000000000000e+01 -3.871077229725557872e-02 -1.636826939927559302e-02
6.700000000000000000e+01 -4.174697876283341852e-02 -1.804743116545523204e-02
6.800000000000000000e+01 -4.486897040825201660e-02 -1.983926853440765026e-02
6.900000000000000000e+01 -4.806145125479955454e-02 -2.174324063007705005e-02
7.000000000000000000e+01 -5.130732440163627422e-02 -2.375755595138168835e-02
7.100000000000000000e+01 -5.458778939152229837e-02 -2.587901352510776215e-02
7.200000000000000000e+01 -5.788248313259330979e-02 -2.810284927920629616e-02
7.300000000000000000e+01 -6.116965577406133225e-02 -3.042263875155638841e-02
7.400000000000000000e+01 -6.442636419967716355e-02 -3.283028049680214444e-02
7.500000000000000000e+01 -6.762868512368828966e-02 -3.531602175180367786e-02
7.600000000000000000e+01 -7.075197827810891793e-02 -3.786844811193926935e-02
7.700000000000000000e+01 -7.377122972701473380e-02 -4.047439890084941067e-02
7.800000000000000000e+01 -7.666146030259074484e-02 -4.311887473708723301e-02
7.900000000000000000e+01 -7.939812759293382594e-02 -4.578507555519820138e-02
8.000000000000000000e+01 -8.195744104884171433e-02 -4.845464907814945460e-02
8.100000000000000000e+01 -8.431657595281617790e-02 -5.110806094088386764e-02
8.200000000000000000e+01 -8.645386939650877289e-02 -5.372487356105465350e-02
8.300000000000000000e+01 -8.834912093298845359e-02 -5.628379790086472656e-02
8.400000000000000000e+01 -8.998404702487415585e-02 -5.876263605890432590e-02
8.500000000000000000e+01 -9.134279397660757804e-02 -6.113842774440768346e-02
8.600000000000000000e+01 -9.241231893826039323e-02 -6.338801071067509674e-02
8.700000000000000000e+01 -9.318250173276851345e-02 -6.548883507878588972e-02
8.800000000000000000e+01 -9.364603159529655274e-02 -6.741957579971044612e-02
8.900000000000000000e+01 -9.379828108407192722e-02 -6.916021336634675665e-02
9.000000000000000000e+01 -9.363738269855445551e-02 -7.069176182573480571e-02
9.100000000000000000e+01 -9.316453690599078852e-02 -7.199624085169434307e-02
9.200000000000000000e+01 -9.238434422120543610e-02 -7.305733679406588299e-02
9.300000000000000000e+01 -9.130486965237950836e-02 -7.386152659513667285e-02
9.400000000000000000e+01 -8.993730442997981134e-02 -7.439887799811523150e-02
9.500000000000000000e+01 -8.829537549801588781e-02 -7.466291445296269202e-02
9.600000000000000000e+01 -8.639483520533636218e-02 -7.464977799095742772e-02
9.700000000000000000e+01 -8.425328181900390567e-02 -7.435763865219738311e-02
9.800000000000000000e+01 -8.189027090903670814e-02 -7.378710730229988413e-02
9.900000000000000000e+01 -7.932741283576157099e-02 -7.294239813625869040e-02
1.000000000000000000e+02 -7.658813447380116712e-02 -7.183212705501193507e-02
1.010000000000000000e+02 -7.369703476426288369e-02 -7.046883928978958656e-02
1.020000000000000000e+02 -7.067908084168257610e-02 -6.886751966917376011e-02
1.030000000000000000e+02 -6.755901463305515053e-02 -6.704432972079474307e-02
1.040000000000000000e+02 -6.436116896145667454e-02 -6.501660635749229034e-02
1.050000000000000000e+02 -6.110956946011426860e-02 -6.280389422358639839e-02
1.060000000000000000e+02 -5.782798780079335260e-02 -6.042870662917972091e-02
1.070000000000000000e+02 -5.453967876907182821e-02 -5.791591702941118608e-02
1.080000000000000000e+02 -5.126681364714136269e-02 -5.529099791357829086e-02
1.090000000000000000e+02 -4.802988117086993275e-02 -5.257844319752574824e-02
1.100000000000000000e+02 -4.484735988807446450e-02 -4.980151648269108555e-02
1.110000000000000000e+02 -4.173576008282249561e-02 -4.698316503428285468e-02
1.120000000000000000e+02 -3.870986800531335537e-02 -4.414683435267462153e-02
1.130000000000000000e+02 -3.578291221464314359e-02 -4.131608753066436102e-02
1.140000000000000000e+02 -3.296648550593458266e-02 -3.851315951964484618e-02
1.150000000000000000e+02 -3.027028533839106611e-02 -3.575761372802933880e-02
1.160000000000000000e+02 -2.770189056348601464e-02 -3.306612571280173607e-02
1.170000000000000000e+02 -2.526676103127477660e-02 -3.045331789494046260e-02
1.180000000000000000e+02 -2.296847531077027618e-02 -2.793263881800189113e-02
1.190000000000000000e+02 -2.080905898359521056e-02 -2.551638542849164054e-02
1.200000000000000000e+02 -1.878922441115481526e-02 -2.321490058113765895e-02
1.210000000000000000e+02 -1.690844763110448123e-02 -2.103576960169305232e-02
1.220000000000000000e+02 -1.516494939152039645e-02 -1.898376716460294794e-02
1.230000000000000000e+02 -1.355571313816379166e-02 -1.706155160648009650e-02
1.240000000000000000e+02 -1.207662634824228573e-02 -1.527046031925481662e-02
1.250000000000000000e+02 -1.072272721634251989e-02 -1.361079821605070544e-02
1.260000000000000000e+02 -9.488464619025558516e-03 -1.208158510877599054e-02
1.270000000000000000e+02 -8.367884924248525716e-03 -1.068022534980780924e-02
1.280000000000000000e+02 -7.354725142026946952e-03 -9.402551045852530417e-03
1.290000000000000000e+02 -6.442457773568907239e-03 -8.243278541013730060e-03
1.300000000000000000e+02 -5.624350608241263094e-03 -7.196553154664744184e-03
1.310000000000000000e+02 -4.893572291139431686e-03 -6.256250304905258686e-03
1.320000000000000000e+02 -4.243326806618819870e-03 -5.415978964582295226e-03
1.330000000000000000e+02 -3.666975314442707818e-03 -4.668989174600557228e-03
1.340000000000000000e+02 -3.158114573005652102e-03 -4.008204653668054167e-03
1.350000000000000000e+02 -2.710611230002090213e-03 -3.426428540274958912e-03
1.360000000000000000e+02 -2.318614394601415871e-03 -2.916602549871117733e-03
1.370000000000000000e+02 -1.976570598080235053e-03 -2.471976768606613112e-03
1.380000000000000000e+02 -1.679250129921866638e-03 -2.086147571567179438e-03
1.390000000000000000e+02 -1.421777148483928648e-03 -1.753026482106875448e-03
1.400000000000000000e+02 -1.199650022407911919e-03 -1.466826160151282494e-03
1.410000000000000000e+02 -1.008744186515784591e-03 -1.222098434976448111e-03
1.420000000000000000e+02 -8.452998652610947466e-04 -1.013798487006137023e-03
1.430000000000000000e+02 -7.059030445026214439e-04 -8.373296697347216121e-04
1.440000000000000000e+02 -5.874671157883284067e-04 -6.885460329010414330e-04
1.450000000000000000e+02 -4.872175100651300736e-04 -5.637223932281423301e-04
1.460000000000000000e+02 -4.026771781799174830e-04 -4.595167173433780403e-04
1.470000000000000000e+02 -3.316497419518691877e-04 -3.729424337526775148e-04
1.480000000000000000e+02 -2.721990211934357737e-04 -3.013524100357006623e-04
1.490000000000000000e+02 -2.226261018133372674e-04 -2.424258426178465880e-04
1.500000000000000000e+02 -1.814462293780938680e-04 -1.941490989754319769e-04
1.510000000000000000e+02 -1.473672703026379118e-04 -1.547878471256450565e-04
1.520000000000000000e+02 -1.192702049939756126e-04 -1.228541608666738904e-04
1.530000000000000000e+02 -9.619118372963343709e-05 -9.707464189309500488e-05
1.540000000000000000e+02 -7.730453232262005613e-05 -7.636369815308116432e-05
1.550000000000000000e+02 -6.190648825371248491e-05 -5.980231120422411432e-05
1.560000000000000000e+02 -4.939987406525178957e-05 -4.661981472388377782e-05
1.570000000000000000e+02 -3.928005399316432660e-05 -3.617594859619023686e-05
1.580000000000000000e+02 -3.112238048210670888e-05 -2.794224277723519941e-05
1.590000000000000000e+02 -2.457110955745795338e-05 -2.148382328134920891e-05
