0.000000000000000000e+00 -2.951345274822167838e-05 -6.862994595586333318e-06
1.000000000000000000e+00 -2.949244823881518447e-07 -4.656365469116298760e-10
2.000000000000000000e+00 -3.441033064749295132e-07 -6.819793545742314005e-10
3.000000000000000000e+00 -4.558472949230830327e-07 -1.061522776693306673e-09
4.000000000000000000e+00 -6.090477576633575921e-07 -1.646872138780618876e-09
5.000000000000000000e+00 -8.123913078601151200e-07 -2.540479923298005038e-09
6.000000000000000000e+00 -1.079885312380466558e-06 -3.895245040145008067e-09
7.000000000000000000e+00 -1.429709733875220397e-06 -5.935977973807980816e-09
8.000000000000000000e+00 -1.885066459026606308e-06 -8.991643351829576292e-09
9.000000000000000000e+00 -2.475575916638163885e-06 -1.354052355265252481e-08
1.000000000000000000e+01 -3.238881566412704381e-06 -2.027199582857638342e-08
1.100000000000000000e+01 -4.222249135755544956e-06 -3.017119532645489402e-08
1.200000000000000000e+01 -5.484149694853919105e-06 -4.463672231594794337e-08
1.300000000000000000e+01 -7.096137111046873284e-06 -6.564460495895537709e-08
1.400000000000000000e+01 -9.145557941250769980e-06 -9.597225608639809805e-08
1.500000000000000000e+01 -1.173950890483728456e-05 -1.394963554891172807e-07
1.600000000000000000e+01 -1.500992880180173684e-05 -2.015840328458799210e-07
1.700000000000000000e+01 -1.911908396834012514e-05 -2.896098263917245359e-07
1.800000000000000000e+01 -2.426453260610701780e-05 -4.136448087093936014e-07
1.900000000000000000e+01 -3.068331853913157240e-05 -5.873680035982209961e-07
2.000000000000000000e+01 -3.865640984651408471e-05 -8.292441972966335426e-07
2.100000000000000000e+01 -4.851533842744296950e-05 -1.164015357605265507e-06
2.200000000000000000e+01 -6.065257412110860633e-05 -1.624583115008410749e-06
2.300000000000000000e+01 -7.553516348148770691e-05 -2.254403597504833955e-06
2.400000000000000000e+01 -9.371876065929833871e-05 -3.110530861553261745e-06
2.500000000000000000e+01 -1.158584513124525799e-04 -4.267412759766183881e-06
2.600000000000000000e+01 -1.427150829548423682e-04 -5.821514274744735912e-06
2.700000000000000000e+01 -1.751602151701851058e-04 -7.896893916929495944e-06
2.800000000000000000e+01 -2.141859934268985606e-04 -1.065197434722796118e-05
2.900000000000000000e+01 -2.609247660057861426e-04 -1.428779184762824983e-05
3.000000000000000000e+01 -3.166766650535354647e-04 -1.905787786793425062e-05
3.100000000000000000e+01 -3.829358399780302658e-04 -2.527974596747147544e-05
3.200000000000000000e+01 -4.614041651688819919e-04 -3.334800686160068367e-05
3.300000000000000000e+01 -5.539887027454632167e-04 -4.374945857244323308e-05
3.400000000000000000e+01 -6.627922299786756901e-04 -5.708068903725764586e-05
3.500000000000000000e+01 -7.901145859189419090e-04 -7.406833341587254396e-05
3.600000000000000000e+01 -9.384772184460410480e-04 -9.559138035439930297e-05
3.700000000000000000e+01 -1.110664674493103219e-03 -1.227047487390813517e-04
3.800000000000000000e+01 -1.309757829720561073e-03 -1.566642545593358124e-04
3.900000000000000000e+01 -1.539131513576739302e-03 -1.989540720821462072e-04
4.000000000000000000e+01 -1.802410437853837338e-03 -2.513171802434857518e-04
4.100000000000000000e+01 -2.103409050447355589e-03 -3.157869993548672260e-04
4.200000000000000000e+01 -2.446097317546615680e-03 -3.947169368866547162e-04
4.300000000000000000e+01 -2.834616995395849819e-03 -4.908063033756938053e-04
4.400000000000000000e+01 -3.273329196922283336e-03 -6.071246714083363815e-04
4.500000000000000000e+01 -3.766837062281618541e-03 -7.471374454454025003e-04
4.600000000000000000e+01 -4.319931556387302495e-03 -9.147306916846007548e-04
4.700000000000000000e+01 -4.937458692099033070e-03 -1.114227611907258123e-03
4.800000000000000000e+01 -5.624167649457775114e-03 -1.350390058478283771e-03
4.900000000000000000e+01 -6.384619797942898620e-03 -1.628407059559799051e-03
5.000000000000000000e+01 -7.223193432307420045e-03 -1.953878913960414333e-03
5.100000000000000000e+01 -8.144136625015757636e-03 -2.332800153458265083e-03
5.200000000000000000e+01 -9.151567034834821868e-03 -2.771531224442992658e-03
5.300000000000000000e+01 -1.024934366104246833e-02 -3.276743312111766050e-03
5.400000000000000000e+01 -1.144082987534359754e-02 -3.855333158913276485e-03
5.500000000000000000e+01 -1.272865743448319854e-02 -4.514323230627443131e-03
5.600000000000000000e+01 -1.411460999280371616e-02 -5.260764359131955316e-03
5.700000000000000000e+01 -1.559965559112267385e-02 -6.101637462917464810e-03
5.800000000000000000e+01 -1.718403679087394248e-02 -7.043731023473403900e-03
5.900000000000000000e+01 -1.886727422580538119e-02 -8.093478384065528816e-03
6.000000000000000000e+01 -2.064800441509646173e-02 -9.256769585044644436e-03
6.100000000000000000e+01 -2.252370932409673843e-02 -1.053877153546404523e-02
6.200000000000000000e+01 -2.449049366141091422e-02 -1.194377264243868739e-02
6.300000000000000000e+01 -2.654304239144772426e-02 -1.347503181767154001e-02
6.400000000000000000e+01 -2.867475961045412927e-02 -1.513460088467321642e-02
6.500000000000000000e+01 -3.087795561239685058e-02 -1.692312042703185762e-02
6.600000000000000000e+01 -3.314392193589810187e-02 -1.883962782470368497e-02
6.700000000000000000e+01 -3.546283766348781036e-02 -2.088141613504842370e-02
6.800000000000000000e+01 -3.782360020010815810e-02 -2.304394169816850052e-02
6.900000000000000000e+01 -4.021374832077655170e-02 -2.532074436784329668e-02
7.000000000000000000e+01 -4.261958515899105099e-02 -2.770335785729087161e-02
7.100000000000000000e+01 -4.502646516935703003e-02 -3.018123313073273195e-02
7.200000000000000000e+01 -4.741909931780586424e-02 -3.274172100867569352e-02
7.300000000000000000e+01 -4.978174220656945287e-02 -3.537013352944041317e-02
7.400000000000000000e+01 -5.209823890960846304e-02 -3.804985851377926803e-02
7.500000000000000000e+01 -5.435203107018105745e-02 -4.076249013780078312e-02
7.600000000000000000e+01 -5.652625534121449857e-02 -4.348797084414585123e-02
7.700000000000000000e+01 -5.860399390419824411e-02 -4.620477562650341513e-02
7.800000000000000000e+01 -6.056862360447407695e-02 -4.889016662026222926e-02
7.900000000000000000e+01 -6.240414838718141843e-02 -5.152050952675482631e-02
8.000000000000000000e+01 -6.409542956035166328e-02 -5.407161643970338077e-02
8.100000000000000000e+01 -6.562831410847463909e-02 -5.651908994321390434e-02
8.200000000000000000e+01 -6.698972973406552844e-02 -5.883867391772595878e-02
8.300000000000000000e+01 -6.816781878393049499e-02 -6.100662991913168021e-02
8.400000000000000000e+01 -6.915213202093831169e-02 -6.300014097933900881e-02
8.500000000000000000e+01 -6.993384688665968407e-02 -6.479771958350238892e-02
8.600000000000000000e+01 -7.050595549738167267e-02 -6.637959149866810848e-02
8.700000000000000000e+01 -7.086338845209047554e-02 -6.772804399167164924e-02
8.800000000000000000e+01 -7.100307388798768327e-02 -6.882774366756944096e-02
8.900000000000000000e+01 -7.092394972642196427e-02 -6.966602783593647819e-02
9.000000000000000000e+01 -7.062694597240343208e-02 -7.023315920124988121e-02
9.100000000000000000e+01 -7.011494685301547514e-02 -7.052252530815152076e-02
9.200000000000000000e+01 -6.939274085950153381e-02 -7.053077076063277162e-02
9.300000000000000000e+01 -6.846696675162106116e-02 -7.025786320871862944e-02
9.400000000000000000e+01 -6.734605458388051580e-02 -6.970709954037060396e-02
9.500000000000000000e+01 -6.604014278923228676e-02 -6.888505349410628531e-02
9.600000000000000000e+01 -6.456094150216792893e-02 -6.780145937582793270e-02
9.700000000000000000e+01 -6.292152601950747048e-02 -6.646902835337276105e-02
9.800000000000000000e+01 -6.113608020093358464e-02 -6.490320300007160204e-02
9.900000000000000000e+01 -5.921964134746975778e-02 -6.312186300684652362e-02
1.000000000000000000e+02 -5.718789576645148115e-02 -6.114499368116255162e-02
1.010000000000000000e+02 -5.505703290122148513e-02 -5.899432237047595035e-02
1.020000000000000000e+02 -5.284361502087066981e-02 -5.669292529009954673e-02
1.030000000000000000e+02 -5.056440125006937680e-02 -5.426481256990137170e-02
1.040000000000000000e+02 -4.823609808409733829e-02 -5.173450721627556592e-02
1.050000000000000000e+02 -4.587507013906228642e-02 -4.912663522059550897e-02
1.060000000000000000e+02 -4.349708571559902925e-02 -4.646553706709273535e-02
1.070000000000000000e+02 -4.111715706399278469e-02 -4.377490266249225992e-02
1.080000000000000000e+02 -3.874947449443041925e-02 -4.107743085466945832e-02
1.090000000000000000e+02 -3.640737408452469903e-02 -3.839452134694375240e-02
1.100000000000000000e+02 -3.410326780550358705e-02 -3.574601219911927724e-02
1.110000000000000000e+02 -3.184851069030021631e-02 -3.314997250114626315e-02
1.120000000000000000e+02 -2.965324498606245612e-02 -3.062254946214455764e-02
1.130000000000000000e+02 -2.752629394616767922e-02 -2.817786196926284556e-02
1.140000000000000000e+02 -2.547515312524714637e-02 -2.582793501746598677e-02
1.150000000000000000e+02 -2.350606607469474946e-02 -2.358267698172444166e-02
1.160000000000000000e+02 -2.162412293584626416e-02 -2.144990454154177550e-02
1.170000000000000000e+02 -1.983332090010520368e-02 -1.943541394485317694e-02
1.180000000000000000e+02 -1.813657094704917982e-02 -1.754308830176933703e-02
1.190000000000000000e+02 -1.653568735972987466e-02 -1.577502793362639544e-02
1.200000000000000000e+02 -1.503141494493119568e-02 -1.413169642949422232e-02
1.210000000000000000e+02 -1.362352275954781602e-02 -1.261208199652201836e-02
1.220000000000000000e+02 -1.231094665937896605e-02 -1.121387432778337724e-02
1.230000000000000000e+02 -1.109193332465929251e-02 -9.933651656308505745e-03
1.240000000000000000e+02 -9.964145885858267590e-03 -8.767067840278726723e-03
1.250000000000000000e+02 -8.924725787131822935e-03 -7.709030728865235924e-03
1.260000000000000000e+02 -7.970338001868509242e-03 -6.753868995587134980e-03
1.270000000000000000e+02 -7.097233540582221882e-03 -5.895488913407680165e-03
1.280000000000000000e+02 -6.301343234129140602e-03 -5.127521676453860276e-03
1.290000000000000000e+02 -5.578388957660705173e-03 -4.443458282291812278e-03
1.300000000000000000e+02 -4.923984555657637263e-03 -3.836767511900008101e-03
1.310000000000000000e+02 -4.333706690631249775e-03 -3.300994931367573146e-03
1.320000000000000000e+02 -3.803136214320647530e-03 -2.829844480432388513e-03
1.330000000000000000e+02 -3.327886596257088360e-03 -2.417245659017386826e-03
1.340000000000000000e+02 -2.903636922830768203e-03 -2.057407992467242316e-03
1.350000000000000000e+02 -2.526175336846549213e-03 -1.744862618562764613e-03
1.360000000000000000e+02 -2.191445500788526297e-03 -1.474490680053916133e-03
1.370000000000000000e+02 -1.895583629333617501e-03 -1.241539641263185185e-03
1.380000000000000000e+02 -1.634938710592998348e-03 -1.041629960635272797e-03
1.390000000000000000e+02 -1.406077935213099171e-03 -8.707545270387244624e-04
1.400000000000000000e+02 -1.205785502939900897e-03 -7.252722772409832134e-04
1.410000000000000000e+02 -1.031062348678966466e-03 -6.018966314615917679e-04
1.420000000000000000e+02 -8.791290147109327539e-04 -4.976794223225276467e-04
1.430000000000000000e+02 -7.474287598393234734e-04 -4.099914688036084671e-04
1.440000000000000000e+02 -6.336265503002912105e-04 -3.365011602462336638e-04
1.450000000000000000e+02 -5.356018414309029509e-04 -2.751521262807962828e-04
1.460000000000000000e+02 -4.514364612670875064e-04 -2.241405910880768461e-04
1.470000000000000000e+02 -3.794007773298025289e-04 -1.818927363996741353e-04
1.480000000000000000e+02 -3.179407885163099265e-04 -1.470424049326858043e-04
1.490000000000000000e+02 -2.656668637662423565e-04 -1.184095593058379016e-04
1.500000000000000000e+02 -2.213432240889745745e-04 -9.497987883183827557e-05
1.510000000000000000e+02 -1.838769149879363016e-04 -7.588572175082075328e-05
1.520000000000000000e+02 -1.523057617017325983e-04 -6.038852259128845866e-05
1.530000000000000000e+02 -1.257857723504236368e-04 -4.786262175509407575e-05
1.540000000000000000e+02 -1.035789086974774428e-04 -3.778052291722375753e-05
1.550000000000000000e+02 -8.504192404966367830e-05 -2.969958006416268274e-05
1.560000000000000000e+02 -6.961641848407037353e-05 -2.325009329846526292e-05
1.570000000000000000e+02 -5.681984097560410926e-05 -1.812475001331803072e-05
1.580000000000000000e+02 -4.623709134934719935e-05 -1.406931659910617461e-05
1.590000000000000000e+02 -3.751256152801882868e-05 -1.087447724034077178e-05
