0.000000000000000000e+00 -3.310881018265665593e-05 -2.542034469305436996e-05
1.000000000000000000e+00 -4.398560985235310035e-09 -3.179411935292218427e-09
2.000000000000000000e+00 -5.871937321673516190e-09 -4.340504922185035277e-09
3.000000000000000000e+00 -8.551342570617884515e-09 -6.337265782422896175e-09
4.000000000000000000e+00 -1.245226792323435425e-08 -9.241979201516292499e-09
5.000000000000000000e+00 -1.805367652145768896e-08 -1.341632124967314106e-08
6.000000000000000000e+00 -2.605283293415061788e-08 -1.937942414552080017e-08
7.000000000000000000e+00 -3.741997183355795100e-08 -2.785279236885265432e-08
8.000000000000000000e+00 -5.348815896682789020e-08 -3.983181177108693251e-08
9.000000000000000000e+00 -7.607653912558648691e-08 -5.668136398025979130e-08
1.000000000000000000e+01 -1.076598548797064613e-07 -8.026111499153754539e-08
1.100000000000000000e+01 -1.515975924195809014e-07 -1.130894807400807657e-07
1.200000000000000000e+01 -2.124319900010119623e-07 -1.585586322666620645e-07
1.300000000000000000e+01 -2.962624414988241029e-07 -2.212151576933869937e-07
1.400000000000000000e+01 -4.112118094544903891e-07 -3.071217347841508658e-07
1.500000000000000000e+01 -5.680181031318280002e-07 -4.243164016774969716e-07
1.600000000000000000e+01 -7.808026172709879362e-07 -5.833910386515861213e-07
1.700000000000000000e+01 -1.068069070325904843e-06 -7.982201911936865918e-07
1.800000000000000000e+01 -1.453973862951391240e-06 -1.086880815843821310e-06
1.900000000000000000e+01 -1.969889704771737969e-06 -1.472806331148655867e-06
2.000000000000000000e+01 -2.656287338414878329e-06 -1.986214100071233399e-06
2.100000000000000000e+01 -3.564995442538070000e-06 -2.665844302319593937e-06
2.200000000000000000e+01 -4.761953241263280285e-06 -3.561062566752465990e-06
2.300000000000000000e+01 -6.330609216497022392e-06 -4.734406911868790807e-06
2.400000000000000000e+01 -8.376110147197924293e-06 -6.264679152274897872e-06
2.500000000000000000e+01 -1.103036170727171164e-05 -8.250668441577058796e-06
2.600000000000000000e+01 -1.445795875390891303e-05 -1.081555746944483378e-05
2.700000000000000000e+01 -1.886294867314786412e-05 -1.411204503032113796e-05
2.800000000000000000e+01 -2.449647462521490048e-05 -1.832826221273155362e-05
2.900000000000000000e+01 -3.166554914942079727e-05 -2.369463922822106935e-05
3.000000000000000000e+01 -4.074339826365514059e-05 -3.049190598943560685e-05
3.100000000000000000e+01 -5.218175439979100272e-05 -3.906031435068320150e-05
3.200000000000000000e+01 -6.652502843674402554e-05 -4.981001078162008912e-05
3.300000000000000000e+01 -8.442569021184860481e-05 -6.323243114688290533e-05
3.400000000000000000e+01 -1.066600315730780807e-04 -7.991273769217803078e-05
3.500000000000000000e+01 -1.341442339797891520e-04 -1.005435451181192394e-04
3.600000000000000000e+01 -1.679519287181645520e-04 -1.259401920749397515e-04
3.700000000000000000e+01 -2.093349162394324270e-04 -1.570574553362442385e-04
3.800000000000000000e+01 -2.597472643247355530e-04 -1.950071283820439534e-04
3.900000000000000000e+01 -3.208702269297188949e-04 -2.410757910638902473e-04
4.000000000000000000e+01 -3.946338952747344749e-04 -2.967425850844147405e-04
4.100000000000000000e+01 -4.832336093779689428e-04 -3.636974183138207682e-04
4.200000000000000000e+01 -5.891440460334175250e-04 -4.438599591104122459e-04
4.300000000000000000e+01 -7.151368751477264274e-04 -5.393988075062763248e-04
4.400000000000000000e+01 -8.643044258342223599e-04 -6.527491416647194459e-04
4.500000000000000000e+01 -1.040083183044361375e-03 -7.866271336862173990e-04
4.600000000000000000e+01 -1.246265116673889823e-03 -9.440407654106413833e-04
4.700000000000000000e+01 -1.486989629137452831e-03 -1.128298072831504734e-03
4.800000000000000000e+01 -1.766722532939258780e-03 -1.343013598983408769e-03
4.900000000000000000e+01 -2.090238227325433990e-03 -1.592111740627057299e-03
5.000000000000000000e+01 -2.462614667459821043e-03 -1.879823679464830187e-03
5.100000000000000000e+01 -2.889230267404278418e-03 -2.210675013958294209e-03
5.200000000000000000e+01 -3.375736720987386388e-03 -2.589464107141984609e-03
5.300000000000000000e+01 -3.927990504068659336e-03 -3.021233765201674498e-03
5.400000000000000000e+01 -4.551955113299513758e-03 -3.511238194991588707e-03
5.500000000000000000e+01 -5.253608578441603533e-03 -4.064903486464929022e-03
5.600000000000000000e+01 -6.038880308422260763e-03 -4.687776877050492397e-03
5.700000000000000000e+01 -6.913602596035521748e-03 -5.385461372927157278e-03
5.800000000000000000e+01 -7.883432047425137715e-03 -6.163537268529343041e-03
5.900000000000000000e+01 -8.953709385532717530e-03 -7.027475931375600816e-03
6.000000000000000000e+01 -1.012927608006080477e-02 -7.982549793716126052e-03
6.100000000000000000e+01 -1.141430570550531695e-02 -9.033737041988211536e-03
6.200000000000000000e+01 -1.281219366528420570e-02 -1.018561581421071130e-02
6.300000000000000000e+01 -1.432548935686398829e-02 -1.144224523403978080e-02
6.400000000000000000e+01 -1.595580768745162581e-02 -1.280703740864520476e-02
6.500000000000000000e+01 -1.770367306158184689e-02 -1.428262891281251515e-02
6.600000000000000000e+01 -1.956831780888676486e-02 -1.587075774998538899e-02
6.700000000000000000e+01 -2.154751172703656126e-02 -1.757214497768523620e-02
6.800000000000000000e+01 -2.363748289802728580e-02 -1.938637645166473022e-02
6.900000000000000000e+01 -2.583291512272226434e-02 -2.131178381902640306e-02
7.000000000000000000e+01 -2.812694764797286917e-02 -2.334533152757573005e-02
7.100000000000000000e+01 -3.051111901064845061e-02 -2.548252038794627042e-02
7.200000000000000000e+01 -3.297527392333222951e-02 -2.771731413300132160e-02
7.300000000000000000e+01 -3.550751344166246104e-02 -3.004208768355598469e-02
7.400000000000000000e+01 -3.809425292654276818e-02 -3.244759262857317694e-02
7.500000000000000000e+01 -4.072037555191156816e-02 -3.492294028475550344e-02
7.600000000000000000e+01 -4.336940753282310379e-02 -3.745561050426370053e-02
7.700000000000000000e+01 -4.602365377158536969e-02 -4.003149644610617952e-02
7.800000000000000000e+01 -4.866430303459141904e-02 -4.263498866311116187e-02
7.900000000000000000e+01 -5.127156829326355580e-02 -4.524909231906104612e-02
8.000000000000000000e+01 -5.382491662738933536e-02 -4.785556889087998200e-02
8.100000000000000000e+01 -5.630337932438284065e-02 -5.043510136874003458e-02
8.200000000000000000e+01 -5.868588065467676695e-02 -5.296749185109332625e-02
8.300000000000000000e+01 -6.095153029998261890e-02 -5.543190073687924435e-02
8.400000000000000000e+01 -6.307987642164093745e-02 -5.780712414067656901e-02
8.500000000000000000e+01 -6.505115992577592543e-02 -6.007189125868434704e-02
8.600000000000000000e+01 -6.684660660916000308e-02 -6.220516174775970325e-02
8.700000000000000000e+01 -6.844875268967365312e-02 -6.418641893921936403e-02
8.800000000000000000e+01 -6.984176324337026953e-02 -6.599597332743635525e-02
8.900000000000000000e+01 -7.101170304943860145e-02 -6.761529090190046554e-02
9.000000000000000000e+01 -7.194674873265477499e-02 -6.902733703860580716e-02
9.100000000000000000e+01 -7.263735927250764002e-02 -7.021689948151715877e-02
9.200000000000000000e+01 -7.307642619351133184e-02 -7.117085323996076573e-02
9.300000000000000000e+01 -7.325940777416921346e-02 -7.187836325658880643e-02
9.400000000000000000e+01 -7.318443259078388774e-02 -7.233105843365306153e-02
9.500000000000000000e+01 -7.285235195399830666e-02 -7.252321221191271317e-02
9.600000000000000000e+01 -7.226672919013812924e-02 -7.245192140725348340e-02
9.700000000000000000e+01 -7.143376748865053194e-02 -7.211722642971465924e-02
9.800000000000000000e+01 -7.036218847552505595e-02 -7.152211638573446884e-02
9.900000000000000000e+01 -6.906307660545493721e-02 -7.067242197077891475e-02
1.000000000000000000e+02 -6.754969946262329161e-02 -6.957666401765486008e-02
1.010000000000000000e+02 -6.583730387717619259e-02 -6.824592742645883836e-02
1.020000000000000000e+02 -6.394287904039110126e-02 -6.669375881987746335e-02
1.030000000000000000e+02 -6.188487859514420208e-02 -6.493601014065861210e-02
1.040000000000000000e+02 -5.968290635611175204e-02 -6.299055239829917663e-02
1.050000000000000000e+02 -5.735738644733513053e-02 -6.087687217040945592e-02
1.060000000000000000e+02 -5.492924397785781815e-02 -5.861565408971683433e-02
1.070000000000000000e+02 -5.241961005413019181e-02 -5.622845016416010838e-02
1.080000000000000000e+02 -4.984954425596262173e-02 -5.373743680496199243e-02
1.090000000000000000e+02 -4.723975752976904141e-02 -5.116516140072018687e-02
1.100000000000000000e+02 -4.461032937206578508e-02 -4.853418589813767586e-02
1.110000000000000000e+02 -4.198043583028593373e-02 -4.586664407516073683e-02
1.120000000000000000e+02 -3.936811743291024346e-02 -4.318383220271919398e-02
1.130000000000000000e+02 -3.679010526511035384e-02 -4.050594255895459406e-02
1.140000000000000000e+02 -3.426169782009423626e-02 -3.785193375378129166e-02
1.150000000000000000e+02 -3.179666426890307568e-02 -3.523942749960834453e-02
1.160000000000000000e+02 -2.940715679376431149e-02 -3.268453302306771613e-02
1.170000000000000000e+02 -2.710363804975515767e-02 -3.020161279582141145e-02
1.180000000000000000e+02 -2.489484648039337264e-02 -2.780309954316916715e-02
1.190000000000000000e+02 -2.278781588278309261e-02 -2.549945780287604657e-02
1.200000000000000000e+02 -2.078794243063342151e-02 -2.329927482480733530e-02
1.210000000000000000e+02 -1.889907419949345829e-02 -2.120937727256556882e-02
1.220000000000000000e+02 -1.712360124822214988e-02 -1.923488675384718571e-02
1.230000000000000000e+02 -1.546254397841680464e-02 -1.737922330784153618e-02
1.240000000000000000e+02 -1.391565425853871080e-02 -1.564414021972858684e-02
1.250000000000000000e+02 -1.248154250223430621e-02 -1.402985577533184813e-02
1.260000000000000000e+02 -1.115782750580932708e-02 -1.253526493800793430e-02
1.270000000000000000e+02 -9.941290979241164047e-03 -1.115815352888057874e-02
1.280000000000000000e+02 -8.828018811585448128e-03 -9.895354232203265599e-03
1.290000000000000000e+02 -7.813524498942672411e-03 -8.742851183627034853e-03
1.300000000000000000e+02 -6.892863388646423145e-03 -7.695887042296514595e-03
1.310000000000000000e+02 -6.060748045602946249e-03 -6.749112556762321830e-03
1.320000000000000000e+02 -5.311665778603914985e-03 -5.896767373963596008e-03
1.330000000000000000e+02 -4.639989472294215635e-03 -5.132847001666056459e-03
1.340000000000000000e+02 -4.040071502408152521e-03 -4.451222993743023972e-03
1.350000000000000000e+02 -3.506317678004202375e-03 -3.845721878680922589e-03
1.360000000000000000e+02 -3.033246323354045221e-03 -3.310192931255466833e-03
1.370000000000000000e+02 -2.615539772425362446e-03 -2.838586530317647148e-03
1.380000000000000000e+02 -2.248091279761678905e-03 -2.425038776092165380e-03
1.390000000000000000e+02 -1.926044865040835424e-03 -2.063942159292163694e-03
1.400000000000000000e+02 -1.644824008451180970e-03 -1.749988459286491282e-03
1.410000000000000000e+02 -1.400147988208309911e-03 -1.478187702234876966e-03
1.420000000000000000e+02 -1.188038583292088009e-03 -1.243877530274752714e-03
1.430000000000000000e+02 -1.004821319837365936e-03 -1.042733410427076988e-03
1.440000000000000000e+02 -8.471238292745506947e-04 -8.707791786825861075e-04
1.450000000000000000e+02 -7.118713397418364314e-04 -7.243910046297132900e-04
1.460000000000000000e+02 -5.962781786099737068e-04 -6.002902336670447661e-04
1.470000000000000000e+02 -4.978349450909225725e-04 -4.955270371691805490e-04
1.480000000000000000e+02 -4.142924764300688688e-04 -4.074605168130911344e-04
1.490000000000000000e+02 -3.436444185610000330e-04 -3.337394867273894557e-04
1.500000000000000000e+02 -2.841097242955655270e-04 -2.722843647001328563e-04
1.510000000000000000e+02 -2.341154269704247455e-04 -2.212683320506071672e-04
1.520000000000000000e+02 -1.922794529067123033e-04 -1.790964852720368903e-04
1.530000000000000000e+02 -1.573933291495207382e-04 -1.443835803019356714e-04
1.540000000000000000e+02 -1.284050629217367513e-04 -1.159320717125846695e-04
1.550000000000000000e+02 -1.044027183990404724e-04 -9.271176938472429330e-05
1.560000000000000000e+02 -8.459910892784125555e-05 -7.384135437017725885e-05
1.570000000000000000e+02 -6.831772413160163587e-05 -5.857128912851180760e-05
1.580000000000000000e+02 -5.497979155926564689e-05 -4.626770295691057244e-05
1.590000000000000000e+02 -4.409234637142951457e-05 -3.639726318527776775e-05
