0.000000000000000000e+00 -1.625430343807452317e-05 -3.841731285513301671e-05
1.000000000000000000e+00 -4.043928579931260873e-09 -1.630381877220725428e-08
2.000000000000000000e+00 -5.514324035174732726e-09 -2.090844666636672327e-08
3.000000000000000000e+00 -8.152956511374970533e-09 -2.969069435694950364e-08
4.000000000000000000e+00 -1.204126706266820492e-08 -4.223914861548985988e-08
5.000000000000000000e+00 -1.769856284981246390e-08 -5.988185876945695256e-08
6.000000000000000000e+00 -2.588287458459836414e-08 -8.455440740501467804e-08
7.000000000000000000e+00 -3.766114581404373913e-08 -1.188914753866151440e-07
8.000000000000000000e+00 -5.451824702434392033e-08 -1.664262277099621189e-07
9.000000000000000000e+00 -7.850657477543965064e-08 -2.318756811622974275e-07
1.000000000000000000e+01 -1.124517506544455275e-07 -3.215412145433862627e-07
1.100000000000000000e+01 -1.602309691480863936e-07 -4.438441429431977883e-07
1.200000000000000000e+01 -2.271378286099684003e-07 -6.099938900376749144e-07
1.300000000000000000e+01 -3.203485229638916958e-07 -8.347792374268521948e-07
1.400000000000000000e+01 -4.495156667359501541e-07 -1.137505511580023911e-06
1.500000000000000000e+01 -6.275353613453858104e-07 -1.543167893399687320e-06
1.600000000000000000e+01 -8.715479107982572774e-07 -2.084009204990409164e-06
1.700000000000000000e+01 -1.204231941940615242e-06 -2.801601162767085504e-06
1.800000000000000000e+01 -1.655440804516641457e-06 -3.749492697572301552e-06
1.900000000000000000e+01 -2.264229635684457142e-06 -4.996349903881430315e-06
2.000000000000000000e+01 -3.081346430085189611e-06 -6.629491150828406788e-06
2.100000000000000000e+01 -4.172300391269784329e-06 -8.758883920864074632e-06
2.200000000000000000e+01 -5.621147862326137793e-06 -1.152195910379678648e-05
2.300000000000000000e+01 -7.535137037361215148e-06 -1.508979585106752824e-05
2.400000000000000000e+01 -1.005034472060191067e-05 -1.967509703385191824e-05
2.500000000000000000e+01 -1.333844148286345054e-05 -2.554188328241814576e-05
2.600000000000000000e+01 -1.761472202170542199e-05 -3.301630253860783068e-05
2.700000000000000000e+01 -2.314750953451529921e-05 -4.249790806504975902e-05
2.800000000000000000e+01 -3.026901821957785215e-05 -5.447150037202397381e-05
2.900000000000000000e+01 -3.938782920746819981e-05 -6.952079946216664543e-05
3.000000000000000000e+01 -5.100331621424805000e-05 -8.834582031109819151e-05
3.100000000000000000e+01 -6.572244269334800862e-05 -1.117849328594553446e-04
3.200000000000000000e+01 -8.427905235296411066e-05 -1.408403278068605271e-04
3.300000000000000000e+01 -1.075551417042911058e-04 -1.767036014478643639e-04
3.400000000000000000e+01 -1.366032606185331086e-04 -2.207785881429852207e-04
3.500000000000000000e+01 -1.726698106986869702e-04 -2.747020938990118706e-04
3.600000000000000000e+01 -2.172203189520914199e-04 -3.403675392262267693e-04
3.700000000000000000e+01 -2.719682416302721421e-04 -4.199574363394545764e-04
3.800000000000000000e+01 -3.389071474761643638e-04 -5.159854564734784287e-04
3.900000000000000000e+01 -4.203431077942460198e-04 -6.313401754680391699e-04
4.000000000000000000e+01 -5.189229759918140630e-04 -7.693178858183359397e-04
4.100000000000000000e+01 -6.376573574559935400e-04 -9.336376093474322863e-04
4.200000000000000000e+01 -7.799423249863677264e-04 -1.128445733149130870e-03
4.300000000000000000e+01 -9.495852898969047362e-04 -1.358328800858834120e-03
4.400000000000000000e+01 -1.150834161320106463e-03 -1.628347958750436721e-03
4.500000000000000000e+01 -1.388399582207517887e-03 -1.944086533027820701e-03
4.600000000000000000e+01 -1.667458089688711670e-03 -2.311679964849004155e-03
4.700000000000000000e+01 -1.993634732599747130e-03 -2.737797774926770469e-03
4.800000000000000000e+01 -2.372978253346457074e-03 -3.229577269804583158e-03
4.900000000000000000e+01 -2.811943719438027723e-03 -3.794546660413446355e-03
5.000000000000000000e+01 -3.317380105537246458e-03 -4.440584611093759820e-03
5.100000000000000000e+01 -3.896499060160695752e-03 -5.175926271069252078e-03
5.200000000000000000e+01 -4.556800627309269373e-03 -6.009167658164627120e-03
5.300000000000000000e+01 -5.305958540638912486e-03 -6.949194584058226813e-03
5.400000000000000000e+01 -6.151697327390045003e-03 -8.005003352953690698e-03
5.500000000000000000e+01 -7.101691981620078878e-03 -9.185462878825340766e-03
5.600000000000000000e+01 -8.163483564912874316e-03 -1.049911871840251802e-02
5.700000000000000000e+01 -9.344367214828728715e-03 -1.195410196969653484e-02
5.800000000000000000e+01 -1.065121588821059222e-02 -1.355810037621386563e-02
5.900000000000000000e+01 -1.209025427843996719e-02 -1.531826765837935797e-02
6.000000000000000000e+01 -1.366684241425104342e-02 -1.724097477396575179e-02
6.100000000000000000e+01 -1.538531623479332325e-02 -1.933143433254434773e-02
6.200000000000000000e+01 -1.724886947942014248e-02 -2.159334790514406271e-02
6.300000000000000000e+01 -1.925941212941332040e-02 -2.402871992219988637e-02
6.400000000000000000e+01 -2.141736176550083220e-02 -2.663784191164385307e-02
6.500000000000000000e+01 -2.372139930505613031e-02 -2.941929656187740327e-02
6.600000000000000000e+01 -2.616827218986004372e-02 -3.236980883562640826e-02
6.700000000000000000e+01 -2.875269870814106676e-02 -3.548391450054044077e-02
6.800000000000000000e+01 -3.146734404495440257e-02 -3.875360294281317980e-02
6.900000000000000000e+01 -3.430278863674232626e-02 -4.216814847395551624e-02
7.000000000000000000e+01 -3.724744656046058422e-02 -4.571421091351010602e-02
7.100000000000000000e+01 -4.028747783867093341e-02 -4.937607667533473049e-02
7.200000000000000000e+01 -4.340678275967350952e-02 -5.313581687046027568e-02
7.300000000000000000e+01 -4.658712189962939398e-02 -5.697324905501025688e-02
7.400000000000000000e+01 -4.980831939529585528e-02 -6.086580615497576285e-02
7.500000000000000000e+01 -5.304846843266024237e-02 -6.478854202597125744e-02
7.600000000000000000e+01 -5.628410355028941325e-02 -6.871442289173840257e-02
7.700000000000000000e+01 -5.949038222964169592e-02 -7.261484089636831285e-02
7.800000000000000000e+01 -6.264134636243030851e-02 -7.646013280672014911e-02
7.900000000000000000e+01 -6.571028687302664373e-02 -8.021992727515322996e-02
8.000000000000000000e+01 -6.867016466414763154e-02 -8.386333381005429966e-02
8.100000000000000000e+01 -7.149401881724733177e-02 -8.735915087818882374e-02
8.200000000000000000e+01 -7.415533430935478121e-02 -9.067626639225118135e-02
8.300000000000000000e+01 -7.662839761373571590e-02 -9.378426460118344243e-02
8.400000000000000000e+01 -7.888868261537157478e-02 -9.665408649969781107e-02
8.500000000000000000e+01 -8.091327346321894320e-02 -9.925855887576989778e-02
8.600000000000000000e+01 -8.268128678021374744e-02 -1.015727250834100037e-01
8.700000000000000000e+01 -8.417424573676324240e-02 -1.035740657179243518e-01
8.800000000000000000e+01 -8.537638575869857527e-02 -1.052427575397687498e-01
8.900000000000000000e+01 -8.627490425782741168e-02 -1.065620451878404595e-01
9.000000000000000000e+01 -8.686017520637377698e-02 -1.075186674694166844e-01
9.100000000000000000e+01 -8.712593283067529559e-02 -1.081032020346863742e-01
9.200000000000000000e+01 -8.706940841163618439e-02 -1.083102252333568299e-01
9.300000000000000000e+01 -8.669139855991740695e-02 -1.081382903383046323e-01
9.400000000000000000e+01 -8.599625332519664211e-02 -1.075898179129496646e-01
9.500000000000000000e+01 -8.499178715382096905e-02 -1.066710007216870315e-01
9.600000000000000000e+01 -8.368912526168151289e-02 -1.053917552289815457e-01
9.700000000000000000e+01 -8.210249954983397935e-02 -1.037656636549707800e-01
9.800000000000000000e+01 -8.024900321793496105e-02 -1.018098132181345650e-01
9.900000000000000000e+01 -7.814830496389400805e-02 -9.954447833979375437e-02
1.000000000000000000e+02 -7.582231763350905096e-02 -9.699267490471533137e-02
1.010000000000000000e+02 -7.329481883350220939e-02 -9.417967908568247726e-02
1.020000000000000000e+02 -7.059103347325676459e-02 -9.113259900821667203e-02
1.030000000000000000e+02 -6.773720178621517318e-02 -8.788002026853775073e-02
1.040000000000000000e+02 -6.476015823834355145e-02 -8.445166997704631195e-02
1.050000000000000000e+02 -6.168693286929134711e-02 -8.087802020038677153e-02
1.060000000000000000e+02 -5.854436858837353680e-02 -7.718980008054251996e-02
1.070000000000000000e+02 -5.535874334710578354e-02 -7.341746675779278752e-02
1.080000000000000000e+02 -5.215540049943503953e-02 -6.959073091974656011e-02
1.090000000000000000e+02 -4.895841012007823290e-02 -6.573820451197735781e-02
1.100000000000000000e+02 -4.579028802349643934e-02 -6.188715948127083977e-02
1.110000000000000000e+02 -4.267178168150161099e-02 -5.806332371486887245e-02
1.120000000000000000e+02 -3.962170886940311054e-02 -5.429064547731400625e-02
1.130000000000000000e+02 -3.665682775038962837e-02 -5.059102334543708057e-02
1.140000000000000000e+02 -3.379173214684491611e-02 -4.698406583973088746e-02
1.150000000000000000e+02 -3.103878652893661896e-02 -4.348695544900658266e-02
1.160000000000000000e+02 -2.840811986539178158e-02 -4.011443862833542068e-02
1.170000000000000000e+02 -2.590768082790300547e-02 -3.687889461578799932e-02
1.180000000000000000e+02 -2.354333530098751820e-02 -3.379040998509732358e-02
1.190000000000000000e+02 -2.131898133448824340e-02 -3.085682057733822592e-02
1.200000000000000000e+02 -1.923667069309423910e-02 -2.808374277966329408e-02
1.210000000000000000e+02 -1.729674458980737239e-02 -2.547464853361167125e-02
1.220000000000000000e+02 -1.549799572760982361e-02 -2.303101841754701118e-02
1.230000000000000000e+02 -1.383785640020896227e-02 -2.075255706507114078e-02
1.240000000000000000e+02 -1.231259687289704315e-02 -1.863742024881097706e-02
1.250000000000000000e+02 -1.091751497264644398e-02 -1.668241023751641100e-02
1.260000000000000000e+02 -9.647108717528673355e-03 -1.488313393005635983e-02
1.270000000000000000e+02 -8.495237193300740966e-03 -1.323415145857843866e-02
1.280000000000000000e+02 -7.455278369372293247e-03 -1.172914529574503421e-02
1.290000000000000000e+02 -6.520284955645626324e-03 -1.036111481138949145e-02
1.300000000000000000e+02 -5.683130126689639461e-03 -9.122574109663543485e-03
1.310000000000000000e+02 -4.936633358631741658e-03 -8.005724556190616653e-03
1.320000000000000000e+02 -4.273663289758321097e-03 -7.002589456746326560e-03
1.330000000000000000e+02 -3.687222221169510206e-03 -6.105120086741144987e-03
1.340000000000000000e+02 -3.170518806604444035e-03 -5.305291564729304292e-03
1.350000000000000000e+02 -2.717031435626546081e-03 -4.595199444071541156e-03
1.360000000000000000e+02 -2.320560013591231596e-03 -3.967153346619100782e-03
1.370000000000000000e+02 -1.975262979999386527e-03 -3.413755778160551708e-03
1.380000000000000000e+02 -1.675679496388005583e-03 -2.927957647298405977e-03
1.390000000000000000e+02 -1.416740184849161685e-03 -2.503091752409431024e-03
1.400000000000000000e+02 -1.193770530665053380e-03 -2.132892598907547635e-03
1.410000000000000000e+02 -1.002489152849617366e-03 -1.811510615736054708e-03
1.420000000000000000e+02 -8.390009541948383878e-04 -1.533523357393967897e-03
1.430000000000000000e+02 -6.997846298453919405e-04 -1.293941234408582013e-03
1.440000000000000000e+02 -5.816750685920092732e-04 -1.088204456583582742e-03
1.450000000000000000e+02 -4.818423712743719902e-04 -9.121706619222962878e-04
1.460000000000000000e+02 -3.977693825534477068e-04 -7.620959325556488735e-04
1.470000000000000000e+02 -3.272288534560347309e-04 -6.346129406037011571e-04
1.480000000000000000e+02 -2.682604864764200027e-04 -5.267086297459434071e-04
1.490000000000000000e+02 -2.191478295902978728e-04 -4.357017835564728331e-04
1.500000000000000000e+02 -1.783952423053734946e-04 -3.592197444608347524e-04
1.510000000000000000e+02 -1.447054767586712968e-04 -2.951738473307752341e-04
1.520000000000000000e+02 -1.169584367926543197e-04 -2.417340671317407723e-04
1.530000000000000000e+02 -9.419141812430580183e-05 -1.973039773523510326e-04
1.540000000000000000e+02 -7.558085240634187304e-05 -1.604969881119014809e-04
1.550000000000000000e+02 -6.042546419995919077e-05 -1.301142636211379076e-04
1.560000000000000000e+02 -4.813079681917279941e-05 -1.051242267348270179e-04
1.570000000000000000e+02 -3.819513569512207948e-05 -8.464342245355740198e-05
1.580000000000000000e+02 -3.019686397809776123e-05 -6.791865812186715246e-05
1.590000000000000000e+02 -2.378322196178180202e-05 -5.431052195545899068e-05
