0.000000000000000000e+00 -3.261657211384424911e-05 -1.222889344761573355e-04
1.000000000000000000e+00 -1.978450797694160603e-08 -5.931014737409637958e-08
2.000000000000000000e+00 -2.471938716456929560e-08 -7.081826991106770068e-08
3.000000000000000000e+00 -3.474462369559479862e-08 -9.686427150474933214e-08
4.000000000000000000e+00 -4.894280249801087729e-08 -1.329199275037647208e-07
5.000000000000000000e+00 -6.869439981437949398e-08 -1.816733468747780138e-07
6.000000000000000000e+00 -9.595602679013905852e-08 -2.473458480730374554e-07
7.000000000000000000e+00 -1.333590886597573754e-07 -3.357355957730573474e-07
8.000000000000000000e+00 -1.844870378962712948e-07 -4.545431035815319247e-07
9.000000000000000000e+00 -2.542412672680869030e-07 -6.136819396501134235e-07
1.000000000000000000e+01 -3.492403149738534697e-07 -8.256361042152462943e-07
1.100000000000000000e+01 -4.782122816168515399e-07 -1.106081882311855098e-06
1.200000000000000000e+01 -6.524179356772058473e-07 -1.475028785906716987e-06
1.300000000000000000e+01 -8.862584082913587851e-07 -1.958580935152167520e-06
1.400000000000000000e+01 -1.198289695530358904e-06 -2.591111963683943470e-06
1.500000000000000000e+01 -1.612791082826912406e-06 -3.417382453837633711e-06
1.600000000000000000e+01 -2.161805766300472815e-06 -4.494189594248941548e-06
1.700000000000000000e+01 -2.887329691265282776e-06 -5.891670343966347228e-06
1.800000000000000000e+01 -3.843313527644949261e-06 -7.695174046889790016e-06
1.900000000000000000e+01 -5.097527621883712053e-06 -1.000910653685164378e-05
2.000000000000000000e+01 -6.733987726854262347e-06 -1.296371759294444294e-05
2.100000000000000000e+01 -8.857075063411785215e-06 -1.672435367050123195e-05
2.200000000000000000e+01 -1.159816769167412640e-05 -2.150100025259495183e-05
2.300000000000000000e+01 -1.512442590537266214e-05 -2.755540878619942285e-05
2.400000000000000000e+01 -1.964802172560518355e-05 -3.520484194338534137e-05
2.500000000000000000e+01 -2.543380452531337563e-05 -4.482508037875048839e-05
2.600000000000000000e+01 -3.280502248290182685e-05 -5.685852232905512694e-05
2.700000000000000000e+01 -4.214972338057689416e-05 -7.183293374741437634e-05
2.800000000000000000e+01 -5.393266387674010536e-05 -9.039125125050195310e-05
2.900000000000000000e+01 -6.871645430464527857e-05 -1.133250497258937619e-04
3.000000000000000000e+01 -8.719066443329647875e-05 -1.415995075570372359e-04
3.100000000000000000e+01 -1.102015568531607885e-04 -1.763614985306659008e-04
3.200000000000000000e+01 -1.387732231335620501e-04 -2.189352493335811425e-04
3.300000000000000000e+01 -1.741168866160326375e-04 -2.708244943588531913e-04
3.400000000000000000e+01 -2.176369210964608242e-04 -3.337443177749739457e-04
3.500000000000000000e+01 -2.709512061447103123e-04 -4.096919308990443773e-04
3.600000000000000000e+01 -3.359400971982517384e-04 -5.010380734051723310e-04
3.700000000000000000e+01 -4.148202567149972850e-04 -6.105978254259881348e-04
3.800000000000000000e+01 -5.102173495418485744e-04 -7.416428096494099469e-04
3.900000000000000000e+01 -6.252039268920202330e-04 -8.978530458655251340e-04
4.000000000000000000e+01 -7.632885049290040859e-04 -1.083257146804733747e-03
4.100000000000000000e+01 -9.283812687612188336e-04 -1.302236248587690815e-03
4.200000000000000000e+01 -1.124792216651650505e-03 -1.559639061215391731e-03
4.300000000000000000e+01 -1.357307687836278691e-03 -1.860977499970609388e-03
4.400000000000000000e+01 -1.631335344019754340e-03 -2.212593439071461592e-03
4.500000000000000000e+01 -1.953040157095052749e-03 -2.621673200434712376e-03
4.600000000000000000e+01 -2.329371912299576814e-03 -3.096069368298129312e-03
4.700000000000000000e+01 -2.767943122493507230e-03 -3.644029414823521471e-03
4.800000000000000000e+01 -3.276828259631575212e-03 -4.274027953132373929e-03
4.900000000000000000e+01 -3.864437029796249316e-03 -4.994861406731904846e-03
5.000000000000000000e+01 -4.539583623023820715e-03 -5.815983988232231554e-03
5.100000000000000000e+01 -5.311724507988079859e-03 -6.747852006960840254e-03
5.200000000000000000e+01 -6.191168444880103608e-03 -7.801965804421892928e-03
5.300000000000000000e+01 -7.189018876070976324e-03 -8.990452577205310797e-03
5.400000000000000000e+01 -8.316762946686291971e-03 -1.032534938099670223e-02
5.500000000000000000e+01 -9.585688058172815718e-03 -1.181800506438871259e-02
5.600000000000000000e+01 -1.100647985961397679e-02 -1.347900029497204298e-02
5.700000000000000000e+01 -1.258926124259609515e-02 -1.531864122189534154e-02
5.800000000000000000e+01 -1.434399131923677975e-02 -1.734762390937180654e-02
5.900000000000000000e+01 -1.628079978641328029e-02 -1.957723976986518524e-02
6.000000000000000000e+01 -1.840978479158995179e-02 -2.201872333275672541e-02
6.100000000000000000e+01 -2.074015284069150727e-02 -2.468193200716699981e-02
6.200000000000000000e+01 -2.327910169404093232e-02 -2.757408869477622620e-02
6.300000000000000000e+01 -2.603112423267795600e-02 -3.069937697317249442e-02
6.400000000000000000e+01 -2.899816268885957102e-02 -3.405963196675755589e-02
6.500000000000000000e+01 -3.218039390602221023e-02 -3.765555701047574449e-02
6.600000000000000000e+01 -3.557686922154735393e-02 -4.148741813366764453e-02
6.700000000000000000e+01 -3.918525598764107526e-02 -4.555444410684578171e-02
6.800000000000000000e+01 -4.300059256331006940e-02 -4.985306817536173940e-02
6.900000000000000000e+01 -4.701379647725367067e-02 -5.437505910557624556e-02
7.000000000000000000e+01 -5.121097929871955973e-02 -5.910680118809007871e-02
7.100000000000000000e+01 -5.557409896447558506e-02 -6.403025969895177749e-02
7.200000000000000000e+01 -6.008246960698430950e-02 -6.912497558693264654e-02
7.300000000000000000e+01 -6.471394725732790287e-02 -7.436964323048589343e-02
7.400000000000000000e+01 -6.944482835839296819e-02 -7.974207095897066500e-02
7.500000000000000000e+01 -7.424852754986660530e-02 -8.521749020388312557e-02
7.600000000000000000e+01 -7.909414792638307101e-02 -9.076644296380463606e-02
7.700000000000000000e+01 -8.394625879605586982e-02 -9.635389435127385271e-02
7.800000000000000000e+01 -8.876633706999041695e-02 -1.019404310693495241e-01
7.900000000000000000e+01 -9.351505862630231369e-02 -1.074849516987840675e-01
8.000000000000000000e+01 -9.815396517748314897e-02 -1.129471898705574490e-01
8.100000000000000000e+01 -1.026455375197069114e-01 -1.182885351976019767e-01
8.200000000000000000e+01 -1.069519956963378565e-01 -1.234708593629130075e-01
8.300000000000000000e+01 -1.110341914387502765e-01 -1.284545191577038670e-01
8.400000000000000000e+01 -1.148519119818141032e-01 -1.331973272049942758e-01
8.500000000000000000e+01 -1.183658065218839150e-01 -1.376556013342598861e-01
8.600000000000000000e+01 -1.215398665232800546e-01 -1.417869222740342772e-01
8.700000000000000000e+01 -1.243429644401016498e-01 -1.455530254507694243e-01
8.800000000000000000e+01 -1.267487090910437986e-01 -1.489211860878546234e-01
8.900000000000000000e+01 -1.287341852482576099e-01 -1.518635462474917652e-01
9.000000000000000000e+01 -1.302789583932881801e-01 -1.543552695102979877e-01
9.100000000000000000e+01 -1.313654177597124439e-01 -1.563731659862455659e-01
9.200000000000000000e+01 -1.319803885293471812e-01 -1.578960000771027217e-01
9.300000000000000000e+01 -1.321169044383707358e-01 -1.589064304823487039e-01
9.400000000000000000e+01 -1.317749069112215121e-01 -1.593933627755961535e-01
9.500000000000000000e+01 -1.309604733899468743e-01 -1.593532296189784370e-01
9.600000000000000000e+01 -1.296842657451617309e-01 -1.587894824732433152e-01
9.700000000000000000e+01 -1.279603692071194232e-01 -1.577107872545770173e-01
9.800000000000000000e+01 -1.258062366700463952e-01 -1.561292076281076413e-01
9.900000000000000000e+01 -1.232434878230614234e-01 -1.540595220557477441e-01
1.000000000000000000e+02 -1.202986257036320755e-01 -1.515199171753275342e-01
1.010000000000000000e+02 -1.170028309056981575e-01 -1.485333060208191280e-01
1.020000000000000000e+02 -1.133907299020467940e-01 -1.451281172023152211e-01
1.030000000000000000e+02 -1.094987850790713202e-01 -1.413378126569840021e-01
1.040000000000000000e+02 -1.053641463415105339e-01 -1.371992704017964970e-01
1.050000000000000000e+02 -1.010243496854686812e-01 -1.327508846077440352e-01
1.060000000000000000e+02 -9.651756237100750369e-02 -1.280313235640751224e-01
1.070000000000000000e+02 -9.188270305807598459e-02 -1.230793462324056425e-01
1.080000000000000000e+02 -8.715895164032610998e-02 -1.179343317149286890e-01
1.090000000000000000e+02 -8.238469825812015646e-02 -1.126367414282596624e-01
1.100000000000000000e+02 -7.759641765251309997e-02 -1.072278680242073068e-01
1.110000000000000000e+02 -7.282797828413631325e-02 -1.017487791088352578e-01
1.120000000000000000e+02 -6.811054227081017598e-02 -9.623892439239850605e-02
1.130000000000000000e+02 -6.347279648901570093e-02 -9.073506811414970563e-02
1.140000000000000000e+02 -5.894109400727323700e-02 -8.527094626254055898e-02
1.150000000000000000e+02 -5.453925918235235509e-02 -7.987755626696663169e-02
1.160000000000000000e+02 -5.028813850130731122e-02 -7.458361831751009197e-02
1.170000000000000000e+02 -4.620519525195646710e-02 -6.941573045847750090e-02
1.180000000000000000e+02 -4.230440773483438305e-02 -6.439804015866838760e-02
1.190000000000000000e+02 -3.859650696115041191e-02 -5.955163222217692981e-02
1.200000000000000000e+02 -3.508937465519258725e-02 -5.489402592175080670e-02
1.210000000000000000e+02 -3.178837055523064253e-02 -5.043907993600800499e-02
1.220000000000000000e+02 -2.869647758459915182e-02 -4.619732468240208417e-02
1.230000000000000000e+02 -2.581432631504769828e-02 -4.217648893378872499e-02
1.240000000000000000e+02 -2.314025157064078519e-02 -3.838192353558628894e-02
1.250000000000000000e+02 -2.067049401250980328e-02 -3.481676207114232230e-02
1.260000000000000000e+02 -1.839954279775463108e-02 -3.148187375180852565e-02
1.270000000000000000e+02 -1.632052105413304977e-02 -2.837580295856561088e-02
1.280000000000000000e+02 -1.442550682651661670e-02 -2.549487444438398170e-02
1.290000000000000000e+02 -1.270574709297739649e-02 -2.283351066843593291e-02
1.300000000000000000e+02 -1.115179990715213856e-02 -2.038466622438121073e-02
1.310000000000000000e+02 -9.753672882509603279e-03 -1.814022814739826503e-02
1.320000000000000000e+02 -8.501002387624106982e-03 -1.609128054271629499e-02
1.330000000000000000e+02 -7.383267354395126741e-03 -1.422823465417756214e-02
1.340000000000000000e+02 -6.389996446212620022e-03 -1.254090423155569331e-02
1.350000000000000000e+02 -5.510928599256944421e-03 -1.101861528324647212e-02
1.360000000000000000e+02 -4.736115108740600668e-03 -9.650388276238668420e-03
1.370000000000000000e+02 -4.055980618713781426e-03 -8.425165956427619479e-03
1.380000000000000000e+02 -3.461370591141580202e-03 -7.332026299690900736e-03
1.390000000000000000e+02 -2.943602329797088100e-03 -6.360332334653722927e-03
1.400000000000000000e+02 -2.494518312565380518e-03 -5.499810367363446896e-03
1.410000000000000000e+02 -2.106529148529234698e-03 -4.740583784031394098e-03
1.420000000000000000e+02 -1.772634818471338376e-03 -4.073199738282451236e-03
1.430000000000000000e+02 -1.486422489067120182e-03 -3.488670824961168527e-03
1.440000000000000000e+02 -1.242048266435264847e-03 -2.978529521575421467e-03
1.450000000000000000e+02 -1.034212860318760741e-03 -2.534877495938574112e-03
1.460000000000000000e+02 -8.581374238635468277e-04 -2.150412398785273883e-03
1.470000000000000000e+02 -7.095401302423633757e-04 -1.818426764165560847e-03
1.480000000000000000e+02 -5.846106486496101002e-04 -1.532786476155454432e-03
1.490000000000000000e+02 -4.799800121650032395e-04 -1.287901731021952973e-03
1.500000000000000000e+02 -3.926859269379191471e-04 -1.078700245421271558e-03
1.510000000000000000e+02 -3.201358722214143809e-04 -9.006050776502542423e-04
1.520000000000000000e+02 -2.600708793864314533e-04 -7.495135574936594635e-04
1.530000000000000000e+02 -2.105318047444940457e-04 -6.217725196272445897e-04
1.540000000000000000e+02 -1.698283787385440136e-04 -5.141476089580282720e-04
1.550000000000000000e+02 -1.365103863739622900e-04 -4.237880299730559675e-04
1.560000000000000000e+02 -1.093403295098314282e-04 -3.481901706419198773e-04
1.570000000000000000e+02 -8.726745439177219113e-05 -2.851632403120712479e-04
1.580000000000000000e+02 -6.940351989931219936e-05 -2.327983003630939782e-04
1.590000000000000000e+02 -5.500079110045372909e-05 -1.894403101040607049e-04
