0.000000000000000000e+00 -2.628367056433340188e-07 -4.249414695715733663e-05
1.000000000000000000e+00 -1.739647611890056382e-13 -2.635443663763125962e-07
2.000000000000000000e+00 -3.193438488290763973e-13 -3.085857469887544366e-07
3.000000000000000000e+00 -5.960376324722199381e-13 -4.107878818102869943e-07
4.000000000000000000e+00 -1.104595754339675381e-12 -5.498485607359969677e-07
5.000000000000000000e+00 -2.030625120234566664e-12 -7.341540257478272660e-07
6.000000000000000000e+00 -3.701906949600380263e-12 -9.769583297641825979e-07
7.000000000000000000e+00 -6.695232286565847774e-12 -1.295568856038183007e-06
8.000000000000000000e+00 -1.201964579998819489e-11 -1.712123442113056240e-06
9.000000000000000000e+00 -2.142142832319602751e-11 -2.254764931182211552e-06
1.000000000000000000e+01 -3.788587508857155444e-11 -2.959112452641764710e-06
1.100000000000000000e+01 -6.647051457585526748e-11 -3.870058095805112167e-06
1.200000000000000000e+01 -1.156985707860437577e-10 -5.043948583490226936e-06
1.300000000000000000e+01 -1.998569972109926943e-10 -6.551227260236975519e-06
1.400000000000000000e+01 -3.426846242587396462e-10 -8.479618985774821518e-06
1.500000000000000000e+01 -5.831867827516046822e-10 -1.093793953684971145e-05
1.600000000000000000e+01 -9.848216574942106745e-10 -1.406060866049076175e-05
1.700000000000000000e+01 -1.650123979854897664e-09 -1.801295484228875569e-05
1.800000000000000000e+01 -2.743804235344114912e-09 -2.299742875100032699e-05
1.900000000000000000e+01 -4.528390509503890477e-09 -2.926088283687839484e-05
2.000000000000000000e+01 -7.418107059120126196e-09 -3.710309930188092744e-05
2.100000000000000000e+01 -1.206004365288990930e-08 -4.688672861320602200e-05
2.200000000000000000e+01 -1.945717285148785619e-08 -5.904873494731445417e-05
2.300000000000000000e+01 -3.115397841704094828e-08 -7.411337772024841671e-05
2.400000000000000000e+01 -4.951096815238600054e-08 -9.270675833609140785e-05
2.500000000000000000e+01 -7.810204991393907315e-08 -1.155730631061152223e-04
2.600000000000000000e+01 -1.222857027657415723e-07 -1.435927821202144625e-04
2.700000000000000000e+01 -1.900292539326339166e-07 -1.778032421092652312e-04
2.800000000000000000e+01 -2.930950049074116590e-07 -2.194216335919130375e-04
2.900000000000000000e+01 -4.487163826925852396e-07 -2.698703569855785927e-04
3.000000000000000000e+01 -6.819156356909145603e-07 -3.308041732762130658e-04
3.100000000000000000e+01 -1.028678645214752001e-06 -4.041386148604373708e-04
3.200000000000000000e+01 -1.540314650102549313e-06 -4.920795093230605904e-04
3.300000000000000000e+01 -2.289428366843345637e-06 -5.971540383798489091e-04
3.400000000000000000e+01 -3.377958377742230186e-06 -7.222439478267400712e-04
3.500000000000000000e+01 -4.947754847018824974e-06 -8.706209059325221511e-04
3.600000000000000000e+01 -7.194346521862182525e-06 -1.045982728593329320e-03
3.700000000000000000e+01 -1.038489010215220438e-05 -1.252488095182626706e-03
3.800000000000000000e+01 -1.488151223763807413e-05 -1.494787483149493746e-03
3.900000000000000000e+01 -2.117109988938813036e-05 -1.778049622503705780e-03
4.000000000000000000e+01 -2.990238057782730846e-05 -2.107984772633868156e-03
4.100000000000000000e+01 -4.193149787335313583e-05 -2.490866676732681178e-03
4.200000000000000000e+01 -5.837814299044437089e-05 -2.933552926839251909e-03
4.300000000000000000e+01 -8.069448318990395141e-05 -3.443499554591345109e-03
4.400000000000000000e+01 -1.107478965782691759e-04 -4.028762925524764435e-03
4.500000000000000000e+01 -1.509172308386748135e-04 -4.697983485389104104e-03
4.600000000000000000e+01 -2.042030487449105565e-04 -5.460351765166665712e-03
4.700000000000000000e+01 -2.743543527858514582e-04 -6.325563344096867512e-03
4.800000000000000000e+01 -3.660136873849535299e-04 -7.303770311091129647e-03
4.900000000000000000e+01 -4.848777451950566351e-04 -8.405529265343698528e-03
5.000000000000000000e+01 -6.378666190898697090e-04 -9.641734117626950609e-03
5.100000000000000000e+01 -8.332973776102399390e-04 -1.102351567982153870e-02
5.200000000000000000e+01 -1.081063036576720331e-03 -1.256209759140588904e-02
5.300000000000000000e+01 -1.392815241582998336e-03 -1.426861792724419195e-02
5.400000000000000000e+01 -1.782136228453490637e-03 -1.615394412101865684e-02
5.500000000000000000e+01 -2.264677896734643234e-03 -1.822850818833530312e-02
5.600000000000000000e+01 -2.858255791549363465e-03 -2.050216358029128411e-02
5.700000000000000000e+01 -3.582900505232194163e-03 -2.298402952521716447e-02
5.800000000000000000e+01 -4.460862426386936509e-03 -2.568227328233355436e-02
5.900000000000000000e+01 -5.516539294730298318e-03 -2.860380724864027002e-02
6.000000000000000000e+01 -6.776286664411794967e-03 -3.175393729585554436e-02
6.100000000000000000e+01 -8.268101166538163391e-03 -3.513604884015989610e-02
6.200000000000000000e+01 -1.002120011758771828e-02 -3.875140994137208500e-02
6.300000000000000000e+01 -1.206550731449871662e-02 -4.259909417702141543e-02
6.400000000000000000e+01 -1.443100768443686052e-02 -4.667592677432155779e-02
6.500000000000000000e+01 -1.714692745943079827e-02 -5.097631715622662207e-02
6.600000000000000000e+01 -2.024076045797779805e-02 -5.549191359251697681e-02
6.700000000000000000e+01 -2.373721902969943426e-02 -6.021117086984498212e-02
6.800000000000000000e+01 -2.765715782028875872e-02 -6.511904798231314684e-02
6.900000000000000000e+01 -3.201644121414218974e-02 -7.019703178593782178e-02
7.000000000000000000e+01 -3.682472465626763364e-02 -7.542349218633949415e-02
7.100000000000000000e+01 -4.208422090678541616e-02 -8.077413386987006283e-02
7.200000000000000000e+01 -4.778859475493485442e-02 -8.622221198368761053e-02
7.300000000000000000e+01 -5.392206703022981579e-02 -9.173834199883537655e-02
7.400000000000000000e+01 -6.045869403093732941e-02 -9.729007946015573449e-02
7.500000000000000000e+01 -6.736178930089684047e-02 -1.028417223356826171e-01
7.600000000000000000e+01 -7.458357720552097336e-02 -1.083547484843037367e-01
7.700000000000000000e+01 -8.206523374812788041e-02 -1.137889092262005242e-01
7.800000000000000000e+01 -8.973736981004294677e-02 -1.191035119316764118e-01
7.900000000000000000e+01 -9.752086998650859317e-02 -1.242582256837943683e-01
8.000000000000000000e+01 -1.053280015726393154e-01 -1.292130499451385472e-01
8.100000000000000000e+01 -1.130638319693826332e-01 -1.339277309357879142e-01
8.200000000000000000e+01 -1.206280420471131654e-01 -1.383614211324073195e-01
8.300000000000000000e+01 -1.279171091783778968e-01 -1.424733162467128611e-01
8.400000000000000000e+01 -1.348266996293582265e-01 -1.462243359545225552e-01
8.500000000000000000e+01 -1.412541211341409308e-01 -1.495790959058070912e-01
8.600000000000000000e+01 -1.471008009534639227e-01 -1.525070897443938089e-01
8.700000000000000000e+01 -1.522747976518822877e-01 -1.549824829014580796e-01
8.800000000000000000e+01 -1.566932691710587744e-01 -1.569829179194926483e-01
8.900000000000000000e+01 -1.602847310879692566e-01 -1.584885032369442170e-01
9.000000000000000000e+01 -1.629909658606296941e-01 -1.594820718865679332e-01
9.100000000000000000e+01 -1.647685427726112706e-01 -1.599508484473118886e-01
9.200000000000000000e+01 -1.655899551466358255e-01 -1.598885331470187854e-01
9.300000000000000000e+01 -1.654443443933558411e-01 -1.592963765632106898e-01
9.400000000000000000e+01 -1.643377417784362693e-01 -1.581824584338888673e-01
9.500000000000000000e+01 -1.622927872363421620e-01 -1.565596556129985328e-01
9.600000000000000000e+01 -1.593479532240834051e-01 -1.544437301677036301e-01
9.700000000000000000e+01 -1.555563427738477222e-01 -1.518528502831973936e-01
9.800000000000000000e+01 -1.509841252531951561e-01 -1.488087392684042665e-01
9.900000000000000000e+01 -1.457086569154375510e-01 -1.453383731720687688e-01
1.000000000000000000e+02 -1.398163398339930807e-01 -1.414746907306173029e-01
1.010000000000000000e+02 -1.334002983797776820e-01 -1.372554885712788664e-01
1.020000000000000000e+02 -1.265579721483910680e-01 -1.327210006598988912e-01
1.030000000000000000e+02 -1.193887227411483676e-01 -1.279115920331359291e-01
1.040000000000000000e+02 -1.119915334125741735e-01 -1.228668426983254569e-01
1.050000000000000000e+02 -1.044628609102996875e-01 -1.176262095312172740e-01
1.060000000000000000e+02 -9.689469017760206360e-02 -1.122302856073990884e-01
1.070000000000000000e+02 -8.937284307515749870e-02 -1.067213053394753669e-01
1.080000000000000000e+02 -8.197558782772637609e-02 -1.011421993713555040e-01
1.090000000000000000e+02 -7.477257659104695475e-02 -9.553462898800135772e-02
1.100000000000000000e+02 -6.782411188261756874e-02 -8.993715769766127965e-02
1.110000000000000000e+02 -6.118072546179816745e-02 -8.438454302350455183e-02
1.120000000000000000e+02 -5.488305093715256655e-02 -7.890826211744966789e-02
1.130000000000000000e+02 -4.896197193177058427e-02 -7.353752579195910188e-02
1.140000000000000000e+02 -4.343901868664205163e-02 -6.829981553335245925e-02
1.150000000000000000e+02 -3.832697102367895597e-02 -6.322048409381710032e-02
1.160000000000000000e+02 -3.363061793748784584e-02 -5.832173273723278289e-02
1.170000000000000000e+02 -2.934762865919356145e-02 -5.362171941941804021e-02
1.180000000000000000e+02 -2.546949823865146331e-02 -4.913438621521026145e-02
1.190000000000000000e+02 -2.198253319097896383e-02 -4.487002781635048704e-02
1.200000000000000000e+02 -1.886884090252388332e-02 -4.083612705068283971e-02
1.210000000000000000e+02 -1.610728812476324920e-02 -3.703790701687818820e-02
1.220000000000000000e+02 -1.367440187743017982e-02 -3.347837773272269168e-02
1.230000000000000000e+02 -1.154519557003823131e-02 -3.015807876332445014e-02
1.240000000000000000e+02 -9.693908929283380493e-03 -2.707491355297316285e-02
1.250000000000000000e+02 -8.094652863254803501e-03 -2.422433823779730072e-02
1.260000000000000000e+02 -6.721953496697151420e-03 -2.159986730797278098e-02
1.270000000000000000e+02 -5.551194747486139572e-03 -1.919364328305723372e-02
1.280000000000000000e+02 -4.558963938795249082e-03 -1.699682843030343726e-02
1.290000000000000000e+02 -3.723307871271455509e-03 -1.499975846030751625e-02
1.300000000000000000e+02 -3.023907742664723713e-03 -1.319198028910685896e-02
1.310000000000000000e+02 -2.442181902557739783e-03 -1.156234386088676389e-02
1.320000000000000000e+02 -1.961326401115945795e-03 -1.009922634173193376e-02
1.330000000000000000e+02 -1.566304044003709881e-03 -8.790835821503275443e-03
1.340000000000000000e+02 -1.243792522320200621e-03 -7.625479139998828614e-03
1.350000000000000000e+02 -9.821012716303271529e-04 -6.591717385351791685e-03
1.360000000000000000e+02 -7.710656157091787689e-04 -5.678421234904755706e-03
1.370000000000000000e+02 -6.019257870061870070e-04 -4.874797934143090296e-03
1.380000000000000000e+02 -4.671974851076148103e-04 -4.170453041313121507e-03
1.390000000000000000e+02 -3.605395718323245458e-04 -3.555494711854456646e-03
1.400000000000000000e+02 -2.766233467980503844e-04 -3.020638979951844466e-03
1.410000000000000000e+02 -2.110067625113417385e-04 -2.557268246486841482e-03
1.420000000000000000e+02 -1.600160214793974918e-04 -2.157428394156271721e-03
1.430000000000000000e+02 -1.206362299878683647e-04 -1.813789429257204114e-03
1.440000000000000000e+02 -9.041211749448560455e-05 -1.519608924589252149e-03
1.450000000000000000e+02 -6.735925862595801457e-05 -1.268720812990295618e-03
1.460000000000000000e+02 -4.988577450206795597e-05 -1.055542885292280481e-03
1.470000000000000000e+02 -3.672414991539534707e-05 -8.750787528678113329e-04
1.480000000000000000e+02 -2.687256651378059166e-05 -7.228945945774935440e-04
1.490000000000000000e+02 -1.954499576726410366e-05 -5.950698706110907517e-04
1.500000000000000000e+02 -1.412920323409037402e-05 -4.881377440166499715e-04
1.510000000000000000e+02 -1.015177536415563716e-05 -3.990337625694781302e-04
1.520000000000000000e+02 -7.249284296602786748e-06 -3.250612769276549309e-04
1.530000000000000000e+02 -5.144742774352631251e-06 -2.638688903485734072e-04
1.540000000000000000e+02 -3.628559485451161266e-06 -2.134286673600630077e-04
1.550000000000000000e+02 -2.543276537633560083e-06 -1.720067463271841553e-04
1.560000000000000000e+02 -1.771448259890249555e-06 -1.381260930526208373e-04
1.570000000000000000e+02 -1.226099692539435416e-06 -1.105276268246547974e-04
1.580000000000000000e+02 -8.432813637371171732e-07 -8.813684471285432244e-05
1.590000000000000000e+02 -5.763094453651000543e-07 -7.003914623606000253e-05
