0.000000000000000000e+00 -1.207916555244657767e-05 -1.508174087732973627e-05
1.000000000000000000e+00 -3.719242559825562808e-09 -6.481171218973627597e-09
2.000000000000000000e+00 -4.974683775526953335e-09 -8.555014346256231784e-09
3.000000000000000000e+00 -7.298111047428475866e-09 -1.243817315995828185e-08
4.000000000000000000e+00 -1.070254356479659608e-08 -1.807369311054253604e-08
5.000000000000000000e+00 -1.563697026824412778e-08 -2.617104798813822205e-08
6.000000000000000000e+00 -2.275243846039425147e-08 -3.775489469921973784e-08
7.000000000000000000e+00 -3.295349997884564785e-08 -5.423386258096943978e-08
8.000000000000000000e+00 -4.748826513171887414e-08 -7.752653329336764113e-08
9.000000000000000000e+00 -6.808320912761397593e-08 -1.102554205703123707e-07
1.000000000000000000e+01 -9.713498902790207499e-08 -1.560329272936259083e-07
1.100000000000000000e+01 -1.379624523422720115e-07 -2.198438618136692113e-07
1.200000000000000000e+01 -1.951155920135553468e-07 -3.085068978058964956e-07
1.300000000000000000e+01 -2.747493393011818671e-07 -4.312032102771801971e-07
1.400000000000000000e+01 -3.851033908676095904e-07 -6.001147828402020772e-07
1.500000000000000000e+01 -5.371672625025206718e-07 -8.312979038758563162e-07
1.600000000000000000e+01 -7.456186904340203587e-07 -1.145964311655444623e-06
1.700000000000000000e+01 -1.030082254534547981e-06 -1.572286774806802326e-06
1.800000000000000000e+01 -1.416688099614975620e-06 -2.147693755768554603e-06
1.900000000000000000e+01 -1.939888903920224568e-06 -2.921488987738833668e-06
2.000000000000000000e+01 -2.644582592900184701e-06 -3.957699508327950555e-06
2.100000000000000000e+01 -3.588771589991718471e-06 -5.338387579159904090e-06
2.200000000000000000e+01 -4.847136621631623472e-06 -7.168079423815024028e-06
2.300000000000000000e+01 -6.515850869288813802e-06 -9.580089880421808544e-06
2.400000000000000000e+01 -8.718672213094358575e-06 -1.274507499236724477e-05
2.500000000000000000e+01 -1.161402677278881745e-05 -1.688129515794471592e-05
2.600000000000000000e+01 -1.540278340258869624e-05 -2.226551667343845001e-05
2.700000000000000000e+01 -2.033691813009395159e-05 -2.924399206898216466e-05
2.800000000000000000e+01 -2.673004348593184548e-05 -3.824460486960657926e-05
2.900000000000000000e+01 -3.497117886291770984e-05 -4.979294875438785829e-05
3.000000000000000000e+01 -4.554256832224653492e-05 -6.453512314603185578e-05
3.100000000000000000e+01 -5.904091560387138423e-05 -8.326750224681923516e-05
3.200000000000000000e+01 -7.620014942780453031e-05 -1.069699787377919285e-04
3.300000000000000000e+01 -9.791413518136895860e-05 -1.368374173856227592e-04
3.400000000000000000e+01 -1.252600561914711031e-04 -1.743070310047964509e-04
3.500000000000000000e+01 -1.595260738939854167e-04 -2.210863131278432655e-04
3.600000000000000000e+01 -2.022475925541575054e-04 -2.791917917146214106e-04
3.700000000000000000e+01 -2.552531208454313625e-04 -3.510068060308585468e-04
3.800000000000000000e+01 -3.207147213648608498e-04 -4.393551801746639770e-04
3.900000000000000000e+01 -4.011942012408502723e-04 -5.475741684753759018e-04
4.000000000000000000e+01 -4.996794140618054025e-04 -6.795668714220978301e-04
4.100000000000000000e+01 -6.196150954748682552e-04 -8.398289696227004188e-04
4.200000000000000000e+01 -7.649419757568599616e-04 -1.033469718591380811e-03
4.300000000000000000e+01 -9.401561638928570110e-04 -1.266261566371167492e-03
4.400000000000000000e+01 -1.150384618202416297e-03 -1.544737340745480463e-03
4.500000000000000000e+01 -1.401452370301999647e-03 -1.876311838365395199e-03
4.600000000000000000e+01 -1.699912330403321277e-03 -2.269367264802862362e-03
4.700000000000000000e+01 -2.053030138826357921e-03 -2.733248324036748143e-03
4.800000000000000000e+01 -2.468752237743165271e-03 -3.278172507396901175e-03
4.900000000000000000e+01 -2.955702834754863045e-03 -3.915133724727981948e-03
5.000000000000000000e+01 -3.523229293273818976e-03 -4.655894862558532243e-03
5.100000000000000000e+01 -4.181457100844993349e-03 -5.513090762019487445e-03
5.200000000000000000e+01 -4.941274709381235884e-03 -6.500340624859232350e-03
5.300000000000000000e+01 -5.814193834005096373e-03 -7.632204002044847002e-03
5.400000000000000000e+01 -6.812117424438180260e-03 -8.923889458728103199e-03
5.500000000000000000e+01 -7.947124884287688068e-03 -1.039080773680268327e-02
5.600000000000000000e+01 -9.231369875217415588e-03 -1.204820354081437631e-02
5.700000000000000000e+01 -1.067706945594157006e-02 -1.391105205824095907e-02
5.800000000000000000e+01 -1.229643723934189387e-02 -1.599416534691035230e-02
5.900000000000000000e+01 -1.410140516943988141e-02 -1.831220676370674122e-02
6.000000000000000000e+01 -1.610312618491889849e-02 -2.087929820818312798e-02
6.100000000000000000e+01 -1.831144029711795698e-02 -2.370819272218890536e-02
6.200000000000000000e+01 -2.073453748782142642e-02 -2.680936350300729479e-02
6.300000000000000000e+01 -2.337888376818650707e-02 -3.019048661281493670e-02
6.400000000000000000e+01 -2.624921871873997156e-02 -3.385649981323413799e-02
6.500000000000000000e+01 -2.934832645569147858e-02 -3.780990832982705080e-02
6.600000000000000000e+01 -3.267645907360062357e-02 -4.205072907977085855e-02
6.700000000000000000e+01 -3.623062109934923475e-02 -4.657572030175178429e-02
6.800000000000000000e+01 -4.000410289811866249e-02 -5.137717464586216004e-02
6.900000000000000000e+01 -4.398648532899538527e-02 -5.644202324479793975e-02
7.000000000000000000e+01 -4.816394880133052087e-02 -6.175184810490530474e-02
7.100000000000000000e+01 -5.251946231311825641e-02 -6.728369560832520024e-02
7.200000000000000000e+01 -5.703256334389686377e-02 -7.301091506913290341e-02
7.300000000000000000e+01 -6.167886810818280080e-02 -7.890323028744695988e-02
7.400000000000000000e+01 -6.642978133295082688e-02 -8.492595856573685598e-02
7.500000000000000000e+01 -7.125278285165204117e-02 -9.103913188837263470e-02
7.600000000000000000e+01 -7.611222066480791137e-02 -9.719749595454293956e-02
7.700000000000000000e+01 -8.097014689570727897e-02 -1.033517279047100890e-01
7.800000000000000000e+01 -8.578676538003168761e-02 -1.094502485851638895e-01
7.900000000000000000e+01 -9.052049036664990000e-02 -1.154405548735017856e-01
8.000000000000000000e+01 -9.512803927458901576e-02 -1.212694717927506050e-01
8.100000000000000000e+01 -9.956500018839878341e-02 -1.268827187973938231e-01
8.200000000000000000e+01 -1.037869155340181010e-01 -1.322248313540793085e-01
8.300000000000000000e+01 -1.077504890765114270e-01 -1.372402129841901186e-01
8.400000000000000000e+01 -1.114144573426415208e-01 -1.418751509541403555e-01
8.500000000000000000e+01 -1.147400102887947970e-01 -1.460798320269145745e-01
8.600000000000000000e+01 -1.176910558766804393e-01 -1.498094190100230094e-01
8.700000000000000000e+01 -1.202347153422103493e-01 -1.530240434877803146e-01
8.800000000000000000e+01 -1.223421505107005341e-01 -1.556884316175917715e-01
8.900000000000000000e+01 -1.239894596543900523e-01 -1.577720841742059621e-01
9.000000000000000000e+01 -1.251582811518183735e-01 -1.592503491420843020e-01
9.100000000000000000e+01 -1.258359782097147050e-01 -1.601058909896533877e-01
9.200000000000000000e+01 -1.260155896384870799e-01 -1.603296807191400553e-01
9.300000000000000000e+01 -1.256958226888572616e-01 -1.599209802747595388e-01
9.400000000000000000e+01 -1.248811790572691982e-01 -1.588865308234782558e-01
9.500000000000000000e+01 -1.235820581728702683e-01 -1.572396533958167475e-01
9.600000000000000000e+01 -1.218146200195168449e-01 -1.549998605010513564e-01
9.700000000000000000e+01 -1.196003509835491252e-01 -1.521930107706641333e-01
9.800000000000000000e+01 -1.169654768401402894e-01 -1.488515129886873178e-01
9.900000000000000000e+01 -1.139404071338941948e-01 -1.450140102130408892e-01
1.000000000000000000e+02 -1.105592569007115833e-01 -1.407243590871235794e-01
1.010000000000000000e+02 -1.068593359636422768e-01 -1.360302155094444687e-01
1.020000000000000000e+02 -1.028804836881156010e-01 -1.309817520965198545e-01
1.030000000000000000e+02 -9.866425814304596864e-02 -1.256308353216419593e-01
1.040000000000000000e+02 -9.425311800004314289e-02 -1.200305817119616675e-01
1.050000000000000000e+02 -8.968973180038999904e-02 -1.142349300252437500e-01
1.060000000000000000e+02 -8.501642481681172259e-02 -1.082979090735953498e-01
1.070000000000000000e+02 -8.027466028190403946e-02 -1.022725757799894941e-01
1.080000000000000000e+02 -7.550446002943632384e-02 -9.620988864453611233e-02
1.090000000000000000e+02 -7.074378218350972636e-02 -9.015784561105477657e-02
1.100000000000000000e+02 -6.602797225171086470e-02 -8.416103000497358877e-02
1.110000000000000000e+02 -6.138939286403168050e-02 -7.826044465226202063e-02
1.120000000000000000e+02 -5.685723300825897691e-02 -7.249338191099526096e-02
1.130000000000000000e+02 -5.245740317585757817e-02 -6.689315823110654480e-02
1.140000000000000000e+02 -4.821242290575272760e-02 -6.148874329550027551e-02
1.150000000000000000e+02 -4.414129080457795257e-02 -5.630446234633519620e-02
1.160000000000000000e+02 -4.025940812153430692e-02 -5.135993727008312387e-02
1.170000000000000000e+02 -3.657863156033226704e-02 -4.667028956930309447e-02
1.180000000000000000e+02 -3.310746320608404236e-02 -4.224648467288460302e-02
1.190000000000000000e+02 -2.985131339137007955e-02 -3.809566214202311785e-02
1.200000000000000000e+02 -2.681275882381490769e-02 -3.422137870347177757e-02
1.210000000000000000e+02 -2.399176603459710760e-02 -3.062380690442775485e-02
1.220000000000000000e+02 -2.138590853815250381e-02 -2.729998617952396692e-02
1.230000000000000000e+02 -1.899062368423455258e-02 -2.424418500533651044e-02
1.240000000000000000e+02 -1.679952450920686388e-02 -2.144834958349593756e-02
1.250000000000000000e+02 -1.480473794825839726e-02 -1.890255937067943093e-02
1.260000000000000000e+02 -1.299722333857620919e-02 -1.659542000737409748e-02
1.270000000000000000e+02 -1.136704411436369709e-02 -1.451437910998587023e-02
1.280000000000000000e+02 -9.903598567262649616e-03 -1.264599930739368494e-02
1.290000000000000000e+02 -8.595833266534192926e-03 -1.097623082516573610e-02
1.300000000000000000e+02 -7.432454912031087602e-03 -9.490697142264546693e-03
1.310000000000000000e+02 -6.402135972815798173e-03 -8.174973086665848418e-03
1.320000000000000000e+02 -5.493696581298718531e-03 -7.014823081542118435e-03
1.330000000000000000e+02 -4.696248907253186729e-03 -5.996381976990441953e-03
1.340000000000000000e+02 -3.999303971911442011e-03 -5.106284846053732278e-03
1.350000000000000000e+02 -3.392851543847330998e-03 -4.331765548792313250e-03
1.360000000000000000e+02 -2.867424147260007501e-03 -3.660740106933593925e-03
1.370000000000000000e+02 -2.414149134893398517e-03 -3.081877906043016015e-03
1.380000000000000000e+02 -2.024786095732176733e-03 -2.584653962028608809e-03
1.390000000000000000e+02 -1.691745814434917651e-03 -2.159375370443785726e-03
1.400000000000000000e+02 -1.408090796556331391e-03 -1.797181906315897457e-03
1.410000000000000000e+02 -1.167521632990995480e-03 -1.490027477637483706e-03
1.420000000000000000e+02 -9.643547498490240765e-04 -1.230650879473471713e-03
1.430000000000000000e+02 -7.934952818792671793e-04 -1.012541293486682922e-03
1.440000000000000000e+02 -6.504061976929896571e-04 -8.298998049825580866e-04
1.450000000000000000e+02 -5.310735191693177412e-04 -6.775960871701348616e-04
1.460000000000000000e+02 -4.319679024753215850e-04 -5.511199855000050406e-04
1.470000000000000000e+02 -3.500039288271416540e-04 -4.465295115877783048e-04
1.480000000000000000e+02 -2.824990007302918241e-04 -3.603978863237889785e-04
1.490000000000000000e+02 -2.271333952093254930e-04 -2.897620269411795338e-04
1.500000000000000000e+02 -1.819122380452273583e-04 -2.320737587402699523e-04
1.510000000000000000e+02 -1.451295594010539069e-04 -1.851539916668531744e-04
1.520000000000000000e+02 -1.153344369077103591e-04 -1.471496858430533397e-04
1.530000000000000000e+02 -9.129936765915513583e-05 -1.164935702969755349e-04
1.540000000000000000e+02 -7.199113632173788347e-05 -9.186686357141071496e-05
1.550000000000000000e+02 -5.654440076772142406e-05 -7.216534204830950087e-05
1.560000000000000000e+02 -4.423804377318080519e-05 -5.646895009155061503e-05
1.570000000000000000e+02 -3.447417169142696062e-05 -4.401489155034067689e-05
1.580000000000000000e+02 -2.675956104615395494e-05 -3.417394979100847602e-05
1.590000000000000000e+02 -2.068935828492957498e-05 -2.642972428680254485e-05
