0.000000000000000000e+00 -3.398762656435459878e-07 -2.489986112572196063e-06
1.000000000000000000e+00 -4.589629280849620057e-09 -9.281596250211732517e-11
2.000000000000000000e+00 -6.413366396758956063e-09 -1.420082182196908744e-10
3.000000000000000000e+00 -9.585842849980234660e-09 -2.288975891806823312e-10
4.000000000000000000e+00 -1.426889697588014507e-08 -3.673409410737202897e-10
5.000000000000000000e+00 -2.114061127632853339e-08 -5.863859456869676138e-10
6.000000000000000000e+00 -3.117824648512420603e-08 -9.308964725198684787e-10
7.000000000000000000e+00 -4.576110009944704210e-08 -1.469058150872831595e-09
8.000000000000000000e+00 -6.681978179622110681e-08 -2.303908250930137321e-09
9.000000000000000000e+00 -9.705092184309075461e-08 -3.590937117305762318e-09
1.000000000000000000e+01 -1.402235349723221193e-07 -5.564222148894631832e-09
1.100000000000000000e+01 -2.015953315776754469e-07 -8.573641960072241221e-09
1.200000000000000000e+01 -2.884478662995991072e-07 -1.313663636098966634e-08
1.300000000000000000e+01 -4.107576595666557095e-07 -2.001098623907322476e-08
1.400000000000000000e+01 -5.820585969004843803e-07 -3.029989719467098518e-08
1.500000000000000000e+01 -8.206044419040483683e-07 -4.560468662466821969e-08
1.600000000000000000e+01 -1.150967910586419469e-06 -6.824109604784478795e-08
1.700000000000000000e+01 -1.606180528432517532e-06 -1.015347368393088381e-07
1.800000000000000000e+01 -2.230445978317759314e-06 -1.502170167811400370e-07
1.900000000000000000e+01 -3.082433063534640097e-06 -2.209610999736406072e-07
2.000000000000000000e+01 -4.239257268811426018e-06 -3.231221707238110223e-07
2.100000000000000000e+01 -5.801475985570306311e-06 -4.697604453002335995e-07
2.200000000000000000e+01 -7.899597357279449064e-06 -6.790197921463878220e-07
2.300000000000000000e+01 -1.070254939067885141e-05 -9.759287973918382966e-07
2.400000000000000000e+01 -1.442825269927669013e-05 -1.394722950593976976e-06
2.500000000000000000e+01 -1.935613546022131652e-05 -1.981867832403745264e-06
2.600000000000000000e+01 -2.584149044794797599e-05 -2.800044412883934826e-06
2.700000000000000000e+01 -3.433213696753393597e-05 -3.933367466500536163e-06
2.800000000000000000e+01 -4.538857012247806972e-05 -5.494049421206603892e-06
2.900000000000000000e+01 -5.970899328176044931e-05 -7.630708255979214594e-06
3.000000000000000000e+01 -7.815991217886046280e-05 -1.053865882786151831e-05
3.100000000000000000e+01 -1.018116502142894791e-04 -1.447275699396033028e-05
3.200000000000000000e+01 -1.319772597973276670e-04 -1.976345794259472033e-05
3.300000000000000000e+01 -1.702538524908091028e-04 -2.683658739074908296e-05
3.400000000000000000e+01 -2.185673438742456167e-04 -3.623712923625656252e-05
3.500000000000000000e+01 -2.792236002437920549e-04 -4.865746064026181360e-05
3.600000000000000000e+01 -3.549689089158670433e-04 -6.497087672347322154e-05
3.700000000000000000e+01 -4.490594839194017541e-04 -8.627137781146986830e-05
3.800000000000000000e+01 -5.653347843430859415e-04 -1.139201450712506466e-04
3.900000000000000000e+01 -7.082866036219427142e-04 -1.495984515792287090e-04
4.000000000000000000e+01 -8.831188675129344372e-04 -1.953669920489688920e-04
4.100000000000000000e+01 -1.095801410939278245e-03 -2.537327109318480078e-04
4.200000000000000000e+01 -1.353128192443708421e-03 -3.277243713968573820e-04
4.300000000000000000e+01 -1.662787566016556964e-03 -4.209758582642896354e-04
4.400000000000000000e+01 -2.033436739673700339e-03 -5.378132276175819505e-04
4.500000000000000000e+01 -2.474754617396319415e-03 -6.833418370975485748e-04
4.600000000000000000e+01 -2.997445198563172472e-03 -8.635345303082723415e-04
4.700000000000000000e+01 -3.613187151525718965e-03 -1.085325144269395090e-03
4.800000000000000000e+01 -4.334559301318279337e-03 -1.356706396375639617e-03
4.900000000000000000e+01 -5.174982816544324189e-03 -1.686819535605197339e-03
5.000000000000000000e+01 -6.148686498481076290e-03 -2.086018369870340332e-03
5.100000000000000000e+01 -7.270641860683568249e-03 -2.565902513281094824e-03
5.200000000000000000e+01 -8.556386986964762548e-03 -3.139333621677038635e-03
5.300000000000000000e+01 -1.002170603054549670e-02 -3.820448669672286100e-03
5.400000000000000000e+01 -1.168222922836043530e-02 -4.624656217958083432e-03
5.500000000000000000e+01 -1.355307602898008466e-02 -5.568572406585154365e-03
5.600000000000000000e+01 -1.564860629144908949e-02 -6.669863883148262687e-03
5.700000000000000000e+01 -1.798220164056778259e-02 -7.947016550971000917e-03
5.800000000000000000e+01 -2.056590478396846597e-02 -9.419086873688004014e-03
5.900000000000000000e+01 -2.340981662197330268e-02 -1.110546123233498855e-02
6.000000000000000000e+01 -2.652135543019570191e-02 -1.302556937984645363e-02
6.100000000000000000e+01 -2.990463248996122134e-02 -1.519846362229887796e-02
6.200000000000000000e+01 -3.356012351173616459e-02 -1.764224735385968787e-02
6.300000000000000000e+01 -3.748455078878915742e-02 -2.037345288456534828e-02
6.400000000000000000e+01 -4.167068342984493051e-02 -2.340649277335402068e-02
6.500000000000000000e+01 -4.610684234884780686e-02 -2.675319137590276980e-02
6.600000000000000000e+01 -5.077622585864501048e-02 -3.042226609401106271e-02
6.700000000000000000e+01 -5.565644289719924587e-02 -3.441864392154023178e-02
6.800000000000000000e+01 -6.071956392082744625e-02 -3.874268019662535645e-02
6.900000000000000000e+01 -6.593261220963581026e-02 -4.338949850589252089e-02
7.000000000000000000e+01 -7.125808590404969500e-02 -4.834860312666007520e-02
7.100000000000000000e+01 -7.665416627965815355e-02 -5.360368113507088528e-02
7.200000000000000000e+01 -8.207468997687340784e-02 -5.913237447108334738e-02
7.300000000000000000e+01 -8.746933084709973549e-02 -6.490593838536586058e-02
7.400000000000000000e+01 -9.278437179124687795e-02 -7.088897383937073360e-02
7.500000000000000000e+01 -9.796399532020627632e-02 -7.703951361327725234e-02
7.600000000000000000e+01 -1.029516247082832292e-01 -8.330952947695620392e-02
7.700000000000000000e+01 -1.076908984344729370e-01 -8.964563718041590468e-02
7.800000000000000000e+01 -1.121263012695988687e-01 -9.598973631506554915e-02
7.900000000000000000e+01 -1.162038564307357746e-01 -1.022795811430151358e-01
8.000000000000000000e+01 -1.198722257731585361e-01 -1.084495384094472520e-01
8.100000000000000000e+01 -1.230841438570156043e-01 -1.144317458062612813e-01
8.200000000000000000e+01 -1.257977637719315256e-01 -1.201575821444650638e-01
8.300000000000000000e+01 -1.279775570550826247e-01 -1.255591349797146317e-01
8.400000000000000000e+01 -1.295947902718561362e-01 -1.305704477053157009e-01
8.500000000000000000e+01 -1.306278922585120406e-01 -1.351286237601293794e-01
8.600000000000000000e+01 -1.310629511088880483e-01 -1.391750231925475423e-01
8.700000000000000000e+01 -1.308942596040821027e-01 -1.426566399509684724e-01
8.800000000000000000e+01 -1.301246196100285801e-01 -1.455274754732580056e-01
8.900000000000000000e+01 -1.287652225239675485e-01 -1.477496298600173286e-01
9.000000000000000000e+01 -1.268351984966635260e-01 -1.492940055872302718e-01
9.100000000000000000e+01 -1.243610684571830743e-01 -1.501407565850141623e-01
9.200000000000000000e+01 -1.213762149634910886e-01 -1.502796660608533286e-01
9.300000000000000000e+01 -1.179202759765641956e-01 -1.497104721082898326e-01
9.400000000000000000e+01 -1.140383064994592993e-01 -1.484429819584690002e-01
9.500000000000000000e+01 -1.097796998982189104e-01 -1.464968168837244566e-01
9.600000000000000000e+01 -1.051970346569689185e-01 -1.439007958134947418e-01
9.700000000000000000e+01 -1.003450188953093486e-01 -1.406921148270992572e-01
9.800000000000000000e+01 -9.527954848968464563e-02 -1.369154693750382901e-01
9.900000000000000000e+01 -9.005675792053720319e-02 -1.326221325146634267e-01
1.000000000000000000e+02 -8.473197504306032024e-02 -1.278689003147524816e-01
1.010000000000000000e+02 -7.935864774113052245e-02 -1.227168470034131070e-01
1.020000000000000000e+02 -7.398741502131675474e-02 -1.172299516496538574e-01
1.030000000000000000e+02 -6.866543554382154024e-02 -1.114737364267195802e-01
1.040000000000000000e+02 -6.343592943832834785e-02 -1.055140208646494215e-01
1.050000000000000000e+02 -5.833779713752925561e-02 -9.941579529713853725e-02
1.060000000000000000e+02 -5.340523575335875267e-02 -9.324215633222353306e-02
1.070000000000000000e+02 -4.866740633865865306e-02 -8.705327907324092451e-02
1.080000000000000000e+02 -4.414827300787399489e-02 -8.090547717998378130e-02
1.090000000000000000e+02 -3.986667511576801048e-02 -7.485043592244243482e-02
1.100000000000000000e+02 -3.583657525461990401e-02 -6.893466143157289672e-02
1.110000000000000000e+02 -3.206736549999815444e-02 -6.319911814254691729e-02
1.120000000000000000e+02 -2.856415852872949343e-02 -5.767899595658627226e-02
1.130000000000000000e+02 -2.532808122499325548e-02 -5.240357870402987533e-02
1.140000000000000000e+02 -2.235663471788853704e-02 -4.739623271539334520e-02
1.150000000000000000e+02 -1.964415197354644343e-02 -4.267454510459736672e-02
1.160000000000000000e+02 -1.718231638389638646e-02 -3.825060767407721662e-02
1.170000000000000000e+02 -1.496067011755767423e-02 -3.413140278918592313e-02
1.180000000000000000e+02 -1.296706444976361040e-02 -3.031924095169409236e-02
1.190000000000000000e+02 -1.118805428637018387e-02 -2.681222597516085687e-02
1.200000000000000000e+02 -9.609267663944553312e-03 -2.360475049936355471e-02
1.210000000000000000e+02 -8.215769976354189708e-03 -2.068802603145496188e-02
1.220000000000000000e+02 -6.992412708758301114e-03 -1.805063259136677548e-02
1.230000000000000000e+02 -5.924139470948145206e-03 -1.567905793717165944e-02
1.240000000000000000e+02 -4.996230595630344468e-03 -1.355820090377689476e-02
1.250000000000000000e+02 -4.194488763595978671e-03 -1.167183068412173085e-02
1.260000000000000000e+02 -3.505381796874059916e-03 -1.000300625630578741e-02
1.270000000000000000e+02 -2.916156581049647242e-03 -8.534458989798369977e-03
1.280000000000000000e+02 -2.414927274701092041e-03 -7.248933307401492221e-03
1.290000000000000000e+02 -1.990733632854452609e-03 -6.129476607653033815e-03
1.300000000000000000e+02 -1.633566697828416720e-03 -5.159674400168468185e-03
1.310000000000000000e+02 -1.334365485737751570e-03 -4.323834380974202196e-03
1.320000000000000000e+02 -1.084992837556804845e-03 -3.607126985245013174e-03
1.330000000000000000e+02 -8.781981905330900210e-04 -2.995688342037801551e-03
1.340000000000000000e+02 -7.075715697981849184e-04 -2.476688354284850915e-03
1.350000000000000000e+02 -5.674902448584403028e-04 -2.038365761707100921e-03
1.360000000000000000e+02 -4.530590288242236749e-04 -1.670033830518440716e-03
1.370000000000000000e+02 -3.600462852400815425e-04 -1.362062336638933998e-03
1.380000000000000000e+02 -2.848185670798453716e-04 -1.105841780084371650e-03
1.390000000000000000e+02 -2.242765417818834406e-04 -8.937344558383403595e-04
1.400000000000000000e+02 -1.757938295358792667e-04 -7.190155715268320858e-04
1.410000000000000000e+02 -1.371594481802151954e-04 -5.758070419001520878e-04
1.420000000000000000e+02 -1.065241619061776588e-04 -4.590067150889125388e-04
1.430000000000000000e+02 -8.235102937432233568e-05 -3.642158448672808265e-04
1.440000000000000000e+02 -6.337047659688271189e-05 -2.876672012313704024e-04
1.450000000000000000e+02 -4.854008836698250656e-05 -2.261554904110242819e-04
1.460000000000000000e+02 -3.700907701792736579e-05 -1.769711341752007862e-04
1.470000000000000000e+02 -2.808718924133780736e-05 -1.378381226551853153e-04
1.480000000000000000e+02 -2.121772147634694780e-05 -1.068565039288531086e-04
1.490000000000000000e+02 -1.595429781314381209e-05 -8.244992377338822439e-05
1.500000000000000000e+02 -1.194106633188096324e-05 -6.331840858676063613e-05
1.510000000000000000e+02 -8.895961347638668462e-06 -4.839634869601153395e-05
1.520000000000000000e+02 -6.596672877891318856e-06 -3.681546497321576557e-05
1.530000000000000000e+02 -4.868973824885026833e-06 -2.787245534608707919e-05
1.540000000000000000e+02 -3.577080836707488043e-06 -2.100098304942083985e-05
1.550000000000000000e+02 -2.615756100529974968e-06 -1.574764797565049237e-05
1.560000000000000000e+02 -1.903885405591293363e-06 -1.175156055401185011e-05
1.570000000000000000e+02 -1.379293538636112354e-06 -8.727121887911389809e-06
1.580000000000000000e+02 -9.945852311252626992e-07 -6.449617118536181695e-06
1.590000000000000000e+02 -7.138292224732186368e-07 -4.743249506473589224e-06
