0.000000000000000000e+00 -1.331914890371944691e-08 -5.368809737036679295e-06
1.000000000000000000e+00 -9.836210709211349339e-16 -7.024908319068317373e-10
2.000000000000000000e+00 -2.036076490828008113e-15 -1.005987095422315347e-09
3.000000000000000000e+00 -4.206866949412096104e-15 -1.541922705667411443e-09
4.000000000000000000e+00 -8.616355295844222681e-15 -2.356012095141660822e-09
5.000000000000000000e+00 -1.748951757637749856e-14 -3.581169856292601876e-09
6.000000000000000000e+00 -3.518083096954400211e-14 -5.415585829777207323e-09
7.000000000000000000e+00 -7.014318149231821424e-14 -8.148639283567866758e-09
8.000000000000000000e+00 -1.386394608181016684e-13 -1.219851733757590908e-08
9.000000000000000000e+00 -2.716466238443479344e-13 -1.816492058575304681e-08
1.000000000000000000e+01 -5.275770650254789216e-13 -2.690406594414089203e-08
1.100000000000000000e+01 -1.015570475417220889e-12 -3.963503621321060925e-08
1.200000000000000000e+01 -1.937809488757547889e-12 -5.808672987657645614e-08
1.300000000000000000e+01 -3.665519200466204586e-12 -8.469501040965291490e-08
1.400000000000000000e+01 -6.873755735570885512e-12 -1.228638308447374347e-07
1.500000000000000000e+01 -1.277808127136795812e-11 -1.773142443741495476e-07
1.600000000000000000e+01 -2.354708084567954070e-11 -2.545580100360346398e-07
1.700000000000000000e+01 -4.301554171268058071e-11 -3.635403808362234703e-07
1.800000000000000000e+01 -7.790400941571706962e-11 -5.164957463010140953e-07
1.900000000000000000e+01 -1.398793589717008176e-10 -7.300579768652387862e-07
2.000000000000000000e+01 -2.490011460692752345e-10 -1.026680895400620852e-06
2.100000000000000000e+01 -4.394391073017728759e-10 -1.436460925213822198e-06
2.200000000000000000e+01 -7.688771670858279612e-10 -1.999497663671687145e-06
2.300000000000000000e+01 -1.333815003546639560e-09 -2.768948816414124912e-06
2.400000000000000000e+01 -2.294177422891326820e-09 -3.814923362867814408e-06
2.500000000000000000e+01 -3.912490733343332664e-09 -5.229343977509775583e-06
2.600000000000000000e+01 -6.615710535121961270e-09 -7.131946863447743856e-06
2.700000000000000000e+01 -1.109191155034922913e-08 -9.677679398568713717e-06
2.800000000000000000e+01 -1.843986316608581434e-08 -1.306583709005768378e-05
2.900000000000000000e+01 -3.039777316341222568e-08 -1.755127878386200150e-05
3.000000000000000000e+01 -4.968950730968130902e-08 -2.345799620646400011e-05
3.100000000000000000e+01 -8.054383155552833741e-08 -3.119531086741523319e-05
3.200000000000000000e+01 -1.294656367976880693e-07 -4.127709363930638306e-05
3.300000000000000000e+01 -2.063687455422831599e-07 -5.434452044280378236e-05
3.400000000000000000e+01 -3.262206855999729337e-07 -7.119277407523845642e-05
3.500000000000000000e+01 -5.114056686188475721e-07 -9.280179482252734219e-05
3.600000000000000000e+01 -7.950863893871468756e-07 -1.203710524774930169e-04
3.700000000000000000e+01 -1.225937421622257819e-06 -1.553586943828813528e-04
3.800000000000000000e+01 -1.874732547815555119e-06 -1.995259791073132768e-04
3.900000000000000000e+01 -2.843403105235235341e-06 -2.549876722967806680e-04
4.000000000000000000e+01 -4.277356271715965815e-06 -3.242675914391825588e-04
4.100000000000000000e+01 -6.382049352797804592e-06 -4.103568695196628275e-04
4.200000000000000000e+01 -9.445037456546492654e-06 -5.167728385104862834e-04
4.300000000000000000e+01 -1.386493333569588619e-05 -6.476191966674500061e-04
4.400000000000000000e+01 -2.018895701508087448e-05 -8.076504725426581410e-04
4.500000000000000000e+01 -2.916102649363998194e-05 -1.002341685153083483e-03
4.600000000000000000e+01 -4.178260375063174494e-05 -1.237957388084271349e-03
4.700000000000000000e+01 -5.938866447932058065e-05 -1.521609129987071393e-03
4.800000000000000000e+01 -8.374116170695575158e-05 -1.861294015693066087e-03
4.900000000000000000e+01 -1.171422618842502450e-04 -2.265918517670312011e-03
5.000000000000000000e+01 -1.625694723184783769e-04 -2.745319130107794735e-03
5.100000000000000000e+01 -2.238343844626029333e-04 -3.310283018878865287e-03
5.200000000000000000e+01 -3.057658839030213027e-04 -3.972551243106548294e-03
5.300000000000000000e+01 -4.144173151149684476e-04 -4.744775391191183300e-03
5.400000000000000000e+01 -5.572954994553624541e-04 -5.640413638919294578e-03
5.500000000000000000e+01 -7.436078006782347299e-04 -6.673585363340769037e-03
5.600000000000000000e+01 -9.845212660150558237e-04 -7.858920302244838674e-03
5.700000000000000000e+01 -1.293424854552729410e-03 -9.211413552012253508e-03
5.800000000000000000e+01 -1.686182196552240241e-03 -1.074624928929995490e-02
5.900000000000000000e+01 -2.181359089481544906e-03 -1.247853611710776980e-02
6.000000000000000000e+01 -2.800407414136363640e-03 -1.442293816080103541e-02
6.100000000000000000e+01 -3.567784669187556990e-03 -1.659325714363909729e-02
6.200000000000000000e+01 -4.510985273795547340e-03 -1.900204743014326236e-02
6.300000000000000000e+01 -5.660457195654803805e-03 -2.166028917427113495e-02
6.400000000000000000e+01 -7.049377367425222959e-03 -2.457705391305496645e-02
6.500000000000000000e+01 -8.713262234931132971e-03 -2.775907117162398907e-02
6.600000000000000000e+01 -1.068939367849985195e-02 -3.121018682420706111e-02
6.700000000000000000e+01 -1.301604407093152893e-02 -3.493082147576374863e-02
6.800000000000000000e+01 -1.573148956202057025e-02 -3.891756563045573047e-02
6.900000000000000000e+01 -1.887281121726514660e-02 -4.316294483627474560e-02
7.000000000000000000e+01 -2.247449847182304838e-02 -4.765525018580883676e-02
7.100000000000000000e+01 -2.656688313576871172e-02 -5.237830452320385577e-02
7.200000000000000000e+01 -3.117444240069622632e-02 -5.731116109943039383e-02
7.300000000000000000e+01 -3.631402050687124183e-02 -6.242788616597229334e-02
7.400000000000000000e+01 -4.199303540290180714e-02 -6.769759553751564241e-02
7.500000000000000000e+01 -4.820775405920607604e-02 -7.308476655620903262e-02
7.600000000000000000e+01 -5.494172825010282951e-02 -7.854967566512552346e-02
7.700000000000000000e+01 -6.216448054134889045e-02 -8.404879302558083964e-02
7.800000000000000000e+01 -6.983052766516872900e-02 -8.953512106974130524e-02
7.900000000000000000e+01 -7.787883036607956555e-02 -9.495863467264296920e-02
8.000000000000000000e+01 -8.623275497693014269e-02 -1.002669889413339843e-01
8.100000000000000000e+01 -9.480061068629860865e-02 -1.054064929360960245e-01
8.200000000000000000e+01 -1.034767935380127707e-01 -1.103231687879835804e-01
8.300000000000000000e+01 -1.121435410452090997e-01 -1.149637006037220466e-01
8.400000000000000000e+01 -1.206732834001108257e-01 -1.192762358691666635e-01
8.500000000000000000e+01 -1.289315522520931845e-01 -1.232111727674408963e-01
8.600000000000000000e+01 -1.367803659250318715e-01 -1.267220820805205483e-01
8.700000000000000000e+01 -1.440819673396326883e-01 -1.297667612116617519e-01
8.800000000000000000e+01 -1.507027709379770986e-01 -1.323082503330852144e-01
8.900000000000000000e+01 -1.565173735811875855e-01 -1.343156170289859785e-01
9.000000000000000000e+01 -1.614124761420744625e-01 -1.357644544053977775e-01
9.100000000000000000e+01 -1.652905414177605337e-01 -1.366372044673387354e-01
9.200000000000000000e+01 -1.680730078698463581e-01 -1.369234594133769689e-01
9.300000000000000000e+01 -1.697029089547663627e-01 -1.366202779191625083e-01
9.400000000000000000e+01 -1.701467935774401696e-01 -1.357323978228426042e-01
9.500000000000000000e+01 -1.693958695099507805e-01 -1.342721810878388655e-01
9.600000000000000000e+01 -1.674663029448739682e-01 -1.322592354221532596e-01
9.700000000000000000e+01 -1.643986413767452026e-01 -1.297198188263686547e-01
9.800000000000000000e+01 -1.602563928419511730e-01 -1.266861998176581905e-01
9.900000000000000000e+01 -1.551238521290594363e-01 -1.231960602348482481e-01
1.000000000000000000e+02 -1.491032824163936177e-01 -1.192918768589949774e-01
1.010000000000000000e+02 -1.423115632583598633e-01 -1.150201497583441673e-01
1.020000000000000000e+02 -1.348764428603972665e-01 -1.104304247443494286e-01
1.030000000000000000e+02 -1.269325741171829780e-01 -1.055742063166677930e-01
1.040000000000000000e+02 -1.186175240818292953e-01 -1.005039317386028364e-01
1.050000000000000000e+02 -1.100679153312106862e-01 -9.527210753851424185e-02
1.060000000000000000e+02 -1.014158256695878862e-01 -8.993056848631894584e-02
1.070000000000000000e+02 -9.278556723647438109e-02 -8.452974383907799205e-02
1.080000000000000000e+02 -8.429096241300154668e-02 -7.911787315934044884e-02
1.090000000000000000e+02 -7.603319898918231567e-02 -7.374023806375216983e-02
1.100000000000000000e+02 -6.809929298544942222e-02 -6.843853989396067594e-02
1.110000000000000000e+02 -6.056115136090735318e-02 -6.325049694223250363e-02
1.120000000000000000e+02 -5.347521542930977478e-02 -5.820961970040219868e-02
1.130000000000000000e+02 -4.688265249177481220e-02 -5.334506117208840520e-02
1.140000000000000000e+02 -4.081003374226990082e-02 -4.868148149428283555e-02
1.150000000000000000e+02 -3.527040882826727730e-02 -4.423895722732114344e-02
1.160000000000000000e+02 -3.026468095858612234e-02 -4.003301083312856695e-02
1.170000000000000000e+02 -2.578319469510720330e-02 -3.607479635354881448e-02
1.180000000000000000e+02 -2.180745360476562394e-02 -3.237140056749657213e-02
1.190000000000000000e+02 -1.831188405028810404e-02 -2.892618129822174464e-02
1.200000000000000000e+02 -1.526556597758557850e-02 -2.573909428357772783e-02
1.210000000000000000e+02 -1.263386687328037217e-02 -2.280701789385707404e-02
1.220000000000000000e+02 -1.037993361375997084e-02 -2.012411251558876915e-02
1.230000000000000000e+02 -8.466010706625151996e-03 -1.768222927013030077e-02
1.240000000000000000e+02 -6.854563296581640472e-03 -1.547134162030432483e-02
1.250000000000000000e+02 -5.509194080104071189e-03 -1.347995576496286568e-02
1.260000000000000000e+02 -4.395355559238783849e-03 -1.169547381531886240e-02
1.270000000000000000e+02 -3.480869394058362914e-03 -1.010451458821750269e-02
1.280000000000000000e+02 -2.736270796779504636e-03 -8.693210979700919175e-03
1.290000000000000000e+02 -2.134999087655336386e-03 -7.447492822477319759e-03
1.300000000000000000e+02 -1.653457647800923901e-03 -6.353346028250137639e-03
1.310000000000000000e+02 -1.270967918211836443e-03 -5.397031978829540041e-03
1.320000000000000000e+02 -9.696420569951520307e-04 -4.565259718338539156e-03
1.330000000000000000e+02 -7.341971024761245008e-04 -3.845316670033336638e-03
1.340000000000000000e+02 -5.517306669296181444e-04 -3.225169240478153836e-03
1.350000000000000000e+02 -4.114751559571008170e-04 -2.693540574323464130e-03
1.360000000000000000e+02 -3.045446166974837866e-04 -2.239965757076147444e-03
1.370000000000000000e+02 -2.236854639939279661e-04 -1.854822156807691726e-03
1.380000000000000000e+02 -1.630394528498971978e-04 -1.529335449054165753e-03
1.390000000000000000e+02 -1.179245542881097596e-04 -1.255566070855954194e-03
1.400000000000000000e+02 -8.463711531015378272e-05 -1.026382326949743049e-03
1.410000000000000000e+02 -6.027692892251111342e-05 -8.354246548878685192e-04
1.420000000000000000e+02 -4.259549257054510361e-05 -6.770630261947072027e-04
1.430000000000000000e+02 -2.986667973507248371e-05 -5.463483480208112739e-04
1.440000000000000000e+02 -2.077827217575168683e-05 -4.389592465572839173e-04
1.450000000000000000e+02 -1.434232640259057482e-05 -3.511464875387542567e-04
1.460000000000000000e+02 -9.822141532221962274e-06 -2.796773961118565171e-04
1.470000000000000000e+02 -6.673567317396318104e-06 -2.217819235436899248e-04
1.480000000000000000e+02 -4.498460471093789917e-06 -1.751011482797039344e-04
1.490000000000000000e+02 -3.008239188620549164e-06 -1.376385558639666308e-04
1.500000000000000000e+02 -1.995685745698763716e-06 -1.077144280268043134e-04
1.510000000000000000e+02 -1.313386213208101447e-06 -8.392375527668520410e-05
1.520000000000000000e+02 -8.574378727787388946e-07 -6.509800780298893310e-05
1.530000000000000000e+02 -5.552799248277108772e-07 -5.027086761547663987e-05
1.540000000000000000e+02 -3.567050382837942290e-07 -3.864779670665763475e-05
1.550000000000000000e+02 -2.272917079339692497e-07 -2.957920491674859766e-05
1.560000000000000000e+02 -1.436563589487499056e-07 -2.253697160093145319e-05
1.570000000000000000e+02 -9.005820296248437477e-08 -1.709409034310559511e-05
1.580000000000000000e+02 -5.599750462698393568e-08 -1.290719235055494999e-05
1.590000000000000000e+02 -3.453425630589633271e-08 -9.701672248077414498e-06
