0.000000000000000000e+00 -5.319474816356817261e-07 -1.428399567325827075e-06
1.000000000000000000e+00 -1.896856506763486764e-12 -6.845460801654295725e-11
2.000000000000000000e+00 -3.272789201678703453e-12 -1.069792949721805867e-10
3.000000000000000000e+00 -5.795400542178208843e-12 -1.752072826708696394e-10
4.000000000000000000e+00 -1.019788683343946859e-11 -2.855840233122323632e-10
5.000000000000000000e+00 -1.782230057418957346e-11 -4.628070834168056401e-10
6.000000000000000000e+00 -3.091969127253958219e-11 -7.454422892893603763e-10
7.000000000000000000e+00 -5.323452542166061122e-11 -1.192953249616979707e-09
8.000000000000000000e+00 -9.097116849355839191e-11 -1.896634788673133157e-09
9.000000000000000000e+00 -1.543581746328077637e-10 -2.996278326725231372e-09
1.000000000000000000e+01 -2.601059853329135680e-10 -4.704742477217658807e-09
1.100000000000000000e+01 -4.352104743555939765e-10 -7.343114526203442412e-09
1.200000000000000000e+01 -7.228802498178698909e-10 -1.139083091403829716e-08
1.300000000000000000e+01 -1.191865440584767367e-09 -1.755840348646548755e-08
1.400000000000000000e+01 -1.951007881894856888e-09 -2.689409355550007115e-08
1.500000000000000000e+01 -3.171357160926510798e-09 -4.093798430989020716e-08
1.600000000000000000e+01 -5.119072917280082044e-09 -6.193767749756572318e-08
1.700000000000000000e+01 -8.204281229679131701e-09 -9.314384680914437010e-08
1.800000000000000000e+01 -1.305428377176173482e-08 -1.392163827292169674e-07
1.900000000000000000e+01 -2.062303373685676391e-08 -2.067908450466140583e-07
2.000000000000000000e+01 -3.235153610852537021e-08 -3.052690462158284553e-07
2.100000000000000000e+01 -5.039736243668779707e-08 -4.478987188779369333e-07
2.200000000000000000e+01 -7.796022528296498817e-08 -6.532078562138333241e-07
2.300000000000000000e+01 -1.197465908322670605e-07 -9.468881008151733056e-07
2.400000000000000000e+01 -1.826337510123777349e-07 -1.364287635519215255e-06
2.500000000000000000e+01 -2.766041382609440677e-07 -1.953738070202055749e-06
2.600000000000000000e+01 -4.160287696871761597e-07 -2.780946872702630889e-06
2.700000000000000000e+01 -6.214069503553533014e-07 -3.934649023604221683e-06
2.800000000000000000e+01 -9.217307845619825054e-07 -5.533732766010727370e-06
2.900000000000000000e+01 -1.357709066316999751e-06 -7.736214654368485320e-06
3.000000000000000000e+01 -1.986107695153290085e-06 -1.075064271371987326e-05
3.100000000000000000e+01 -2.885454293172527325e-06 -1.485053130081546486e-05
3.200000000000000000e+01 -4.163410819181705709e-06 -2.039222505873736021e-05
3.300000000000000000e+01 -5.966302813886716324e-06 -2.783645803765267312e-05
3.400000000000000000e+01 -8.491487016537607841e-06 -3.777416819524696335e-05
3.500000000000000000e+01 -1.200322698009854694e-05 -5.095765913282886367e-05
3.600000000000000000e+01 -1.685255666550288181e-05 -6.833823572970746415e-05
3.700000000000000000e+01 -2.350162543266860412e-05 -9.111062828276748687e-05
3.800000000000000000e+01 -3.255348409776657786e-05 -1.207637153773772590e-04
3.900000000000000000e+01 -4.478873906000452581e-05 -1.591375403768601252e-04
4.000000000000000000e+01 -6.121018255499631206e-05 -2.084881222971286688e-04
4.100000000000000000e+01 -8.309550743461538013e-05 -2.715618061183228886e-04
4.200000000000000000e+01 -1.120578732608387099e-04 -3.516783050117244986e-04
4.300000000000000000e+01 -1.501152427965052674e-04 -4.528183695594170991e-04
4.400000000000000000e+01 -1.997705345764126434e-04 -5.797125794316929700e-04
4.500000000000000000e+01 -2.641032406097681821e-04 -7.379325222534524609e-04
4.600000000000000000e+01 -3.468697016807965037e-04 -9.339881876993783548e-04
4.700000000000000000e+01 -4.526079028414996394e-04 -1.175429427145277886e-03
4.800000000000000000e+01 -5.867458548207414885e-04 -1.470938923709465881e-03
4.900000000000000000e+01 -7.557158217088390034e-04 -1.830402474904013321e-03
5.000000000000000000e+01 -9.670729030587876069e-04 -2.264955206032030332e-03
5.100000000000000000e+01 -1.229607422604431666e-03 -2.787015423325887691e-03
5.200000000000000000e+01 -1.553437609896026871e-03 -3.410310400273506778e-03
5.300000000000000000e+01 -1.950078182868921015e-03 -4.149872334437733346e-03
5.400000000000000000e+01 -2.432489823044273712e-03 -5.021969016809186247e-03
5.500000000000000000e+01 -3.015107292131980442e-03 -6.043957282068790175e-03
5.600000000000000000e+01 -3.713824528998635813e-03 -7.234087498958245536e-03
5.700000000000000000e+01 -4.545910046021338011e-03 -8.611292631378617349e-03
5.800000000000000000e+01 -5.529848291057450245e-03 -1.019494819648126063e-02
5.900000000000000000e+01 -6.685126058027965681e-03 -1.200454242980070023e-02
6.000000000000000000e+01 -8.031971917034787245e-03 -1.405921749150043122e-02
6.100000000000000000e+01 -9.591020480375661572e-03 -1.637722398496970627e-02
6.200000000000000000e+01 -1.138286468043689381e-02 -1.897537866014844046e-02
6.300000000000000000e+01 -1.342750248669082047e-02 -2.186855976991268838e-02
6.400000000000000000e+01 -1.574373042948632243e-02 -2.506917260953496832e-02
6.500000000000000000e+01 -1.834852090418454332e-02 -2.858650050409173443e-02
6.600000000000000000e+01 -2.125635977077334690e-02 -3.242596607963652011e-02
6.700000000000000000e+01 -2.447850314382493675e-02 -3.658844430485490296e-02
6.800000000000000000e+01 -2.802217707073859088e-02 -4.106974426003071749e-02
6.900000000000000000e+01 -3.188981423213511218e-02 -4.586022610382836651e-02
7.000000000000000000e+01 -3.607840074035294914e-02 -5.094442319141676695e-02
7.100000000000000000e+01 -4.057891648873739043e-02 -5.630062567689179259e-02
7.200000000000000000e+01 -4.537581809951175826e-02 -6.190055713998633691e-02
7.300000000000000000e+01 -5.044658938136438453e-02 -6.770932445538131728e-02
7.400000000000000000e+01 -5.576147066682218129e-02 -7.368567239422188497e-02
7.500000000000000000e+01 -6.128345194152845510e-02 -7.978239952457603923e-02
7.600000000000000000e+01 -6.696850205380236454e-02 -8.594679925237354301e-02
7.700000000000000000e+01 -7.276595370608140989e-02 -9.212116640089962338e-02
7.800000000000000000e+01 -7.861903610240926488e-02 -9.824353495344231857e-02
7.900000000000000000e+01 -8.446563622609667976e-02 -1.042487299057157091e-01
8.000000000000000000e+01 -9.023934428159222088e-02 -1.100696232198513091e-01
8.100000000000000000e+01 -9.587072478610057791e-02 -1.156384066701196256e-01
8.200000000000000000e+01 -1.012886966295583058e-01 -1.208878098897640530e-01
8.300000000000000000e+01 -1.064219665503083612e-01 -1.257523451920153357e-01
8.400000000000000000e+01 -1.112005427291177379e-01 -1.301696662984825892e-01
8.500000000000000000e+01 -1.155573410972955961e-01 -1.340819920232273754e-01
8.600000000000000000e+01 -1.194298078318105777e-01 -1.374374394070056737e-01
8.700000000000000000e+01 -1.227614373419857324e-01 -1.401911509483270146e-01
8.800000000000000000e+01 -1.255031168860809565e-01 -1.423062213237193951e-01
8.900000000000000000e+01 -1.276142997653587352e-01 -1.437544841172954391e-01
9.000000000000000000e+01 -1.290640097609202230e-01 -1.445171639937400943e-01
9.100000000000000000e+01 -1.298316263627714018e-01 -1.445853250535862333e-01
9.200000000000000000e+01 -1.299073790332921918e-01 -1.439600471675232807e-01
9.300000000000000000e+01 -1.292925227164253288e-01 -1.426523273049616625e-01
9.400000000000000000e+01 -1.279992213143259505e-01 -1.406827500820054255e-01
9.500000000000000000e+01 -1.260501720374835599e-01 -1.380809606636987652e-01
9.600000000000000000e+01 -1.234779748141868194e-01 -1.348849430431304508e-01
9.700000000000000000e+01 -1.203242434217779155e-01 -1.311401086881118505e-01
9.800000000000000000e+01 -1.166384869687568104e-01 -1.268982300598390234e-01
9.900000000000000000e+01 -1.124768238309476892e-01 -1.222162686331663417e-01
1.000000000000000000e+02 -1.079005888759582560e-01 -1.171551326861690751e-01
1.010000000000000000e+02 -1.029748713254905051e-01 -1.117783852444657611e-01
1.020000000000000000e+02 -9.776701251113346924e-02 -1.061509336873729947e-01
1.030000000000000000e+02 -9.234510967868982123e-02 -1.003377546523514519e-01
1.040000000000000000e+02 -8.677658660390202838e-02 -9.440270655776523967e-02
1.050000000000000000e+02 -8.112688074676344119e-02 -8.840745261043853054e-02
1.060000000000000000e+02 -7.545827111648446828e-02 -8.241049228164233631e-02
1.070000000000000000e+02 -6.982885827804490020e-02 -7.646630589096781172e-02
1.080000000000000000e+02 -6.429171443255730922e-02 -7.062464113564215218e-02
1.090000000000000000e+02 -5.889422732197113070e-02 -6.492997558383134526e-02
1.100000000000000000e+02 -5.367764986324854992e-02 -5.942116268850546751e-02
1.110000000000000000e+02 -4.867684575439312766e-02 -5.413123695015266412e-02
1.120000000000000000e+02 -4.392020979524159652e-02 -4.908734812629375610e-02
1.130000000000000000e+02 -3.942974588798486835e-02 -4.431081434894261484e-02
1.140000000000000000e+02 -3.522129197388965821e-02 -3.981730044347071840e-02
1.150000000000000000e+02 -3.130487662186855896e-02 -3.561711929335747984e-02
1.160000000000000000e+02 -2.768518042672321600e-02 -3.171563074882343541e-02
1.170000000000000000e+02 -2.436206995827080307e-02 -2.811370046708230180e-02
1.180000000000000000e+02 -2.133117748302213942e-02 -2.480819106031173157e-02
1.190000000000000000e+02 -1.858450801083741388e-02 -2.179247585682693791e-02
1.200000000000000000e+02 -1.611105750386753604e-02 -1.905697176488324596e-02
1.210000000000000000e+02 -1.389742321200934140e-02 -1.658967919042234757e-02
1.220000000000000000e+02 -1.192838643089625707e-02 -1.437670739651662061e-02
1.230000000000000000e+02 -1.018745302667410126e-02 -1.240276540431139475e-02
1.240000000000000000e+02 -8.657344069583116156e-03 -1.065160953763281959e-02
1.250000000000000000e+02 -7.320432790151779057e-03 -9.106447849232042480e-03
1.260000000000000000e+02 -6.159124492576246480e-03 -7.750302294489059586e-03
1.270000000000000000e+02 -5.156176469491621957e-03 -6.566325256645469226e-03
1.280000000000000000e+02 -4.294957525105884411e-03 -5.538065384832845280e-03
1.290000000000000000e+02 -3.559650167759798815e-03 -4.649681316253937227e-03
1.300000000000000000e+02 -2.935400590840984113e-03 -3.886107076429408998e-03
1.310000000000000000e+02 -2.408421774359720442e-03 -3.233175297976059650e-03
1.320000000000000000e+02 -1.966054740413443296e-03 -2.677703299293916501e-03
1.330000000000000000e+02 -1.596793275588887645e-03 -2.207545278580495905e-03
1.340000000000000000e+02 -1.290278068048372013e-03 -1.811613747112915916e-03
1.350000000000000000e+02 -1.037266400294748533e-03 -1.479874614428054822e-03
1.360000000000000000e+02 -8.295830370468744138e-04 -1.203321338644891244e-03
1.370000000000000000e+02 -6.600571659230245868e-04 -9.739332727765180218e-04
1.380000000000000000e+02 -5.224496230443497532e-04 -7.846222475323649500e-04
1.390000000000000000e+02 -4.113741949617416788e-04 -6.291705236728876820e-04
1.400000000000000000e+02 -3.222163198031417113e-04 -5.021629277104282339e-04
1.410000000000000000e+02 -2.510519096679951923e-04 -3.989159224366111561e-04
1.420000000000000000e+02 -1.945683785120888576e-04 -3.154061080610923639e-04
1.430000000000000000e+02 -1.499894114345849455e-04 -2.482001116403847779e-04
1.440000000000000000e+02 -1.150045828335900642e-04 -1.943872320316947146e-04
1.450000000000000000e+02 -8.770457374458683303e-05 -1.515157744645644891e-04
1.460000000000000000e+02 -6.652241338371445048e-05 -1.175337507334184387e-04
1.470000000000000000e+02 -5.018088465075514100e-05 -9.073442576419576597e-05
1.480000000000000000e+02 -3.764600870250852012e-05 -6.970698024262415859e-05
1.490000000000000000e+02 -2.808636385258006244e-05 -5.329234107339727867e-05
1.500000000000000000e+02 -2.083788503014050001e-05 -4.054405213170333592e-05
1.510000000000000000e+02 -1.537371566068217781e-05 -3.069394173568973431e-05
1.520000000000000000e+02 -1.127863823584947811e-05 -2.312227817646082587e-05
1.530000000000000000e+02 -8.227590030245200209e-06 -1.733206402912002150e-05
1.540000000000000000e+02 -5.967773923866755492e-06 -1.292709302726015906e-05
1.550000000000000000e+02 -4.303893246283841432e-06 -9.593377721316587343e-06
1.560000000000000000e+02 -3.086070097884070978e-06 -7.083556904177043209e-06
1.570000000000000000e+02 -2.200042761458715042e-06 -5.203906412223879514e-06
1.580000000000000000e+02 -1.559277807513843547e-06 -3.803600820572729271e-06
1.590000000000000000e+02 -1.098674571444253258e-06 -2.765903073796740037e-06
