0.000000000000000000e+00 -5.346240960754192295e-06 -3.857896571046178858e-06
1.000000000000000000e+00 -2.022340089885531595e-07 -2.937270475648409550e-08
2.000000000000000000e+00 -2.501857707775564467e-07 -3.802469278504258205e-08
3.000000000000000000e+00 -3.376344680215526422e-07 -5.319410379015213992e-08
4.000000000000000000e+00 -4.544354822937564332e-07 -7.433584057856615903e-08
5.000000000000000000e+00 -6.094954518225664675e-07 -1.034840537701717573e-07
6.000000000000000000e+00 -8.145671252573161894e-07 -1.434897301372473654e-07
7.000000000000000000e+00 -1.084751449418799914e-06 -1.981700829764653653e-07
8.000000000000000000e+00 -1.439374460285447175e-06 -2.726006850966114025e-07
9.000000000000000000e+00 -1.903083867248908960e-06 -3.734988408404317318e-07
1.000000000000000000e+01 -2.507203997473343502e-06 -5.097151840648954169e-07
1.100000000000000000e+01 -3.291390490054719564e-06 -6.928597185369818915e-07
1.200000000000000000e+01 -4.305625548656889131e-06 -9.380941179981068950e-07
1.300000000000000000e+01 -5.612598892635061320e-06 -1.265128366663427705e-06
1.400000000000000000e+01 -7.290536234797876930e-06 -1.699467657942857025e-06
1.500000000000000000e+01 -9.436570132655806858e-06 -2.273965045184899138e-06
1.600000000000000000e+01 -1.217078966090447934e-05 -3.030746029186728465e-06
1.700000000000000000e+01 -1.564113164290670076e-05 -4.023581971179314159e-06
1.800000000000000000e+01 -2.002925584899318992e-05 -5.320799299120917392e-06
1.900000000000000000e+01 -2.555746605268911952e-05 -7.008821689679474513e-06
2.000000000000000000e+01 -3.249663146092282551e-05 -9.196454788541595258e-06
2.100000000000000000e+01 -4.117501425132327075e-05 -1.202003918011253377e-05
2.200000000000000000e+01 -5.198801245389044200e-05 -1.564961607903346335e-05
2.300000000000000000e+01 -6.540909880353005146e-05 -2.029626692334126232e-05
2.400000000000000000e+01 -8.200253926100521315e-05 -2.622079713070996028e-05
2.500000000000000000e+01 -1.024385434061830721e-04 -3.374393432250289570e-05
2.600000000000000000e+01 -1.275111005210264996e-04 -4.325820836023237261e-05
2.700000000000000000e+01 -1.581579346756604608e-04 -5.524168473375737408e-05
2.800000000000000000e+01 -1.954812285165929715e-04 -7.027373819362305984e-05
2.900000000000000000e+01 -2.407677218752790290e-04 -8.905306798289146794e-05
3.000000000000000000e+01 -2.955079305093952051e-04 -1.124181435495869784e-04
3.100000000000000000e+01 -3.614161714764009873e-04 -1.413702095556076857e-04
3.200000000000000000e+01 -4.404544907857980778e-04 -1.770988817571569722e-04
3.300000000000000000e+01 -5.348628539132998681e-04 -2.210102787546275890e-04
3.400000000000000000e+01 -6.471945010137085180e-04 -2.747576109973511147e-04
3.500000000000000000e+01 -7.803507218042244307e-04 -3.402741847490700481e-04
3.600000000000000000e+01 -9.376068497848394009e-04 -4.198087817062773211e-04
3.700000000000000000e+01 -1.122624157984552107e-03 -5.159632083541899460e-04
3.800000000000000000e+01 -1.339450566012879637e-03 -6.317314231844960853e-04
3.900000000000000000e+01 -1.592521977641284071e-03 -7.705391967807171446e-04
4.000000000000000000e+01 -1.886678200367126025e-03 -9.362830506909275777e-04
4.100000000000000000e+01 -2.227197741756465482e-03 -1.133367471211539331e-03
4.200000000000000000e+01 -2.619837282876601343e-03 -1.366739915003785909e-03
4.300000000000000000e+01 -3.070846184702473274e-03 -1.641923283355579662e-03
4.400000000000000000e+01 -3.586928361324491239e-03 -1.965044714900525055e-03
4.500000000000000000e+01 -4.175148756913375780e-03 -2.342857840366981137e-03
4.600000000000000000e+01 -4.842817752213988275e-03 -2.782754239198861369e-03
4.700000000000000000e+01 -5.597408201827894572e-03 -3.292760311738419411e-03
4.800000000000000000e+01 -6.446542935704093619e-03 -3.881518564575552142e-03
4.900000000000000000e+01 -7.398035321872498994e-03 -4.558255544842707181e-03
5.000000000000000000e+01 -8.459904122268907534e-03 -5.332738977432279273e-03
5.100000000000000000e+01 -9.640265450457650639e-03 -6.215222085504935011e-03
5.200000000000000000e+01 -1.094705957247063891e-02 -7.216366030046271127e-03
5.300000000000000000e+01 -1.238767830685849614e-02 -8.347128414677908864e-03
5.400000000000000000e+01 -1.396864870805423695e-02 -9.618612485231142067e-03
5.500000000000000000e+01 -1.569552112096767732e-02 -1.104188610468416140e-02
5.600000000000000000e+01 -1.757298070276278046e-02 -1.262779065914439863e-02
5.700000000000000000e+01 -1.960502038064066907e-02 -1.438675489451838804e-02
5.800000000000000000e+01 -2.179491296534042527e-02 -1.632860580659926258e-02
5.900000000000000000e+01 -2.414480580093824463e-02 -1.846234492350692230e-02
6.000000000000000000e+01 -2.665501519908601916e-02 -2.079585904591490716e-02
6.100000000000000000e+01 -2.932335999096518514e-02 -2.333557048588211918e-02
6.200000000000000000e+01 -3.214493434237535030e-02 -2.608608146487573221e-02
6.300000000000000000e+01 -3.511247972029522824e-02 -2.904988584775623078e-02
6.400000000000000000e+01 -3.821709487045286263e-02 -3.222717836681062570e-02
6.500000000000000000e+01 -4.144871675647988224e-02 -3.561570822332708885e-02
6.600000000000000000e+01 -4.479588545392693827e-02 -3.921057101110412418e-02
6.700000000000000000e+01 -4.824479180282888191e-02 -4.300387525045278742e-02
6.800000000000000000e+01 -5.177819607149651560e-02 -4.698434816304609962e-02
6.900000000000000000e+01 -5.537505052325641247e-02 -5.113706014587674625e-02
7.000000000000000000e+01 -5.901129635644448979e-02 -5.544342995030572541e-02
7.100000000000000000e+01 -6.266150976076899359e-02 -5.988149871115466122e-02
7.200000000000000000e+01 -6.630039492545521107e-02 -6.442625478801308758e-02
7.300000000000000000e+01 -6.990311686713068795e-02 -6.904974470428591748e-02
7.400000000000000000e+01 -7.344424478408030643e-02 -7.372090627544039543e-02
7.500000000000000000e+01 -7.689614610295530950e-02 -7.840537756148001358e-02
7.600000000000000000e+01 -8.022823611209518868e-02 -8.306569140439938603e-02
7.700000000000000000e+01 -8.340803458546193483e-02 -8.766206936559406415e-02
7.800000000000000000e+01 -8.640372927072599574e-02 -9.215358461479314367e-02
7.900000000000000000e+01 -8.918677459216095560e-02 -9.649913557254866103e-02
8.000000000000000000e+01 -9.173288233706759776e-02 -1.006577917951264334e-01
8.100000000000000000e+01 -9.402082847340426097e-02 -1.045886149294511652e-01
8.200000000000000000e+01 -9.603010386538074483e-02 -1.082505934958820359e-01
8.300000000000000000e+01 -9.773938709255919344e-02 -1.116033612414343845e-01
8.400000000000000000e+01 -9.912732396206402896e-02 -1.146087802478063800e-01
8.500000000000000000e+01 -1.001754270362241739e-01 -1.172327034713220029e-01
8.600000000000000000e+01 -1.008712635245107708e-01 -1.194459588351135110e-01
8.700000000000000000e+01 -1.012097474284485432e-01 -1.212241328238054111e-01
8.800000000000000000e+01 -1.011916352204545733e-01 -1.225466973081403704e-01
8.900000000000000000e+01 -1.008203454268095517e-01 -1.233966057219686441e-01
9.000000000000000000e+01 -1.000994725433254906e-01 -1.237611228666982421e-01
9.100000000000000000e+01 -9.903286240428289811e-02 -1.236335734530183972e-01
9.200000000000000000e+01 -9.762718799456691909e-02 -1.230147855669888185e-01
9.300000000000000000e+01 -9.589504582924460174e-02 -1.219130795306863635e-01
9.400000000000000000e+01 -9.385614252046328709e-02 -1.203427225982864751e-01
9.500000000000000000e+01 -9.153551694590716936e-02 -1.183219785693267190e-01
9.600000000000000000e+01 -8.895991626176781575e-02 -1.158721957395691948e-01
9.700000000000000000e+01 -8.615477600638719868e-02 -1.130184813795939991e-01
9.800000000000000000e+01 -8.314374620257966586e-02 -1.097911196411619356e-01
9.900000000000000000e+01 -7.995075879460972201e-02 -1.062261688140158922e-01
1.000000000000000000e+02 -7.660273624494839950e-02 -1.023642557773181833e-01
1.010000000000000000e+02 -7.313061923948543930e-02 -9.824801446029592100e-02
1.020000000000000000e+02 -6.956771542536513420e-02 -9.391970827112834652e-02
1.030000000000000000e+02 -6.594639180597111627e-02 -8.942041541106601765e-02
1.040000000000000000e+02 -6.229531864144463582e-02 -8.479086879932284937e-02
1.050000000000000000e+02 -5.863897648567016618e-02 -8.007269796816549046e-02
1.060000000000000000e+02 -5.499940854336395069e-02 -7.530852870601320581e-02
1.070000000000000000e+02 -5.139858633868411159e-02 -7.054038360952176456e-02
1.080000000000000000e+02 -4.785944523651627924e-02 -6.580725789069839793e-02
1.090000000000000000e+02 -4.440478124411526006e-02 -6.114343421600201833e-02
1.100000000000000000e+02 -4.105484480115104140e-02 -5.657850538475327207e-02
1.110000000000000000e+02 -3.782537800282424062e-02 -5.213872434122760607e-02
1.120000000000000000e+02 -3.472741037319707069e-02 -4.784832256155821528e-02
1.130000000000000000e+02 -3.176877952075857908e-02 -4.372960298815906088e-02
1.140000000000000000e+02 -2.895613837461866874e-02 -3.980172658657029489e-02
1.150000000000000000e+02 -2.629601068691162641e-02 -3.607921595043186991e-02
1.160000000000000000e+02 -2.379430527619497485e-02 -3.257140458921575776e-02
1.170000000000000000e+02 -2.145487608101826274e-02 -2.928326609944284509e-02
1.180000000000000000e+02 -1.927834097109584754e-02 -2.621697744258418700e-02
1.190000000000000000e+02 -1.726206326594385138e-02 -2.337309128157781524e-02
1.200000000000000000e+02 -1.540128555297310201e-02 -2.075064152689046898e-02
1.210000000000000000e+02 -1.369060862011080640e-02 -1.834643607372707722e-02
1.220000000000000000e+02 -1.212487791572027483e-02 -1.615441204685820475e-02
1.230000000000000000e+02 -1.069907865638686922e-02 -1.416578390110116367e-02
1.240000000000000000e+02 -9.407577858398161880e-03 -1.237000899094377326e-02
1.250000000000000000e+02 -8.243445283059102485e-03 -1.075595506460885233e-02
1.260000000000000000e+02 -7.198414258292340842e-03 -9.312575184473181542e-03
1.270000000000000000e+02 -6.263512746731904335e-03 -8.028863814469291288e-03
1.280000000000000000e+02 -5.429927545881011591e-03 -6.893438425073112122e-03
1.290000000000000000e+02 -4.689571026179388535e-03 -5.894303759098284273e-03
1.300000000000000000e+02 -4.035100947298162453e-03 -5.019103036883141959e-03
1.310000000000000000e+02 -3.459542847995556933e-03 -4.255715681210642774e-03
1.320000000000000000e+02 -2.955890571206325809e-03 -3.592802080814540798e-03
1.330000000000000000e+02 -2.516994190598683366e-03 -3.019989914816039595e-03
1.340000000000000000e+02 -2.135786289220265553e-03 -2.527706392157678516e-03
1.350000000000000000e+02 -1.805657196887938253e-03 -2.106907576279321449e-03
1.360000000000000000e+02 -1.520723724059763835e-03 -1.748964073597033186e-03
1.370000000000000000e+02 -1.275851903752792376e-03 -1.445775071085029628e-03
1.380000000000000000e+02 -1.066477103099956227e-03 -1.189983754014505707e-03
1.390000000000000000e+02 -8.883801887320338280e-04 -9.751096410217482057e-04
1.400000000000000000e+02 -7.375662019236820313e-04 -7.955088062717657156e-04
1.410000000000000000e+02 -6.102892474467052405e-04 -6.462139087869758769e-04
1.420000000000000000e+02 -5.031614542899991898e-04 -5.227758121899068631e-04
1.430000000000000000e+02 -4.132437917451968435e-04 -4.211925842331185098e-04
1.440000000000000000e+02 -3.380518536821208904e-04 -3.379230831512223003e-04
1.450000000000000000e+02 -2.754789836607064442e-04 -2.699201793002484672e-04
1.460000000000000000e+02 -2.236895352870113909e-04 -2.146216762788287448e-04
1.470000000000000000e+02 -1.810396103677376070e-04 -1.698851430614151895e-04
1.480000000000000000e+02 -1.460505259710146797e-04 -1.338981429807571959e-04
1.490000000000000000e+02 -1.174214581516084340e-04 -1.051053394323708730e-04
1.500000000000000000e+02 -9.404822464224342417e-05 -8.217148961740370521e-05
1.510000000000000000e+02 -7.502168971902881014e-05 -6.397016113279045918e-05
1.520000000000000000e+02 -5.960029118399571006e-05 -4.957512216811447043e-05
1.530000000000000000e+02 -4.716946293966053233e-05 -3.823895731383952377e-05
1.540000000000000000e+02 -3.720580845116782081e-05 -2.935960521889227653e-05
1.550000000000000000e+02 -2.925660383059662046e-05 -2.244587762439356437e-05
1.560000000000000000e+02 -2.293375494310684754e-05 -1.709206726590149924e-05
1.570000000000000000e+02 -1.791393020663187494e-05 -1.296387723119961493e-05
1.580000000000000000e+02 -1.393644123940411124e-05 -9.790983552407854401e-06
1.590000000000000000e+02 -1.079530882743072954e-05 -7.360117961537329208e-06
