0.000000000000000000e+00 -1.017955272137423592e-04 -1.035823328542727447e-05
1.000000000000000000e+00 -4.394001795930070166e-07 -6.488964478849156184e-08
2.000000000000000000e+00 -4.929741226111106838e-07 -7.987827043025016953e-08
3.000000000000000000e+00 -6.481033956826605064e-07 -1.100267397608220027e-07
4.000000000000000000e+00 -8.590181650710811911e-07 -1.516211696812255952e-07
5.000000000000000000e+00 -1.135575440791485622e-06 -2.081969677995662342e-07
6.000000000000000000e+00 -1.495404138108254926e-06 -2.847958372088981728e-07
7.000000000000000000e+00 -1.961977258128594745e-06 -3.880791966982071541e-07
8.000000000000000000e+00 -2.565789563861844170e-06 -5.267817718845442528e-07
9.000000000000000000e+00 -3.345845030102683565e-06 -7.123109611764095360e-07
1.000000000000000000e+01 -4.350969722833934854e-06 -9.595030997706026243e-07
1.100000000000000000e+01 -5.641063191555191204e-06 -1.287566393777502474e-06
1.200000000000000000e+01 -7.288875399966476468e-06 -1.721249949797186287e-06
1.300000000000000000e+01 -9.383127262500679482e-06 -2.292289663113148292e-06
1.400000000000000000e+01 -1.203351630965048302e-05 -3.041193144630261023e-06
1.500000000000000000e+01 -1.537734296593837617e-05 -4.019435601047834362e-06
1.600000000000000000e+01 -1.958655900640909951e-05 -5.292147340976416280e-06
1.700000000000000000e+01 -2.487369234549525259e-05 -6.941383354902270202e-06
1.800000000000000000e+01 -3.149592705503224385e-05 -9.070075801298431288e-06
1.900000000000000000e+01 -3.975851369820187006e-05 -1.180677684941264349e-05
2.000000000000000000e+01 -5.002061844912483702e-05 -1.531129874014366222e-05
2.100000000000000000e+01 -6.270713832733806306e-05 -1.978135651357844403e-05
2.200000000000000000e+01 -7.832787707914059530e-05 -2.546033487594041365e-05
2.300000000000000000e+01 -9.750135550486016957e-05 -3.264634933656308010e-05
2.400000000000000000e+01 -1.209768597837934521e-04 -4.170283860138059950e-05
2.500000000000000000e+01 -1.496482636825379907e-04 -5.307095426632738722e-05
2.600000000000000000e+01 -1.845582765596223479e-04 -6.728393927906399117e-05
2.700000000000000000e+01 -2.269001174473384886e-04 -8.498350416371187313e-05
2.800000000000000000e+01 -2.780298445199803729e-04 -1.069380308776151739e-04
2.900000000000000000e+01 -3.395008580002456251e-04 -1.340624433734215052e-04
3.000000000000000000e+01 -4.131206279874445999e-04 -1.674398828534359404e-04
3.100000000000000000e+01 -5.010137287070086029e-04 -2.083457602462590380e-04
3.200000000000000000e+01 -6.056656599636390994e-04 -2.582749168350674616e-04
3.300000000000000000e+01 -7.299285695769059529e-04 -3.189721151270184275e-04
3.400000000000000000e+01 -8.769934102483237671e-04 -3.924649625041143623e-04
3.500000000000000000e+01 -1.050360780503331419e-03 -4.810973459639602710e-04
3.600000000000000000e+01 -1.253854545587285629e-03 -5.875615160468798236e-04
3.700000000000000000e+01 -1.491703689815396467e-03 -7.149285127011914889e-04
3.800000000000000000e+01 -1.768673034548179108e-03 -8.666787887458599245e-04
3.900000000000000000e+01 -2.090178700704989519e-03 -1.046735708583165910e-03
4.000000000000000000e+01 -2.462314055958027010e-03 -1.259502494665683649e-03
4.100000000000000000e+01 -2.891754555215436846e-03 -1.509898686554887130e-03
4.200000000000000000e+01 -3.385588059695735039e-03 -1.803388365168025111e-03
4.300000000000000000e+01 -3.951181328421649042e-03 -2.145993080526301024e-03
4.400000000000000000e+01 -4.596190633765394329e-03 -2.544288739084949076e-03
4.500000000000000000e+01 -5.328738626398060556e-03 -3.005393915037378634e-03
4.600000000000000000e+01 -6.157653766044749247e-03 -3.536960119371729099e-03
4.700000000000000000e+01 -7.092587996003604268e-03 -4.147167550125391636e-03
4.800000000000000000e+01 -8.143865000880264743e-03 -4.844715391415723056e-03
4.900000000000000000e+01 -9.322065776819824651e-03 -5.638784423191698682e-03
5.000000000000000000e+01 -1.063754208608178042e-02 -6.538953125863401425e-03
5.100000000000000000e+01 -1.210013130816651669e-02 -7.555068774574493808e-03
5.200000000000000000e+01 -1.371924459874549265e-02 -8.697099710244290266e-03
5.300000000000000000e+01 -1.550425083740309372e-02 -9.975003415865988862e-03
5.400000000000000000e+01 -1.746483699722424857e-02 -1.139862465074079761e-02
5.500000000000000000e+01 -1.961097203699881109e-02 -1.297759824872440557e-02
5.600000000000000000e+01 -2.195231079197295862e-02 -1.472120220672704961e-02
5.700000000000000000e+01 -2.449724022730934495e-02 -1.663811788285402687e-02
5.800000000000000000e+01 -2.725205297649314212e-02 -1.873610789292710910e-02
5.900000000000000000e+01 -3.022071304317358251e-02 -2.102168391850233603e-02
6.000000000000000000e+01 -3.340532232776099314e-02 -2.349985468736675784e-02
6.100000000000000000e+01 -3.680691183531943633e-02 -2.617399176140297948e-02
6.200000000000000000e+01 -4.042590062915731725e-02 -2.904575530733352617e-02
6.300000000000000000e+01 -4.426171899641086899e-02 -3.211495643346955892e-02
6.400000000000000000e+01 -4.831162593222283752e-02 -3.537926197044914678e-02
6.500000000000000000e+01 -5.256933110080366789e-02 -3.883377004919096043e-02
6.600000000000000000e+01 -5.702425094841014758e-02 -4.247061725383155517e-02
6.700000000000000000e+01 -6.166189116557461991e-02 -4.627880890599866265e-02
6.800000000000000000e+01 -6.646513303866469213e-02 -5.024434370565251246e-02
6.900000000000000000e+01 -7.141557682659641082e-02 -5.435050227970374126e-02
7.000000000000000000e+01 -7.649400825289187633e-02 -5.857804096009783940e-02
7.100000000000000000e+01 -8.167961040183172039e-02 -6.290510128559466396e-02
7.200000000000000000e+01 -8.694840598818412425e-02 -6.730689211628300417e-02
7.300000000000000000e+01 -9.227200808239643948e-02 -7.175544923204892067e-02
7.400000000000000000e+01 -9.761765061103649943e-02 -7.621981638851459129e-02
7.500000000000000000e+01 -1.029496903266766683e-01 -8.066675039486909116e-02
7.600000000000000000e+01 -1.082318158321796536e-01 -8.506168453530862927e-02
7.700000000000000000e+01 -1.134287128100333886e-01 -8.936947658919215665e-02
7.800000000000000000e+01 -1.185062716617219791e-01 -9.355461781567722679e-02
7.900000000000000000e+01 -1.234303898156304674e-01 -9.758101454300373290e-02
8.000000000000000000e+01 -1.281653858203385121e-01 -1.014118516288586846e-01
8.100000000000000000e+01 -1.326733531611630768e-01 -1.050100708323211951e-01
8.200000000000000000e+01 -1.369152066772792720e-01 -1.083395785512407256e-01
8.300000000000000000e+01 -1.408530752696636745e-01 -1.113667280278276411e-01
8.400000000000000000e+01 -1.444527968278322971e-01 -1.140613520124725694e-01
8.500000000000000000e+01 -1.476851789967085216e-01 -1.163969043479166077e-01
8.600000000000000000e+01 -1.505254759303383538e-01 -1.183499248978243379e-01
8.700000000000000000e+01 -1.529516846937320484e-01 -1.198995708356128537e-01
8.800000000000000000e+01 -1.549430241891727178e-01 -1.210279199313792770e-01
8.900000000000000000e+01 -1.564798188057887063e-01 -1.217211381889880262e-01
9.000000000000000000e+01 -1.575450586693004640e-01 -1.219708736129172105e-01
9.100000000000000000e+01 -1.581267773130337340e-01 -1.217749714913791970e-01
9.200000000000000000e+01 -1.582198230773787240e-01 -1.211370404805083151e-01
9.300000000000000000e+01 -1.578259703096398514e-01 -1.200652160193055595e-01
9.400000000000000000e+01 -1.569523687703934800e-01 -1.185710334982347791e-01
9.500000000000000000e+01 -1.556093664533933496e-01 -1.166691869247495905e-01
9.600000000000000000e+01 -1.538090837280062517e-01 -1.143782085490662737e-01
9.700000000000000000e+01 -1.515655546853001134e-01 -1.117213395571506340e-01
9.800000000000000000e+01 -1.488961743385382175e-01 -1.087266705405015021e-01
9.900000000000000000e+01 -1.458233173346873968e-01 -1.054261564093407211e-01
1.000000000000000000e+02 -1.423748899766199005e-01 -1.018539341337572623e-01
1.010000000000000000e+02 -1.385832846756480663e-01 -9.804485186721068057e-02
1.020000000000000000e+02 -1.344832332830940558e-01 -9.403389924012105217e-02
1.030000000000000000e+02 -1.301097210067578835e-01 -8.985650865260436104e-02
1.040000000000000000e+02 -1.254970091749604000e-01 -8.554904955439167347e-02
1.050000000000000000e+02 -1.206790353655362441e-01 -8.114874699670310276e-02
1.060000000000000000e+02 -1.156905564415473403e-01 -7.669275106603319625e-02
1.070000000000000000e+02 -1.105679675541565293e-01 -7.221674874959442547e-02
1.080000000000000000e+02 -1.053490187020852259e-01 -6.775383445069524391e-02
1.090000000000000000e+02 -1.000714237547467578e-01 -6.333413009195057453e-02
1.100000000000000000e+02 -9.477107919549257464e-02 -5.898509118898306175e-02
1.110000000000000000e+02 -8.948081795980988851e-02 -5.473199288242078242e-02
1.120000000000000000e+02 -8.423022471011799850e-02 -5.059806721130197943e-02
1.130000000000000000e+02 -7.904634185927714163e-02 -4.660412170366619311e-02
1.140000000000000000e+02 -7.395457601216900989e-02 -4.276789919795584427e-02
1.150000000000000000e+02 -6.897908821386888878e-02 -3.910362147615040196e-02
1.160000000000000000e+02 -6.414238402275486417e-02 -3.562200127649088610e-02
1.170000000000000000e+02 -5.946438407636214785e-02 -3.233067343697208773e-02
1.180000000000000000e+02 -5.496157656146700987e-02 -2.923474916033377835e-02
1.190000000000000000e+02 -5.064675366228773429e-02 -2.633719350935413706e-02
1.200000000000000000e+02 -4.652942894950259228e-02 -2.363892293794289667e-02
1.210000000000000000e+02 -4.261661783347738680e-02 -2.113874389211478286e-02
1.220000000000000000e+02 -3.891350253101731604e-02 -1.883334755660850957e-02
1.230000000000000000e+02 -3.542366237244104488e-02 -1.671750318487910669e-02
1.240000000000000000e+02 -3.214888265885312846e-02 -1.478443749645055177e-02
1.250000000000000000e+02 -2.908882567582903034e-02 -1.302627142475534447e-02
1.260000000000000000e+02 -2.624089599059279895e-02 -1.143437553770382774e-02
1.270000000000000000e+02 -2.360046405611498574e-02 -9.999583545606103088e-03
1.280000000000000000e+02 -2.116136830424875104e-02 -8.712298737247117786e-03
1.290000000000000000e+02 -1.891646136006418233e-02 -7.562576741182209031e-03
1.300000000000000000e+02 -1.685798124070941872e-02 -6.540251526429669351e-03
1.310000000000000000e+02 -1.497767328317728061e-02 -5.635117355331961154e-03
1.320000000000000000e+02 -1.326674956120320326e-02 -4.837130782614136072e-03
1.330000000000000000e+02 -1.171584776463016619e-02 -4.136581852663941475e-03
1.340000000000000000e+02 -1.031511194990367489e-02 -3.524202666501109662e-03
1.350000000000000000e+02 -9.054410917318211557e-03 -2.991214670281835963e-03
1.360000000000000000e+02 -7.923615579201240960e-03 -2.529340599537601569e-03
1.370000000000000000e+02 -6.912829751237741828e-03 -2.130811195908327571e-03
1.380000000000000000e+02 -6.012511207786406901e-03 -1.788383522415073383e-03
1.390000000000000000e+02 -5.213490597188164682e-03 -1.495368959196626598e-03
1.400000000000000000e+02 -4.506945898860820025e-03 -1.245656779877708569e-03
1.410000000000000000e+02 -3.884394338483990617e-03 -1.033718989987910753e-03
1.420000000000000000e+02 -3.337730520740648209e-03 -8.545912107661236606e-04
1.430000000000000000e+02 -2.859297992271664802e-03 -7.038353996769570976e-04
1.440000000000000000e+02 -2.441958493072240739e-03 -5.774962124952447498e-04
1.450000000000000000e+02 -2.079127825816167677e-03 -4.720613479828756611e-04
1.460000000000000000e+02 -1.764769702326446799e-03 -3.844297294743283157e-04
1.470000000000000000e+02 -1.493361178922107506e-03 -3.118847615455484215e-04
1.480000000000000000e+02 -1.259852275555967474e-03 -2.520670626765958715e-04
1.490000000000000000e+02 -1.059636373583046961e-03 -2.029427760458245083e-04
1.500000000000000000e+02 -8.885346090344478339e-04 -1.627676111115282929e-04
1.510000000000000000e+02 -7.427865776354398595e-04 -1.300500451602654638e-04
1.520000000000000000e+02 -6.190368599136080938e-04 -1.035177243699597990e-04
1.530000000000000000e+02 -5.143113972629448057e-04 -8.208927302455304540e-05
1.540000000000000000e+02 -4.259847667896753945e-04 -6.485113628288723055e-05
1.550000000000000000e+02 -3.517440553853836967e-04 -5.103748086685838269e-05
1.560000000000000000e+02 -2.895553027821437466e-04 -4.001123961882138079e-05
1.570000000000000000e+02 -2.376355073381145912e-04 -3.124557909888053955e-05
1.580000000000000000e+02 -1.944296326578028868e-04 -2.430631407918386507e-05
1.590000000000000000e+02 -1.585900926064581849e-04 -1.883628909518169313e-05
