0.000000000000000000e+00 -3.662714456766574158e-06 -9.658421115698013809e-11
1.000000000000000000e+00 -1.772328831001738293e-10 -4.662795985821634023e-15
2.000000000000000000e+00 -2.647018880291515819e-10 -9.788815454088260998e-15
3.000000000000000000e+00 -4.188010351605577219e-10 -2.049935531777285666e-14
4.000000000000000000e+00 -6.601066038875499009e-10 -4.250771286572530485e-14
5.000000000000000000e+00 -1.035385321313948606e-09 -8.728481358311915857e-14
6.000000000000000000e+00 -1.615638295386610333e-09 -1.775352472265252056e-13
7.000000000000000000e+00 -2.506852095169991208e-09 -3.577392884207647504e-13
8.000000000000000000e+00 -3.866549012920788791e-09 -7.140444555262625058e-13
9.000000000000000000e+00 -5.928870834760384096e-09 -1.411518732722475096e-12
1.000000000000000000e+01 -9.041295645343608895e-09 -2.763526212730155608e-12
1.100000000000000000e+01 -1.371587596876692438e-08 -5.359560597810649796e-12
1.200000000000000000e+01 -2.069890691754386290e-08 -1.029728404142461560e-11
1.300000000000000000e+01 -3.106698677496189000e-08 -1.959826383871752457e-11
1.400000000000000000e+01 -4.636407851996806488e-08 -3.694691506306118210e-11
1.500000000000000000e+01 -6.879963681248232486e-08 -6.899460930242579175e-11
1.600000000000000000e+01 -1.015280719827434151e-07 -1.276354278567756241e-10
1.700000000000000000e+01 -1.490265842808312339e-07 -2.339213864597350586e-10
1.800000000000000000e+01 -2.175918321229333128e-07 -4.247174360069726684e-10
1.900000000000000000e+01 -3.159965106027236213e-07 -7.639200266598778915e-10
2.000000000000000000e+01 -4.563811129254076070e-07 -1.361210133378971857e-09
2.100000000000000000e+01 -6.554816770422464423e-07 -2.403027934500376010e-09
2.200000000000000000e+01 -9.362896218471089453e-07 -4.203039663113342110e-09
2.300000000000000000e+01 -1.330215585285947823e-06 -7.283436992325718649e-09
2.400000000000000000e+01 -1.879834741669552769e-06 -1.250477302884809814e-08
2.500000000000000000e+01 -2.642369787274127057e-06 -2.127131729262746088e-08
2.600000000000000000e+01 -3.694194543703524744e-06 -3.585177323589382468e-08
2.700000000000000000e+01 -5.136719356873763403e-06 -5.987357261991529645e-08
2.800000000000000000e+01 -7.103974614573960225e-06 -9.907644899436591479e-08
2.900000000000000000e+01 -9.772097855386600610e-06 -1.624506382164506012e-07
3.000000000000000000e+01 -1.337092348357880802e-05 -2.639372865681488530e-07
3.100000000000000000e+01 -1.819807711855220332e-05 -4.249351650941471060e-07
3.200000000000000000e+01 -2.463626818478913371e-05 -6.779482328295738493e-07
3.300000000000000000e+01 -3.317459030310632048e-05 -1.071836092281938840e-06
3.400000000000000000e+01 -4.443446673653710951e-05 -1.679294082528666385e-06
3.500000000000000000e+01 -5.920062173484699883e-05 -2.607378239199165143e-06
3.600000000000000000e+01 -7.845741064259335905e-05 -4.012106881518510332e-06
3.700000000000000000e+01 -1.034309990183747570e-04 -6.118452927314473662e-06
3.800000000000000000e+01 -1.356379509872793242e-04 -9.247406505293623925e-06
3.900000000000000000e+01 -1.769406652415784001e-04 -1.385217266768673384e-05
4.000000000000000000e+01 -2.296101126931962924e-04 -2.056589542837119762e-05
4.100000000000000000e+01 -2.963966492793144352e-04 -3.026361046284319702e-05
4.200000000000000000e+01 -3.806095444961167746e-04 -4.414153631566006448e-05
4.300000000000000000e+01 -4.862041959959564528e-04 -6.381722691884442146e-05
4.400000000000000000e+01 -6.178733701041413560e-04 -9.145419161488348798e-05
4.500000000000000000e+01 -7.811381862752008994e-04 -1.299141995662026101e-04
4.600000000000000000e+01 -9.824382630260362556e-04 -1.829399477880721105e-04
4.700000000000000000e+01 -1.229225542492017476e-03 -2.553702990723072191e-04
4.800000000000000000e+01 -1.530065175625456393e-03 -3.533892836401130388e-04
4.900000000000000000e+01 -1.894735701597177963e-03 -4.848076858689890668e-04
5.000000000000000000e+01 -2.334308199230304779e-03 -6.593726662693524896e-04
5.100000000000000000e+01 -2.861186282799273953e-03 -8.890977947548791378e-04
5.200000000000000000e+01 -3.489110408169111485e-03 -1.188603124182910364e-03
5.300000000000000000e+01 -4.233150941968852506e-03 -1.575450659870757586e-03
5.400000000000000000e+01 -5.109705355571556550e-03 -2.070454026991664764e-03
5.500000000000000000e+01 -6.136473119992294674e-03 -2.697934953900641558e-03
5.600000000000000000e+01 -7.332347962118787761e-03 -3.485896239538899613e-03
5.700000000000000000e+01 -8.717189169144413941e-03 -4.466079493498648599e-03
5.800000000000000000e+01 -1.031150607674593753e-02 -5.673872208278890605e-03
5.900000000000000000e+01 -1.213613982939563789e-02 -7.148024060105121619e-03
6.000000000000000000e+01 -1.421198398940225031e-02 -8.930133795175564104e-03
6.100000000000000000e+01 -1.655967524593527501e-02 -1.106387807567563684e-02
6.200000000000000000e+01 -1.919912615814625689e-02 -1.359396487473855421e-02
6.300000000000000000e+01 -2.214885461665281122e-02 -1.656480052070223585e-02
6.400000000000000000e+01 -2.542523002730344775e-02 -2.001886853723059204e-02
6.500000000000000000e+01 -2.904182744233629182e-02 -2.399484067849728605e-02
6.600000000000000000e+01 -3.300895311058030246e-02 -2.852547078112569259e-02
6.700000000000000000e+01 -3.733319071345075207e-02 -3.363534328646626548e-02
6.800000000000000000e+01 -4.201675703246925825e-02 -3.933855792884467101e-02
6.900000000000000000e+01 -4.705665181548786269e-02 -4.563644727584059008e-02
7.000000000000000000e+01 -5.244385568620797688e-02 -5.251545170401245716e-02
7.100000000000000000e+01 -5.816287221557266129e-02 -5.994529647783082560e-02
7.200000000000000000e+01 -6.419164619556826101e-02 -6.787760860202951552e-02
7.300000000000000000e+01 -7.050158441336876192e-02 -7.624509048849179016e-02
7.400000000000000000e+01 -7.705740029392445234e-02 -8.496135758560577345e-02
7.500000000000000000e+01 -8.381683122647076711e-02 -9.392154058646601245e-02
7.600000000000000000e+01 -9.073059220902233990e-02 -1.030037207398385862e-01
7.700000000000000000e+01 -9.774287482353015422e-02 -1.120712083636649231e-01
7.800000000000000000e+01 -1.047923130727700103e-01 -1.209756218863061450e-01
7.900000000000000000e+01 -1.118130266819610391e-01 -1.295606918786676443e-01
8.000000000000000000e+01 -1.187354545838100461e-01 -1.376666788344272085e-01
8.100000000000000000e+01 -1.254870921304730436e-01 -1.451352399333665499e-01
8.200000000000000000e+01 -1.319935020989592145e-01 -1.518145314958113390e-01
8.300000000000000000e+01 -1.381798009682979334e-01 -1.575643149229437601e-01
8.400000000000000000e+01 -1.439724168717246566e-01 -1.622608344917141898e-01
8.500000000000000000e+01 -1.493007130223826806e-01 -1.658012355632265677e-01
8.600000000000000000e+01 -1.540982705282695764e-01 -1.681072988626209352e-01
8.700000000000000000e+01 -1.583039836707384185e-01 -1.691282983582826360e-01
8.800000000000000000e+01 -1.618632443701850665e-01 -1.688428410698286919e-01
8.900000000000000000e+01 -1.647292736082821285e-01 -1.672595986630540099e-01
9.000000000000000000e+01 -1.668643666936896475e-01 -1.644168931191632432e-01
9.100000000000000000e+01 -1.682407753615889900e-01 -1.603811617144059731e-01
9.200000000000000000e+01 -1.688411705442050825e-01 -1.552443913598980929e-01
9.300000000000000000e+01 -1.686588489892432985e-01 -1.491206614417283360e-01
9.400000000000000000e+01 -1.676978393975049331e-01 -1.421419693900537740e-01
9.500000000000000000e+01 -1.659728835233048039e-01 -1.344535471418227546e-01
9.600000000000000000e+01 -1.635091478522175401e-01 -1.262089038616626135e-01
9.700000000000000000e+01 -1.603415902313279906e-01 -1.175648326668452814e-01
9.800000000000000000e+01 -1.565140603284442822e-01 -1.086765979581550690e-01
9.900000000000000000e+01 -1.520782705876289054e-01 -9.969349517190576049e-02
1.000000000000000000e+02 -1.470926924667462776e-01 -9.075495221710330740e-02
1.010000000000000000e+02 -1.416213358034345005e-01 -8.198730705155321541e-02
1.020000000000000000e+02 -1.357323803559488673e-01 -7.350134375205664983e-02
1.030000000000000000e+02 -1.294967246735429234e-01 -6.539061719035223208e-02
1.040000000000000000e+02 -1.229865734305265745e-01 -5.773055838892618419e-02
1.050000000000000000e+02 -1.162741331704935516e-01 -5.057832211265698291e-02
1.060000000000000000e+02 -1.094303939927669111e-01 -4.397330461383042177e-02
1.070000000000000000e+02 -1.025239510800849407e-01 -3.793822817242364920e-02
1.080000000000000000e+02 -9.561988624043694929e-02 -3.248067249821112029e-02
1.090000000000000000e+02 -8.877879969543267524e-02 -2.759493121011300301e-02
1.100000000000000000e+02 -8.205606986512629930e-02 -2.326407454773295191e-02
1.110000000000000000e+02 -7.550133591307647829e-02 -1.946210331117249892e-02
1.120000000000000000e+02 -6.915813391388692111e-02 -1.615608864372442346e-02
1.130000000000000000e+02 -6.306363449084033401e-02 -1.330821010105845068e-02
1.140000000000000000e+02 -5.724849707633156148e-02 -1.087762553514043558e-02
1.150000000000000000e+02 -5.173689310324217083e-02 -8.822125316135995959e-03
1.160000000000000000e+02 -4.654671822991850866e-02 -7.099540224277953518e-03
1.170000000000000000e+02 -4.168995036976853169e-02 -5.668888948806342920e-03
1.180000000000000000e+02 -3.717308165758981264e-02 -4.491266898829536676e-03
1.190000000000000000e+02 -3.299758050093937883e-02 -3.530490555098649182e-03
1.200000000000000000e+02 -2.916038705541009954e-02 -2.753520006382103799e-03
1.210000000000000000e+02 -2.565446228132759951e-02 -2.130687685970967561e-03
1.220000000000000000e+02 -2.246938696760131943e-02 -1.635764629333858952e-03
1.230000000000000000e+02 -1.959197460229073970e-02 -1.245896798191558448e-03
1.240000000000000000e+02 -1.700685516351608043e-02 -9.414430433939146876e-04
1.250000000000000000e+02 -1.469700870024372857e-02 -7.057436220608149634e-04
1.260000000000000000e+02 -1.264425317222887986e-02 -5.248446404044606944e-04
1.270000000000000000e+02 -1.082969776270866803e-02 -3.871998779762736778e-04
1.280000000000000000e+02 -9.234161207350728012e-03 -2.833673692811805849e-04
1.290000000000000000e+02 -7.838542050288299992e-03 -2.057140642745982468e-04
1.300000000000000000e+02 -6.624127883907759973e-03 -1.481381116577786417e-04
1.310000000000000000e+02 -5.572841678985073280e-03 -1.058150152551727379e-04
1.320000000000000000e+02 -4.667433682490252159e-03 -7.497117994435241212e-05
1.330000000000000000e+02 -3.891629111886773032e-03 -5.268618017294354403e-05
1.340000000000000000e+02 -3.230236938564279292e-03 -3.672341463570982084e-05
1.350000000000000000e+02 -2.669220562015722515e-03 -2.538761679393749106e-05
1.360000000000000000e+02 -2.195731436117273182e-03 -1.740691597397317942e-05
1.370000000000000000e+02 -1.798110218560968268e-03 -1.183671517417730505e-05
1.380000000000000000e+02 -1.465862697262155416e-03 -7.982491297122578690e-06
1.390000000000000000e+02 -1.189617462636022175e-03 -5.338656802562455309e-06
1.400000000000000000e+02 -9.610701167696578118e-04 -3.540790333036154358e-06
1.410000000000000000e+02 -7.729170009375151747e-04 -2.328795877733958940e-06
1.420000000000000000e+02 -6.187810489628662019e-04 -1.518846978185095884e-06
1.430000000000000000e+02 -4.931328283837676900e-04 -9.822826107251045894e-07
1.440000000000000000e+02 -3.912100027571051622e-04 -6.299226488757867402e-07
1.450000000000000000e+02 -3.089378910908119379e-04 -4.005482226288947846e-07
1.460000000000000000e+02 -2.428528846059545938e-04 -2.525385745454624031e-07
1.470000000000000000e+02 -1.900297576013290353e-04 -1.578681435796793957e-07
1.480000000000000000e+02 -1.480135799131785204e-04 -9.784620102742319727e-08
1.490000000000000000e+02 -1.147568200708626274e-04 -6.012636786885467299e-08
1.500000000000000000e+02 -8.856208078540184301e-05 -3.663079135673869410e-08
1.510000000000000000e+02 -6.803065780465357285e-05 -2.212466896749509572e-08
1.520000000000000000e+02 -5.201684589595337191e-05 -1.324785138275523590e-08
1.530000000000000000e+02 -3.958772977804749383e-05 -7.863967161335802651e-09
1.540000000000000000e+02 -2.998811146658644745e-05 -4.627589822128629951e-09
1.550000000000000000e+02 -2.261019339790557524e-05 -2.699445329779893753e-09
1.560000000000000000e+02 -1.696761279093179637e-05 -1.560948796962353427e-09
1.570000000000000000e+02 -1.267339811479267737e-05 -8.947191914773676297e-10
1.580000000000000000e+02 -9.421406142371881938e-06 -5.083464338827407415e-10
1.590000000000000000e+02 -6.970807680619821591e-06 -2.862897043849047534e-10
