0.000000000000000000e+00 -9.968630580467002842e-07 -6.816384295858434822e-07
1.000000000000000000e+00 -3.018759880053758384e-12 -6.621400070127736637e-12
2.000000000000000000e+00 -5.077083960726275842e-12 -1.092257573216248185e-11
3.000000000000000000e+00 -8.805022036408628020e-12 -1.858800529667315005e-11
4.000000000000000000e+00 -1.518324412275522952e-11 -3.145140012095973155e-11
5.000000000000000000e+00 -2.602056878143894894e-11 -5.286529881783222498e-11
6.000000000000000000e+00 -4.429618684448556076e-11 -8.825758117512857925e-11
7.000000000000000000e+00 -7.486870248536239896e-11 -1.463722164062282896e-10
8.000000000000000000e+00 -1.256357089495068435e-10 -2.412203186348980438e-10
9.000000000000000000e+00 -2.094012517510548968e-10 -3.950648147300633828e-10
1.000000000000000000e+01 -3.467817714970755629e-10 -6.429376271612783107e-10
1.100000000000000000e+01 -5.706075336959278826e-10 -1.039516980370154570e-09
1.200000000000000000e+01 -9.325937617413450377e-10 -1.669674733185931482e-09
1.300000000000000000e+01 -1.513639443731945010e-09 -2.664533370010513072e-09
1.400000000000000000e+01 -2.439813731377914926e-09 -4.225399758413449050e-09
1.500000000000000000e+01 -3.906650784497242550e-09 -6.658740310218177199e-09
1.600000000000000000e+01 -6.214929419132156082e-09 -1.042701127175393767e-08
1.700000000000000000e+01 -9.822546963647853125e-09 -1.622298058723918678e-08
1.800000000000000000e+01 -1.542036401199257569e-08 -2.507860084351085256e-08
1.900000000000000000e+01 -2.404452787030599739e-08 -3.852249115699993918e-08
2.000000000000000000e+01 -3.724163090305080095e-08 -5.880300832876309636e-08
2.100000000000000000e+01 -5.730515045424339859e-08 -8.919966353694211275e-08
2.200000000000000000e+01 -8.760576689567075231e-08 -1.344575221112053263e-07
2.300000000000000000e+01 -1.330511422873363169e-07 -2.013959105701318186e-07
2.400000000000000000e+01 -2.007331931088779991e-07 -2.997574265510572012e-07
2.500000000000000000e+01 -3.008414166940704840e-07 -4.433718628271002076e-07
2.600000000000000000e+01 -4.479275946300570095e-07 -6.517216944904810646e-07
2.700000000000000000e+01 -6.626107716321374259e-07 -9.520300439705520358e-07
2.800000000000000000e+01 -9.738457185698455777e-07 -1.382052327546843030e-06
2.900000000000000000e+01 -1.421958795981240056e-06 -1.993810290189672413e-06
3.000000000000000000e+01 -2.062737661502454325e-06 -2.858526420484664151e-06
3.100000000000000000e+01 -2.972876127336700952e-06 -4.073013458386230207e-06
3.200000000000000000e+01 -4.257036401800418477e-06 -5.767826124963165791e-06
3.300000000000000000e+01 -6.056831979859077159e-06 -8.117641032610880777e-06
3.400000000000000000e+01 -8.562254065423269861e-06 -1.135451049237822798e-05
3.500000000000000000e+01 -1.202632101544538438e-05 -1.578466431799787584e-05
3.600000000000000000e+01 -1.678372806735965123e-05 -2.180938396854207844e-05
3.700000000000000000e+01 -2.327398553787382270e-05 -2.995040191029357224e-05
3.800000000000000000e+01 -3.206941698190232941e-05 -4.088056654112156706e-05
3.900000000000000000e+01 -4.390887350880436524e-05 -5.546099323872785117e-05
4.000000000000000000e+01 -5.973870575525351708e-05 -7.478596972247683410e-05
4.100000000000000000e+01 -8.076237183403591629e-05 -1.002361695035466769e-04
4.200000000000000000e+01 -1.084988030474506166e-04 -1.335399289876097219e-04
4.300000000000000000e+01 -1.448487571064686029e-04 -1.768425889827854747e-04
4.400000000000000000e+01 -1.921694237083096043e-04 -2.327851339792819888e-04
4.500000000000000000e+01 -2.533594543597774340e-04 -3.045937541408551535e-04
4.600000000000000000e+01 -3.319560300076598814e-04 -3.961799168515358033e-04
4.700000000000000000e+01 -4.322414780530881473e-04 -5.122474177466284848e-04
4.800000000000000000e+01 -5.593535892178724735e-04 -6.584022966479235539e-04
4.900000000000000000e+01 -7.193962754090235711e-04 -8.412646473585585647e-04
5.000000000000000000e+01 -9.195531450629981091e-04 -1.068583921393649648e-03
5.100000000000000000e+01 -1.168206307777343951e-03 -1.349355769210902438e-03
5.200000000000000000e+01 -1.475052129973195318e-03 -1.693930172431843502e-03
5.300000000000000000e+01 -1.851195773887258670e-03 -2.114096882396613447e-03
5.400000000000000000e+01 -2.309212131410994222e-03 -2.623141200591557962e-03
5.500000000000000000e+01 -2.863178302940049859e-03 -3.235873300314064636e-03
5.600000000000000000e+01 -3.528687583649662424e-03 -3.968632411928815426e-03
5.700000000000000000e+01 -4.322833113930063184e-03 -4.839250760477414350e-03
5.800000000000000000e+01 -5.264124266020969375e-03 -5.866949821727714294e-03
5.900000000000000000e+01 -6.372308339323283152e-03 -7.072152751494039692e-03
6.000000000000000000e+01 -7.668112448785834381e-03 -8.476223583849735663e-03
6.100000000000000000e+01 -9.172943290068324637e-03 -1.010115345107663945e-02
6.200000000000000000e+01 -1.090854707130719733e-02 -1.196918987119491296e-02
6.300000000000000000e+01 -1.289657676861898777e-02 -1.410237489657443014e-02
6.400000000000000000e+01 -1.515801906683167562e-02 -1.652196622268585491e-02
6.500000000000000000e+01 -1.771251182075117905e-02 -1.924776430188182216e-02
6.600000000000000000e+01 -2.057764353889702039e-02 -2.229740432214555312e-02
6.700000000000000000e+01 -2.376828301362584467e-02 -2.568564764219626734e-02
6.800000000000000000e+01 -2.729588537318938454e-02 -2.942364950432803383e-02
6.900000000000000000e+01 -3.116769928176058024e-02 -3.351816625116068454e-02
7.000000000000000000e+01 -3.538590908449572303e-02 -3.797072699485475045e-02
7.100000000000000000e+01 -3.994685958129243208e-02 -4.277686558127856420e-02
7.200000000000000000e+01 -4.484047685740799594e-02 -4.792549940849976514e-02
7.300000000000000000e+01 -5.004984600903285286e-02 -5.339845633487579762e-02
7.400000000000000000e+01 -5.555083020732715093e-02 -5.917009360579487259e-02
7.500000000000000000e+01 -6.131172525307124893e-02 -6.520700070089996414e-02
7.600000000000000000e+01 -6.729310633795615448e-02 -7.146787665407490497e-02
7.700000000000000000e+01 -7.344802292227960161e-02 -7.790369442044332848e-02
7.800000000000000000e+01 -7.972251898864861352e-02 -8.445817035186392596e-02
7.900000000000000000e+01 -8.605631684700150441e-02 -9.106845147818989905e-02
8.000000000000000000e+01 -9.238357451945077015e-02 -9.766594122855343230e-02
8.100000000000000000e+01 -9.863380972303251171e-02 -1.041772901090929626e-01
8.200000000000000000e+01 -1.047331340767714419e-01 -1.105256409304667953e-01
8.300000000000000000e+01 -1.106057867772243103e-01 -1.166321472420011884e-01
8.400000000000000000e+01 -1.161757858489618211e-01 -1.224176539490725302e-01
8.500000000000000000e+01 -1.213685301603234096e-01 -1.278043912343260202e-01
8.600000000000000000e+01 -1.261123498594200476e-01 -1.327176256728749004e-01
8.700000000000000000e+01 -1.303401007975802661e-01 -1.370873146055830716e-01
8.800000000000000000e+01 -1.339908140182823615e-01 -1.408497912688564946e-01
8.900000000000000000e+01 -1.370112612303024946e-01 -1.439493909453219145e-01
9.000000000000000000e+01 -1.393572666171480900e-01 -1.463398579507196318e-01
9.100000000000000000e+01 -1.409947095337631129e-01 -1.479854380860727847e-01
9.200000000000000000e+01 -1.419002773760897063e-01 -1.488616856477502359e-01
9.300000000000000000e+01 -1.420620209641495491e-01 -1.489560542462092796e-01
9.400000000000000000e+01 -1.414796725213709472e-01 -1.482682606416642346e-01
9.500000000000000000e+01 -1.401646357349590477e-01 -1.468103226682875850e-01
9.600000000000000000e+01 -1.381396078179051023e-01 -1.446061954287585216e-01
9.700000000000000000e+01 -1.354378839067812146e-01 -1.416910460169321651e-01
9.800000000000000000e+01 -1.321024322788793004e-01 -1.381102865788595147e-01
9.900000000000000000e+01 -1.281847947649814856e-01 -1.339184472230660894e-01
1.000000000000000000e+02 -1.237438174851961253e-01 -1.291778759231584084e-01
1.010000000000000000e+02 -1.188442119725784674e-01 -1.239572260700738671e-01
1.020000000000000000e+02 -1.135549877006997721e-01 -1.183297683758728625e-01
1.030000000000000000e+02 -1.079478381866466052e-01 -1.123716510404341590e-01
1.040000000000000000e+02 -1.020955640691965094e-01 -1.061602289710006503e-01
1.050000000000000000e+02 -9.607058119066509694e-02 -9.977249873931984259e-02
1.060000000000000000e+02 -8.994352713315285908e-02 -9.328361235679311081e-02
1.070000000000000000e+02 -8.378197657788452601e-02 -8.676546706311515089e-02
1.080000000000000000e+02 -7.764929825019260823e-02 -8.028543739297815118e-02
1.090000000000000000e+02 -7.160370091492071487e-02 -7.390533756034131652e-02
1.100000000000000000e+02 -6.569750006361850525e-02 -6.768064782062713225e-02
1.110000000000000000e+02 -5.997660242788856177e-02 -6.165996958842084180e-02
1.120000000000000000e+02 -5.448018361816422267e-02 -5.588466151764904383e-02
1.130000000000000000e+02 -4.924053984383635479e-02 -5.038865027319479328e-02
1.140000000000000000e+02 -4.428311129759103515e-02 -4.519844282332325519e-02
1.150000000000000000e+02 -3.962667653909679455e-02 -4.033334915872170690e-02
1.160000000000000000e+02 -3.528369932173345408e-02 -3.580587813036736899e-02
1.170000000000000000e+02 -3.126079089345246836e-02 -3.162224645509459364e-02
1.180000000000000000e+02 -2.755924999275445944e-02 -2.778295966710600876e-02
1.190000000000000000e+02 -2.417565636908075577e-02 -2.428345401931307490e-02
1.200000000000000000e+02 -2.110250418631047509e-02 -2.111479479868653281e-02
1.210000000000000000e+02 -1.832885929225446658e-02 -1.826440842488451580e-02
1.220000000000000000e+02 -1.584101623504236347e-02 -1.571681003631250628e-02
1.230000000000000000e+02 -1.362312967886864477e-02 -1.345429392245155696e-02
1.240000000000000000e+02 -1.165780327221119933e-02 -1.145757313729564922e-02
1.250000000000000000e+02 -9.926628956707570645e-03 -9.706367036502292975e-03
1.260000000000000000e+02 -8.410673467293020705e-03 -8.179933702761597522e-03
1.270000000000000000e+02 -7.090907176751706613e-03 -6.857537611855457280e-03
1.280000000000000000e+02 -5.948569622312660510e-03 -5.718843035911413963e-03
1.290000000000000000e+02 -4.965469362078277216e-03 -4.744231444489653213e-03
1.300000000000000000e+02 -4.124220931156236808e-03 -3.915048867072091175e-03
1.310000000000000000e+02 -3.408424676170440128e-03 -3.213791165988062401e-03
1.320000000000000000e+02 -2.802795214649958684e-03 -2.624233006879402117e-03
1.330000000000000000e+02 -2.293243318933064351e-03 -2.131504832273402317e-03
1.340000000000000000e+02 -1.866916177672825819e-03 -1.722123400199687508e-03
1.350000000000000000e+02 -1.512202128861979064e-03 -1.383983634457401635e-03
1.360000000000000000e+02 -1.218706719652574034e-03 -1.106320227135681187e-03
1.370000000000000000e+02 -9.772065863895801167e-04 -8.796463442513044245e-04
1.380000000000000000e+02 -7.795866286295446588e-04 -6.956752890995202389e-04
1.390000000000000000e+02 -6.187650835493044808e-04 -5.472301533747115894e-04
1.400000000000000000e+02 -4.886106543040447548e-04 -4.281462059250642355e-04
1.410000000000000000e+02 -3.838555046943832399e-04 -3.331703650292167432e-04
1.420000000000000000e+02 -3.000073900263754839e-04 -2.578612979041395247e-04
1.430000000000000000e+02 -2.332634652333106899e-04 -1.984927491995816962e-04
1.440000000000000000e+02 -1.804276127446382714e-04 -1.519619371344907129e-04
1.450000000000000000e+02 -1.388326045130400233e-04 -1.157043290780412269e-04
1.460000000000000000e+02 -1.062680287475666166e-04 -8.761568170061209107e-05
1.470000000000000000e+02 -8.091457788499787523e-05 -6.598181608913942597e-05
1.480000000000000000e+02 -6.128497360270566312e-05 -4.941622063432063726e-05
1.490000000000000000e+02 -4.617152088423373107e-05 -3.680529040512770422e-05
1.500000000000000000e+02 -3.460007176030098996e-05 -2.726082535289219125e-05
1.510000000000000000e+02 -2.579004282689800200e-05 -2.007928540888057945e-05
1.520000000000000000e+02 -1.912004562292974360e-05 -1.470721207952920910e-05
1.530000000000000000e+02 -1.409863532044584872e-05 -1.071217403378769812e-05
1.540000000000000000e+02 -1.033965228108244456e-05 -7.758583862467202875e-06
1.550000000000000000e+02 -7.541623063734213502e-06 -5.587755769317578123e-06
1.560000000000000000e+02 -5.470701695822689954e-06 -4.001612387811633832e-06
1.570000000000000000e+02 -3.946661535223865475e-06 -2.849493055596701993e-06
1.580000000000000000e+02 -2.831488112279087177e-06 -2.017563970167476542e-06
1.590000000000000000e+02 -2.020165984839191970e-06 -1.420385980177621913e-06
