0.000000000000000000e+00 -3.672369563143997723e-05 -2.840422313407003961e-05
1.000000000000000000e+00 -2.414453077246724514e-08 -3.902265689552668928e-05
2.000000000000000000e+00 -3.057858671902451649e-08 -3.618010667906998570e-05
3.000000000000000000e+00 -4.243700854545595941e-08 -4.246178212705571257e-05
4.000000000000000000e+00 -5.877639211192305144e-08 -5.105713235825861285e-05
5.000000000000000000e+00 -8.111019581409921669e-08 -6.145152899529485267e-05
6.000000000000000000e+00 -1.115200327011861481e-07 -7.382656336823992444e-05
7.000000000000000000e+00 -1.527736566761132773e-07 -8.849822612214155158e-05
8.000000000000000000e+00 -2.085322741924494247e-07 -1.058449904065137168e-04
9.000000000000000000e+00 -2.836160933148935606e-07 -1.263007760568423581e-04
1.000000000000000000e+01 -3.843418850115939433e-07 -1.503590177730833538e-04
1.100000000000000000e+01 -5.189522610710175395e-07 -1.785800535667194885e-04
1.200000000000000000e+01 -6.981606037066574226e-07 -2.116004439804819296e-04
1.300000000000000000e+01 -9.358388447505119379e-07 -2.501432657175192025e-04
1.400000000000000000e+01 -1.249878317159788850e-06 -2.950279813743894738e-04
1.500000000000000000e+01 -1.663258430067865764e-06 -3.471783732662541300e-04
1.600000000000000000e+01 -2.205365450276749294e-06 -4.076277006509684288e-04
1.700000000000000000e+01 -2.913613916954278773e-06 -4.775217048062777503e-04
1.800000000000000000e+01 -3.835433825495900454e-06 -5.581218320281729943e-04
1.900000000000000000e+01 -5.030695139768115958e-06 -6.508121038353252823e-04
2.000000000000000000e+01 -6.574647516711949519e-06 -7.571124241350090127e-04
2.100000000000000000e+01 -8.561461101428039132e-06 -8.786983863422156201e-04
2.200000000000000000e+01 -1.110846829538671067e-05 -1.017423603510825237e-03
2.300000000000000000e+01 -1.436122595701769776e-05 -1.175337133815859475e-03
2.400000000000000000e+01 -1.849953401316832758e-05 -1.354688014692138507e-03
2.500000000000000000e+01 -2.374454828599356030e-05 -1.557912784333668381e-03
2.600000000000000000e+01 -3.036710952347137647e-05 -1.787609724487572698e-03
2.700000000000000000e+01 -3.869739213144474587e-05 -2.046512333973787758e-03
2.800000000000000000e+01 -4.913598227369582287e-05 -2.337479173203827094e-03
2.900000000000000000e+01 -6.216654232788163263e-05 -2.663513055665748218e-03
3.000000000000000000e+01 -7.837028683272128119e-05 -3.027808691328712481e-03
3.100000000000000000e+01 -9.844252466678606788e-05 -3.433809174524125526e-03
3.200000000000000000e+01 -1.232114520157380684e-04 -3.885237668769384208e-03
3.300000000000000000e+01 -1.536592062287427422e-04 -4.386071242836643222e-03
3.400000000000000000e+01 -1.909449958997397573e-04 -4.940443998837264726e-03
3.500000000000000000e+01 -2.364300418112826919e-04 -5.552501716012557022e-03
3.600000000000000000e+01 -2.917041804981438270e-04 -6.226264687136330057e-03
3.700000000000000000e+01 -3.586142346803958226e-04 -6.965567915278966099e-03
3.800000000000000000e+01 -4.392944332178439892e-04 -7.774122819423256309e-03
3.900000000000000000e+01 -5.361990376383970721e-04 -8.655684813524269078e-03
4.000000000000000000e+01 -6.521368309864810069e-04 -9.614241692278370846e-03
4.100000000000000000e+01 -7.903064246232382149e-04 -1.065409681155280765e-02
4.200000000000000000e+01 -9.543307827926616159e-04 -1.177974093194345505e-02
4.300000000000000000e+01 -1.148289259348292662e-03 -1.299549440270950443e-02
4.400000000000000000e+01 -1.376745873705552316e-03 -1.430502723765042505e-02
4.500000000000000000e+01 -1.644773343138819640e-03 -1.571096598722955887e-02
4.600000000000000000e+01 -1.957973157587085747e-03 -1.721480439724468528e-02
4.700000000000000000e+01 -2.322492247471325769e-03 -1.881721708116076627e-02
4.800000000000000000e+01 -2.745036052020324423e-03 -2.051866788170330844e-02
4.900000000000000000e+01 -3.232875759361148252e-03 -2.232000678100273111e-02
5.000000000000000000e+01 -3.793844600751015983e-03 -2.422267794865079482e-02
5.100000000000000000e+01 -4.436315960082119411e-03 -2.622828832132241203e-02
5.200000000000000000e+01 -5.169157116379552441e-03 -2.833758872444977830e-02
5.300000000000000000e+01 -6.001658151370574054e-03 -3.054926981193915869e-02
5.400000000000000000e+01 -6.943444158231271840e-03 -3.285918077126118164e-02
5.500000000000000000e+01 -8.004384538629578244e-03 -3.526048106090701184e-02
5.600000000000000000e+01 -9.194508790987404590e-03 -3.774482001777693108e-02
5.700000000000000000e+01 -1.052392172294559433e-02 -4.030408087264700928e-02
5.800000000000000000e+01 -1.200269083162621570e-02 -4.293181795113321098e-02
5.900000000000000000e+01 -1.364067163722831183e-02 -4.562351796027139944e-02
6.000000000000000000e+01 -1.544725705699112953e-02 -4.837530591761929344e-02
6.100000000000000000e+01 -1.743108053726837026e-02 -5.118151759888529828e-02
6.200000000000000000e+01 -1.959974203830348524e-02 -5.403228493848128561e-02
6.300000000000000000e+01 -2.195962391000298025e-02 -5.691249581348641062e-02
6.400000000000000000e+01 -2.451580368167646795e-02 -5.980296824233492792e-02
6.500000000000000000e+01 -2.727198191635396562e-02 -6.268358993950373659e-02
6.600000000000000000e+01 -3.023029332864345456e-02 -6.553705040540801219e-02
6.700000000000000000e+01 -3.339091874794017367e-02 -6.835126225976040359e-02
6.800000000000000000e+01 -3.675155950627835566e-02 -7.111900823014061235e-02
6.900000000000000000e+01 -4.030698380253070617e-02 -7.383465892333218594e-02
7.000000000000000000e+01 -4.404887920445067773e-02 -7.648939771584969960e-02
7.100000000000000000e+01 -4.796608320710810808e-02 -7.906742178232839535e-02
7.200000000000000000e+01 -5.204499356563252466e-02 -8.154539069138851126e-02
7.300000000000000000e+01 -5.626978014943491424e-02 -8.389589876013364700e-02
7.400000000000000000e+01 -6.062211092915309463e-02 -8.609363761330078579e-02
7.500000000000000000e+01 -6.508046686515815693e-02 -8.812130687540947749e-02
7.600000000000000000e+01 -6.961952219346370652e-02 -8.997215805807654010e-02
7.700000000000000000e+01 -7.421017920180913996e-02 -9.164754776044869988e-02
7.800000000000000000e+01 -7.882050086724748383e-02 -9.315039388239781948e-02
7.900000000000000000e+01 -8.341715702699961654e-02 -9.447772223222977717e-02
8.000000000000000000e+01 -8.796654566268209685e-02 -9.561627963941009278e-02
8.100000000000000000e+01 -9.243488311791879519e-02 -9.654387328896912868e-02
8.200000000000000000e+01 -9.678728865070916620e-02 -9.723620933324865490e-02
8.300000000000000000e+01 -1.009867387905543229e-01 -9.767602997786578589e-02
8.400000000000000000e+01 -1.049940625550105922e-01 -9.785991258136664261e-02
8.500000000000000000e+01 -1.087695471708588907e-01 -9.779904870327559008e-02
8.600000000000000000e+01 -1.122755583519369632e-01 -9.751327830611317138e-02
8.700000000000000000e+01 -1.154786987314931346e-01 -9.702116512524280867e-02
8.800000000000000000e+01 -1.183501829582492421e-01 -9.633113365270247475e-02
8.900000000000000000e+01 -1.208643214457650050e-01 -9.543835902910152713e-02
9.000000000000000000e+01 -1.229964516181003553e-01 -9.432923295399071872e-02
9.100000000000000000e+01 -1.247222162002022683e-01 -9.299127234137248565e-02
9.200000000000000000e+01 -1.260192151813665784e-01 -9.142341316620394842e-02
9.300000000000000000e+01 -1.268702853371210804e-01 -8.964132472787408878e-02
9.400000000000000000e+01 -1.272662930268660397e-01 -8.767487189671803460e-02
9.500000000000000000e+01 -1.272064704184772410e-01 -8.555887178476812016e-02
9.600000000000000000e+01 -1.266959955320961229e-01 -8.332177626672099269e-02
9.700000000000000000e+01 -1.257425317913061225e-01 -8.097803220112047284e-02
9.800000000000000000e+01 -1.243542692423097451e-01 -7.852798132507986251e-02
9.900000000000000000e+01 -1.225409409306731784e-01 -7.596522631556404392e-02
1.000000000000000000e+02 -1.203170495560897807e-01 -7.328751723188417500e-02
1.010000000000000000e+02 -1.177047962786914870e-01 -7.050546667882411078e-02
1.020000000000000000e+02 -1.147343033660864764e-01 -6.764464188288980828e-02
1.030000000000000000e+02 -1.114406413775232418e-01 -6.474006847560796751e-02
1.040000000000000000e+02 -1.078594963419776398e-01 -6.182606603503841558e-02
1.050000000000000000e+02 -1.040242964353863819e-01 -5.892663349789752092e-02
1.060000000000000000e+02 -9.996651320062159563e-02 -5.605116537647451824e-02
1.070000000000000000e+02 -9.571848922674364157e-02 -5.319738689200441406e-02
1.080000000000000000e+02 -9.131629769967238019e-02 -5.035963387435308386e-02
1.090000000000000000e+02 -8.680017435133777215e-02 -4.753798817536727950e-02
1.100000000000000000e+02 -8.221190954026716402e-02 -4.474361333615690939e-02
1.110000000000000000e+02 -7.759083015718273857e-02 -4.199783803682834160e-02
1.120000000000000000e+02 -7.297097370730597221e-02 -3.932582165671721919e-02
1.130000000000000000e+02 -6.838109992744165200e-02 -3.674829020349876241e-02
1.140000000000000000e+02 -6.384709223622955787e-02 -3.427556832902074746e-02
1.150000000000000000e+02 -5.939465987622973009e-02 -3.190669355190380724e-02
1.160000000000000000e+02 -5.505022347432378393e-02 -2.963364494859481793e-02
1.170000000000000000e+02 -5.083935860922418615e-02 -2.744816015214829666e-02
1.180000000000000000e+02 -4.678399277472734125e-02 -2.534755802339252323e-02
1.190000000000000000e+02 -4.290036586709626565e-02 -2.333682690938970739e-02
1.200000000000000000e+02 -3.919907754790506044e-02 -2.142635322286215796e-02
1.210000000000000000e+02 -3.568698719871832986e-02 -1.962686613966433194e-02
1.220000000000000000e+02 -3.236949821390380094e-02 -1.794437670292961182e-02
1.230000000000000000e+02 -2.925168692522964187e-02 -1.637760539423280953e-02
1.240000000000000000e+02 -2.633774564812620123e-02 -1.491890243443249990e-02
1.250000000000000000e+02 -2.362946054240785271e-02 -1.355783339768160643e-02
1.260000000000000000e+02 -2.112503134558619058e-02 -1.228539436102425199e-02
1.270000000000000000e+02 -1.881913902267920088e-02 -1.109677421880106776e-02
1.280000000000000000e+02 -1.670419305040797900e-02 -9.991564230894870585e-03
1.290000000000000000e+02 -1.477190037335699563e-02 -8.971693743134855070e-03
1.300000000000000000e+02 -1.301421183234456602e-02 -8.038421641198566919e-03
1.310000000000000000e+02 -1.142327016460837133e-02 -7.189980154096415645e-03
1.320000000000000000e+02 -9.990712276824569027e-03 -6.420928773854634244e-03
1.330000000000000000e+02 -8.707043306335288113e-03 -5.723297401740976009e-03
1.340000000000000000e+02 -7.561615113113240826e-03 -5.088720352871130455e-03
1.350000000000000000e+02 -6.543230207036758103e-03 -4.510409565439687206e-03
1.360000000000000000e+02 -5.640959926125028306e-03 -3.984079652645588360e-03
1.370000000000000000e+02 -4.844689966856942712e-03 -3.507583220611906229e-03
1.380000000000000000e+02 -4.145169488891738488e-03 -3.079662079224139773e-03
1.390000000000000000e+02 -3.533698876229647047e-03 -2.698562849326031216e-03
1.400000000000000000e+02 -3.001787297035965821e-03 -2.361197569412686048e-03
1.410000000000000000e+02 -2.541048407308089344e-03 -2.063152146630494593e-03
1.420000000000000000e+02 -2.143378039965221707e-03 -1.799388577874979495e-03
1.430000000000000000e+02 -1.801255311184039561e-03 -1.565185589538319391e-03
1.440000000000000000e+02 -1.507956567054793279e-03 -1.356836432246705812e-03
1.450000000000000000e+02 -1.257569539099147966e-03 -1.171831170111587491e-03
1.460000000000000000e+02 -1.044843765633978469e-03 -1.008544684643714658e-03
1.470000000000000000e+02 -8.650038353124202923e-04 -8.656740627906184954e-04
1.480000000000000000e+02 -7.136398598555093471e-04 -7.417330134584121815e-04
1.490000000000000000e+02 -5.867081916495773056e-04 -6.348203908523048639e-04
1.500000000000000000e+02 -4.805947275847545844e-04 -5.427073764170171509e-04
1.510000000000000000e+02 -3.921646877948200345e-04 -4.631301973476181387e-04
1.520000000000000000e+02 -3.187508038351869128e-04 -3.941045597867111729e-04
1.530000000000000000e+02 -2.580831879064402878e-04 -3.341096036632614365e-04
1.540000000000000000e+02 -2.081997142201145860e-04 -2.820844427976516725e-04
1.550000000000000000e+02 -1.673773513186632548e-04 -2.372789054904667061e-04
1.560000000000000000e+02 -1.341010765772045882e-04 -1.990558483641871796e-04
1.570000000000000000e+02 -1.070599871608515492e-04 -1.667409564228837006e-04
1.580000000000000000e+02 -8.514778827051997390e-05 -1.395716818675169402e-04
1.590000000000000000e+02 -6.745034836029395302e-05 -1.167397567635820242e-04
