0.000000000000000000e+00 -5.231235177822762043e-09 -5.227585739522226493e-07
1.000000000000000000e+00 -4.952622743844621024e-12 -3.743195434380391228e-11
2.000000000000000000e+00 -8.441443115980274585e-12 -5.912099936295750828e-11
3.000000000000000000e+00 -1.444570247156705581e-11 -9.498545306621475331e-11
4.000000000000000000e+00 -2.456335511688050585e-11 -1.518038475301084015e-10
5.000000000000000000e+00 -4.150124094417480623e-11 -2.413024242211619749e-10
6.000000000000000000e+00 -6.967307785927301273e-11 -3.814993161990455761e-10
7.000000000000000000e+00 -1.162263331903948937e-10 -5.999042446622135127e-10
8.000000000000000000e+00 -1.926560829979481050e-10 -9.382775768667510585e-10
9.000000000000000000e+00 -3.173229869636418915e-10 -1.459645946286161059e-09
1.000000000000000000e+01 -5.193541377859587635e-10 -2.258575912080768333e-09
1.100000000000000000e+01 -8.446425282497284144e-10 -3.476124565574496947e-09
1.200000000000000000e+01 -1.365005197672396210e-09 -5.321466337969039221e-09
1.300000000000000000e+01 -2.192057356434202433e-09 -8.102989507164930726e-09
1.400000000000000000e+01 -3.498074169955639404e-09 -1.227272632409008410e-08
1.500000000000000000e+01 -5.547129837015184276e-09 -1.848941234382515554e-08
1.600000000000000000e+01 -8.741236601286234058e-09 -2.770738533913244235e-08
1.700000000000000000e+01 -1.368819771090985553e-08 -4.130109503147681061e-08
1.800000000000000000e+01 -2.130062826487495874e-08 -6.123839234534056175e-08
1.900000000000000000e+01 -3.293934321343676643e-08 -9.032019996204235095e-08
2.000000000000000000e+01 -5.061939774073662773e-08 -1.325098465733228635e-07
2.100000000000000000e+01 -7.730390017864210379e-08 -1.933825463013873982e-07
2.200000000000000000e+01 -1.173197732885567204e-07 -2.807346106875588186e-07
2.300000000000000000e+01 -1.769414676105109041e-07 -4.054035024808554311e-07
2.400000000000000000e+01 -2.652039132676250615e-07 -5.823643133041671589e-07
2.500000000000000000e+01 -3.950255898807211394e-07 -8.321860986922294402e-07
2.600000000000000000e+01 -5.847474846099838655e-07 -1.182953020394584989e-06
2.700000000000000000e+01 -8.602248762321381294e-07 -1.672780721693219966e-06
2.800000000000000000e+01 -1.257647180551826801e-06 -2.353088315406077374e-06
2.900000000000000000e+01 -1.827307274986349307e-06 -3.292821550323641633e-06
3.000000000000000000e+01 -2.638596601892409648e-06 -4.583863770633794874e-06
3.100000000000000000e+01 -3.786566805942781613e-06 -6.347918152624398405e-06
3.200000000000000000e+01 -5.400473183659881894e-06 -8.745196385094050780e-06
3.300000000000000000e+01 -7.654799140730399705e-06 -1.198530373809643306e-05
3.400000000000000000e+01 -1.078335181783021424e-05 -1.634076655362555713e-05
3.500000000000000000e+01 -1.509711343106625488e-05 -2.216370422427434481e-05
3.600000000000000000e+01 -2.100662683665538847e-05 -2.990620259816368357e-05
3.700000000000000000e+01 -2.904978356985685609e-05 -4.014499756957527190e-05
3.800000000000000000e+01 -3.992596219415358498e-05 -5.361112176389414593e-05
3.900000000000000000e+01 -5.453752224925989317e-05 -7.122519428322886498e-05
4.000000000000000000e+01 -7.403967509376886496e-05 -9.413902940527879082e-05
4.100000000000000000e+01 -9.989970696684289612e-05 -1.237841916802697123e-04
4.200000000000000000e+01 -1.339664105938675380e-04 -1.619280292292273678e-04
4.300000000000000000e+01 -1.785503893838601738e-04 -2.107375859085754664e-04
4.400000000000000000e+01 -2.365156232638103212e-04 -2.728516377007841670e-04
4.500000000000000000e+01 -3.113822826202487315e-04 -3.514608981292882250e-04
4.600000000000000000e+01 -4.074401782039634287e-04 -4.503961219156132813e-04
4.700000000000000000e+01 -5.298714190113866865e-04 -5.742233311223255299e-04
4.800000000000000000e+01 -6.848799056763420819e-04 -7.283447133360607031e-04
4.900000000000000000e+01 -8.798243446510791311e-04 -9.191030641291350525e-04
5.000000000000000000e+01 -1.123350504158400313e-03 -1.153887161642113898e-03
5.100000000000000000e+01 -1.425517184862134124e-03 -1.441235127725898129e-03
5.200000000000000000e+01 -1.797908648081209980e-03 -1.790932236819302737e-03
5.300000000000000000e+01 -2.253724388484230380e-03 -2.214098328379050361e-03
5.400000000000000000e+01 -2.807836023673888556e-03 -2.723258147005654280e-03
5.500000000000000000e+01 -3.476801103686180151e-03 -3.332386687056618745e-03
5.600000000000000000e+01 -4.278823816730970356e-03 -4.056922128761743587e-03
5.700000000000000000e+01 -5.233651286893469673e-03 -4.913740840685138465e-03
5.800000000000000000e+01 -6.362391776698134854e-03 -5.921089737809835836e-03
5.900000000000000000e+01 -7.687241034840461285e-03 -7.098468678352651967e-03
6.000000000000000000e+01 -9.231108332895456015e-03 -8.466450897566549227e-03
6.100000000000000000e+01 -1.101714178288186810e-02 -1.004642842162672446e-02
6.200000000000000000e+01 -1.306815560259082069e-02 -1.186027681596970099e-02
6.300000000000000000e+01 -1.540595699955627125e-02 -1.392994602696600442e-02
6.400000000000000000e+01 -1.805056709034704235e-02 -1.627698945907822894e-02
6.500000000000000000e+01 -2.101934321834887653e-02 -1.892203308901848832e-02
6.600000000000000000e+01 -2.432603686867894008e-02 -2.188416921156712339e-02
6.700000000000000000e+01 -2.797983643677105087e-02 -2.518025938046163092e-02
6.800000000000000000e+01 -3.198442655654596539e-02 -2.882416226193343367e-02
6.900000000000000000e+01 -3.633706571494598608e-02 -3.282594337551811292e-02
7.000000000000000000e+01 -4.102769144811489743e-02 -3.719112941870179878e-02
7.100000000000000000e+01 -4.603812158885540323e-02 -4.192001991639050795e-02
7.200000000000000000e+01 -5.134146777314996940e-02 -4.700700848689018385e-02
7.300000000000000000e+01 -5.690183607313553660e-02 -5.243987489192871582e-02
7.400000000000000000e+01 -6.267428237783481682e-02 -5.819910931467470183e-02
7.500000000000000000e+01 -6.860494901784094934e-02 -6.425743073046683018e-02
7.600000000000000000e+01 -7.463141521176951121e-02 -7.057963059470169498e-02
7.700000000000000000e+01 -8.068343088656468320e-02 -7.712269813943803398e-02
7.800000000000000000e+01 -8.668415996311187866e-02 -8.383603327356108081e-02
7.900000000000000000e+01 -9.255181748914825812e-02 -9.066162562633861555e-02
8.000000000000000000e+01 -9.820141742519351846e-02 -9.753435246637479072e-02
8.100000000000000000e+01 -1.035465047467458710e-01 -1.043827339858009323e-01
8.200000000000000000e+01 -1.085010734040413038e-01 -1.111303078343831574e-01
8.300000000000000000e+01 -1.129819204281626022e-01 -1.176973462391524700e-01
8.400000000000000000e+01 -1.169112918398130391e-01 -1.240024007220985047e-01
8.500000000000000000e+01 -1.202192804431406054e-01 -1.299634638261279451e-01
8.600000000000000000e+01 -1.228455976093039970e-01 -1.354991404635196572e-01
8.700000000000000000e+01 -1.247409525984050083e-01 -1.405304444166573796e-01
8.800000000000000000e+01 -1.258685657852554041e-01 -1.449833046727075081e-01
8.900000000000000000e+01 -1.262058516910804229e-01 -1.487910527820915929e-01
9.000000000000000000e+01 -1.257455929801755967e-01 -1.518959902349312774e-01
9.100000000000000000e+01 -1.244959616644218531e-01 -1.542499394479407426e-01
9.200000000000000000e+01 -1.224796160319896188e-01 -1.558146815817310626e-01
9.300000000000000000e+01 -1.197327567253995140e-01 -1.565632230628120625e-01
9.400000000000000000e+01 -1.163045736059877544e-01 -1.564817154194450000e-01
9.500000000000000000e+01 -1.122564749804690204e-01 -1.555707366673157455e-01
9.600000000000000000e+01 -1.076602266173681544e-01 -1.538448512448107874e-01
9.700000000000000000e+01 -1.025950732136632071e-01 -1.513308349526760466e-01
9.800000000000000000e+01 -9.714491507542735715e-02 -1.480661299784322704e-01
9.900000000000000000e+01 -9.139636982049749447e-02 -1.440986045071041277e-01
1.000000000000000000e+02 -8.543733915891607578e-02 -1.394869596102426279e-01
1.010000000000000000e+02 -7.935506613439373413e-02 -1.343000494965214120e-01
1.020000000000000000e+02 -7.323342407985437841e-02 -1.286142389660498986e-01
1.030000000000000000e+02 -6.715034734512546899e-02 -1.225098588840279334e-01
1.040000000000000000e+02 -6.117639611964624524e-02 -1.160687108072838425e-01
1.050000000000000000e+02 -5.537435429194944442e-02 -1.093733888564315804e-01
1.060000000000000000e+02 -4.979888311905267262e-02 -1.025072030854156380e-01
1.070000000000000000e+02 -4.449564735828315243e-02 -9.555288854883614569e-02
1.080000000000000000e+02 -3.950040756260778108e-02 -8.858972276568022330e-02
1.090000000000000000e+02 -3.483894910100931996e-02 -8.169054727867440524e-02
1.100000000000000000e+02 -3.052798834698865205e-02 -7.492044062721217590e-02
1.110000000000000000e+02 -2.657633746460010687e-02 -6.833719162715372331e-02
1.120000000000000000e+02 -2.298565023573921617e-02 -6.199206269570988609e-02
1.130000000000000000e+02 -1.975084498354271606e-02 -5.592938073355632755e-02
1.140000000000000000e+02 -1.686079708257076995e-02 -5.018507770605165619e-02
1.150000000000000000e+02 -1.429957766644622194e-02 -4.478562549438127455e-02
1.160000000000000000e+02 -1.204788485426504588e-02 -3.974849348084479039e-02
1.170000000000000000e+02 -1.008414976751737316e-02 -3.508378107876503754e-02
1.180000000000000000e+02 -8.385210155077848712e-03 -3.079569124738856800e-02
1.190000000000000000e+02 -6.926864106781614391e-03 -2.688297489718473668e-02
1.200000000000000000e+02 -5.684581859063429082e-03 -2.333873252257340908e-02
1.210000000000000000e+02 -4.634307239508900396e-03 -2.015061949052277673e-02
1.220000000000000000e+02 -3.753079357497225276e-03 -1.730198124842609320e-02
1.230000000000000000e+02 -3.019341594931047174e-03 -1.477345095437360839e-02
1.240000000000000000e+02 -2.413054846287245123e-03 -1.254415137176270387e-02
1.250000000000000000e+02 -1.915802264859863078e-03 -1.059214620090292124e-02
1.260000000000000000e+02 -1.510937690898286889e-03 -8.894528230137952601e-03
1.270000000000000000e+02 -1.183689108281802934e-03 -7.427740571153317733e-03
1.280000000000000000e+02 -9.211324254665483480e-04 -6.168307208460867969e-03
1.290000000000000000e+02 -7.120546275300298350e-04 -5.093642226039562723e-03
1.300000000000000000e+02 -5.467918052912023501e-04 -4.182526189880468766e-03
1.310000000000000000e+02 -4.170983653869441950e-04 -3.415169503071527161e-03
1.320000000000000000e+02 -3.160365588076428532e-04 -2.773116576437572971e-03
1.330000000000000000e+02 -2.378489659840671267e-04 -2.239264858585577993e-03
1.340000000000000000e+02 -1.778030300059425871e-04 -1.798038531707909105e-03
1.350000000000000000e+02 -1.320308350938926320e-04 -1.435553537722143074e-03
1.360000000000000000e+02 -9.739105843239180863e-05 -1.139620594411032157e-03
1.370000000000000000e+02 -7.135868569713626824e-05 -8.995893066665854726e-04
1.380000000000000000e+02 -5.193035698427933523e-05 -7.061539924060481269e-04
1.390000000000000000e+02 -3.753442494238001391e-05 -5.512228991501829951e-04
1.400000000000000000e+02 -2.694633441642325320e-05 -4.278532658423264082e-04
1.410000000000000000e+02 -1.921626582534859403e-05 -3.301883700639093974e-04
1.420000000000000000e+02 -1.361252328677264195e-05 -2.533483430326789504e-04
1.430000000000000000e+02 -9.577698744251590283e-06 -1.932837361433086768e-04
1.440000000000000000e+02 -6.692451061292291708e-06 -1.466344414186220111e-04
1.450000000000000000e+02 -4.644216547989997213e-06 -1.106236013309890595e-04
1.460000000000000000e+02 -3.201118602335958755e-06 -8.298281138034333763e-05
1.470000000000000000e+02 -2.191823350824525294e-06 -6.188689394200883346e-05
1.480000000000000000e+02 -1.490741907710742013e-06 -4.588391984533317055e-05
1.490000000000000000e+02 -1.006945007049817125e-06 -3.382330513235960338e-05
1.500000000000000000e+02 -6.753845607328711447e-07 -2.479309639103812409e-05
1.510000000000000000e+02 -4.498564529995340562e-07 -1.807282789448559781e-05
1.520000000000000000e+02 -2.976337833430843000e-07 -1.309931060288396127e-05
1.530000000000000000e+02 -1.956313790973331763e-07 -9.438672092874750332e-06
1.540000000000000000e+02 -1.277244935830101581e-07 -6.760441689638099172e-06
1.550000000000000000e+02 -8.280240416531789422e-08 -4.813871747367456323e-06
1.560000000000000000e+02 -5.329370852973590095e-08 -3.408556701676686384e-06
1.570000000000000000e+02 -3.406223518565059326e-08 -2.400229538282742680e-06
1.580000000000000000e+02 -2.162796569021264430e-08 -1.680654170472437540e-06
1.590000000000000000e+02 -1.364464603012735099e-08 -1.169814179901857667e-06
