0.000000000000000000e+00 -1.374316800668923936e-05 -3.514364584837082888e-05
1.000000000000000000e+00 -1.389278500053044944e-10 -6.538673271375385725e-08
2.000000000000000000e+00 -2.035852867419283002e-10 -7.848470013792339522e-08
3.000000000000000000e+00 -3.177674144281183363e-10 -1.075366244050489630e-07
4.000000000000000000e+00 -4.938575478439999865e-10 -1.473950865089446416e-07
5.000000000000000000e+00 -7.637056332968873724e-10 -2.011709532746812805e-07
6.000000000000000000e+00 -1.175858307674788298e-09 -2.735554526121665286e-07
7.000000000000000000e+00 -1.802591214418407875e-09 -3.708966424362238348e-07
8.000000000000000000e+00 -2.749796865915039343e-09 -5.015270958798719005e-07
9.000000000000000000e+00 -4.171398636156858107e-09 -6.760863858239108835e-07
1.000000000000000000e+01 -6.291412400110574848e-09 -9.079470535488198882e-07
1.100000000000000000e+01 -9.437201017578770834e-09 -1.213974470473457827e-06
1.200000000000000000e+01 -1.408652391714504149e-08 -1.615832118878558340e-06
1.300000000000000000e+01 -2.092989936953587822e-08 -2.141844348382857956e-06
1.400000000000000000e+01 -3.095147802171749184e-08 -2.829130868161262687e-06
1.500000000000000000e+01 -4.553824281440329086e-08 -3.725555206340158999e-06
1.600000000000000000e+01 -6.663681008755299353e-08 -4.891226166759274524e-06
1.700000000000000000e+01 -9.698245849799350805e-08 -6.399899978537208671e-06
1.800000000000000000e+01 -1.404200987490862867e-07 -8.341335482175311086e-06
1.900000000000000000e+01 -2.023255408836347301e-07 -1.082587135279201924e-05
2.000000000000000000e+01 -2.901343752354709833e-07 -1.399176341589471283e-05
2.100000000000000000e+01 -4.140126656444462429e-07 -1.801429747418265036e-05
2.200000000000000000e+01 -5.877547217132271310e-07 -2.311434198377574948e-05
2.300000000000000000e+01 -8.300333296048907726e-07 -2.956414578207271676e-05
2.400000000000000000e+01 -1.166114392705559441e-06 -3.769046902914810753e-05
2.500000000000000000e+01 -1.630080600397043096e-06 -4.787859643953983827e-05
2.600000000000000000e+01 -2.267557327768627768e-06 -6.058291423920756996e-05
2.700000000000000000e+01 -3.138995533807556268e-06 -7.634800025541792819e-05
2.800000000000000000e+01 -4.323762450877172027e-06 -9.583827385362929396e-05
2.900000000000000000e+01 -5.925497486324016195e-06 -1.198674343304409121e-04
3.000000000000000000e+01 -8.079206550080639992e-06 -1.494167568361674749e-04
3.100000000000000000e+01 -1.096031027806590523e-05 -1.856377718207345468e-04
3.200000000000000000e+01 -1.479552197395742424e-05 -2.298480011746474551e-04
3.300000000000000000e+01 -1.987538937570139537e-05 -2.835396218063501944e-04
3.400000000000000000e+01 -2.656881922022909562e-05 -3.484196169642330516e-04
3.500000000000000000e+01 -3.534067019644452815e-05 -4.264821317562949481e-04
3.600000000000000000e+01 -4.677388678000432099e-05 -5.200880726232548880e-04
3.700000000000000000e+01 -6.159709896607658535e-05 -6.320124390172781985e-04
3.800000000000000000e+01 -8.071729771023391327e-05 -7.654330919875153034e-04
3.900000000000000000e+01 -1.052561192101152051e-04 -9.238745283931403159e-04
4.000000000000000000e+01 -1.365886135911116637e-04 -1.111162310545430907e-03
4.100000000000000000e+01 -1.763853906526819282e-04 -1.331453123060538125e-03
4.200000000000000000e+01 -2.266613907468433193e-04 -1.589362755861459557e-03
4.300000000000000000e+01 -2.898348679079866801e-04 -1.890138063769986661e-03
4.400000000000000000e+01 -3.687969678861689011e-04 -2.239762259045034731e-03
4.500000000000000000e+01 -4.669868377098428092e-04 -2.644899476127399694e-03
4.600000000000000000e+01 -5.884638742116418859e-04 -3.112682881017810651e-03
4.700000000000000000e+01 -7.379719795070756273e-04 -3.650472943408518064e-03
4.800000000000000000e+01 -9.210002032788054075e-04 -4.265764243846873263e-03
4.900000000000000000e+01 -1.143852271310209865e-03 -4.966337738794322082e-03
5.000000000000000000e+01 -1.413733794849671675e-03 -5.760571738903874639e-03
5.100000000000000000e+01 -1.738847826340044530e-03 -6.657663571473191981e-03
5.200000000000000000e+01 -2.128469686796051041e-03 -7.667513478590980147e-03
5.300000000000000000e+01 -2.592972116596899482e-03 -8.800222361206368540e-03
5.400000000000000000e+01 -3.143800853081303928e-03 -1.006543933721576294e-02
5.500000000000000000e+01 -3.793438211380394630e-03 -1.147195192852379884e-02
5.600000000000000000e+01 -4.555398170157138812e-03 -1.302778643026128273e-02
5.700000000000000000e+01 -5.444250009535683311e-03 -1.474072109112994564e-02
5.800000000000000000e+01 -6.475600458497786371e-03 -1.661875723115640441e-02
5.900000000000000000e+01 -7.665945753608396571e-03 -1.867003336970853369e-02
6.000000000000000000e+01 -9.032375069164575582e-03 -2.090200730886534672e-02
6.100000000000000000e+01 -1.059221811790827736e-02 -2.332026827693588211e-02
6.200000000000000000e+01 -1.236277088393573920e-02 -2.592768062420428704e-02
6.300000000000000000e+01 -1.436113610471307506e-02 -2.872440212486776154e-02
6.400000000000000000e+01 -1.660404745683811620e-02 -3.170871584652047714e-02
6.500000000000000000e+01 -1.910747743372475174e-02 -3.487798147959215306e-02
6.600000000000000000e+01 -2.188596473923091687e-02 -3.822884678582564449e-02
6.700000000000000000e+01 -2.495184261357760377e-02 -4.175634871535166548e-02
6.800000000000000000e+01 -2.831466339289183398e-02 -4.545236589008892769e-02
6.900000000000000000e+01 -3.198094403386284035e-02 -4.930444473935251953e-02
7.000000000000000000e+01 -3.595402933567313358e-02 -5.329584755829733234e-02
7.100000000000000000e+01 -4.023371007194965349e-02 -5.740683264504022054e-02
7.200000000000000000e+01 -4.481544677734829868e-02 -6.161627309837215682e-02
7.300000000000000000e+01 -4.968947287502612636e-02 -6.590244799226421812e-02
7.400000000000000000e+01 -5.484026696846867888e-02 -7.024244580288148410e-02
7.500000000000000000e+01 -6.024663572803767853e-02 -7.461068225322527170e-02
7.600000000000000000e+01 -6.588213654827650145e-02 -7.897775605329054871e-02
7.700000000000000000e+01 -7.171529642107454805e-02 -8.331067966085303755e-02
7.800000000000000000e+01 -7.770935586543734064e-02 -8.757454321064422897e-02
7.900000000000000000e+01 -8.382184948928597668e-02 -9.173463048354302263e-02
8.000000000000000000e+01 -9.000465163291170023e-02 -9.575770007654878235e-02
8.100000000000000000e+01 -9.620482357379414595e-02 -9.961180752106088554e-02
8.200000000000000000e+01 -1.023659578349399440e-01 -1.032651641026721828e-01
8.300000000000000000e+01 -1.084293508509274473e-01 -1.066852476178392212e-01
8.400000000000000000e+01 -1.143346134581287588e-01 -1.098391596158751066e-01
8.500000000000000000e+01 -1.200199785334166991e-01 -1.126952540645323464e-01
8.600000000000000000e+01 -1.254229446736141451e-01 -1.152251063485878607e-01
8.700000000000000000e+01 -1.304816326365054180e-01 -1.174046770263386386e-01
8.800000000000000000e+01 -1.351365915657454786e-01 -1.192141791510391152e-01
8.900000000000000000e+01 -1.393323992235565856e-01 -1.206371343776999616e-01
9.000000000000000000e+01 -1.430186160985819355e-01 -1.216596384295531574e-01
9.100000000000000000e+01 -1.461502389359099763e-01 -1.222705727136663978e-01
9.200000000000000000e+01 -1.486881822023397859e-01 -1.224626725590060444e-01
9.300000000000000000e+01 -1.506001580705778886e-01 -1.222336711009240073e-01
9.400000000000000000e+01 -1.518618220505200123e-01 -1.215867048758972335e-01
9.500000000000000000e+01 -1.524576979775933705e-01 -1.205297624175686866e-01
9.600000000000000000e+01 -1.523814981973149463e-01 -1.190746630453110300e-01
9.700000000000000000e+01 -1.516358713724919594e-01 -1.172363115860793892e-01
9.800000000000000000e+01 -1.502319390287631118e-01 -1.150326278002788416e-01
9.900000000000000000e+01 -1.481889540208593536e-01 -1.124849275092839468e-01
1.000000000000000000e+02 -1.455341103668772729e-01 -1.096181532412659754e-01
1.010000000000000000e+02 -1.423022585168699505e-01 -1.064604940718739678e-01
1.020000000000000000e+02 -1.385352629332350372e-01 -1.030424358630029763e-01
1.030000000000000000e+02 -1.342809555799736876e-01 -9.939571154102307127e-02
1.040000000000000000e+02 -1.295918776510732173e-01 -9.555264236942807854e-02
1.050000000000000000e+02 -1.245240695247312457e-01 -9.154599579859683256e-02
1.060000000000000000e+02 -1.191360413148615655e-01 -8.740905862451406327e-02
1.070000000000000000e+02 -1.134878659344525226e-01 -8.317548042332023606e-02
1.080000000000000000e+02 -1.076402419717494424e-01 -7.887867091492323235e-02
1.090000000000000000e+02 -1.016534341108799866e-01 -7.455092247865810484e-02
1.100000000000000000e+02 -9.558614445597797549e-02 -7.022265592266448142e-02
1.110000000000000000e+02 -8.949447137584018441e-02 -6.592208994280085443e-02
1.120000000000000000e+02 -8.343109376070387273e-02 -6.167531694546130039e-02
1.130000000000000000e+02 -7.744470360777507001e-02 -5.750649440557025621e-02
1.140000000000000000e+02 -7.157959913411780783e-02 -5.343783563945180004e-02
1.150000000000000000e+02 -6.587533125497138653e-02 -4.948930034800054500e-02
1.160000000000000000e+02 -6.036637117637790734e-02 -4.567815430121436454e-02
1.170000000000000000e+02 -5.508185959307207447e-02 -4.201868129678513336e-02
1.180000000000000000e+02 -5.004552508776628078e-02 -3.852222172784357940e-02
1.190000000000000000e+02 -4.527580294142539291e-02 -3.519748702700106757e-02
1.200000000000000000e+02 -4.078610220574477307e-02 -3.205093638166022635e-02
1.210000000000000000e+02 -3.658513181413981102e-02 -2.908701077885430392e-02
1.220000000000000000e+02 -3.267722952585914303e-02 -2.630816938417385870e-02
1.230000000000000000e+02 -2.906270061638549160e-02 -2.371483676290409362e-02
1.240000000000000000e+02 -2.573820691877282824e-02 -2.130542833763311716e-02
1.250000000000000000e+02 -2.269722731822063772e-02 -1.907655073401587353e-02
1.260000000000000000e+02 -1.993056502487707340e-02 -1.702334426905342118e-02
1.270000000000000000e+02 -1.742684998552865988e-02 -1.513984707081504968e-02
1.280000000000000000e+02 -1.517299702530372496e-02 -1.341926775972377209e-02
1.290000000000000000e+02 -1.315461437942709588e-02 -1.185413396126772448e-02
1.300000000000000000e+02 -1.135638085154635352e-02 -1.043636869854231222e-02
1.310000000000000000e+02 -9.762406802252989249e-03 -9.157377738134341374e-03
1.320000000000000000e+02 -8.356574850791761988e-03 -8.008198489657319258e-03
1.330000000000000000e+02 -7.122842209269245051e-03 -6.979700599034159222e-03
1.340000000000000000e+02 -6.045489585990894074e-03 -6.062786825729230347e-03
1.350000000000000000e+02 -5.109315758737921140e-03 -5.248543979278728899e-03
1.360000000000000000e+02 -4.299788432919520245e-03 -4.528327362228944282e-03
1.370000000000000000e+02 -3.603162908947266443e-03 -3.893798736730252723e-03
1.380000000000000000e+02 -3.006573354899450337e-03 -3.336952776491933052e-03
1.390000000000000000e+02 -2.498095380962381956e-03 -2.850155999475796013e-03
1.400000000000000000e+02 -2.066778256895711752e-03 -2.426199128622970325e-03
1.410000000000000000e+02 -1.702649181553983742e-03 -2.058346905231788360e-03
1.420000000000000000e+02 -1.396695865094487029e-03 -1.740367991740624995e-03
1.430000000000000000e+02 -1.140834254406697390e-03 -1.466538493273417858e-03
1.440000000000000000e+02 -9.278660443626695264e-04 -1.231625437900190148e-03
1.450000000000000000e+02 -7.514281715340424524e-04 -1.030862549903599447e-03
1.460000000000000000e+02 -6.059355707071615877e-04 -8.599279333154995599e-04
1.470000000000000000e+02 -4.865189919745987828e-04 -7.149260853331618204e-04
1.480000000000000000e+02 -3.889604162825655367e-04 -5.923708201705186810e-04
1.490000000000000000e+02 -3.096286317284728615e-04 -4.891644134459908165e-04
1.500000000000000000e+02 -2.454168276827813446e-04 -4.025708938835918099e-04
1.510000000000000000e+02 -1.936832029120195660e-04 -3.301849779506319015e-04
1.520000000000000000e+02 -1.521950538936023788e-04 -2.699000613235115367e-04
1.530000000000000000e+02 -1.190766716364917259e-04 -2.198782208478762394e-04
1.540000000000000000e+02 -9.276139172057924743e-05 -1.785233491632511938e-04
1.550000000000000000e+02 -7.194808697987251946e-05 -1.444568740870923933e-04
1.560000000000000000e+02 -5.556221508467376624e-05 -1.164949295532857168e-04
1.570000000000000000e+02 -4.272132114412024144e-05 -9.362627912102344167e-05
1.580000000000000000e+02 -3.270474450797527990e-05 -7.499107851922860897e-05
1.590000000000000000e+02 -2.492721519733866149e-05 -5.986105900137898627e-05
