0.000000000000000000e+00 -9.380289731130277286e-09 -9.393905396761811536e-07
1.000000000000000000e+00 -8.215822784861855632e-09 -5.977262015913780712e-09
2.000000000000000000e+00 -1.181403736045531009e-08 -8.428700555122638781e-09
3.000000000000000000e+00 -1.760083253707108626e-08 -1.234116427881660321e-08
4.000000000000000000e+00 -2.610883016779416741e-08 -1.801240761898643573e-08
5.000000000000000000e+00 -3.852348809874141360e-08 -2.616672530039145373e-08
6.000000000000000000e+00 -5.653687939064901755e-08 -3.783115455988360912e-08
7.000000000000000000e+00 -8.252993500528009995e-08 -5.443451113867181072e-08
8.000000000000000000e+00 -1.198317024058665717e-07 -7.795235623138006255e-08
9.000000000000000000e+00 -1.730692830838669228e-07 -1.111016364627198858e-07
1.000000000000000000e+01 -2.486359724344371451e-07 -1.575993326525039633e-07
1.100000000000000000e+01 -3.553131974908244909e-07 -2.225039983233839819e-07
1.200000000000000000e+01 -5.050912008539941722e-07 -3.126639938500277125e-07
1.300000000000000000e+01 -7.142446973296239437e-07 -4.373021643925070671e-07
1.400000000000000000e+01 -1.004733165645851840e-06 -6.087739441792904359e-07
1.500000000000000000e+01 -1.406011201540752654e-06 -8.435445782104755958e-07
1.600000000000000000e+01 -1.957352634592774846e-06 -1.163441408306636111e-06
1.700000000000000000e+01 -2.710813097539473508e-06 -1.597248989106780227e-06
1.800000000000000000e+01 -3.734979542477095474e-06 -2.182728264912078633e-06
1.900000000000000000e+01 -5.119681692092818247e-06 -2.969156384318391273e-06
2.000000000000000000e+01 -6.981869147037785305e-06 -4.020501246874072306e-06
2.100000000000000000e+01 -9.472888132426627743e-06 -5.419364649054571083e-06
2.200000000000000000e+01 -1.278742279186991548e-05 -7.271849571359581496e-06
2.300000000000000000e+01 -1.717439650725205539e-05 -9.713529972070301331e-06
2.400000000000000000e+01 -2.295015759116921525e-05 -1.291672463035444021e-05
2.500000000000000000e+01 -3.051429892288163204e-05 -1.709929965976084867e-05
2.600000000000000000e+01 -4.036847991183676893e-05 -2.253524718121264570e-05
2.700000000000000000e+01 -5.313862797527494871e-05 -2.956730995560231880e-05
2.800000000000000000e+01 -6.960089144767023651e-05 -3.862194211189849897e-05
2.900000000000000000e+01 -9.071169272066917626e-05 -5.022691156606254575e-05
3.000000000000000000e+01 -1.176421864445342325e-04 -6.503185650565037473e-05
3.100000000000000000e+01 -1.518173597788415659e-04 -8.383210319756309093e-05
3.200000000000000000e+01 -1.949599146762988691e-04 -1.075960341731109873e-04
3.300000000000000000e+01 -2.491389372816767362e-04 -1.374962653355013727e-04
3.400000000000000000e+01 -3.168231780541843918e-04 -1.749448479783478156e-04
3.500000000000000000e+01 -4.009385373133088522e-04 -2.216326528550582712e-04
3.600000000000000000e+01 -5.049290849615499380e-04 -2.795730075376729883e-04
3.700000000000000000e+01 -6.328206510687271183e-04 -3.511495322666593859e-04
3.800000000000000000e+01 -7.892856973952409785e-04 -4.391679487325210029e-04
3.900000000000000000e+01 -9.797077883923577084e-04 -5.469114343101634306e-04
4.000000000000000000e+01 -1.210243508055334517e-03 -6.781988877610351223e-04
4.100000000000000000e+01 -1.487879166285840460e-03 -8.374452746904108551e-04
4.200000000000000000e+01 -1.820479213101350649e-03 -1.029723002306273411e-03
4.300000000000000000e+01 -2.216822990423634836e-03 -1.260822965555569511e-03
4.400000000000000000e+01 -2.686626197327020293e-03 -1.537313469735698910e-03
4.500000000000000000e+01 -3.240543027606935210e-03 -1.866594739713340343e-03
4.600000000000000000e+01 -3.890144349924708027e-03 -2.256946358859071491e-03
4.700000000000000000e+01 -4.647866936212946207e-03 -2.717564886889119440e-03
4.800000000000000000e+01 -5.526929133836653435e-03 -3.258588968086612806e-03
4.900000000000000000e+01 -6.541209488513735626e-03 -3.891109057583695425e-03
5.000000000000000000e+01 -7.705085738830394840e-03 -4.627158143501518099e-03
5.100000000000000000e+01 -9.033231366496526776e-03 -5.479678827780627010e-03
5.200000000000000000e+01 -1.054036603141593302e-02 -6.462461839601840383e-03
5.300000000000000000e+01 -1.224095699397830320e-02 -7.590052317652250767e-03
5.400000000000000000e+01 -1.414887266787297204e-02 -8.877622428645752517e-03
5.500000000000000000e+01 -1.627699485289826539e-02 -1.034080996139053257e-02
5.600000000000000000e+01 -1.863679817527984228e-02 -1.199552070818101987e-02
5.700000000000000000e+01 -2.123790161660194659e-02 -1.385768905423763811e-02
5.800000000000000000e+01 -2.408759294355011446e-02 -1.594299081563908468e-02
5.900000000000000000e+01 -2.719033128340635555e-02 -1.826650857439342246e-02
6.000000000000000000e+01 -3.054724726524302159e-02 -2.084235963734144825e-02
6.100000000000000000e+01 -3.415567152258509875e-02 -2.368330097963335448e-02
6.200000000000000000e+01 -3.800871586076766395e-02 -2.680031730425900399e-02
6.300000000000000000e+01 -4.209491012163855267e-02 -3.020218386789796233e-02
6.400000000000000000e+01 -4.639788697324657984e-02 -3.389499292885087001e-02
6.500000000000000000e+01 -5.089612732061819800e-02 -3.788165340579437851e-02
6.600000000000000000e+01 -5.556281507386338220e-02 -4.216140443829539952e-02
6.700000000000000000e+01 -6.036585638032861134e-02 -4.672939182209553260e-02
6.800000000000000000e+01 -6.526807271894938256e-02 -5.157632246197978859e-02
6.900000000000000000e+01 -7.022752033401755134e-02 -5.668816211494050183e-02
7.000000000000000000e+01 -7.519789030578902245e-02 -6.204583337731421622e-02
7.100000000000000000e+01 -8.012901563260850513e-02 -6.762493213528138203e-02
7.200000000000000000e+01 -8.496757184367302596e-02 -7.339556171346239832e-02
7.300000000000000000e+01 -8.965801422510408236e-02 -7.932238988816875391e-02
7.400000000000000000e+01 -9.414366993847485265e-02 -8.536492842625968691e-02
7.500000000000000000e+01 -9.836783517222646989e-02 -9.147790731964025590e-02
7.600000000000000000e+01 -1.022748132700832258e-01 -9.761161308376256618e-02
7.700000000000000000e+01 -1.058109848219019739e-01 -1.037122216669643937e-01
7.800000000000000000e+01 -1.089260303406871938e-01 -1.097223303343247414e-01
7.900000000000000000e+01 -1.115742627139925947e-01 -1.155818670838991147e-01
8.000000000000000000e+01 -1.137158451574625806e-01 -1.212293018536667877e-01
8.100000000000000000e+01 -1.153177019324963110e-01 -1.266028418250775556e-01
8.200000000000000000e+01 -1.163541656566123850e-01 -1.316413508103065344e-01
8.300000000000000000e+01 -1.168075732300618425e-01 -1.362850860531783781e-01
8.400000000000000000e+01 -1.166689035075305636e-01 -1.404766363348272096e-01
8.500000000000000000e+01 -1.159382712481388800e-01 -1.441623139180497337e-01
8.600000000000000000e+01 -1.146250003617239888e-01 -1.472937701876979033e-01
8.700000000000000000e+01 -1.127472342915815662e-01 -1.498292706283035070e-01
8.800000000000000000e+01 -1.103313368351136747e-01 -1.517342922354867896e-01
8.900000000000000000e+01 -1.074113338001022877e-01 -1.529817187947067336e-01
9.000000000000000000e+01 -1.040283461362976197e-01 -1.535522564146117874e-01
9.100000000000000000e+01 -1.002297454638358676e-01 -1.534353442443837645e-01
9.200000000000000000e+01 -9.606790812650897737e-02 -1.526301152193870192e-01
9.300000000000000000e+01 -9.159878136682308991e-02 -1.511456567512524385e-01
9.400000000000000000e+01 -8.688058689717872984e-02 -1.490003225266569309e-01
9.500000000000000000e+01 -8.197273892294344722e-02 -1.462206586267339459e-01
9.600000000000000000e+01 -7.693476464209719756e-02 -1.428407430963893610e-01
9.700000000000000000e+01 -7.182504801712864817e-02 -1.389021062181175770e-01
9.800000000000000000e+01 -6.669951797583684172e-02 -1.344535720208527296e-01
9.900000000000000000e+01 -6.161057853698131970e-02 -1.295502620467043342e-01
1.000000000000000000e+02 -5.660640842130967854e-02 -1.242517659490851856e-01
1.010000000000000000e+02 -5.173046373453023261e-02 -1.186202814174908832e-01
1.020000000000000000e+02 -4.702096673238153474e-02 -1.127194781393929118e-01
1.030000000000000000e+02 -4.251039921490721435e-02 -1.066140027557107017e-01
1.040000000000000000e+02 -3.822522229554706219e-02 -1.003688451945937560e-01
1.050000000000000000e+02 -3.418595602932265887e-02 -9.404799302691441154e-02
1.060000000000000000e+02 -3.040749344283297240e-02 -8.771265636453699777e-02
1.070000000000000000e+02 -2.689941911214337872e-02 -8.141988891599971634e-02
1.080000000000000000e+02 -2.366626503826677400e-02 -7.522207808774980520e-02
1.090000000000000000e+02 -2.070784422531144267e-02 -6.916695275088892425e-02
1.100000000000000000e+02 -1.801979837991585578e-02 -6.329737804944854385e-02
1.110000000000000000e+02 -1.559430370128967770e-02 -5.765064862352729108e-02
1.120000000000000000e+02 -1.342074509705435542e-02 -5.225771316615640538e-02
1.130000000000000000e+02 -1.148624637176441123e-02 -4.714296028409577927e-02
1.140000000000000000e+02 -9.776119737050366701e-03 -4.232469620246857855e-02
1.150000000000000000e+02 -8.274360278130244231e-03 -3.781584205422713896e-02
1.160000000000000000e+02 -6.964207415192005812e-03 -3.362432136262560184e-02
1.170000000000000000e+02 -5.828670383456611287e-03 -2.975309871835226522e-02
1.180000000000000000e+02 -4.850914539804014429e-03 -2.620028851340254483e-02
1.190000000000000000e+02 -4.014512372707696765e-03 -2.295969886957158895e-02
1.200000000000000000e+02 -3.303644157233779494e-03 -2.002172887235279669e-02
1.210000000000000000e+02 -2.703307997259526974e-03 -1.737421341466683852e-02
1.220000000000000000e+02 -2.199517887780685563e-03 -1.500292957136665009e-02
1.230000000000000000e+02 -1.779430878766987160e-03 -1.289185752814608031e-02
1.240000000000000000e+02 -1.431381474650183540e-03 -1.102350327823316441e-02
1.250000000000000000e+02 -1.144858089154661418e-03 -9.379449413398016980e-03
1.260000000000000000e+02 -9.104700294392749403e-04 -7.941006433084020488e-03
1.270000000000000000e+02 -7.199211340263827596e-04 -6.689713306737437443e-03
1.280000000000000000e+02 -5.659723816227071576e-04 -5.607578336534908663e-03
1.290000000000000000e+02 -4.423743633032594822e-04 -4.677172269672603099e-03
1.300000000000000000e+02 -3.437732680110637713e-04 -3.881754904026836310e-03
1.310000000000000000e+02 -2.656110210813921813e-04 -3.205498112017186527e-03
1.320000000000000000e+02 -2.040360026003824705e-04 -2.633716709543568787e-03
1.330000000000000000e+02 -1.558252812172972851e-04 -2.152987663247462029e-03
1.340000000000000000e+02 -1.183102350865342751e-04 -1.751131415786452098e-03
1.350000000000000000e+02 -8.930068920377776370e-05 -1.417130338355725334e-03
1.360000000000000000e+02 -6.701061805357096568e-05 -1.141071641416961007e-03
1.370000000000000000e+02 -4.999166920156072549e-05 -9.141356146706402890e-04
1.380000000000000000e+02 -3.707756967055379608e-05 -7.285859643519715595e-04
1.390000000000000000e+02 -2.733775203294999814e-05 -5.777152966448381635e-04
1.400000000000000000e+02 -2.003687233952327164e-05 -4.557424007900440308e-04
1.410000000000000000e+02 -1.459849679546739235e-05 -3.576960153850170573e-04
1.420000000000000000e+02 -1.057335968052925045e-05 -2.793190848106762636e-04
1.430000000000000000e+02 -7.613099422677169621e-06 -2.169993679628530860e-04
1.440000000000000000e+02 -5.449402406151118637e-06 -1.677092199110111030e-04
1.450000000000000000e+02 -3.877439147186464298e-06 -1.289377420583796168e-04
1.460000000000000000e+02 -2.742313457939293460e-06 -9.861434414982272263e-05
1.470000000000000000e+02 -1.927788658523300484e-06 -7.503510131520041296e-05
1.480000000000000000e+02 -1.347098217919850229e-06 -5.680231077227902752e-05
1.490000000000000000e+02 -9.357696355577877861e-07 -4.277831856016380560e-05
1.500000000000000000e+02 -6.462005654909392251e-07 -3.204754474575204689e-05
1.510000000000000000e+02 -4.435575206222340423e-07 -2.388083973324014585e-05
1.520000000000000000e+02 -3.025964129067132782e-07 -1.770103523820206113e-05
1.530000000000000000e+02 -2.051624590021680786e-07 -1.305219503110778285e-05
1.540000000000000000e+02 -1.382607191706434787e-07 -9.574946490384908168e-06
1.550000000000000000e+02 -9.262482278514187777e-08 -6.987838181721402446e-06
1.560000000000000000e+02 -6.168673117562970613e-08 -5.072777141995092544e-06
1.570000000000000000e+02 -4.083418018916538462e-08 -3.662610100340354029e-06
1.580000000000000000e+02 -2.686167625969415919e-08 -2.630118427798280332e-06
1.590000000000000000e+02 -1.755880442396327920e-08 -1.878692074754224556e-06
