0.000000000000000000e+00 -2.544223969061847115e-06 -1.902155996670357348e-05
1.000000000000000000e+00 -6.690786843724670425e-10 -3.148329684093400916e-10
2.000000000000000000e+00 -9.761338128348875807e-10 -4.487839200662913541e-10
3.000000000000000000e+00 -1.520249770045885577e-09 -6.873256969129524598e-10
4.000000000000000000e+00 -2.358920032107954283e-09 -1.050368438975783768e-09
5.000000000000000000e+00 -3.638899193035119049e-09 -1.599006346221249866e-09
6.000000000000000000e+00 -5.581381231002398056e-09 -2.423547855358242855e-09
7.000000000000000000e+00 -8.514883861164126531e-09 -3.654343133293959864e-09
8.000000000000000000e+00 -1.292234458508356832e-08 -5.479121049336384759e-09
9.000000000000000000e+00 -1.950576149719300015e-08 -8.169693865150056657e-09
1.000000000000000000e+01 -2.927730856432920637e-08 -1.212088010652070908e-08
1.100000000000000000e+01 -4.369116097596064808e-08 -1.790294556423400809e-08
1.200000000000000000e+01 -6.483264696544649420e-08 -2.632855452446910993e-08
1.300000000000000000e+01 -9.567966405837430050e-08 -3.853923819606801187e-08
1.400000000000000000e+01 -1.404508187777949320e-07 -5.612516618622795037e-08
1.500000000000000000e+01 -2.050648181045654945e-07 -8.130068481576863004e-08
1.600000000000000000e+01 -2.977593926412833559e-07 -1.171586461241016129e-07
1.700000000000000000e+01 -4.299436049732545094e-07 -1.680159059931384676e-07
1.800000000000000000e+01 -6.173650129652983742e-07 -2.398504037339994178e-07
1.900000000000000000e+01 -8.816588226814036846e-07 -3.408373076626571666e-07
2.000000000000000000e+01 -1.252338298133315862e-06 -4.820308812361803163e-07
2.100000000000000000e+01 -1.769325563296917262e-06 -6.782942666194109324e-07
2.200000000000000000e+01 -2.486213695270817010e-06 -9.496064229901452869e-07
2.300000000000000000e+01 -3.474535485476626514e-06 -1.322835815607779457e-06
2.400000000000000000e+01 -4.829317521833914950e-06 -1.833983931628200908e-06
2.500000000000000000e+01 -6.676125690978847509e-06 -2.530859592560623309e-06
2.600000000000000000e+01 -9.179772917245686655e-06 -3.476245847011392420e-06
2.700000000000000000e+01 -1.255497420694130422e-05 -4.751858555977326825e-06
2.800000000000000000e+01 -1.707945723567643850e-05 -6.463604138346849633e-06
2.900000000000000000e+01 -2.311017728682339926e-05 -8.748599920537768621e-06
3.000000000000000000e+01 -3.110321120713207562e-05 -1.178406577743092739e-05
3.100000000000000000e+01 -4.163773098350238768e-05 -1.579778970814136652e-05
3.200000000000000000e+01 -5.544442708158240637e-05 -2.107986524370626517e-05
3.300000000000000000e+01 -7.343889845184986163e-05 -2.799603964769451159e-05
3.400000000000000000e+01 -9.676058456112735656e-05 -3.700396392577930208e-05
3.500000000000000000e+01 -1.268176209802819414e-04 -4.867406208819369874e-05
3.600000000000000000e+01 -1.653378715311460724e-04 -6.371594750722833951e-05
3.700000000000000000e+01 -2.144267368824898513e-04 -8.300955398297946218e-05
3.800000000000000000e+01 -2.766327496710411366e-04 -1.076387799216090002e-04
3.900000000000000000e+01 -3.550212003326750515e-04 -1.389260581711295253e-04
4.000000000000000000e+01 -4.532537210679911562e-04 -1.784691416861984201e-04
4.100000000000000000e+01 -5.756699692877735326e-04 -2.281845751103774348e-04
4.200000000000000000e+01 -7.273693075799073527e-04 -2.903625364517736372e-04
4.300000000000000000e+01 -9.142951919251271313e-04 -3.677331533542059863e-04
4.400000000000000000e+01 -1.143326924959093974e-03 -4.635372835560220639e-04
4.500000000000000000e+01 -1.422376664066425482e-03 -5.815911601926590600e-04
4.600000000000000000e+01 -1.760477529606480507e-03 -7.263395677599734750e-04
4.700000000000000000e+01 -2.167844790169074637e-03 -9.029047515968469887e-04
4.800000000000000000e+01 -2.655905906161415940e-03 -1.117147739961879289e-03
4.900000000000000000e+01 -3.237316167227210877e-03 -1.375753005741882406e-03
5.000000000000000000e+01 -3.925978709510963977e-03 -1.686325009994698232e-03
5.100000000000000000e+01 -4.737058338691597058e-03 -2.057462482368835766e-03
5.200000000000000000e+01 -5.686942778489088683e-03 -2.498777665818499930e-03
5.300000000000000000e+01 -6.793107646563075266e-03 -3.020861898988235102e-03
5.400000000000000000e+01 -8.073894961693833805e-03 -3.635241932855335940e-03
5.500000000000000000e+01 -9.548269490576154206e-03 -4.354379337263978265e-03
5.600000000000000000e+01 -1.123560357889969927e-02 -5.191715232750398340e-03
5.700000000000000000e+01 -1.315545488611031232e-02 -6.161686904915504928e-03
5.800000000000000000e+01 -1.532723052443261957e-02 -7.279615155841166058e-03
5.900000000000000000e+01 -1.776967133852867115e-02 -8.561429092425805465e-03
6.000000000000000000e+01 -2.050022503599959259e-02 -1.002331751254385492e-02
6.100000000000000000e+01 -2.353446743987548315e-02 -1.168145871195525216e-02
6.200000000000000000e+01 -2.688565821828858490e-02 -1.355189803524920952e-02
6.300000000000000000e+01 -3.056433528048783932e-02 -1.565046196981060775e-02
6.400000000000000000e+01 -3.457776025190856944e-02 -1.799248656539741489e-02
6.500000000000000000e+01 -3.892915659490375768e-02 -2.059223495683393593e-02
6.600000000000000000e+01 -4.361692097603962759e-02 -2.346213452855886589e-02
6.700000000000000000e+01 -4.863407558074115539e-02 -2.661214777363799314e-02
6.800000000000000000e+01 -5.396804074431258563e-02 -3.004949492376008530e-02
6.900000000000000000e+01 -5.960052586109614026e-02 -3.377861497779707789e-02
7.000000000000000000e+01 -6.550727587134387575e-02 -3.780098598132294180e-02
7.100000000000000000e+01 -7.165766344895407869e-02 -4.211451400936991329e-02
7.200000000000000000e+01 -7.801442323998510064e-02 -4.671261238549934136e-02
7.300000000000000000e+01 -8.453383915273533777e-02 -5.158345677262935608e-02
7.400000000000000000e+01 -9.116637845432776222e-02 -5.670984070797593923e-02
7.500000000000000000e+01 -9.785744840481386264e-02 -6.206957727851962481e-02
7.600000000000000000e+01 -1.045479802542801373e-01 -6.763592968332468591e-02
7.700000000000000000e+01 -1.111748955153771257e-01 -7.337757048237687763e-02
7.800000000000000000e+01 -1.176717982076586622e-01 -7.925809057738861241e-02
7.900000000000000000e+01 -1.239701435514430905e-01 -8.523562547123388067e-02
8.000000000000000000e+01 -1.300007536206999326e-01 -9.126319981087196997e-02
8.100000000000000000e+01 -1.356952897549763559e-01 -9.728984856804981374e-02
8.200000000000000000e+01 -1.409874212122709525e-01 -1.032619543050534161e-01
8.300000000000000000e+01 -1.458137964437304368e-01 -1.091241358854009857e-01
8.400000000000000000e+01 -1.501151289807484968e-01 -1.148195391637820695e-01
8.500000000000000000e+01 -1.538375456040863565e-01 -1.202900240201875970e-01
8.600000000000000000e+01 -1.569340020905679034e-01 -1.254769024248427456e-01
8.700000000000000000e+01 -1.593654177311693287e-01 -1.303224145234868625e-01
8.800000000000000000e+01 -1.611013606766951434e-01 -1.347714855001205247e-01
8.900000000000000000e+01 -1.621204244125846461e-01 -1.387730854481684373e-01
9.000000000000000000e+01 -1.624105528072095350e-01 -1.422808957667320573e-01
9.100000000000000000e+01 -1.619694024540383193e-01 -1.452535834510905177e-01
9.200000000000000000e+01 -1.608045790507872386e-01 -1.476552455763712191e-01
9.300000000000000000e+01 -1.589335146518059405e-01 -1.494563083423526006e-01
9.400000000000000000e+01 -1.563829210856272078e-01 -1.506346481572625184e-01
9.500000000000000000e+01 -1.531879764938972877e-01 -1.511764261132865494e-01
9.600000000000000000e+01 -1.493914601794611441e-01 -1.510763042014808544e-01
9.700000000000000000e+01 -1.450429130234040520e-01 -1.503371354673339877e-01
9.800000000000000000e+01 -1.401977274925146899e-01 -1.489695040992209396e-01
9.900000000000000000e+01 -1.349160378233894564e-01 -1.469914249238356285e-01
1.000000000000000000e+02 -1.292614058519138409e-01 -1.444282086301527102e-01
1.010000000000000000e+02 -1.232994440205868458e-01 -1.413122458363425538e-01
1.020000000000000000e+02 -1.170965418481374060e-01 -1.376824546223021362e-01
1.030000000000000000e+02 -1.107187551928553032e-01 -1.335833389028540374e-01
1.040000000000000000e+02 -1.042307952824970546e-01 -1.290638295285808645e-01
1.050000000000000000e+02 -9.769503331787048050e-02 -1.241761558699005508e-01
1.060000000000000000e+02 -9.117052131605007936e-02 -1.189748931327955783e-01
1.070000000000000000e+02 -8.471212235752487163e-02 -1.135161540753016340e-01
1.080000000000000000e+02 -7.836984924078012338e-02 -1.078567827045609773e-01
1.090000000000000000e+02 -7.218843044426097311e-02 -1.020534336669561837e-01
1.100000000000000000e+02 -6.620703988879331203e-02 -9.616154809320266728e-02
1.110000000000000000e+02 -6.045911745849909952e-02 -9.023435808307944672e-02
1.120000000000000000e+02 -5.497226552268003053e-02 -8.432207422844775757e-02
1.130000000000000000e+02 -4.976826335730394346e-02 -7.847132210160258359e-02
1.140000000000000000e+02 -4.486323915595884920e-02 -7.272476984073222850e-02
1.150000000000000000e+02 -4.026798710827700356e-02 -6.712082861310347814e-02
1.160000000000000000e+02 -3.598837111649509646e-02 -6.169335193224229769e-02
1.170000000000000000e+02 -3.202575872744516799e-02 -5.647136080627081223e-02
1.180000000000000000e+02 -2.837746786009527275e-02 -5.147888815939796053e-02
1.190000000000000000e+02 -2.503724110762333213e-02 -4.673501356387824157e-02
1.200000000000000000e+02 -2.199575919786319472e-02 -4.225407432294307764e-02
1.210000000000000000e+02 -1.924117771097756668e-02 -3.804596836615288524e-02
1.220000000000000000e+02 -1.675965161460079081e-02 -3.411646448062132658e-02
1.230000000000000000e+02 -1.453581876132818869e-02 -3.046749543414357247e-02
1.240000000000000000e+02 -1.255323596485004127e-02 -2.709746970075005076e-02
1.250000000000000000e+02 -1.079477689243064399e-02 -2.400164714915927616e-02
1.260000000000000000e+02 -9.242998783650752462e-03 -2.117258391294676162e-02
1.270000000000000000e+02 -7.880473133049863479e-03 -1.860060479757347229e-02
1.280000000000000000e+02 -6.690068911927723842e-03 -1.627424921066275218e-02
1.290000000000000000e+02 -5.655181681446938384e-03 -1.418066320849284412e-02
1.300000000000000000e+02 -4.759911895086546031e-03 -1.230594681017464949e-02
1.310000000000000000e+02 -3.989201407070121913e-03 -1.063548106075980909e-02
1.320000000000000000e+02 -3.328935584435548881e-03 -9.154246804708681198e-03
1.330000000000000000e+02 -2.766013691470855726e-03 -7.847124757979575399e-03
1.340000000000000000e+02 -2.288387949930084046e-03 -6.699156050079398475e-03
1.350000000000000000e+02 -1.885073369863639195e-03 -5.695750447993488084e-03
1.360000000000000000e+02 -1.546133440021647907e-03 -4.822845561941060608e-03
1.370000000000000000e+02 -1.262647972678132037e-03 -4.067030101589472202e-03
1.380000000000000000e+02 -1.026668210874592639e-03 -3.415642240593805713e-03
1.390000000000000000e+02 -8.311623416000701522e-04 -2.856845820790831353e-03
1.400000000000000000e+02 -6.699535022654154980e-04 -2.379681329891583479e-03
1.410000000000000000e+02 -5.376524924678822374e-04 -1.974089390155868168e-03
1.420000000000000000e+02 -4.295878416807738433e-04 -1.630909355051974848e-03
1.430000000000000000e+02 -3.417358085620495292e-04 -1.341859457846689314e-03
1.440000000000000000e+02 -2.706522235689283137e-04 -1.099505063234081570e-03
1.450000000000000000e+02 -2.134073042258595497e-04 -8.972189818234787206e-04
1.460000000000000000e+02 -1.675240909963708158e-04 -7.291352696615231504e-04
1.470000000000000000e+02 -1.309210013423597787e-04 -5.900971817538848765e-04
1.480000000000000000e+02 -1.018589552925274009e-04 -4.756006974081930039e-04
1.490000000000000000e+02 -7.889339311453633053e-05 -3.817359401016506230e-04
1.500000000000000000e+02 -6.083127393991933339e-05 -3.051289008076658697e-04
1.510000000000000000e+02 -4.669291988153562151e-05 -2.428851639489347535e-04
1.520000000000000000e+02 -3.567843539615588933e-05 -1.925364562423623454e-04
1.530000000000000000e+02 -2.713838895277955387e-05 -1.519903191645260933e-04
1.540000000000000000e+02 -2.054843658122540572e-05 -1.194831138135170632e-04
1.550000000000000000e+02 -1.548755752886822894e-05 -9.353664757266445763e-05
1.560000000000000000e+02 -1.161954898410648741e-05 -7.291871115177189246e-05
1.570000000000000000e+02 -8.677413495673265472e-06 -5.660766552468054016e-05
1.580000000000000000e+02 -6.450276705825215481e-06 -4.376101170820136734e-05
1.590000000000000000e+02 -4.772499153317011654e-06 -3.368772062263945973e-05
