0.000000000000000000e+00 -1.999645358039594807e-04 -1.887908360374812346e-07
1.000000000000000000e+00 -2.217321515246118282e-06 -6.776662540727800897e-13
2.000000000000000000e+00 -2.313561870268388033e-06 -1.210151127110092598e-12
3.000000000000000000e+00 -2.907156710740976558e-06 -2.203550402865415100e-12
4.000000000000000000e+00 -3.706225785563676734e-06 -3.980831325455461952e-12
5.000000000000000000e+00 -4.722234044449762331e-06 -7.135831710162606175e-12
6.000000000000000000e+00 -6.001450447492249362e-06 -1.269974164025405130e-11
7.000000000000000000e+00 -7.604130104010370759e-06 -2.244353424224021082e-11
8.000000000000000000e+00 -9.604092303889779958e-06 -3.937077813091318271e-11
9.000000000000000000e+00 -1.209188680838441469e-05 -6.852828288604987902e-11
1.000000000000000000e+01 -1.517902214376703600e-05 -1.183535947333317027e-10
1.100000000000000000e+01 -1.900222472716598919e-05 -2.028886001433941144e-10
1.200000000000000000e+01 -2.372701455003846933e-05 -3.453139288146743269e-10
1.300000000000000000e+01 -2.955048536601526595e-05 -5.834740446232964477e-10
1.400000000000000000e+01 -3.670410056053477948e-05 -9.785201178463926392e-10
1.500000000000000000e+01 -4.545811139558862619e-05 -1.628572527413783617e-09
1.600000000000000000e+01 -5.612927133759254897e-05 -2.690240229906099696e-09
1.700000000000000000e+01 -6.909250093098672245e-05 -4.411752004605804938e-09
1.800000000000000000e+01 -8.479530354569208509e-05 -7.182755199982344905e-09
1.900000000000000000e+01 -1.037719888208127263e-04 -1.160865831048179303e-08
2.000000000000000000e+01 -1.266543849844718706e-04 -1.862244331383153546e-08
2.100000000000000000e+01 -1.541775146737551095e-04 -2.965294787293950343e-08
2.200000000000000000e+01 -1.871822716209613842e-04 -4.687371982771663864e-08
2.300000000000000000e+01 -2.266206845144438746e-04 -7.356221151949953899e-08
2.400000000000000000e+01 -2.735704340568546390e-04 -1.146121589365967668e-07
2.500000000000000000e+01 -3.292622194342175747e-04 -1.772673146834608755e-07
2.600000000000000000e+01 -3.951169128438983876e-04 -2.721746735087802315e-07
2.700000000000000000e+01 -4.727824497026719523e-04 -4.148753441966741862e-07
2.800000000000000000e+01 -5.641577250191216969e-04 -6.278654253049729396e-07
2.900000000000000000e+01 -6.713956853644366222e-04 -9.434024513867612136e-07
3.000000000000000000e+01 -7.968895023205125033e-04 -1.407330770540367293e-06
3.100000000000000000e+01 -9.432584753777631826e-04 -2.084310673511555133e-06
3.200000000000000000e+01 -1.113355828171374478e-03 -3.064880987956887866e-06
3.300000000000000000e+01 -1.310312740026922879e-03 -4.474773120692080792e-06
3.400000000000000000e+01 -1.537612834360693433e-03 -6.486981683692508350e-06
3.500000000000000000e+01 -1.799168686216808498e-03 -9.337391785567918556e-06
3.600000000000000000e+01 -2.099361178752952219e-03 -1.334507444680865069e-05
3.700000000000000000e+01 -2.443014373217424276e-03 -1.893833965228190682e-05
3.800000000000000000e+01 -2.835311439268242955e-03 -2.668732868943306301e-05
3.900000000000000000e+01 -3.281695074545348898e-03 -3.734395667561970274e-05
4.000000000000000000e+01 -3.787814881768362344e-03 -5.189076109708621297e-05
4.100000000000000000e+01 -4.359566573700786145e-03 -7.160088891143071553e-05
4.200000000000000000e+01 -5.003215599772799227e-03 -9.811081420612337474e-05
4.300000000000000000e+01 -5.725536609498478417e-03 -1.335057417325712678e-04
4.400000000000000000e+01 -6.533868422914455160e-03 -1.804172438998234511e-04
4.500000000000000000e+01 -7.436010009768827950e-03 -2.421345643082658291e-04
4.600000000000000000e+01 -8.439963099326409923e-03 -3.227323851778422033e-04
4.700000000000000000e+01 -9.553621627641870756e-03 -4.272149566065698697e-04
4.800000000000000000e+01 -1.078455873629043278e-02 -5.616709971131532289e-04
4.900000000000000000e+01 -1.214002552183637146e-02 -7.334326282857565448e-04
5.000000000000000000e+01 -1.362715701689195570e-02 -9.512371319741801329e-04
5.100000000000000000e+01 -1.525324017293724389e-02 -1.225393723104407700e-03
5.200000000000000000e+01 -1.702582332333616930e-02 -1.567949257217707976e-03
5.300000000000000000e+01 -1.895249890752212854e-02 -1.992833243448528541e-03
5.400000000000000000e+01 -2.104036232006408283e-02 -2.515962166052755807e-03
5.500000000000000000e+01 -2.329535208720598036e-02 -3.155299544709811409e-03
5.600000000000000000e+01 -2.572178574087554542e-02 -3.930877803617265770e-03
5.700000000000000000e+01 -2.832233419105062780e-02 -4.864769968235296317e-03
5.800000000000000000e+01 -3.109843871006743102e-02 -5.980972260088394596e-03
5.900000000000000000e+01 -3.405089361425477773e-02 -7.305164355194794859e-03
6.000000000000000000e+01 -3.718016805461572816e-02 -8.864355082879384756e-03
6.100000000000000000e+01 -4.048613937502396065e-02 -1.068644419712464627e-02
6.200000000000000000e+01 -4.396723459783186128e-02 -1.279969667623741952e-02
6.300000000000000000e+01 -4.761935462853188888e-02 -1.523207872083304389e-02
6.400000000000000000e+01 -5.143515566685987611e-02 -1.801042295953984157e-02
6.500000000000000000e+01 -5.540413001475262555e-02 -2.115947010605005729e-02
6.600000000000000000e+01 -5.951349939377154757e-02 -2.470087416390518223e-02
6.700000000000000000e+01 -6.374943890103346167e-02 -2.865219761833964415e-02
6.800000000000000000e+01 -6.809789379582056879e-02 -3.302584544131709210e-02
6.900000000000000000e+01 -7.254442706290754883e-02 -3.782791767146384543e-02
7.000000000000000000e+01 -7.707308670478842105e-02 -4.305708034570374099e-02
7.100000000000000000e+01 -8.166490801047596171e-02 -4.870360457158813550e-02
7.200000000000000000e+01 -8.629698333245977571e-02 -5.474862523257169322e-02
7.300000000000000000e+01 -9.094280368441709506e-02 -6.116355468742694368e-02
7.400000000000000000e+01 -9.557388297502378283e-02 -6.790962081088239288e-02
7.500000000000000000e+01 -1.001619010570213575e-01 -7.493764282181854253e-02
7.600000000000000000e+01 -1.046802225943271325e-01 -8.218820580461748404e-02
7.700000000000000000e+01 -1.091039403438576055e-01 -8.959226202406121720e-02
7.800000000000000000e+01 -1.134084354870575073e-01 -9.707204105571737296e-02
7.900000000000000000e+01 -1.175673708338112466e-01 -1.045421795802806836e-01
8.000000000000000000e+01 -1.215514693292866766e-01 -1.119111286855711540e-01
8.100000000000000000e+01 -1.253290666481292059e-01 -1.190829390954896982e-01
8.200000000000000000e+01 -1.288684219249822682e-01 -1.259593874363783561e-01
8.300000000000000000e+01 -1.321406986335605660e-01 -1.324422631775760140e-01
8.400000000000000000e+01 -1.351220469701978621e-01 -1.384356626676135349e-01
8.500000000000000000e+01 -1.377936645549641681e-01 -1.438482740164762630e-01
8.600000000000000000e+01 -1.401398663151839918e-01 -1.485956854636290847e-01
8.700000000000000000e+01 -1.421453910300417844e-01 -1.526026491534640261e-01
8.800000000000000000e+01 -1.437936813681459647e-01 -1.558051266898512477e-01
8.900000000000000000e+01 -1.450673489949213246e-01 -1.581519719607129004e-01
9.000000000000000000e+01 -1.459507496921548242e-01 -1.596062250531523619e-01
9.100000000000000000e+01 -1.464333022054254418e-01 -1.601460509704956126e-01
9.200000000000000000e+01 -1.465116771649586647e-01 -1.597653094195187473e-01
9.300000000000000000e+01 -1.461895893050356166e-01 -1.584736811809545065e-01
9.400000000000000000e+01 -1.454753056906528674e-01 -1.562962980209400554e-01
9.500000000000000000e+01 -1.443783178647540244e-01 -1.532729066910146210e-01
9.600000000000000000e+01 -1.429071120751877477e-01 -1.494566533270517694e-01
9.700000000000000000e+01 -1.410693056997871508e-01 -1.449125617019383638e-01
9.800000000000000000e+01 -1.388739930897800734e-01 -1.397157413599039166e-01
9.900000000000000000e+01 -1.363348185257885203e-01 -1.339493592065210681e-01
1.000000000000000000e+02 -1.334718635610962212e-01 -1.277024453680939420e-01
1.010000000000000000e+02 -1.303111461609071930e-01 -1.210676376036454310e-01
1.020000000000000000e+02 -1.268819362139165519e-01 -1.141389638648154098e-01
1.030000000000000000e+02 -1.232133469360417594e-01 -1.070097295642816332e-01
1.040000000000000000e+02 -1.193320260440541292e-01 -9.977055026144907024e-02
1.050000000000000000e+02 -1.152620551630081785e-01 -9.250757098802317446e-02
1.060000000000000000e+02 -1.110268321807761777e-01 -8.530092528842947441e-02
1.070000000000000000e+02 -1.066515740178578669e-01 -7.822348277246971016e-02
1.080000000000000000e+02 -1.021647969395106659e-01 -7.133990681056276428e-02
1.090000000000000000e+02 -9.759782344172829305e-02 -6.470601409852935748e-02
1.100000000000000000e+02 -9.298256446182381896e-02 -5.836841651440143053e-02
1.110000000000000000e+02 -8.834880250341722863e-02 -5.236443078757974101e-02
1.120000000000000000e+02 -8.372240399016873946e-02 -4.672224318404349930e-02
1.130000000000000000e+02 -7.912525667090014592e-02 -4.146130366481844132e-02
1.140000000000000000e+02 -7.457669295194514769e-02 -3.659290690654671413e-02
1.150000000000000000e+02 -7.009535707687819528e-02 -3.212091216809111194e-02
1.160000000000000000e+02 -6.570034470244821845e-02 -2.804256182592535299e-02
1.170000000000000000e+02 -6.141099310379784237e-02 -2.434936711256746600e-02
1.180000000000000000e+02 -5.724554193558405862e-02 -2.102803010287837907e-02
1.190000000000000000e+02 -5.321950682532950588e-02 -1.806136744239350556e-02
1.200000000000000000e+02 -4.934468244191228536e-02 -1.542920296729687404e-02
1.210000000000000000e+02 -4.562924015080623702e-02 -1.310920509605491974e-02
1.220000000000000000e+02 -4.207872946306522727e-02 -1.107765433283614334e-02
1.230000000000000000e+02 -3.869733144976484490e-02 -9.310131027889616967e-03
1.240000000000000000e+02 -3.548867978038046378e-02 -7.782115028628543152e-03
1.250000000000000000e+02 -3.245591631509852498e-02 -6.469491475076530156e-03
1.260000000000000000e+02 -2.960112823379040456e-02 -5.348962105143953948e-03
1.270000000000000000e+02 -2.692463511158153106e-02 -4.398366528683437214e-03
1.280000000000000000e+02 -2.442460366474984504e-02 -3.596920597353518191e-03
1.290000000000000000e+02 -2.209721073832657257e-02 -2.925379601141713318e-03
1.300000000000000000e+02 -1.993723978439416664e-02 -2.366134405046661782e-03
1.310000000000000000e+02 -1.793878329957892398e-02 -1.903249606850284086e-03
1.320000000000000000e+02 -1.609572907801243985e-02 -1.522453655446176501e-03
1.330000000000000000e+02 -1.440188683800150415e-02 -1.211090802666097387e-03
1.340000000000000000e+02 -1.285083156077796059e-02 -9.580438613099985859e-04
1.350000000000000000e+02 -1.143567259192260037e-02 -7.536356585238170773e-04
1.360000000000000000e+02 -1.014894879875380754e-02 -5.895161848760069713e-04
1.370000000000000000e+02 -8.982734251116742882e-03 -4.585416318992012311e-04
1.380000000000000000e+02 -7.928902511969234193e-03 -3.546505672909740442e-04
1.390000000000000000e+02 -6.979420167096005503e-03 -2.727414247788782602e-04
1.400000000000000000e+02 -6.126550556699477020e-03 -2.085544576110887342e-04
1.410000000000000000e+02 -5.362920262113443116e-03 -1.585604456210001423e-04
1.420000000000000000e+02 -4.681480100825842483e-03 -1.198577412110658194e-04
1.430000000000000000e+02 -4.075434764496916468e-03 -9.007863176542347757e-05
1.440000000000000000e+02 -3.538207375448818980e-03 -6.730546316731680337e-05
1.450000000000000000e+02 -3.063464290461819645e-03 -4.999653194853801423e-05
1.460000000000000000e+02 -2.645182359342887306e-03 -3.692142892591900114e-05
1.470000000000000000e+02 -2.277719650299265923e-03 -2.710529292604497097e-05
1.480000000000000000e+02 -1.955856819736484162e-03 -1.978128681988668464e-05
1.490000000000000000e+02 -1.674798584145186344e-03 -1.435051803644312514e-05
1.500000000000000000e+02 -1.430146327089311994e-03 -1.034858407135781703e-05
1.510000000000000000e+02 -1.217862327221366434e-03 -7.417922168269240966e-06
1.520000000000000000e+02 -1.034241988067888772e-03 -5.285173833150731285e-06
1.530000000000000000e+02 -8.758991572509198294e-04 -3.742826096295762502e-06
1.540000000000000000e+02 -7.397595647921996519e-04 -2.634457186881389719e-06
1.550000000000000000e+02 -6.230537669447173011e-04 -1.842984043405188168e-06
1.560000000000000000e+02 -5.233036624913243052e-04 -1.281382552566298855e-06
1.570000000000000000e+02 -4.383019704699292344e-04 -8.854229228257073660e-07
1.580000000000000000e+02 -3.660880523509369897e-04 -6.080306530756159667e-07
1.590000000000000000e+02 -3.049242772748241232e-04 -4.149455386564536116e-07
