0.000000000000000000e+00 -7.606604402088207285e-06 -1.373976294330339119e-06
1.000000000000000000e+00 -1.205460427983970828e-08 -1.332326745931427668e-09
2.000000000000000000e+00 -1.586897290791252617e-08 -1.955139666384772712e-09
3.000000000000000000e+00 -2.290634461659168213e-08 -2.981611500702548966e-09
4.000000000000000000e+00 -3.304661695645339931e-08 -4.528534094201238850e-09
5.000000000000000000e+00 -4.747005844130828771e-08 -6.840553711597006696e-09
6.000000000000000000e+00 -6.787972853209094583e-08 -1.027564486700195860e-08
7.000000000000000000e+00 -9.663159727776856846e-08 -1.534999159149775702e-08
8.000000000000000000e+00 -1.369550848532223078e-07 -2.280307087477049853e-08
9.000000000000000000e+00 -1.932449429767523727e-07 -3.368791719631121490e-08
1.000000000000000000e+01 -2.714458533125804663e-07 -4.949499325402129834e-08
1.100000000000000000e+01 -3.795630346562634322e-07 -7.232080912333040409e-08
1.200000000000000000e+01 -5.283371424024110996e-07 -1.050960089406612754e-07
1.300000000000000000e+01 -7.321212377871979123e-07 -1.518922668258049582e-07
1.400000000000000000e+01 -1.009998044143245940e-06 -2.183327925758572684e-07
1.500000000000000000e+01 -1.387186652036633435e-06 -3.121373417385996314e-07
1.600000000000000000e+01 -1.896813110722093796e-06 -4.438397436018891749e-07
1.700000000000000000e+01 -2.582150619908843634e-06 -6.277251889833882431e-07
1.800000000000000000e+01 -3.499456589567095849e-06 -8.830467728057106561e-07
1.900000000000000000e+01 -4.721537366528386610e-06 -1.235595605946596924e-06
2.000000000000000000e+01 -6.342167149615310329e-06 -1.719714377109970057e-06
2.100000000000000000e+01 -8.481497186355889980e-06 -2.380859353827611946e-06
2.200000000000000000e+01 -1.129262572030560971e-05 -3.278832109337307750e-06
2.300000000000000000e+01 -1.496954476853133972e-05 -4.491823594043737987e-06
2.400000000000000000e+01 -1.975671312586964719e-05 -6.121441211632478707e-06
2.500000000000000000e+01 -2.596052311343839225e-05 -8.298919830301318849e-06
2.600000000000000000e+01 -3.396295490110715868e-05 -1.119274181142204830e-05
2.700000000000000000e+01 -4.423775566443082668e-05 -1.501790568928614681e-05
2.800000000000000000e+01 -5.736949190599826046e-05 -2.004709571333663620e-05
2.900000000000000000e+01 -7.407572640527357679e-05 -2.662402741371635502e-05
3.000000000000000000e+01 -9.523238319742726604e-05 -3.517927812844589582e-05
3.100000000000000000e+01 -1.219022698168999012e-04 -4.624893574327777350e-05
3.200000000000000000e+01 -1.553669469267483739e-04 -6.049638761851699380e-05
3.300000000000000000e+01 -1.971626151064904216e-04 -7.873752237506537904e-05
3.400000000000000000e+01 -2.491209238401697560e-04 -1.019695617092387729e-04
3.500000000000000000e+01 -3.134149867922264143e-04 -1.314037125330980778e-04
3.600000000000000000e+01 -3.926094388957100667e-04 -1.685018202363807067e-04
3.700000000000000000e+01 -4.897121831048491030e-04 -2.150171461037902717e-04
3.800000000000000000e+01 -6.082259989343462639e-04 -2.730392268300163442e-04
3.900000000000000000e+01 -7.522006230146738824e-04 -3.450425264189131746e-04
4.000000000000000000e+01 -9.262882111720346576e-04 -4.339383666397558055e-04
4.100000000000000000e+01 -1.135804172911507835e-03 -5.431294994596822141e-04
4.200000000000000000e+01 -1.386790298086942440e-03 -6.765666008675956695e-04
4.300000000000000000e+01 -1.686071318939970929e-03 -8.388057496507696047e-04
4.400000000000000000e+01 -2.041295501740045606e-03 -1.035065515002926533e-03
4.500000000000000000e+01 -2.460957214725339234e-03 -1.271281750585793579e-03
4.600000000000000000e+01 -2.954409545378886871e-03 -1.554157852212757632e-03
4.700000000000000000e+01 -3.531877545828227341e-03 -1.891208191870590721e-03
4.800000000000000000e+01 -4.204471561181246861e-03 -2.290792460573133713e-03
4.900000000000000000e+01 -4.984182219543409689e-03 -2.762138370821098574e-03
5.000000000000000000e+01 -5.883830950450349984e-03 -3.315349532733720839e-03
5.100000000000000000e+01 -6.916964146601955674e-03 -3.961394764524304134e-03
5.200000000000000000e+01 -8.097707270524090103e-03 -4.712075159434512932e-03
5.300000000000000000e+01 -9.440611871010182177e-03 -5.579965899020540403e-03
5.400000000000000000e+01 -1.096051300282552786e-02 -6.578330407105249106e-03
5.500000000000000000e+01 -1.267237486354877776e-02 -7.721004343772816698e-03
5.600000000000000000e+01 -1.459107448410904180e-02 -9.022246395066345348e-03
5.700000000000000000e+01 -1.673108996969174464e-02 -1.049655291562304367e-02
5.800000000000000000e+01 -1.910611530036595077e-02 -1.215843501175942198e-02
5.900000000000000000e+01 -2.172867048371935825e-02 -1.402215896793750256e-02
6.000000000000000000e+01 -2.460976520127777095e-02 -1.610145233047960076e-02
6.100000000000000000e+01 -2.775860697523844026e-02 -1.840917761058981361e-02
6.200000000000000000e+01 -3.118228084704422615e-02 -2.095697485914248606e-02
6.300000000000000000e+01 -3.488533370684049340e-02 -2.375487590335717547e-02
6.400000000000000000e+01 -3.886927899773273687e-02 -2.681089753059791303e-02
6.500000000000000000e+01 -4.313212527984157385e-02 -3.013062537955341069e-02
6.600000000000000000e+01 -4.766803776290338968e-02 -3.371680055339421750e-02
6.700000000000000000e+01 -5.246714973634732104e-02 -3.756891677179837602e-02
6.800000000000000000e+01 -5.751543285832899643e-02 -4.168283297129309062e-02
6.900000000000000000e+01 -6.279451931956746280e-02 -4.605041097863551286e-02
7.000000000000000000e+01 -6.828147053303623704e-02 -5.065919847880665655e-02
7.100000000000000000e+01 -7.394861365214558391e-02 -5.549218281240084205e-02
7.200000000000000000e+01 -7.976359082621643781e-02 -6.052763181536960357e-02
7.300000000000000000e+01 -8.568965176702818265e-02 -6.573902023134060857e-02
7.400000000000000000e+01 -9.168607168355352721e-02 -7.109503419083976206e-02
7.500000000000000000e+01 -9.770854211569504622e-02 -7.655966364375572930e-02
7.600000000000000000e+01 -1.037095043166276209e-01 -8.209241708552902916e-02
7.700000000000000000e+01 -1.096385566101255454e-01 -8.764869092533103534e-02
7.800000000000000000e+01 -1.154430997233486522e-01 -9.318028617083491671e-02
7.900000000000000000e+01 -1.210692388418950494e-01 -9.863602300121027122e-02
8.000000000000000000e+01 -1.264627717345435109e-01 -1.039624103253928705e-01
8.100000000000000000e+01 -1.315700513746284606e-01 -1.091043857156912267e-01
8.200000000000000000e+01 -1.363386739888515498e-01 -1.140061856587222117e-01
8.300000000000000000e+01 -1.407181562729902802e-01 -1.186123684676259060e-01
8.400000000000000000e+01 -1.446608084275662343e-01 -1.228689122234379316e-01
8.500000000000000000e+01 -1.481228192199336990e-01 -1.267242561885348062e-01
8.600000000000000000e+01 -1.510653194727050175e-01 -1.301302251398649135e-01
8.700000000000000000e+01 -1.534551341047661888e-01 -1.330429094613883867e-01
8.800000000000000000e+01 -1.552651479369212550e-01 -1.354236115916584160e-01
8.900000000000000000e+01 -1.564745045387307965e-01 -1.372398411871991464e-01
9.000000000000000000e+01 -1.570689416942180339e-01 -1.384661755338213451e-01
9.100000000000000000e+01 -1.570413416353319547e-01 -1.390848020030655274e-01
9.200000000000000000e+01 -1.563922423881293489e-01 -1.390857585687103326e-01
9.300000000000000000e+01 -1.551299422354532886e-01 -1.384670757191369950e-01
9.400000000000000000e+01 -1.532700622712973859e-01 -1.372349700350407320e-01
9.500000000000000000e+01 -1.508348091092967802e-01 -1.354039846541049696e-01
9.600000000000000000e+01 -1.478523477320823898e-01 -1.329968085897296481e-01
9.700000000000000000e+01 -1.443564874337394388e-01 -1.300436507119178964e-01
9.800000000000000000e+01 -1.403864898244600312e-01 -1.265813571715242725e-01
9.900000000000000000e+01 -1.359865971272286589e-01 -1.226525873716793891e-01
1.000000000000000000e+02 -1.312050538408283673e-01 -1.183051458794500133e-01
1.010000000000000000e+02 -1.260927964031118287e-01 -1.135912510491364213e-01
1.020000000000000000e+02 -1.207022430632575805e-01 -1.085664791944757346e-01
1.030000000000000000e+02 -1.150864957447494813e-01 -1.032884152736758682e-01
1.040000000000000000e+02 -1.092988852183628956e-01 -9.781533295162313235e-02
1.050000000000000000e+02 -1.033925025632213557e-01 -9.220518089556013763e-02
1.060000000000000000e+02 -9.741941867139103373e-02 -8.651482471427954235e-02
1.070000000000000000e+02 -9.142962846404212307e-02 -8.079926498384558398e-02
1.080000000000000000e+02 -8.547005168348981163e-02 -7.511067490535140723e-02
1.090000000000000000e+02 -7.958391678062989860e-02 -6.949741527104996708e-02
1.100000000000000000e+02 -7.381057326428515364e-02 -6.400331991468891091e-02
1.110000000000000000e+02 -6.818548739505977951e-02 -5.866735905052622435e-02
1.120000000000000000e+02 -6.274012744982998546e-02 -5.352351047705924958e-02
1.130000000000000000e+02 -5.750165339341099802e-02 -4.860060986203257327e-02
1.140000000000000000e+02 -5.249258184331810628e-02 -4.392214614227431951e-02
1.150000000000000000e+02 -4.773067388385993093e-02 -3.950616791712682763e-02
1.160000000000000000e+02 -4.322914600874649266e-02 -3.536545051329659933e-02
1.170000000000000000e+02 -3.899708646968295944e-02 -3.150788777219309250e-02
1.180000000000000000e+02 -3.503986323794969909e-02 -2.793694127312021727e-02
1.190000000000000000e+02 -3.135939721595304430e-02 -2.465203135829165809e-02
1.200000000000000000e+02 -2.795434300225164634e-02 -2.164889947526647471e-02
1.210000000000000000e+02 -2.482031589063781948e-02 -1.892003871636182416e-02
1.220000000000000000e+02 -2.195026095988727652e-02 -1.645522538360307332e-02
1.230000000000000000e+02 -1.933493879058440987e-02 -1.424208564397838432e-02
1.240000000000000000e+02 -1.696341705234012329e-02 -1.226660940219701651e-02
1.250000000000000000e+02 -1.482347104000203593e-02 -1.051358374902737307e-02
1.260000000000000000e+02 -1.290187880205221835e-02 -8.966980004610974192e-03
1.270000000000000000e+02 -1.118466786479459935e-02 -7.610330638281566709e-03
1.280000000000000000e+02 -9.657376983757270592e-03 -6.427091925340068686e-03
1.290000000000000000e+02 -8.305348249908479918e-03 -5.400960312595173493e-03
1.300000000000000000e+02 -7.114013912021674088e-03 -4.516120841890201854e-03
1.310000000000000000e+02 -6.069130221885489854e-03 -3.757433575589145917e-03
1.320000000000000000e+02 -5.156938224813139258e-03 -3.110577201754396396e-03
1.330000000000000000e+02 -4.364267875671973100e-03 -2.562161196622578761e-03
1.340000000000000000e+02 -3.678617137393944657e-03 -2.099805395672229950e-03
1.350000000000000000e+02 -3.088226045589601010e-03 -1.712183184030416057e-03
1.360000000000000000e+02 -2.582143707045605509e-03 -1.389030693114553247e-03
1.370000000000000000e+02 -2.150273813442220121e-03 -1.121129885228899954e-03
1.380000000000000000e+02 -1.783388389251430034e-03 -9.002732771498394735e-04
1.390000000000000000e+02 -1.473112345368608224e-03 -7.192149558988372195e-04
1.400000000000000000e+02 -1.211890717317977558e-03 -5.716106856377468383e-04
1.410000000000000000e+02 -9.929502233344371376e-04 -4.519500646519253144e-04
1.420000000000000000e+02 -8.102599508166822466e-04 -3.554840933150893662e-04
1.430000000000000000e+02 -6.584895395067276534e-04 -2.781510628898896127e-04
1.440000000000000000e+02 -5.329616600128221551e-04 -2.165028820187777931e-04
1.450000000000000000e+02 -4.295983039084810113e-04 -1.676335433095286456e-04
1.460000000000000000e+02 -3.448638198805935870e-04 -1.291112740637804905e-04
1.470000000000000000e+02 -2.757088163962045967e-04 -9.891553089129825947e-05
1.480000000000000000e+02 -2.195176918751661193e-04 -7.537936525208606116e-05
1.490000000000000000e+02 -1.740603251565261587e-04 -5.713721170657253901e-05
1.500000000000000000e+02 -1.374471156852811386e-04 -4.307805300852940650e-05
1.510000000000000000e+02 -1.080866275889780681e-04 -3.230398533570543536e-05
1.520000000000000000e+02 -8.464589821346364955e-05 -2.409413457476214130e-05
1.530000000000000000e+02 -6.601406751586904350e-05 -1.787363332208687829e-05
1.540000000000000000e+02 -5.126993216935213816e-05 -1.318715734460027275e-05
1.550000000000000000e+02 -3.965352931300396478e-05 -9.676484840614084994e-06
1.560000000000000000e+02 -3.054138079814944663e-05 -7.061625973656417878e-06
1.570000000000000000e+02 -2.342486660250858965e-05 -5.125138191979428017e-06
1.580000000000000000e+02 -1.789131690726244442e-05 -3.699241120162555962e-06
1.590000000000000000e+02 -1.360760238371980502e-05 -2.655322781597902094e-06
