0.000000000000000000e+00 -7.298436285433985472e-06 -3.983341189244886395e-06
1.000000000000000000e+00 -8.548518036639817943e-10 -1.799843373511857929e-09
2.000000000000000000e+00 -1.206595418951696865e-09 -2.518103451327880569e-09
3.000000000000000000e+00 -1.807820523258295358e-09 -3.771863779039675286e-09
4.000000000000000000e+00 -2.700969743795869493e-09 -5.634781467517137970e-09
5.000000000000000000e+00 -4.016678872829463475e-09 -8.378433490078401857e-09
6.000000000000000000e+00 -5.944785987142649565e-09 -1.239747428648008270e-08
7.000000000000000000e+00 -8.756303635018330536e-09 -1.825415226816432602e-08
8.000000000000000000e+00 -1.283604586310910920e-08 -2.674541940320988127e-08
9.000000000000000000e+00 -1.872765013382250533e-08 -3.899587387589444661e-08
1.000000000000000000e+01 -2.719488305721262743e-08 -5.658395006623436625e-08
1.100000000000000000e+01 -3.930461095296223416e-08 -8.171127073558532470e-08
1.200000000000000000e+01 -5.653887772068167588e-08 -1.174294309628350272e-07
1.300000000000000000e+01 -8.094606570769719200e-08 -1.679446411275545136e-07
1.400000000000000000e+01 -1.153437318320416757e-07 -2.390268229536622752e-07
1.500000000000000000e+01 -1.635882812845134791e-07 -3.385540961514404974e-07
1.600000000000000000e+01 -2.309298185094004186e-07 -4.772270193546796199e-07
1.700000000000000000e+01 -3.244755955238802030e-07 -6.694940553963098155e-07
1.800000000000000000e+01 -4.537932951203111078e-07 -9.347453106405635408e-07
1.900000000000000000e+01 -6.316950499430255619e-07 -1.298854460863989428e-06
2.000000000000000000e+01 -8.752521649752931318e-07 -1.796169676932859578e-06
2.100000000000000000e+01 -1.207097366956988018e-06 -2.472063711585369419e-06
2.200000000000000000e+01 -1.657078158351540644e-06 -3.386154393798950617e-06
2.300000000000000000e+01 -2.264337189379145268e-06 -4.616319620747461450e-06
2.400000000000000000e+01 -3.079917704102313741e-06 -6.263675235475974821e-06
2.500000000000000000e+01 -4.170020401268577723e-06 -8.458751690097569831e-06
2.600000000000000000e+01 -5.620060705856403524e-06 -1.136915357571846793e-05
2.700000000000000000e+01 -7.539682752982624397e-06 -1.520897511730329183e-05
2.800000000000000000e+01 -1.006888422205013165e-05 -2.025019310631215100e-05
2.900000000000000000e+01 -1.338541721949514972e-05 -2.683625163163112554e-05
3.000000000000000000e+01 -1.771367413835862222e-05 -3.539816291100201254e-05
3.100000000000000000e+01 -2.333533228957999960e-05 -4.647362600404334853e-05
3.200000000000000000e+01 -3.060207058793046206e-05 -6.072973200082586713e-05
3.300000000000000000e+01 -3.995064226418604399e-05 -7.898963839230779274e-05
3.400000000000000000e+01 -5.192050362105848915e-05 -1.022632598495889150e-04
3.500000000000000000e+01 -6.717414235276662304e-05 -1.317818795592242320e-04
3.600000000000000000e+01 -8.652029996485276664e-05 -1.690368837889686976e-04
3.700000000000000000e+01 -1.109404159833083243e-04 -2.158233319804828956e-04
3.800000000000000000e+01 -1.416186820929224118e-04 -2.742891311386530398e-04
3.900000000000000000e+01 -1.799759220804274175e-04 -3.469897314018657972e-04
4.000000000000000000e+01 -2.277071331477853661e-04 -4.369469476065546533e-04
4.100000000000000000e+01 -2.868221975675015831e-04 -5.477099524014893356e-04
4.200000000000000000e+01 -3.596892876400949071e-04 -6.834174649181020290e-04
4.300000000000000000e+01 -4.490808173454669460e-04 -8.488618322736813044e-04
4.400000000000000000e+01 -5.582219988433066975e-04 -1.049555930559906885e-03
4.500000000000000000e+01 -6.908416299266483679e-04 -1.291801284107403809e-03
4.600000000000000000e+01 -8.512236666270159768e-04 -1.582752023784932561e-03
4.700000000000000000e+01 -1.044257139966931099e-03 -1.930467909551094111e-03
4.800000000000000000e+01 -1.275481944263976439e-03 -2.343952782388962052e-03
4.900000000000000000e+01 -1.551129054965314467e-03 -2.833179983283442421e-03
5.000000000000000000e+01 -1.878154734377300008e-03 -3.409107660594381042e-03
5.100000000000000000e+01 -2.264267797411895124e-03 -4.083681200908005973e-03
5.200000000000000000e+01 -2.717946762640844737e-03 -4.869811348091421070e-03
5.300000000000000000e+01 -3.248441362689206274e-03 -5.781313958496946473e-03
5.400000000000000000e+01 -3.865752837979249002e-03 -6.832805650475897927e-03
5.500000000000000000e+01 -4.580590415304054870e-03 -8.039562573483684249e-03
5.600000000000000000e+01 -5.404305062476523827e-03 -9.417353881861514203e-03
5.700000000000000000e+01 -6.348802234458713473e-03 -1.098225057291413002e-02
5.800000000000000000e+01 -7.426431362898748209e-03 -1.275039359386308940e-02
5.900000000000000000e+01 -8.649844458012940357e-03 -1.473770126655023043e-02
6.000000000000000000e+01 -1.003181530868116345e-02 -1.695951368875832713e-02
6.100000000000000000e+01 -1.158501747353485496e-02 -1.943019695702999025e-02
6.200000000000000000e+01 -1.332176952269830197e-02 -2.216273745324886385e-02
6.300000000000000000e+01 -1.525376074420897905e-02 -2.516833596878487872e-02
6.400000000000000000e+01 -1.739176387800019791e-02 -2.845598305955325535e-02
6.500000000000000000e+01 -1.974532809436409936e-02 -3.203199360848083682e-02
6.600000000000000000e+01 -2.232243902603044464e-02 -3.589951031420614280e-02
6.700000000000000000e+01 -2.512914380573157830e-02 -4.005802406152617068e-02
6.800000000000000000e+01 -2.816916274179061611e-02 -4.450296237886892242e-02
6.900000000000000000e+01 -3.144352511001625300e-02 -4.922535708584872827e-02
7.000000000000000000e+01 -3.495025596807524448e-02 -5.421155921637864361e-02
7.100000000000000000e+01 -3.868410799777172865e-02 -5.944297386829047042e-02
7.200000000000000000e+01 -4.263630679084244590e-02 -6.489584260595553100e-02
7.300000000000000000e+01 -4.679429055346003008e-02 -7.054114945429512673e-02
7.400000000000000000e+01 -5.114147429469299844e-02 -7.634470793899775232e-02
7.500000000000000000e+01 -5.565711154342192768e-02 -8.226740818330072202e-02
7.600000000000000000e+01 -6.031631410469275034e-02 -8.826554392934177207e-02
7.700000000000000000e+01 -6.509021866043603055e-02 -9.429117076957699295e-02
7.800000000000000000e+01 -6.994621795731377489e-02 -1.002925463563790059e-01
7.900000000000000000e+01 -7.484817962307191430e-02 -1.062147629750826577e-01
8.000000000000000000e+01 -7.975666981554975499e-02 -1.120006195960919770e-01
8.100000000000000000e+01 -8.462930011649807960e-02 -1.175916383807312365e-01
8.200000000000000000e+01 -8.942131340367923120e-02 -1.229290539600257637e-01
8.300000000000000000e+01 -9.408639246236275011e-02 -1.279546894917477362e-01
8.400000000000000000e+01 -9.857752296287466964e-02 -1.326118111929025511e-01
8.500000000000000000e+01 -1.028477261604485993e-01 -1.368461359311259340e-01
8.600000000000000000e+01 -1.068506394786041119e-01 -1.406070427998085404e-01
8.700000000000000000e+01 -1.105411243093310930e-01 -1.438488104842087223e-01
8.800000000000000000e+01 -1.138761106896788444e-01 -1.465316021026609461e-01
8.900000000000000000e+01 -1.168156834146658329e-01 -1.486220763836980652e-01
9.000000000000000000e+01 -1.193241496226086495e-01 -1.500937853511068731e-01
9.100000000000000000e+01 -1.213707727479360760e-01 -1.509276409363622951e-01
9.200000000000000000e+01 -1.229301008985891064e-01 -1.511125510586524556e-01
9.300000000000000000e+01 -1.239821467344092293e-01 -1.506460033689138445e-01
9.400000000000000000e+01 -1.245127609932972501e-01 -1.495342405338369318e-01
9.500000000000000000e+01 -1.245142693247438537e-01 -1.477918848155447828e-01
9.600000000000000000e+01 -1.239860591191287442e-01 -1.454412417438851468e-01
9.700000000000000000e+01 -1.229346962510809993e-01 -1.425116768205904882e-01
9.800000000000000000e+01 -1.213734568488321203e-01 -1.390392427034762846e-01
9.900000000000000000e+01 -1.193215989909803543e-01 -1.350663451426028783e-01
1.000000000000000000e+02 -1.168038399059150578e-01 -1.306410641031112707e-01
1.010000000000000000e+02 -1.138501925443476115e-01 -1.258159716788473381e-01
1.020000000000000000e+02 -1.104958500781438036e-01 -1.206466937903273584e-01
1.030000000000000000e+02 -1.067806524875476032e-01 -1.151906499351034452e-01
1.040000000000000000e+02 -1.027479889437620808e-01 -1.095061936911349149e-01
1.050000000000000000e+02 -9.844347297292474486e-02 -1.036519807456010578e-01
1.060000000000000000e+02 -9.391389831105076413e-02 -9.768620004365624609e-02
1.070000000000000000e+02 -8.920667744602897575e-02 -9.166549229059323123e-02
1.080000000000000000e+02 -8.436949102624319297e-02 -8.564374648321472494e-02
1.090000000000000000e+02 -7.944970126656671072e-02 -7.967114598567520689e-02
1.100000000000000000e+02 -7.449336381662306772e-02 -7.379366819323592008e-02
1.110000000000000000e+02 -6.954411454541828408e-02 -6.805290759943412315e-02
1.120000000000000000e+02 -6.464237287645667462e-02 -6.248591634245274917e-02
1.130000000000000000e+02 -5.982504849089487209e-02 -5.712488503519308480e-02
1.140000000000000000e+02 -5.512553533443934062e-02 -5.199676485764137546e-02
1.150000000000000000e+02 -5.057361904737788655e-02 -4.712308143475159999e-02
1.160000000000000000e+02 -4.619513559047468826e-02 -4.252008652994444804e-02
1.170000000000000000e+02 -4.201156003485637114e-02 -3.819916148481749402e-02
1.180000000000000000e+02 -3.803983720149098358e-02 -3.416725459369215900e-02
1.190000000000000000e+02 -3.429258748438984011e-02 -3.042720717545187650e-02
1.200000000000000000e+02 -3.077853519145709246e-02 -2.697800188819071687e-02
1.210000000000000000e+02 -2.750289212297626906e-02 -2.381507291407639754e-02
1.220000000000000000e+02 -2.446756705262794970e-02 -2.093076814042109032e-02
1.230000000000000000e+02 -2.167129662360163869e-02 -1.831492076213554407e-02
1.240000000000000000e+02 -1.910988397122941745e-02 -1.595540627532179845e-02
1.250000000000000000e+02 -1.677662671717879486e-02 -1.383859412896200694e-02
1.260000000000000000e+02 -1.466284523523386785e-02 -1.194970030899988531e-02
1.270000000000000000e+02 -1.275835329105180771e-02 -1.027311076219808439e-02
1.280000000000000000e+02 -1.105179092203868556e-02 -8.792728747681610724e-03
1.290000000000000000e+02 -9.530866438797913620e-03 -7.492335922130967212e-03
1.300000000000000000e+02 -8.182607657056166148e-03 -6.355914258312901285e-03
1.310000000000000000e+02 -6.993670512684828193e-03 -5.367887220670343115e-03
1.320000000000000000e+02 -5.950666071968592832e-03 -4.513282320847003017e-03
1.330000000000000000e+02 -5.040431184603465058e-03 -3.777848699634119185e-03
1.340000000000000000e+02 -4.250204981597888523e-03 -3.148159734301449273e-03
1.350000000000000000e+02 -3.567734606542713113e-03 -2.611704860401442216e-03
1.360000000000000000e+02 -2.981360213087582475e-03 -2.156955190323847724e-03
1.370000000000000000e+02 -2.480107145330142943e-03 -1.773389326758364505e-03
1.380000000000000000e+02 -2.053774419850747882e-03 -1.451481632331138964e-03
1.390000000000000000e+02 -1.692991581599485830e-03 -1.182667818975030680e-03
1.400000000000000000e+02 -1.389230040007251614e-03 -9.593024218202826810e-04
1.410000000000000000e+02 -1.134779811921193945e-03 -7.746134980520915985e-04
1.420000000000000000e+02 -9.227139959558191456e-04 -6.226519224657755310e-04
1.430000000000000000e+02 -7.468552761486259295e-04 -4.982318740138011329e-04
1.440000000000000000e+02 -6.017435626190769391e-04 -3.968635712252142770e-04
1.450000000000000000e+02 -4.825962609932779460e-04 -3.146833355752466903e-04
1.460000000000000000e+02 -3.852565159839866564e-04 -2.483861863819673312e-04
1.470000000000000000e+02 -3.061331198578164255e-04 -1.951633185365745737e-04
1.480000000000000000e+02 -2.421400237578109676e-04 -1.526440494963498466e-04
1.490000000000000000e+02 -1.906410852155739294e-04 -1.188411012317682982e-04
1.500000000000000000e+02 -1.494005954338328813e-04 -9.209903258923666169e-05
1.510000000000000000e+02 -1.165370896053132129e-04 -7.104669263909946068e-05
1.520000000000000000e+02 -9.047850775825949350e-05 -5.455468199367811071e-05
1.530000000000000000e+02 -6.991906788684156709e-05 -4.169811853417886401e-05
1.540000000000000000e+02 -5.377964696121675790e-05 -3.172426491121209700e-05
1.550000000000000000e+02 -4.117308502023353631e-05 -2.402431505405417059e-05
1.560000000000000000e+02 -3.137448716905028706e-05 -1.810881605784173758e-05
1.570000000000000000e+02 -2.379561270633872064e-05 -1.358646404752452429e-05
1.580000000000000000e+02 -1.796237770720171908e-05 -1.014610033385168780e-05
1.590000000000000000e+02 -1.349501107059840093e-05 -7.541646436594195544e-06
