0.000000000000000000e+00 -5.284704973915341629e-06 -2.376295525940892456e-04
1.000000000000000000e+00 -1.869210970435939501e-06 -1.953084737670056080e-05
2.000000000000000000e+00 -2.520184828181494222e-06 -1.843981838469727395e-05
3.000000000000000000e+00 -3.359709124407244817e-06 -2.216937737212585507e-05
4.000000000000000000e+00 -4.270238080300128619e-06 -2.706704839648668820e-05
5.000000000000000000e+00 -5.090830542776181678e-06 -3.300014269192570808e-05
6.000000000000000000e+00 -5.666875114486113952e-06 -4.018185359682592702e-05
7.000000000000000000e+00 -5.916303567637943209e-06 -4.891229218835795625e-05
8.000000000000000000e+00 -5.887061928612835003e-06 -5.952925638629096705e-05
9.000000000000000000e+00 -5.780115492796344608e-06 -7.237398589076951474e-05
1.000000000000000000e+01 -5.920257953605012904e-06 -8.777027619193909216e-05
1.100000000000000000e+01 -6.672687114273944143e-06 -1.060347405075373368e-04
1.200000000000000000e+01 -8.321645927584752083e-06 -1.275275004562656219e-04
1.300000000000000000e+01 -1.094432338624952521e-05 -1.527327712280754216e-04
1.400000000000000000e+01 -1.432522052527657351e-05 -1.823379420790482617e-04
1.500000000000000000e+01 -1.795744082699737016e-05 -2.172699168530472017e-04
1.600000000000000000e+01 -2.115977906590742303e-05 -2.586580655707215303e-04
1.700000000000000000e+01 -2.329901855762096357e-05 -3.077252744683878628e-04
1.800000000000000000e+01 -2.405638992874591634e-05 -3.656514033776672463e-04
1.900000000000000000e+01 -2.363996160239925838e-05 -4.334852699883745943e-04
2.000000000000000000e+01 -2.284440437569419820e-05 -5.121786628828476403e-04
2.100000000000000000e+01 -2.290187971472332543e-05 -6.027687062884690616e-04
2.200000000000000000e+01 -2.513673045789512333e-05 -7.066575939231418621e-04
2.300000000000000000e+01 -3.050731474770300975e-05 -8.258678617697864845e-04
2.400000000000000000e+01 -3.917209930398016986e-05 -9.631292207155850915e-04
2.500000000000000000e+01 -5.024233943544379366e-05 -1.121705705541130695e-03
2.600000000000000000e+01 -6.186502118324282745e-05 -1.304991990002825949e-03
2.700000000000000000e+01 -7.169843702673286707e-05 -1.516047222719767509e-03
2.800000000000000000e+01 -7.769959290680704118e-05 -1.757318030977438397e-03
2.900000000000000000e+01 -7.898351308508381834e-05 -2.030762971695762673e-03
3.000000000000000000e+01 -7.642181312982874758e-05 -2.338417768288250913e-03
3.100000000000000000e+01 -7.268928105304324635e-05 -2.683201408770867491e-03
3.200000000000000000e+01 -7.164212455100499701e-05 -3.069578713892884801e-03
3.300000000000000000e+01 -7.714824000402521287e-05 -3.503680449019037132e-03
3.400000000000000000e+01 -9.169708433333217392e-05 -3.992684429941738278e-03
3.500000000000000000e+01 -1.152362211406617780e-04 -4.543621316591761779e-03
3.600000000000000000e+01 -1.446893638297208368e-04 -5.162124963464275948e-03
3.700000000000000000e+01 -1.744832275002468206e-04 -5.851794589998207848e-03
3.800000000000000000e+01 -1.981238637464890465e-04 -6.614638786680191417e-03
3.900000000000000000e+01 -2.104536241052659337e-04 -7.452567414797041552e-03
4.000000000000000000e+01 -2.098383970643721646e-04 -8.369313003358649916e-03
4.100000000000000000e+01 -1.993991196164524916e-04 -9.371808597285816861e-03
4.200000000000000000e+01 -1.866470142507081612e-04 -1.047015675752755587e-02
4.300000000000000000e+01 -1.814384091062356164e-04 -1.167591950300388495e-02
4.400000000000000000e+01 -1.927900009669275766e-04 -1.299931341653974906e-02
4.500000000000000000e+01 -2.255403927718914936e-04 -1.444659109193695105e-02
4.600000000000000000e+01 -2.779880390390728189e-04 -1.601900905294952049e-02
4.700000000000000000e+01 -3.414694631479536432e-04 -1.771414928662599919e-02
4.800000000000000000e+01 -4.023686294076924764e-04 -1.952920902107930720e-02
4.900000000000000000e+01 -4.462837066200691077e-04 -2.146476418763272956e-02
5.000000000000000000e+01 -4.631775926250110225e-04 -2.352705056324230076e-02
5.100000000000000000e+01 -4.516809655029325804e-04 -2.572731747344257983e-02
5.200000000000000000e+01 -4.207346377642730067e-04 -2.807815179457468988e-02
5.300000000000000000e+01 -3.876023530106545282e-04 -3.058825452502431791e-02
5.400000000000000000e+01 -3.726333377233228129e-04 -3.325816414171856722e-02
5.500000000000000000e+01 -3.923947782458322639e-04 -3.607922557654665019e-02
5.600000000000000000e+01 -4.534362067350217206e-04 -3.903665157707582323e-02
5.700000000000000000e+01 -5.488585002572463761e-04 -4.211546947784886030e-02
5.800000000000000000e+01 -6.591538485778647644e-04 -4.530653721651767274e-02
5.900000000000000000e+01 -7.575889054319128336e-04 -4.860952508334601130e-02
6.000000000000000000e+01 -8.188705686973286749e-04 -5.203104434652718741e-02
6.100000000000000000e+01 -8.283623822920725861e-04 -5.557843861280429426e-02
6.200000000000000000e+01 -7.884161268159317875e-04 -5.925203517012175847e-02
6.300000000000000000e+01 -7.190613123200361584e-04 -6.303967985463224122e-02
6.400000000000000000e+01 -6.522990872318835650e-04 -6.691648781130463131e-02
6.500000000000000000e+01 -6.217101875738471157e-04 -7.085026274514288902e-02
6.600000000000000000e+01 -6.508698617816405067e-04 -7.481018957434233674e-02
6.700000000000000000e+01 -7.445006454944121978e-04 -7.877465032868324890e-02
6.800000000000000000e+01 -8.854517576126246436e-04 -8.273427399318379616e-02
6.900000000000000000e+01 -1.038902532895713202e-03 -8.668854600208925065e-02
7.000000000000000000e+01 -1.163018902750360180e-03 -9.063745434949964375e-02
7.100000000000000000e+01 -1.223013113953824900e-03 -9.457219920444187578e-02
7.200000000000000000e+01 -1.203866004582240020e-03 -9.846960515650206303e-02
7.300000000000000000e+01 -1.116837325117840500e-03 -1.022931501222112821e-01
7.400000000000000000e+01 -9.968479836866930063e-04 -1.060002950840899100e-01
7.500000000000000000e+01 -8.912639075873598615e-04 -1.095527016897118178e-01
7.600000000000000000e+01 -8.439522248987710740e-04 -1.129245051481028439e-01
7.700000000000000000e+01 -8.801765877382173447e-04 -1.161047427406135396e-01
7.800000000000000000e+01 -9.974438824762845227e-04 -1.190928602628548438e-01
7.900000000000000000e+01 -1.165369438689556336e-03 -1.218895725949903086e-01
8.000000000000000000e+01 -1.334863141352314988e-03 -1.244876012528475517e-01
8.100000000000000000e+01 -1.454067622053612906e-03 -1.268668242391394752e-01
8.200000000000000000e+01 -1.486036646802850903e-03 -1.289961564024743046e-01
8.300000000000000000e+01 -1.421986561796025582e-03 -1.308411873293203742e-01
8.400000000000000000e+01 -1.285018327053332734e-03 -1.323738928793015690e-01
8.500000000000000000e+01 -1.122581160193690010e-03 -1.335798764700036334e-01
8.600000000000000000e+01 -9.903124447732626276e-04 -1.344599037023941623e-01
8.700000000000000000e+01 -9.331524514312142683e-04 -1.350252738073374759e-01
8.800000000000000000e+01 -9.703509088445432754e-04 -1.352894727999620073e-01
8.900000000000000000e+01 -1.089224148702425555e-03 -1.352601886457765745e-01
9.000000000000000000e+01 -1.249441728624860973e-03 -1.349353910251924193e-01
9.100000000000000000e+01 -1.396382286206728938e-03 -1.343050665266961319e-01
9.200000000000000000e+01 -1.479349806325733641e-03 -1.333574758115990411e-01
9.300000000000000000e+01 -1.468683664287764694e-03 -1.320867866308379213e-01
9.400000000000000000e+01 -1.365766380619777478e-03 -1.304985028016378834e-01
9.500000000000000000e+01 -1.202188922711177731e-03 -1.286103335081620613e-01
9.600000000000000000e+01 -1.028371717684008289e-03 -1.264483675861702849e-01
9.700000000000000000e+01 -8.960100663428496523e-04 -1.240405586106063524e-01
9.800000000000000000e+01 -8.408399476306370642e-04 -1.214105983606740269e-01
9.900000000000000000e+01 -8.715805398012265587e-04 -1.185748303359567823e-01
1.000000000000000000e+02 -9.682424111129429682e-04 -1.155432533348936253e-01
1.010000000000000000e+02 -1.089748122251091387e-03 -1.123237347084798110e-01
1.020000000000000000e+02 -1.188064670450342773e-03 -1.089271966720358753e-01
1.030000000000000000e+02 -1.224218100814934316e-03 -1.053713020765765229e-01
1.040000000000000000e+02 -1.180923611182352947e-03 -1.016810510273468138e-01
1.050000000000000000e+02 -1.067532640100065126e-03 -9.788621928140175954e-02
1.060000000000000000e+02 -9.156642227379546608e-04 -9.401698683519077449e-02
1.070000000000000000e+02 -7.674040970770536034e-04 -9.009978340786835294e-02
1.080000000000000000e+02 -6.607109221513185297e-04 -8.615507787008738760e-02
1.090000000000000000e+02 -6.173405053166965487e-04 -8.219780096638057421e-02
1.100000000000000000e+02 -6.370958502379536759e-04 -7.823986236662637539e-02
1.110000000000000000e+02 -6.995917973571084579e-04 -7.429336765667439446e-02
1.120000000000000000e+02 -7.722486675384822915e-04 -7.037299192268894887e-02
1.130000000000000000e+02 -8.215694536868280900e-04 -6.649651511870781351e-02
1.140000000000000000e+02 -8.240158853015501581e-04 -6.268345518182964760e-02
1.150000000000000000e+02 -7.730111245843206049e-04 -5.895259013037128237e-02
1.160000000000000000e+02 -6.798738673709144595e-04 -5.531956277540148181e-02
1.170000000000000000e+02 -5.686515811097605589e-04 -5.179558424602704464e-02
1.180000000000000000e+02 -4.670847439763266057e-04 -4.838764809042139098e-02
1.190000000000000000e+02 -3.972293627511665898e-04 -4.509995881688735886e-02
1.200000000000000000e+02 -3.689981388409446479e-04 -4.193579281360310107e-02
1.210000000000000000e+02 -3.783731885685343130e-04 -3.889893103765098420e-02
1.220000000000000000e+02 -4.102074790252163011e-04 -3.599411413820224892e-02
1.230000000000000000e+02 -4.441513719682627743e-04 -3.322648232022325232e-02
1.240000000000000000e+02 -4.615711364736918066e-04 -3.060041820539783491e-02
1.250000000000000000e+02 -4.512749576536543910e-04 -2.811841470589477449e-02
1.260000000000000000e+02 -4.123416267525476355e-04 -2.578048748912176516e-02
1.270000000000000000e+02 -3.533295196055458642e-04 -2.358433508994998984e-02
1.280000000000000000e+02 -2.884230057537300659e-04 -2.152609266865523896e-02
1.290000000000000000e+02 -2.321553061307685508e-04 -1.960129225156334240e-02
1.300000000000000000e+02 -1.947107681028918485e-04 -1.780561667153014727e-02
1.310000000000000000e+02 -1.793150980368260667e-04 -1.613519427986593105e-02
1.320000000000000000e+02 -1.822229063927025699e-04 -1.458642521149660504e-02
1.330000000000000000e+02 -1.948583565158474532e-04 -1.315553501363939809e-02
1.340000000000000000e+02 -2.071078192965455857e-04 -1.183813349100941437e-02
1.350000000000000000e+02 -2.106284392302570680e-04 -1.062900132828597209e-02
1.360000000000000000e+02 -2.011947315083468689e-04 -9.522184087944911279e-03
1.370000000000000000e+02 -1.794695393038932361e-04 -8.511322222584343303e-03
1.380000000000000000e+02 -1.501120003045252737e-04 -7.590055092763035166e-03
1.390000000000000000e+02 -1.197017884416134005e-04 -6.752334979357390785e-03
1.400000000000000000e+02 -9.433986955189663909e-05 -5.992557018913580690e-03
1.410000000000000000e+02 -7.779557793566728267e-05 -5.305507545121821919e-03
1.420000000000000000e+02 -7.072520602710325333e-05 -4.686208616918320982e-03
1.430000000000000000e+02 -7.100492727258784251e-05 -4.129762012268017694e-03
1.440000000000000000e+02 -7.484640440108776603e-05 -3.631271119977266554e-03
1.450000000000000000e+02 -7.820856522822631867e-05 -3.185865838470948019e-03
1.460000000000000000e+02 -7.804663024042843983e-05 -2.788803539519191764e-03
1.470000000000000000e+02 -7.306575899663949724e-05 -2.435590924602203024e-03
1.480000000000000000e+02 -6.382428086347417871e-05 -2.122074004466787452e-03
1.490000000000000000e+02 -5.223915381458519295e-05 -1.844468151233199940e-03
1.500000000000000000e+02 -4.073696855828185388e-05 -1.599331118890842977e-03
1.510000000000000000e+02 -3.139057334448036812e-05 -1.383504206656792183e-03
1.520000000000000000e+02 -2.533562130466161948e-05 -1.194052854129810416e-03
1.530000000000000000e+02 -2.260375553827996024e-05 -1.028229272412143269e-03
1.540000000000000000e+02 -2.233194241559768490e-05 -8.834637261718933637e-04
1.550000000000000000e+02 -2.319453537179985925e-05 -7.573766005563385261e-04
1.560000000000000000e+02 -2.387978117613596737e-05 -6.477962779294575138e-04
1.570000000000000000e+02 -2.346725504397107102e-05 -5.527691685928183551e-04
1.580000000000000000e+02 -2.162009872071480975e-05 -4.705550877545320448e-04
1.590000000000000000e+02 -1.856830838528714076e-05 -3.996090755052369254e-04
