0.000000000000000000e+00 -1.067960682405973621e-04 -1.129778445745321124e-05
1.000000000000000000e+00 -4.741074794171598772e-07 -7.281710440624752611e-08
2.000000000000000000e+00 -5.304649911230612871e-07 -8.914921442324650353e-08
3.000000000000000000e+00 -6.954587274741600934e-07 -1.224417090416603448e-07
4.000000000000000000e+00 -9.196983291949603394e-07 -1.683521782330420653e-07
5.000000000000000000e+00 -1.213210724397083145e-06 -2.306697483059684169e-07
6.000000000000000000e+00 -1.594575186949388127e-06 -3.148533145036226504e-07
7.000000000000000000e+00 -2.088693977285384112e-06 -4.281113579881340109e-07
8.000000000000000000e+00 -2.727759916507630897e-06 -5.798801372721525288e-07
9.000000000000000000e+00 -3.552485807943448748e-06 -7.824577927849574140e-07
1.000000000000000000e+01 -4.613250344221640382e-06 -1.051800803571659449e-06
1.100000000000000000e+01 -5.971475483784865413e-06 -1.408514847446732281e-06
1.200000000000000000e+01 -7.701910181720522951e-06 -1.879083650953766425e-06
1.300000000000000000e+01 -9.896466561243986320e-06 -2.497389762654073265e-06
1.400000000000000000e+01 -1.266972063424595815e-05 -3.306589858556526142e-06
1.500000000000000000e+01 -1.616534668173601094e-05 -4.361414882116710827e-06
1.600000000000000000e+01 -2.056214964939560847e-05 -5.730974624946673791e-06
1.700000000000000000e+01 -2.607861938879882586e-05 -7.502158302754390916e-06
1.800000000000000000e+01 -3.297627201406314718e-05 -9.783733537087445167e-06
1.900000000000000000e+01 -4.156389455157336813e-05 -1.271124976340729383e-05
2.000000000000000000e+01 -5.220590694134964998e-05 -1.645284854854791912e-05
2.100000000000000000e+01 -6.533716330996472811e-05 -2.121608599018975935e-05
2.200000000000000000e+01 -8.148344335403541548e-05 -2.725590132866122182e-05
2.300000000000000000e+01 -1.012831323274862615e-04 -3.488392488463071928e-05
2.400000000000000000e+01 -1.255038776020828638e-04 -4.447937289701203462e-05
2.500000000000000000e+01 -1.550505906695111606e-04 -5.650176272314503872e-05
2.600000000000000000e+01 -1.909677602878939512e-04 -7.150555890513881827e-05
2.700000000000000000e+01 -2.344460306988835644e-04 -9.015667842776258552e-05
2.800000000000000000e+01 -2.868449678482411875e-04 -1.132506905164989893e-04
2.900000000000000000e+01 -3.497373044511946989e-04 -1.417326908163274186e-04
3.000000000000000000e+01 -4.249665704231633855e-04 -1.767191937396378172e-04
3.100000000000000000e+01 -5.146978317627099722e-04 -2.195226956243229719e-04
3.200000000000000000e+01 -6.214402879311344604e-04 -2.716794166972039083e-04
3.300000000000000000e+01 -7.480354864708711575e-04 -3.349799549729279985e-04
3.400000000000000000e+01 -8.976297481196666333e-04 -4.115015361663325127e-04
3.500000000000000000e+01 -1.073668056746932518e-03 -5.036400374291722520e-04
3.600000000000000000e+01 -1.279942518667295370e-03 -6.141406921421018773e-04
3.700000000000000000e+01 -1.520697093956169775e-03 -7.461281568283264576e-04
3.800000000000000000e+01 -1.800747034282161206e-03 -9.031381161263415600e-04
3.900000000000000000e+01 -2.125545952987337867e-03 -1.089152123854834290e-03
4.000000000000000000e+01 -2.501150692519526694e-03 -1.308634346461323966e-03
4.100000000000000000e+01 -2.934093476882853116e-03 -1.566564885405410338e-03
4.200000000000000000e+01 -3.431239017498418937e-03 -1.868462598477795087e-03
4.300000000000000000e+01 -3.999731899202097624e-03 -2.220393244760472933e-03
4.400000000000000000e+01 -4.647094565065482304e-03 -2.628965416583968311e-03
4.500000000000000000e+01 -5.381433203920564165e-03 -3.101322364038149558e-03
4.600000000000000000e+01 -6.211610783151792770e-03 -3.645136869925620464e-03
4.700000000000000000e+01 -7.147228587497209129e-03 -4.268607171571915312e-03
4.800000000000000000e+01 -8.198352536579887190e-03 -4.980439814325677769e-03
4.900000000000000000e+01 -9.375083450742061064e-03 -5.789800053037235522e-03
5.000000000000000000e+01 -1.068719552484514480e-02 -6.706219042249217388e-03
5.100000000000000000e+01 -1.214405371443508241e-02 -7.739466677517092309e-03
5.200000000000000000e+01 -1.375484950374028688e-02 -8.899416109567206273e-03
5.300000000000000000e+01 -1.552896044460737139e-02 -1.019592519295785954e-02
5.400000000000000000e+01 -1.747610254863748991e-02 -1.163873693629213779e-02
5.500000000000000000e+01 -1.960602426911677715e-02 -1.323736903120066241e-02
5.600000000000000000e+01 -2.192776643067571168e-02 -1.500094703791604936e-02
5.700000000000000000e+01 -2.444881735527425215e-02 -1.693795523227274030e-02
5.800000000000000000e+01 -2.717461124802661443e-02 -1.905592726985974941e-02
5.900000000000000000e+01 -3.010863618103693656e-02 -2.136114335130475175e-02
6.000000000000000000e+01 -3.325302217381961162e-02 -2.385840344989152012e-02
6.100000000000000000e+01 -3.660912430619758101e-02 -2.655089445385408128e-02
6.200000000000000000e+01 -4.017755991101490398e-02 -2.944009253233439288e-02
6.300000000000000000e+01 -4.395747919268513937e-02 -3.252559903605234393e-02
6.400000000000000000e+01 -4.794536279075115037e-02 -3.580484374128350966e-02
6.500000000000000000e+01 -5.213400828448613855e-02 -3.927269333369423632e-02
6.600000000000000000e+01 -5.651231733177319860e-02 -4.292110564413244289e-02
6.700000000000000000e+01 -6.106602009200019082e-02 -4.673898539176941924e-02
6.800000000000000000e+01 -6.577886580325884025e-02 -5.071229187730448562e-02
6.900000000000000000e+01 -7.063347727628507822e-02 -5.482428328596430228e-02
7.000000000000000000e+01 -7.561126028421831513e-02 -5.905568046598558968e-02
7.100000000000000000e+01 -8.069137959962839612e-02 -6.338459357818497508e-02
7.200000000000000000e+01 -8.584946694244212362e-02 -6.778626113697711064e-02
7.300000000000000000e+01 -9.105697210475280357e-02 -7.223286019133276503e-02
7.400000000000000000e+01 -9.628171896594892032e-02 -7.669368429288803135e-02
7.500000000000000000e+01 -1.014894887676513202e-01 -8.113578672343216280e-02
7.600000000000000000e+01 -1.066458006539949405e-01 -8.552487035517676583e-02
7.700000000000000000e+01 -1.117169284231974702e-01 -8.982601284213780068e-02
7.800000000000000000e+01 -1.166696834234937086e-01 -9.400392624555935217e-02
7.900000000000000000e+01 -1.214703012310136415e-01 -9.802282049197343083e-02
8.000000000000000000e+01 -1.260833753399644985e-01 -1.018463034614482121e-01
8.100000000000000000e+01 -1.304717868426079341e-01 -1.054378050446943133e-01
8.200000000000000000e+01 -1.345979704189574910e-01 -1.087616689223116911e-01
8.300000000000000000e+01 -1.384260171391468175e-01 -1.117845432886106355e-01
8.400000000000000000e+01 -1.419235784683081647e-01 -1.144764195033323856e-01
8.500000000000000000e+01 -1.450626466863068342e-01 -1.168108727787036949e-01
8.600000000000000000e+01 -1.478189787566316360e-01 -1.187646355798737535e-01
8.700000000000000000e+01 -1.501707697416894971e-01 -1.203171496858491951e-01
8.800000000000000000e+01 -1.520976386616092468e-01 -1.214507736893039591e-01
8.900000000000000000e+01 -1.535807738642138986e-01 -1.221518056909554756e-01
9.000000000000000000e+01 -1.546043309602540272e-01 -1.224117949769091551e-01
9.100000000000000000e+01 -1.551573589043078183e-01 -1.222283042228165389e-01
9.200000000000000000e+01 -1.552351640395146226e-01 -1.216046170681439054e-01
9.300000000000000000e+01 -1.548393395590543509e-01 -1.205486289614753903e-01
9.400000000000000000e+01 -1.539764902228882570e-01 -1.190717372017779385e-01
9.500000000000000000e+01 -1.526564628903646637e-01 -1.171884976651005605e-01
9.600000000000000000e+01 -1.508911583785044475e-01 -1.149171684631774548e-01
9.700000000000000000e+01 -1.486945838099825168e-01 -1.122805199428200118e-01
9.800000000000000000e+01 -1.460839766681714114e-01 -1.093060387936303501e-01
9.900000000000000000e+01 -1.430811235303716400e-01 -1.060250856138042486e-01
1.000000000000000000e+02 -1.397128590420975702e-01 -1.024713340165992470e-01
1.010000000000000000e+02 -1.360102448799730135e-01 -9.867932217485689272e-02
1.020000000000000000e+02 -1.320067541534453159e-01 -9.468380600362022448e-02
1.030000000000000000e+02 -1.277363876991218228e-01 -9.051995317568400923e-02
1.040000000000000000e+02 -1.232326450058200268e-01 -8.622378259500970699e-02
1.050000000000000000e+02 -1.185286850775072592e-01 -8.183211749975066729e-02
1.060000000000000000e+02 -1.136582396895918778e-01 -7.738175054893786653e-02
1.070000000000000000e+02 -1.086563878738027317e-01 -7.290814652393882989e-02
1.080000000000000000e+02 -1.035594437374834365e-01 -6.844434358999069989e-02
1.090000000000000000e+02 -9.840382736185812607e-02 -6.402053319466216585e-02
1.100000000000000000e+02 -9.322445587161760916e-02 -5.966428860030527359e-02
1.110000000000000000e+02 -8.805347586353028111e-02 -5.540098697823030161e-02
1.120000000000000000e+02 -8.291990181955455341e-02 -5.125393198818369023e-02
1.130000000000000000e+02 -7.785013138590676784e-02 -4.724400868926630775e-02
1.140000000000000000e+02 -7.286878424203424576e-02 -4.338910155674238767e-02
1.150000000000000000e+02 -6.799918629696927175e-02 -3.970367792841607985e-02
1.160000000000000000e+02 -6.326313856292820059e-02 -3.619879438696765872e-02
1.170000000000000000e+02 -5.868012400282159730e-02 -3.288247835107972750e-02
1.180000000000000000e+02 -5.426646745041066588e-02 -2.976021725611504090e-02
1.190000000000000000e+02 -5.003495903668539468e-02 -2.683529280772286446e-02
1.200000000000000000e+02 -4.599512460669665653e-02 -2.410887968902138481e-02
1.210000000000000000e+02 -4.215392278178194119e-02 -2.158002290563999434e-02
1.220000000000000000e+02 -3.851643258267972714e-02 -1.924567750002512470e-02
1.230000000000000000e+02 -3.508617927066084302e-02 -1.710091898996470711e-02
1.240000000000000000e+02 -3.186503521093827368e-02 -1.513929873195286879e-02
1.250000000000000000e+02 -2.885291590646348395e-02 -1.335323160489178436e-02
1.260000000000000000e+02 -2.604759224441357060e-02 -1.173431041528395780e-02
1.270000000000000000e+02 -2.344482361640928478e-02 -1.027351236498069698e-02
1.280000000000000000e+02 -2.103879026899548726e-02 -8.961333343729581402e-03
1.290000000000000000e+02 -1.882262612079678432e-02 -7.787910564618374942e-03
1.300000000000000000e+02 -1.678882706868230906e-02 -6.743171940656678479e-03
1.310000000000000000e+02 -1.492942423475829110e-02 -5.817011339591366716e-03
1.320000000000000000e+02 -1.323597062288853383e-02 -4.999463053024798959e-03
1.330000000000000000e+02 -1.169948736945407297e-02 -4.280847461030489777e-03
1.340000000000000000e+02 -1.031050441703842101e-02 -3.651874666625118653e-03
1.350000000000000000e+02 -9.059238831917637916e-03 -3.103709322632923484e-03
1.360000000000000000e+02 -7.935854553677623713e-03 -2.628008817835544332e-03
1.370000000000000000e+02 -6.930702471598735280e-03 -2.216947487908279245e-03
1.380000000000000000e+02 -6.034465123048266162e-03 -1.863235169646460920e-03
1.390000000000000000e+02 -5.238195373556035241e-03 -1.560132882671179952e-03
1.400000000000000000e+02 -4.533295206213012497e-03 -1.301463788812031851e-03
1.410000000000000000e+02 -3.911497200870918747e-03 -1.081615060231301247e-03
1.420000000000000000e+02 -3.364887151872421756e-03 -8.955267386699314325e-04
1.430000000000000000e+02 -2.885965761141341245e-03 -7.386669140373594913e-04
1.440000000000000000e+02 -2.467718648672851366e-03 -6.069968221890630891e-04
1.450000000000000000e+02 -2.103661187133326355e-03 -4.969321577537870894e-04
1.460000000000000000e+02 -1.787842919954021805e-03 -4.053063347458718893e-04
1.470000000000000000e+02 -1.514819351042937055e-03 -3.293381006132169598e-04
1.480000000000000000e+02 -1.279611893808181057e-03 -2.666021440924166617e-04
1.490000000000000000e+02 -1.077674801542176635e-03 -2.149995493143617986e-04
1.500000000000000000e+02 -9.048761684762118103e-04 -1.727259205981091482e-04
1.510000000000000000e+02 -7.574880951945002407e-04 -1.382375469639802773e-04
1.520000000000000000e+02 -6.321758536328822738e-04 -1.102180587369602495e-04
1.530000000000000000e+02 -5.259784281978085617e-04 -8.754831219086705294e-05
1.540000000000000000e+02 -4.362793535422234662e-04 -6.928085091102080366e-05
1.550000000000000000e+02 -3.607723145665890662e-04 -5.461844885473277154e-05
1.560000000000000000e+02 -2.974275920671023868e-04 -4.289519123684008611e-05
1.570000000000000000e+02 -2.444633539079821782e-04 -3.355873479130153434e-05
1.580000000000000000e+02 -2.003222873705141959e-04 -2.615334411187796447e-05
1.590000000000000000e+02 -1.636515389143125174e-04 -2.030418860876465783e-05
