0.000000000000000000e+00 -4.189730326163015581e-40 -2.365186688100916321e-07
1.000000000000000000e+00 -9.105145346879471958e-24 -7.632476770019389995e-12
2.000000000000000000e+00 5.969782902652925178e-24 -1.292297932646226544e-11
3.000000000000000000e+00 -3.018194974687093858e-25 -2.254059078160894027e-11
4.000000000000000000e+00 2.802726551395764411e-23 -3.905948312955469240e-11
5.000000000000000000e+00 -2.282833406201579398e-23 -6.717896891281155774e-11
6.000000000000000000e+00 2.599467256535866875e-24 -1.146769786815635554e-10
7.000000000000000000e+00 4.969937722983212095e-23 -1.943620348673297747e-10
8.000000000000000000e+00 2.484969508833493590e-23 -3.271657351416505889e-10
9.000000000000000000e+00 -5.129604056786417231e-29 -5.469196235409496562e-10
1.000000000000000000e+01 -2.001077147318220089e-23 -9.077396752545822148e-10
1.100000000000000000e+01 1.011312338521070377e-23 -1.495593404029910673e-09
1.200000000000000000e+01 8.325220200909290409e-31 -2.446407725335952097e-09
1.300000000000000000e+01 4.162610123216177884e-31 -3.973790253811912818e-09
1.400000000000000000e+01 -1.124873023518521927e-22 -6.410354894648118076e-09
1.500000000000000000e+01 -9.570691336245184761e-23 -1.026874018322933733e-08
1.600000000000000000e+01 -2.526516117176636676e-26 -1.633246240535593368e-08
1.700000000000000000e+01 -1.294497011970180761e-22 -2.579189560041711417e-08
1.800000000000000000e+01 2.030877901497313193e-24 -4.044489503171576448e-08
1.900000000000000000e+01 -2.030930468056513661e-24 -6.298525728473509862e-08
2.000000000000000000e+01 1.066906094663917290e-27 -9.741075214229527329e-08
2.100000000000000000e+01 -6.574830387238775593e-22 -1.496016181202084368e-07
2.200000000000000000e+01 -1.258879335718133613e-21 -2.281463286702913260e-07
2.300000000000000000e+01 -1.157888213006622812e-21 -3.455104992965792544e-07
2.400000000000000000e+01 -6.532332281852618674e-23 -5.196531902597497494e-07
2.500000000000000000e+01 5.844405559437373032e-23 -7.762170933466953910e-07
2.600000000000000000e+01 7.825198496354520235e-23 -1.151487487409247502e-06
2.700000000000000000e+01 6.875322621815746623e-21 -1.696415360262168975e-06
2.800000000000000000e+01 2.446524257488739753e-21 -2.482062263764193478e-06
2.900000000000000000e+01 -2.322171327372966322e-29 -3.606812744540742859e-06
3.000000000000000000e+01 -8.627092392599156960e-21 -5.205711682613309246e-06
3.100000000000000000e+01 6.561019613732577580e-21 -7.462466652031929612e-06
3.200000000000000000e+01 1.078765535241337669e-24 -1.062496385974027397e-05
3.300000000000000000e+01 -1.114307603183130389e-21 -1.502528008213966167e-05
3.400000000000000000e+01 1.255207466202787533e-20 -2.110495449908358242e-05
3.500000000000000000e+01 -7.312518016196830506e-21 -2.944607086301826530e-05
3.600000000000000000e+01 -1.053689935867779759e-23 -4.080907210362386817e-05
3.700000000000000000e+01 -3.371244608957237464e-20 -5.617903953424800527e-05
3.800000000000000000e+01 -2.407260488102870610e-25 -7.682231721973422213e-05
3.900000000000000000e+01 -3.654414170509926368e-26 -1.043541932320188841e-04
4.000000000000000000e+01 -3.620664760448478787e-20 -1.408171088575127159e-04
4.100000000000000000e+01 -1.353357347401476702e-20 -1.887695478802588829e-04
4.200000000000000000e+01 -2.077116200709368514e-28 -2.513878798418066134e-04
4.300000000000000000e+01 -2.846608105260835342e-21 -3.325834384432143080e-04
4.400000000000000000e+01 -1.702926479354819348e-19 -4.371330163138562215e-04
4.500000000000000000e+01 7.976291587573060501e-20 -5.708167233311516259e-04
4.600000000000000000e+01 -1.716506891305547996e-20 -7.405588313631854269e-04
4.700000000000000000e+01 -2.399169845718872740e-19 -9.545733198101290186e-04
4.800000000000000000e+01 -2.615702112726675737e-19 -1.222516156257905801e-03
4.900000000000000000e+01 3.687319685909684647e-22 -1.555635560826472592e-03
5.000000000000000000e+01 -2.418346391076989927e-19 -1.966900697507744863e-03
5.100000000000000000e+01 -1.231516077278537880e-19 -2.471094453738373765e-03
5.200000000000000000e+01 -9.262797884852678771e-19 -3.084873203180499898e-03
5.300000000000000000e+01 -1.387566112555056902e-19 -3.826800106785867468e-03
5.400000000000000000e+01 -5.089900094964639790e-19 -4.717335686890898779e-03
5.500000000000000000e+01 -6.841256808280881009e-19 -5.778746372378082766e-03
5.600000000000000000e+01 -1.815336239210304032e-18 -7.034905336694818011e-03
5.700000000000000000e+01 -4.252227006588602780e-18 -8.511001495037803094e-03
5.800000000000000000e+01 -6.641017923953999807e-18 -1.023318665960687261e-02
5.900000000000000000e+01 -2.969101807183618530e-18 -1.222814967216481405e-02
6.000000000000000000e+01 -5.101847214377136669e-18 -1.452256200402272934e-02
6.100000000000000000e+01 -1.053131907321666153e-17 -1.714236453377775138e-02
6.200000000000000000e+01 -5.645020420260436950e-17 -2.011194507116284558e-02
6.300000000000000000e+01 -1.504902838066948752e-15 -2.345328936006333548e-02
6.400000000000000000e+01 -3.511224876020461197e-14 -2.718512235359123869e-02
6.500000000000000000e+01 -6.195780940615150692e-13 -3.132197797106737319e-02
6.600000000000000000e+01 -8.410393153003496715e-12 -3.587316623174127000e-02
6.700000000000000000e+01 -8.942305757439862501e-11 -4.084172751239420474e-02
6.800000000000000000e+01 -7.580497443790457347e-10 -4.622351929506984813e-02
6.900000000000000000e+01 -5.212186155953581569e-09 -5.200648751531055519e-02
7.000000000000000000e+01 -2.954955023444174810e-08 -5.817005165502726893e-02
7.100000000000000000e+01 -1.402944184893820796e-07 -6.468455253641633429e-02
7.200000000000000000e+01 -5.659941051551095893e-07 -7.151085754411441731e-02
7.300000000000000000e+01 -1.966694854736849124e-06 -7.860029156982646648e-02
7.400000000000000000e+01 -5.959669416603507482e-06 -8.589495135235394874e-02
7.500000000000000000e+01 -1.592960919179939148e-05 -9.332830165120871435e-02
7.600000000000000000e+01 -3.794529679269272059e-05 -1.008259477895436240e-01
7.700000000000000000e+01 -8.130129619020228784e-05 -1.083066235719287868e-01
7.800000000000000000e+01 -1.579802764715743145e-04 -1.156835175392531417e-01
7.900000000000000000e+01 -2.804411480891579956e-04 -1.228659591498652004e-01
8.000000000000000000e+01 -4.577242173118727716e-04 -1.297613254474741518e-01
8.100000000000000000e+01 -6.907818960260042737e-04 -1.362770069721044863e-01
8.200000000000000000e+01 -9.687415620273883473e-04 -1.423223945393482237e-01
8.300000000000000000e+01 -1.267952520641827318e-03 -1.478109356607640035e-01
8.400000000000000000e+01 -1.554898706755241874e-03 -1.526622465287425512e-01
8.500000000000000000e+01 -1.792616401354865489e-03 -1.568041457024708651e-01
8.600000000000000000e+01 -1.948807473607636932e-03 -1.601744553795199644e-01
8.700000000000000000e+01 -2.003095052802533055e-03 -1.627225078253071444e-01
8.800000000000000000e+01 -1.951177432484935571e-03 -1.644103730300338906e-01
8.900000000000000000e+01 -1.804810092700150515e-03 -1.652138062900291582e-01
9.000000000000000000e+01 -1.588011733987465274e-03 -1.651228550496732228e-01
9.100000000000000000e+01 -1.331021350415075803e-03 -1.641420577067989051e-01
9.200000000000000000e+01 -1.063950637926073433e-03 -1.622902226731895436e-01
9.300000000000000000e+01 -8.117690235276363818e-04 -1.595998274336490053e-01
9.400000000000000000e+01 -5.915055685155611075e-04 -1.561160831450025543e-01
9.500000000000000000e+01 -4.117280020816258186e-04 -1.518956954669524739e-01
9.600000000000000000e+01 -2.737558411348431299e-04 -1.470053548599620230e-01
9.700000000000000000e+01 -1.738031894097109408e-04 -1.415200086368435251e-01
9.800000000000000000e+01 -1.052918131675608803e-04 -1.355209793671939000e-01
9.900000000000000000e+01 -6.080430564311687714e-05 -1.290939945626793095e-01
1.000000000000000000e+02 -3.342683799159207363e-05 -1.223271933770514880e-01
1.010000000000000000e+02 -1.746441073562611458e-05 -1.153091792774639940e-01
1.020000000000000000e+02 -8.654586548593011175e-06 -1.081271810859665700e-01
1.030000000000000000e+02 -4.058553500515123801e-06 -1.008653663860585997e-01
1.040000000000000000e+02 -1.796366197933781145e-06 -9.360333717016072752e-02
1.050000000000000000e+02 -7.482662292698974089e-07 -8.641483858710075072e-02
1.060000000000000000e+02 -2.923973768657384606e-07 -7.936671530880805292e-02
1.070000000000000000e+02 -1.068197274986490789e-07 -7.251813764698089582e-02
1.080000000000000000e+02 -3.634862754541968224e-08 -6.592009361401368617e-02
1.090000000000000000e+02 -1.147575845684041930e-08 -5.961512505652516447e-02
1.100000000000000000e+02 -3.347630260130059126e-09 -5.363728737782372247e-02
1.110000000000000000e+02 -8.984146467496717821e-10 -4.801232041051536198e-02
1.120000000000000000e+02 -2.208219789887945509e-10 -4.275801410128279162e-02
1.130000000000000000e+02 -4.947755845115010838e-11 -3.788473691462895809e-02
1.140000000000000000e+02 -1.005758869083335350e-11 -3.339608393552938315e-02
1.150000000000000000e+02 -1.845746435798838699e-12 -2.928960590983821499e-02
1.160000000000000000e+02 -3.043278983366960722e-13 -2.555759201167669484e-02
1.170000000000000000e+02 -4.474652444063467292e-14 -2.218788419232129230e-02
1.180000000000000000e+02 -5.627740894646023174e-15 -1.916469727323499850e-02
1.190000000000000000e+02 -2.109786433252888221e-15 -1.646941596351274989e-02
1.200000000000000000e+02 -2.302433849504820493e-15 -1.408134503459395823e-02
1.210000000000000000e+02 -2.316562899481977318e-15 -1.197839877166456159e-02
1.220000000000000000e+02 -2.430272257513819200e-15 -1.013772271730615376e-02
1.230000000000000000e+02 -1.756063565735957261e-15 -8.536242109894204289e-03
1.240000000000000000e+02 -6.662979406692054733e-16 -7.151131426669594428e-03
1.250000000000000000e+02 -3.742006696070226529e-16 -5.960202241220355704e-03
1.260000000000000000e+02 -7.873732462366460839e-16 -4.942211596058553383e-03
1.270000000000000000e+02 -9.108922251974492124e-16 -4.077096892719692112e-03
1.280000000000000000e+02 -8.779979771097575485e-16 -3.346144320117861587e-03
1.290000000000000000e+02 -7.370569260496292818e-16 -2.732097473122736472e-03
1.300000000000000000e+02 -7.036683257747427202e-16 -2.219212987450186643e-03
1.310000000000000000e+02 -7.772830568610387619e-16 -1.793270964986961886e-03
1.320000000000000000e+02 -1.143194238785834175e-15 -1.441548610330758333e-03
1.330000000000000000e+02 -1.045444274549441801e-15 -1.152765141905848223e-03
1.340000000000000000e+02 -9.326933823873770482e-16 -9.170050290296475346e-04
1.350000000000000000e+02 -1.006023949379945867e-15 -7.256256483196599260e-04
1.360000000000000000e+02 -7.522946757391130580e-16 -5.711547965091612940e-04
1.370000000000000000e+02 -1.013107163715029132e-15 -4.471829059845993694e-04
1.380000000000000000e+02 -9.488497685716419692e-16 -3.482540476555242106e-04
1.390000000000000000e+02 -4.051128721682899677e-21 -2.697589182521435269e-04
1.400000000000000000e+02 -1.134459968161682580e-37 -2.078321863244049863e-04
1.410000000000000000e+02 0.000000000000000000e+00 -1.592559161067768291e-04
1.420000000000000000e+02 0.000000000000000000e+00 -1.213702644884794832e-04
1.430000000000000000e+02 0.000000000000000000e+00 -9.199218479056397741e-05
1.440000000000000000e+02 0.000000000000000000e+00 -6.934245525801882516e-05
1.450000000000000000e+02 0.000000000000000000e+00 -5.198100674491545366e-05
1.460000000000000000e+02 0.000000000000000000e+00 -3.875027173250108369e-05
1.470000000000000000e+02 0.000000000000000000e+00 -2.872610399561661829e-05
1.480000000000000000e+02 0.000000000000000000e+00 -2.117570460837138430e-05
1.490000000000000000e+02 0.000000000000000000e+00 -1.552191794594906968e-05
1.500000000000000000e+02 0.000000000000000000e+00 -1.131322530282200063e-05
1.510000000000000000e+02 0.000000000000000000e+00 -8.198760206789623624e-06
1.520000000000000000e+02 0.000000000000000000e+00 -5.907691435574778506e-06
1.530000000000000000e+02 0.000000000000000000e+00 -4.232359205605074230e-06
1.540000000000000000e+02 0.000000000000000000e+00 -3.014599600957930458e-06
1.550000000000000000e+02 0.000000000000000000e+00 -2.134747658685783234e-06
1.560000000000000000e+02 0.000000000000000000e+00 -1.502867611555808594e-06
1.570000000000000000e+02 0.000000000000000000e+00 -1.051815980502803820e-06
1.580000000000000000e+02 0.000000000000000000e+00 -7.317982179018361037e-07
1.590000000000000000e+02 0.000000000000000000e+00 -5.061314426430279566e-07
