0.000000000000000000e+00 -4.070696933202302425e-06 -1.312094824811371545e-10
1.000000000000000000e+00 -2.098755065914743664e-10 -6.662361375645527443e-15
2.000000000000000000e+00 -3.119214266985127488e-10 -1.390248480425968497e-14
3.000000000000000000e+00 -4.920177092812348037e-10 -2.894670380141877511e-14
4.000000000000000000e+00 -7.734664586060872060e-10 -5.968015043279340457e-14
5.000000000000000000e+00 -1.209928441528896183e-09 -1.218676962573998613e-13
6.000000000000000000e+00 -1.882418470828778113e-09 -2.465347391611542329e-13
7.000000000000000000e+00 -2.911563756546772430e-09 -4.940603990994780382e-13
8.000000000000000000e+00 -4.476700111737194609e-09 -9.806440535938724334e-13
9.000000000000000000e+00 -6.844359600681835473e-09 -1.927736472720612953e-12
1.000000000000000000e+01 -1.040883835214056610e-08 -3.753601476243527639e-12
1.100000000000000000e+01 -1.574780193500431600e-08 -7.240587160925295224e-12
1.200000000000000000e+01 -2.369827237430058263e-08 -1.383632978875229707e-11
1.300000000000000000e+01 -3.546356469874536321e-08 -2.619084251215107048e-11
1.400000000000000000e+01 -5.276763421045728905e-08 -4.910777087604826945e-11
1.500000000000000000e+01 -7.807580066068500360e-08 -9.121343707650059798e-11
1.600000000000000000e+01 -1.148987338684237052e-07 -1.678459335406556838e-10
1.700000000000000000e+01 -1.681960231054139486e-07 -3.059898372739741332e-10
1.800000000000000000e+01 -2.449071825689182377e-07 -5.526249447049599834e-10
1.900000000000000000e+01 -3.546649988953190654e-07 -9.887410015888827950e-10
2.000000000000000000e+01 -5.107752348302466547e-07 -1.752618524988625272e-09
2.100000000000000000e+01 -7.315553861891656040e-07 -3.077987128304263896e-09
2.200000000000000000e+01 -1.042108400289701069e-06 -5.355792523537010885e-09
2.300000000000000000e+01 -1.476596436898412446e-06 -9.233241472436191235e-09
2.400000000000000000e+01 -2.081122053041879558e-06 -1.577122274376972536e-08
2.500000000000000000e+01 -2.917426965628055125e-06 -2.669165124113545335e-08
2.600000000000000000e+01 -4.067717392374282280e-06 -4.476094916418062104e-08
2.700000000000000000e+01 -5.640933771763660622e-06 -7.437756824339972229e-08
2.800000000000000000e+01 -7.780698742605417421e-06 -1.224635342046436970e-07
2.900000000000000000e+01 -1.067512226323431859e-05 -1.998038751946235843e-07
3.000000000000000000e+01 -1.456875233850208796e-05 -3.230339835782039041e-07
3.100000000000000000e+01 -1.977720977033034180e-05 -5.175491676066700584e-07
3.200000000000000000e+01 -2.670522890045586714e-05 -8.217151148588162208e-07
3.300000000000000000e+01 -3.586876830886661738e-05 -1.292899393777950593e-06
3.400000000000000000e+01 -4.792164157324917541e-05 -2.016013888033215795e-06
3.500000000000000000e+01 -6.368701882839713601e-05 -3.115450453217498384e-06
3.600000000000000000e+01 -8.419426656849111760e-05 -4.771531474160322590e-06
3.700000000000000000e+01 -1.107216944973692400e-04 -7.242915380283241919e-06
3.800000000000000000e+01 -1.448456470386427438e-04 -1.089676858733563351e-05
3.900000000000000000e+01 -1.884962428111574574e-04 -1.624886107386127592e-05
4.000000000000000000e+01 -2.440203327432720749e-04 -2.401604961566049278e-05
4.100000000000000000e+01 -3.142526029392876349e-04 -3.518397761668461170e-05
4.200000000000000000e+01 -4.025950032147598964e-04 -5.109326051897715264e-05
4.300000000000000000e+01 -5.131023291452752521e-04 -7.354770413816911026e-05
4.400000000000000000e+01 -6.505697464887157154e-04 -1.049479655398312308e-04
4.500000000000000000e+01 -8.206195039239898553e-04 -1.484536419517344154e-04
4.600000000000000000e+01 -1.029789062505672434e-03 -2.081763813954263295e-04
4.700000000000000000e+01 -1.285625630934222061e-03 -2.894060218158248359e-04
4.800000000000000000e+01 -1.596785951349363091e-03 -3.988701833016735981e-04
4.900000000000000000e+01 -1.973127240928475822e-03 -5.450249388225740076e-04
5.000000000000000000e+01 -2.425768952630939432e-03 -7.383711318449897145e-04
5.100000000000000000e+01 -2.967117421518474657e-03 -9.917882968642896188e-04
5.200000000000000000e+01 -3.610868783514754529e-03 -1.320874871161344111e-03
5.300000000000000000e+01 -4.372012816431444793e-03 -1.744277983195178724e-03
5.400000000000000000e+01 -5.266833371841821501e-03 -2.283989656976182815e-03
5.500000000000000000e+01 -6.312859819599031530e-03 -2.965581814796714160e-03
5.600000000000000000e+01 -7.528716664549852181e-03 -3.818350481712662683e-03
5.700000000000000000e+01 -8.933868937797221146e-03 -4.875336809956391966e-03
5.800000000000000000e+01 -1.054832693671853977e-02 -6.173187545551132166e-03
5.900000000000000000e+01 -1.239237780345538338e-02 -7.751815149400934774e-03
6.000000000000000000e+01 -1.448632865948848783e-02 -9.653823180563597672e-03
6.100000000000000000e+01 -1.685015453760665277e-02 -1.192367274923619887e-02
6.200000000000000000e+01 -1.950295769248306180e-02 -1.460657331567392567e-02
6.300000000000000000e+01 -2.246227887487214914e-02 -1.774708687646345262e-02
6.400000000000000000e+01 -2.574342673730217745e-02 -2.138744912838753953e-02
6.500000000000000000e+01 -2.935895736561350972e-02 -2.556563762592124756e-02
6.600000000000000000e+01 -3.331824977005311272e-02 -3.031324241295995855e-02
6.700000000000000000e+01 -3.762697846872399554e-02 -3.565320827042241236e-02
6.800000000000000000e+01 -4.228636388693565729e-02 -4.159752896831980795e-02
6.900000000000000000e+01 -4.729233437501974280e-02 -4.814499740048882453e-02
7.000000000000000000e+01 -5.263489463765354259e-02 -5.527914291266290692e-02
7.100000000000000000e+01 -5.829786466735766004e-02 -6.296649483371698219e-02
7.200000000000000000e+01 -6.425884303886836291e-02 -7.115529698825746874e-02
7.300000000000000000e+01 -7.048909279137564876e-02 -7.977478574614385587e-02
7.400000000000000000e+01 -7.695323978277099353e-02 -8.873514315830977051e-02
7.500000000000000000e+01 -8.360902480285900551e-02 -9.792822242262874677e-02
7.600000000000000000e+01 -9.040747495319007010e-02 -1.072290969693801554e-01
7.700000000000000000e+01 -9.729359824998404238e-02 -1.164984285909436840e-01
7.800000000000000000e+01 -1.042073242266197963e-01 -1.255856131864005465e-01
7.900000000000000000e+01 -1.110843249705601582e-01 -1.343326346068608457e-01
8.000000000000000000e+01 -1.178566551610919083e-01 -1.425785094742947068e-01
8.100000000000000000e+01 -1.244535118579258026e-01 -1.501641462090729517e-01
8.200000000000000000e+01 -1.308024324202896049e-01 -1.569374056210773027e-01
8.300000000000000000e+01 -1.368308990162754313e-01 -1.627581453603349215e-01
8.400000000000000000e+01 -1.424679819785174550e-01 -1.675030274781049711e-01
8.500000000000000000e+01 -1.476456909739995993e-01 -1.710698570268650021e-01
8.600000000000000000e+01 -1.523000550329723091e-01 -1.733812274929981134e-01
8.700000000000000000e+01 -1.563722230067905172e-01 -1.743872920870699894e-01
8.800000000000000000e+01 -1.598097777715611623e-01 -1.740675341641705343e-01
8.900000000000000000e+01 -1.625681209576468333e-01 -1.724314518713498945e-01
9.000000000000000000e+01 -1.646115912491869504e-01 -1.695181157588519227e-01
9.100000000000000000e+01 -1.659141282367548043e-01 -1.653946231630058494e-01
9.200000000000000000e+01 -1.664596000728371661e-01 -1.601535433793184748e-01
9.300000000000000000e+01 -1.662420387138525413e-01 -1.539094942791555398e-01
9.400000000000000000e+01 -1.652658609069256046e-01 -1.467950178258503047e-01
9.500000000000000000e+01 -1.635459124000906705e-01 -1.389559521395431207e-01
9.600000000000000000e+01 -1.611071331949287533e-01 -1.305465287927156381e-01
9.700000000000000000e+01 -1.579838322575078391e-01 -1.217244305491408385e-01
9.800000000000000000e+01 -1.542187563380988669e-01 -1.126460223000068928e-01
9.900000000000000000e+01 -1.498621319697098497e-01 -1.034619399469421663e-01
1.000000000000000000e+02 -1.449706862870014379e-01 -9.431320072064956761e-02
1.010000000000000000e+02 -1.396065235218938161e-01 -8.532796894827818224e-02
1.020000000000000000e+02 -1.338357897758535309e-01 -7.661906263896885172e-02
1.030000000000000000e+02 -1.277272212037516841e-01 -6.828223331531235729e-02
1.040000000000000000e+02 -1.213507526531478475e-01 -6.039521251546407093e-02
1.050000000000000000e+02 -1.147762836219154842e-01 -5.301748985690413890e-02
1.060000000000000000e+02 -1.080725576311849512e-01 -4.619075670620839680e-02
1.070000000000000000e+02 -1.013060647726870822e-01 -3.993991835545657176e-02
1.080000000000000000e+02 -9.453996121684851706e-02 -3.427455896862383056e-02
1.090000000000000000e+02 -8.783310578926438461e-02 -2.919074037433434105e-02
1.100000000000000000e+02 -8.123932221732022008e-02 -2.467301884785737601e-02
1.110000000000000000e+02 -7.480690304437334626e-02 -2.069656763238274244e-02
1.120000000000000000e+02 -6.857828043233378523e-02 -1.722930096818505591e-02
1.130000000000000000e+02 -6.258978833187213431e-02 -1.423391137540095525e-02
1.140000000000000000e+02 -5.687151380500831549e-02 -1.166975212157589717e-02
1.150000000000000000e+02 -5.144729350875317658e-02 -9.494515586153972828e-03
1.160000000000000000e+02 -4.633489421833110466e-02 -7.665674691418322695e-03
1.170000000000000000e+02 -4.154634941323562258e-02 -6.141670615385139663e-03
1.180000000000000000e+02 -3.708837948068247764e-02 -4.882845513986228819e-03
1.190000000000000000e+02 -3.296283958864704156e-02 -3.852131752804744715e-03
1.200000000000000000e+02 -2.916718910788376404e-02 -3.015518041980613014e-03
1.210000000000000000e+02 -2.569500501359237021e-02 -2.342318674082241332e-03
1.220000000000000000e+02 -2.253654610547011633e-02 -1.805275755759289634e-03
1.230000000000000000e+02 -1.967934005868415479e-02 -1.380525990803078539e-03
1.240000000000000000e+02 -1.710874990980607371e-02 -1.047463097447293937e-03
1.250000000000000000e+02 -1.480849267464597052e-02 -7.885247457699207270e-04
1.260000000000000000e+02 -1.276111005017707342e-02 -5.889297004887740538e-04
1.270000000000000000e+02 -1.094840351397159857e-02 -4.363871672837966184e-04
1.280000000000000000e+02 -9.351837780934233943e-03 -3.207964131566849535e-04
1.290000000000000000e+02 -7.952902394258519470e-03 -2.339507747679336414e-04
1.300000000000000000e+02 -6.733417558442023748e-03 -1.692564278998918233e-04
1.310000000000000000e+02 -5.675779313131151804e-03 -1.214729679772464722e-04
1.320000000000000000e+02 -4.763150533827796920e-03 -8.648003584381082831e-05
1.330000000000000000e+02 -3.979608235007150822e-03 -6.107193406390640667e-05
1.340000000000000000e+02 -3.310253756663588537e-03 -4.278039942830052773e-05
1.350000000000000000e+02 -2.741287186933590372e-03 -2.972439442519649890e-05
1.360000000000000000e+02 -2.260046345028389470e-03 -2.048489857867322335e-05
1.370000000000000000e+02 -1.855013673186697550e-03 -1.400215241064517601e-05
1.380000000000000000e+02 -1.515797582635077271e-03 -9.492563421379653451e-06
1.390000000000000000e+02 -1.233095256406541640e-03 -6.382450956324404149e-06
1.400000000000000000e+02 -9.986419953949827837e-04 -4.255928149968319306e-06
1.410000000000000000e+02 -8.051501330548817021e-04 -2.814436494465356654e-06
1.420000000000000000e+02 -6.462398511013326980e-04 -1.845723093896996651e-06
1.430000000000000000e+02 -5.163646401309257561e-04 -1.200348068289320043e-06
1.440000000000000000e+02 -4.107345197396544733e-04 -7.741072300577896683e-07
1.450000000000000000e+02 -3.252397732404793034e-04 -4.950352392384142103e-07
1.460000000000000000e+02 -2.563770753304663269e-04 -3.139062709726240628e-07
1.470000000000000000e+02 -2.011790940977698926e-04 -1.973697451636208263e-07
1.480000000000000000e+02 -1.571482557455635006e-04 -1.230455362617580753e-07
1.490000000000000000e+02 -1.221952561265365292e-04 -7.605785334563204690e-08
1.500000000000000000e+02 -9.458280866890361965e-05 -4.661261058618483325e-08
1.510000000000000000e+02 -7.287490075022331809e-05 -2.832255013614610408e-08
1.520000000000000000e+02 -5.589155373241533223e-05 -1.706156345063479312e-08
1.530000000000000000e+02 -4.266886805675662152e-05 -1.018947482209626586e-08
1.540000000000000000e+02 -3.242403373916125857e-05 -6.032813680205874325e-09
1.550000000000000000e+02 -2.452495722406710160e-05 -3.540889532512332329e-09
1.560000000000000000e+02 -1.846414036411431837e-05 -2.060236807478377920e-09
1.570000000000000000e+02 -1.383641988682802947e-05 -1.188292977842067635e-09
1.580000000000000000e+02 -1.032015370409108874e-05 -6.793924957225628590e-10
1.590000000000000000e+02 -7.661437613113923387e-06 -3.850374508001479985e-10
