0.000000000000000000e+00 -1.385244912340571791e-05 2.191966168104103174e-04
1.000000000000000000e+00 -8.859376200693354054e-10 -8.459872062561075469e-04
2.000000000000000000e+00 -1.245850808921827027e-09 -6.441066601350987951e-04
3.000000000000000000e+00 -1.889007934035798447e-09 -6.850186301570757377e-04
4.000000000000000000e+00 -2.857461973417411565e-09 -7.688141456220231630e-04
5.000000000000000000e+00 -4.301170400530033834e-09 -8.674428394015345611e-04
6.000000000000000000e+00 -6.443133017795230388e-09 -9.778430997777500227e-04
7.000000000000000000e+00 -9.605978659856402045e-09 -1.101863061986280926e-03
8.000000000000000000e+00 -1.425070376631696018e-08 -1.242579754492124542e-03
9.000000000000000000e+00 -2.103102964030763546e-08 -1.403147594244985238e-03
1.000000000000000000e+01 -3.087151212744591071e-08 -1.586036718526174626e-03
1.100000000000000000e+01 -4.507867640032879331e-08 -1.792505707309081974e-03
1.200000000000000000e+01 -6.549288610718843243e-08 -2.022470208351416152e-03
1.300000000000000000e+01 -9.468748945225956375e-08 -2.274883643718904249e-03
1.400000000000000000e+01 -1.362264240828933652e-07 -2.548586689572068537e-03
1.500000000000000000e+01 -1.950044238438601103e-07 -2.843404325852601743e-03
1.600000000000000000e+01 -2.777097519631928883e-07 -3.161142892652141038e-03
1.700000000000000000e+01 -3.934565352910536576e-07 -3.506111867683027114e-03
1.800000000000000000e+01 -5.546261345709880754e-07 -3.884888272416751887e-03
1.900000000000000000e+01 -7.779450041203604008e-07 -4.305252520012622236e-03
2.000000000000000000e+01 -1.085833878361736129e-06 -4.774513619840258308e-03
2.100000000000000000e+01 -1.508104867145678640e-06 -5.297720908761121596e-03
2.200000000000000000e+01 -2.084142797667435924e-06 -5.876407055130130654e-03
2.300000000000000000e+01 -2.865741949716330642e-06 -6.508423521564178291e-03
2.400000000000000000e+01 -3.920748558437958984e-06 -7.189105936721108120e-03
2.500000000000000000e+01 -5.337604976225277507e-06 -7.913546730698415438e-03
2.600000000000000000e+01 -7.230871512864467091e-06 -8.679323596428905468e-03
2.700000000000000000e+01 -9.747871265997130294e-06 -9.488786312858739705e-03
2.800000000000000000e+01 -1.307674172554439585e-05 -1.035002845665507730e-02
2.900000000000000000e+01 -1.745629489487468048e-05 -1.127598528257515303e-02
3.000000000000000000e+01 -2.318809879067338105e-05 -1.228166094623136216e-02
3.100000000000000000e+01 -3.065108371624730835e-05 -1.338016685503789008e-02
3.200000000000000000e+01 -4.031880823643302434e-05 -1.457881845105992585e-02
3.300000000000000000e+01 -5.277939040600596228e-05 -1.587672307987795378e-02
3.400000000000000000e+01 -6.875813290194476076e-05 -1.726493552741360793e-02
3.500000000000000000e+01 -8.914314193725758476e-05 -1.872943256207511634e-02
3.600000000000000000e+01 -1.150147007052980587e-04 -2.025616079748803269e-02
3.700000000000000000e+01 -1.476794233101385223e-04 -2.183661326581095782e-02
3.800000000000000000e+01 -1.887096932399954499e-04 -2.347206198809496241e-02
3.900000000000000000e+01 -2.399874272704521916e-04 -2.517482666396468616e-02
4.000000000000000000e+01 -3.037497757218940225e-04 -2.696576414228939178e-02
4.100000000000000000e+01 -3.826347191279601658e-04 -2.886836124154039396e-02
4.200000000000000000e+01 -4.797273287513673795e-04 -3.090108273813697501e-02
4.300000000000000000e+01 -5.986105428037607774e-04 -3.307049716357562258e-02
4.400000000000000000e+01 -7.434235543158816076e-04 -3.536772917327576926e-02
4.500000000000000000e+01 -9.189245434063831501e-04 -3.776981968756579211e-02
4.600000000000000000e+01 -1.130546977928259707e-03 -4.024591946232934647e-02
4.700000000000000000e+01 -1.384438564221325899e-03 -4.276652833616205462e-02
4.800000000000000000e+01 -1.687482863277131552e-03 -4.531284622117254246e-02
4.900000000000000000e+01 -2.047317169080344664e-03 -4.788308419787797032e-02
5.000000000000000000e+01 -2.472360615443337621e-03 -5.049335432138610247e-02
5.100000000000000000e+01 -2.971846927637241537e-03 -5.317234929188990877e-02
5.200000000000000000e+01 -3.555831792150567980e-03 -5.595106540965541497e-02
5.300000000000000000e+01 -4.235142847107375465e-03 -5.885070333824826694e-02
5.400000000000000000e+01 -5.021271749882726121e-03 -6.187285359770687554e-02
5.500000000000000000e+01 -5.926247551969139604e-03 -6.499558945810471333e-02
5.600000000000000000e+01 -6.962534932614486763e-03 -6.817718471295022842e-02
5.700000000000000000e+01 -8.142953532787780557e-03 -7.136654772535690194e-02
5.800000000000000000e+01 -9.480555391638684909e-03 -7.451712619823465389e-02
5.900000000000000000e+01 -1.098839196387173429e-02 -7.759979766849622873e-02
6.000000000000000000e+01 -1.267917223581034765e-02 -8.061045162880772774e-02
6.100000000000000000e+01 -1.456489976181467652e-02 -8.356949867381258112e-02
6.200000000000000000e+01 -1.665658663382363000e-02 -8.651302916229414164e-02
6.300000000000000000e+01 -1.896404937062598842e-02 -8.947814083380134509e-02
6.400000000000000000e+01 -2.149567910311650162e-02 -9.248715731397234852e-02
6.500000000000000000e+01 -2.425806854194188095e-02 -9.553614643747011803e-02
6.600000000000000000e+01 -2.725550148820398561e-02 -9.859186465665080445e-02
6.700000000000000000e+01 -3.048945537264251271e-02 -1.015983913215389306e-01
6.800000000000000000e+01 -3.395828076673810397e-02 -1.044913871453928417e-01
6.900000000000000000e+01 -3.765707279326939438e-02 -1.072153637723608777e-01
7.000000000000000000e+01 -4.157757860641584507e-02 -1.097383882170845093e-01
7.100000000000000000e+01 -4.570797232904866281e-02 -1.120594414607877370e-01
7.200000000000000000e+01 -5.003250209517489527e-02 -1.142059087927011218e-01
7.300000000000000000e+01 -5.453120548303362625e-02 -1.162217987468258523e-01
7.400000000000000000e+01 -5.917990013671931004e-02 -1.181503923781739851e-01
7.500000000000000000e+01 -6.395046416551100621e-02 -1.200170582554505594e-01
7.600000000000000000e+01 -6.881121432961910533e-02 -1.218180585505889701e-01
7.700000000000000000e+01 -7.372717793959555899e-02 -1.235191443829730118e-01
7.800000000000000000e+01 -7.866024911612946868e-02 -1.250643455335692655e-01
7.900000000000000000e+01 -8.356942244703888245e-02 -1.263919298027044447e-01
8.000000000000000000e+01 -8.841130175420980342e-02 -1.274522600543533113e-01
8.100000000000000000e+01 -9.314088689364931339e-02 -1.282218264831420929e-01
8.200000000000000000e+01 -9.771244523657071634e-02 -1.287090472556136067e-01
8.300000000000000000e+01 -1.020802664561022283e-01 -1.289500530353352992e-01
8.400000000000000000e+01 -1.061992714975796837e-01 -1.289958684295940960e-01
8.500000000000000000e+01 -1.100256156483902653e-01 -1.288952311422756625e-01
8.600000000000000000e+01 -1.135174288593889386e-01 -1.286787623003320391e-01
8.700000000000000000e+01 -1.166356895626007167e-01 -1.283496942391190165e-01
8.800000000000000000e+01 -1.193450889094579553e-01 -1.278840141500332817e-01
8.900000000000000000e+01 -1.216147386552469262e-01 -1.272396192809853444e-01
9.000000000000000000e+01 -1.234186877711032637e-01 -1.263711520439607938e-01
9.100000000000000000e+01 -1.247363171376359575e-01 -1.252455572838285514e-01
9.200000000000000000e+01 -1.255526890032924447e-01 -1.238534393328530742e-01
9.300000000000000000e+01 -1.258588591609133556e-01 -1.222128106944648240e-01
9.400000000000000000e+01 -1.256520988950189655e-01 -1.203643003545039336e-01
9.500000000000000000e+01 -1.249359712575044551e-01 -1.183596109029007443e-01
9.600000000000000000e+01 -1.237202428905877227e-01 -1.162471515218877205e-01
9.700000000000000000e+01 -1.220206437284223344e-01 -1.140595899903076860e-01
9.800000000000000000e+01 -1.198584969816633705e-01 -1.118072403935607279e-01
9.900000000000000000e+01 -1.172602460055186258e-01 -1.094790596807493493e-01
1.000000000000000000e+02 -1.142569116628854575e-01 -1.070504218699940002e-01
1.010000000000000000e+02 -1.108835094514004221e-01 -1.044947342070907809e-01
1.020000000000000000e+02 -1.071784291565821556e-01 -1.017949907950598254e-01
1.030000000000000000e+02 -1.031827516471836015e-01 -9.895167510599631178e-02
1.040000000000000000e+02 -9.893948393883916781e-02 -9.598478264701496010e-02
1.050000000000000000e+02 -9.449274108413671658e-02 -9.292967463812407125e-02
1.060000000000000000e+02 -8.988694990536455487e-02 -8.982841589378329217e-02
1.070000000000000000e+02 -8.516614422783592986e-02 -8.671960089497360302e-02
1.080000000000000000e+02 -8.037336153748643464e-02 -8.362998564845554317e-02
1.090000000000000000e+02 -7.555009187833232331e-02 -8.057042692843685572e-02
1.100000000000000000e+02 -7.073572966400960838e-02 -7.753703044076019901e-02
1.110000000000000000e+02 -6.596703801127661027e-02 -7.451665919912107972e-02
1.120000000000000000e+02 -6.127769307216320016e-02 -7.149467032716728954e-02
1.130000000000000000e+02 -5.669797331377320060e-02 -6.846228280311567049e-02
1.140000000000000000e+02 -5.225459736292121377e-02 -6.542135171377103098e-02
1.150000000000000000e+02 -4.797065327084499425e-02 -6.238531734595019473e-02
1.160000000000000000e+02 -4.386555782012042937e-02 -5.937636796618169649e-02
1.170000000000000000e+02 -3.995503473451053611e-02 -5.642002114993463491e-02
1.180000000000000000e+02 -3.625115156287211232e-02 -5.353904093152836441e-02
1.190000000000000000e+02 -3.276245740791482869e-02 -5.074865269026086756e-02
1.200000000000000000e+02 -2.949421963277005718e-02 -4.805441332572292501e-02
1.210000000000000000e+02 -2.644871292226051371e-02 -4.545310221573504311e-02
1.220000000000000000e+02 -2.362550949153066279e-02 -4.293600511720417623e-02
1.230000000000000000e+02 -2.102175315484501594e-02 -4.049330247009207129e-02
1.240000000000000000e+02 -1.863243577560023956e-02 -3.811810356181118131e-02
1.250000000000000000e+02 -1.645069999833875807e-02 -3.580895842953483316e-02
1.260000000000000000e+02 -1.446816812716461911e-02 -3.357027536862836059e-02
1.270000000000000000e+02 -1.267527118430186901e-02 -3.141076705602018071e-02
1.280000000000000000e+02 -1.106154874174395536e-02 -2.934063521342797701e-02
1.290000000000000000e+02 -9.615908520593581532e-03 -2.736851536858520353e-02
1.300000000000000000e+02 -8.326855122104294751e-03 -2.549916013392582517e-02
1.310000000000000000e+02 -7.182702207912480645e-03 -2.373248505087372992e-02
1.320000000000000000e+02 -6.171772018407266878e-03 -2.206408932047258797e-02
1.330000000000000000e+02 -5.282573771489938383e-03 -2.048688995734044074e-02
1.340000000000000000e+02 -4.503950062825705196e-03 -1.899322286159166664e-02
1.350000000000000000e+02 -3.825188102966576437e-03 -1.757672392841942363e-02
1.360000000000000000e+02 -3.236101777420089150e-03 -1.623347331098052085e-02
1.370000000000000000e+02 -2.727093355133365302e-03 -1.496217955428084771e-02
1.380000000000000000e+02 -2.289199846983014548e-03 -1.376349626069964076e-02
1.390000000000000000e+02 -1.914123854753224576e-03 -1.263881070166233099e-02
1.400000000000000000e+02 -1.594247099972412101e-03 -1.158895660112828872e-02
1.410000000000000000e+02 -1.322627079762172609e-03 -1.061326083882389165e-02
1.420000000000000000e+02 -1.092980396556047021e-03 -9.709167223404584213e-03
1.430000000000000000e+02 -8.996573766449888479e-04 -8.872462040713532602e-03
1.440000000000000000e+02 -7.376112989390057068e-04 -8.097937268682169759e-03
1.450000000000000000e+02 -6.023635942945973314e-04 -7.380224476632222738e-03
1.460000000000000000e+02 -4.899654113183696388e-04 -6.714530010078390183e-03
1.470000000000000000e+02 -3.969562539189928864e-04 -6.097079096034439989e-03
1.480000000000000000e+02 -3.203211230070062039e-04 -5.525194436143405878e-03
1.490000000000000000e+02 -2.574478447597474545e-04 -4.997053558121631808e-03
1.500000000000000000e+02 -2.060858515187014462e-04 -4.511255877342243599e-03
1.510000000000000000e+02 -1.643070203329994824e-04 -4.066364755094934759e-03
1.520000000000000000e+02 -1.304687421800872292e-04 -3.660568328981331221e-03
1.530000000000000000e+02 -1.031793219875495069e-04 -3.291540189195316449e-03
1.540000000000000000e+02 -8.126590878245132593e-05 -2.956504264593246608e-03
1.550000000000000000e+02 -6.374519551795766617e-05 -2.652445503313487479e-03
1.560000000000000000e+02 -4.979702277382108894e-05 -2.376376455058683800e-03
1.570000000000000000e+02 -3.874084978173301659e-05 -2.125572164716784535e-03
1.580000000000000000e+02 -3.001492633906661863e-05 -1.897712916942063260e-03
1.590000000000000000e+02 -2.315795689812788266e-05 -1.690912753312676271e-03
