0.000000000000000000e+00 -2.131984066427926273e-04 -3.485287906988413030e-05
1.000000000000000000e+00 -9.188815834233693490e-06 -1.115959355101471832e-06
2.000000000000000000e+00 -9.147566911264723444e-06 -1.229981026715648683e-06
3.000000000000000000e+00 -1.117624772005807017e-05 -1.587033793771081500e-06
4.000000000000000000e+00 -1.382076750619019231e-05 -2.054503594648884513e-06
5.000000000000000000e+00 -1.706957333350967809e-05 -2.652455732624429246e-06
6.000000000000000000e+00 -2.103328991801846947e-05 -3.414161576295495299e-06
7.000000000000000000e+00 -2.585476236518617101e-05 -4.381273042630097777e-06
8.000000000000000000e+00 -3.170369787350645838e-05 -5.605131375549050055e-06
9.000000000000000000e+00 -3.877985656155459799e-05 -7.148790433166809144e-06
1.000000000000000000e+01 -4.731788795069689240e-05 -9.089487452875973284e-06
1.100000000000000000e+01 -5.759310125001851713e-05 -1.152157893427664601e-05
1.200000000000000000e+01 -6.992794342610412139e-05 -1.455995137260682768e-05
1.300000000000000000e+01 -8.469887628186512519e-05 -1.834390639185731151e-05
1.400000000000000000e+01 -1.023433376878365346e-04 -2.304154564999572901e-05
1.500000000000000000e+01 -1.233666885212090657e-04 -2.885474652827916455e-05
1.600000000000000000e+01 -1.483494720121697052e-04 -3.602489870519399626e-05
1.700000000000000000e+01 -1.779557682810253188e-04 -4.483961374598743150e-05
1.800000000000000000e+01 -2.129436122387211435e-04 -5.564057629879150051e-05
1.900000000000000000e+01 -2.541780821438181467e-04 -6.883256804858009211e-05
2.000000000000000000e+01 -3.026467177402151370e-04 -8.489352289067847110e-05
2.100000000000000000e+01 -3.594757229172024422e-04 -1.043853767726403469e-04
2.200000000000000000e+01 -4.259446044257773185e-04 -1.279655617054524541e-04
2.300000000000000000e+01 -5.034972053646255812e-04 -1.563992656361270182e-04
2.400000000000000000e+01 -5.937488440733977189e-04 -1.905728936975365384e-04
2.500000000000000000e+01 -6.984920048716607936e-04 -2.315092755197542507e-04
2.600000000000000000e+01 -8.197053779400295323e-04 -2.803848734271001809e-04
2.700000000000000000e+01 -9.595712242910338710e-04 -3.385485974221519897e-04
2.800000000000000000e+01 -1.120502905449817337e-03 -4.075411735658179477e-04
2.900000000000000000e+01 -1.305178548274901328e-03 -4.891138507811946309e-04
3.000000000000000000e+01 -1.516570831992411668e-03 -5.852458769732096257e-04
3.100000000000000000e+01 -1.757960557104506875e-03 -6.981613838307109072e-04
3.200000000000000000e+01 -2.032926017144249999e-03 -8.303472541837636067e-04
3.300000000000000000e+01 -2.345311322562105595e-03 -9.845732394938096384e-04
3.400000000000000000e+01 -2.699190411957216353e-03 -1.163913725999637938e-03
3.500000000000000000e+01 -3.098851635761601907e-03 -1.371767997871153628e-03
3.600000000000000000e+01 -3.548822860283458273e-03 -1.611874476618593236e-03
3.700000000000000000e+01 -4.053937039406458644e-03 -1.888315902890086917e-03
3.800000000000000000e+01 -4.619410322038696934e-03 -2.205516707027079491e-03
3.900000000000000000e+01 -5.250883791945180901e-03 -2.568238343890004612e-03
4.000000000000000000e+01 -5.954381540002577286e-03 -2.981579238392295314e-03
4.100000000000000000e+01 -6.736169296890415215e-03 -3.450980756042327895e-03
4.200000000000000000e+01 -7.602550685521648581e-03 -3.982231052970386029e-03
4.300000000000000000e+01 -8.559686593066842542e-03 -4.581451056118605696e-03
4.400000000000000000e+01 -9.613534388946461812e-03 -5.255048565403694361e-03
4.500000000000000000e+01 -1.076995740658497416e-02 -6.009640269657443197e-03
4.600000000000000000e+01 -1.203496177142661556e-02 -6.851961016929534326e-03
4.700000000000000000e+01 -1.341492121452820749e-02 -7.788791087096041087e-03
4.800000000000000000e+01 -1.491660973804522297e-02 -8.826922593649415283e-03
4.900000000000000000e+01 -1.654691903020345800e-02 -9.973154885327848926e-03
5.000000000000000000e+01 -1.831228812118950583e-02 -1.123427293213996071e-02
5.100000000000000000e+01 -2.021805356494616943e-02 -1.261694956184526359e-02
5.200000000000000000e+01 -2.226803560316883285e-02 -1.412754159627109714e-02
5.300000000000000000e+01 -2.446461894887608235e-02 -1.577181444786622880e-02
5.400000000000000000e+01 -2.680935452365604266e-02 -1.755469174277217437e-02
5.500000000000000000e+01 -2.930379839016721000e-02 -1.948013634356090401e-02
5.600000000000000000e+01 -3.195008665301019013e-02 -2.155120090766807911e-02
5.700000000000000000e+01 -3.475077468747288234e-02 -2.377016669633195273e-02
5.800000000000000000e+01 -3.770779036702083531e-02 -2.613859429220269717e-02
5.900000000000000000e+01 -4.082084635514084126e-02 -2.865711985727516925e-02
6.000000000000000000e+01 -4.408606989146782867e-02 -3.132497088805607371e-02
6.100000000000000000e+01 -4.749566306894278944e-02 -3.413937988838423865e-02
6.200000000000000000e+01 -5.103897983709462099e-02 -3.709520806037953228e-02
6.300000000000000000e+01 -5.470465183744555038e-02 -4.018503328724984391e-02
6.400000000000000000e+01 -5.848270424516425342e-02 -4.339969754097473820e-02
6.500000000000000000e+01 -6.236540058399384773e-02 -4.672898723769024903e-02
6.600000000000000000e+01 -6.634605663868048397e-02 -5.016195679466722845e-02
6.700000000000000000e+01 -7.041611499596545087e-02 -5.368655900428862676e-02
6.800000000000000000e+01 -7.456186501724926252e-02 -5.728868007357934555e-02
6.900000000000000000e+01 -7.876267936745770526e-02 -6.095114286268105142e-02
7.000000000000000000e+01 -8.299209768601335802e-02 -6.465340887378522028e-02
7.100000000000000000e+01 -8.722165672939208303e-02 -6.837239189062208067e-02
7.200000000000000000e+01 -9.142575846522885130e-02 -7.208412090197424682e-02
7.300000000000000000e+01 -9.558501088507961874e-02 -7.576536813569259565e-02
7.400000000000000000e+01 -9.968597848114370275e-02 -7.939424025760466463e-02
7.500000000000000000e+01 -1.037170486528976171e-01 -8.294929085125674062e-02
7.600000000000000000e+01 -1.076623292398737886e-01 -8.640767518438421946e-02
7.700000000000000000e+01 -1.114969198403613221e-01 -8.974362717275666257e-02
7.800000000000000000e+01 -1.151865733033210770e-01 -9.292852890667699373e-02
7.900000000000000000e+01 -1.186926175185714083e-01 -9.593295283870149903e-02
8.000000000000000000e+01 -1.219800851489874355e-01 -9.872977644084916793e-02
8.100000000000000000e+01 -1.250249374761352172e-01 -1.012966301687126258e-01
8.200000000000000000e+01 -1.278163473632232261e-01 -1.036161741462815478e-01
8.300000000000000000e+01 -1.303523844782593921e-01 -1.056739769622035974e-01
8.400000000000000000e+01 -1.326310092220552850e-01 -1.074553418768416646e-01
8.500000000000000000e+01 -1.346411322618933093e-01 -1.089432551374054509e-01
8.600000000000000000e+01 -1.363589069714069568e-01 -1.101190777878300747e-01
8.700000000000000000e+01 -1.377518844881148175e-01 -1.109659089292382300e-01
8.800000000000000000e+01 -1.387893879043567147e-01 -1.114727580285873321e-01
8.900000000000000000e+01 -1.394538212618742501e-01 -1.116369702637398376e-01
9.000000000000000000e+01 -1.397467562649476192e-01 -1.114632942449647335e-01
9.100000000000000000e+01 -1.396861681421186496e-01 -1.109600472708458935e-01
9.200000000000000000e+01 -1.392958871522738673e-01 -1.101347199433586055e-01
9.300000000000000000e+01 -1.385927127779660317e-01 -1.089918111572682341e-01
9.400000000000000000e+01 -1.375782236019391092e-01 -1.075343286641299717e-01
9.500000000000000000e+01 -1.362400095562384394e-01 -1.057680481417739710e-01
9.600000000000000000e+01 -1.345619502176073068e-01 -1.037057989322322099e-01
9.700000000000000000e+01 -1.325380909776737726e-01 -1.013689427873105953e-01
9.800000000000000000e+01 -1.301825330583396001e-01 -9.878493553410376549e-02
9.900000000000000000e+01 -1.275297881980963777e-01 -9.598232407473328287e-02
1.000000000000000000e+02 -1.246251594504633464e-01 -9.298614992354727049e-02
1.010000000000000000e+02 -1.215101424183972906e-01 -8.981645629923404317e-02
1.020000000000000000e+02 -1.182106330848678027e-01 -8.649060692338103595e-02
1.030000000000000000e+02 -1.147342607509453938e-01 -8.302771208557244154e-02
1.040000000000000000e+02 -1.110781579546813169e-01 -7.945216996477941218e-02
1.050000000000000000e+02 -1.072427339306577937e-01 -7.579396352000458692e-02
1.060000000000000000e+02 -1.032437952591176711e-01 -7.208545338828764582e-02
1.070000000000000000e+02 -9.911640291510384615e-02 -6.835660215862379707e-02
1.080000000000000000e+02 -9.490845687022471389e-02 -6.463146700797840760e-02
1.090000000000000000e+02 -9.066756253531035870e-02 -6.092789128389294179e-02
1.100000000000000000e+02 -8.642825988932947845e-02 -5.726026654991392406e-02
1.110000000000000000e+02 -8.220632174426398264e-02 -5.364337662246276839e-02
1.120000000000000000e+02 -7.800280667144277036e-02 -5.009482153634488288e-02
1.130000000000000000e+02 -7.381518618489490979e-02 -4.663458133745222722e-02
1.140000000000000000e+02 -6.964919647340789277e-02 -4.328214776813699149e-02
1.150000000000000000e+02 -6.552503899764199058e-02 -4.005311216295623367e-02
1.160000000000000000e+02 -6.147494351023605197e-02 -3.695728288261680705e-02
1.170000000000000000e+02 -5.753385479695265203e-02 -3.399931019438193203e-02
1.180000000000000000e+02 -5.372852307669052918e-02 -3.118120930743373265e-02
1.190000000000000000e+02 -5.007079883179687413e-02 -2.850511123745799735e-02
1.200000000000000000e+02 -4.655833782421810174e-02 -2.597462783892606764e-02
1.210000000000000000e+02 -4.318177476686552163e-02 -2.359423625259465460e-02
1.220000000000000000e+02 -3.993408760271647401e-02 -2.136734465650923578e-02
1.230000000000000000e+02 -3.681711013399682764e-02 -1.929440981071029945e-02
1.240000000000000000e+02 -3.384212517571640738e-02 -1.737227756462841541e-02
1.250000000000000000e+02 -3.102484303139529942e-02 -1.559504513740970870e-02
1.260000000000000000e+02 -2.837793850686089886e-02 -1.395581033828369871e-02
1.270000000000000000e+02 -2.590526717535085455e-02 -1.244824402948330189e-02
1.280000000000000000e+02 -2.360060295551314954e-02 -1.106718115833230792e-02
1.290000000000000000e+02 -2.145110002687748013e-02 -9.808117582383157201e-03
1.300000000000000000e+02 -1.944321105368892327e-02 -8.666150064474874293e-03
1.310000000000000000e+02 -1.756779848996162935e-02 -7.635128614024472467e-03
1.320000000000000000e+02 -1.582200739260956890e-02 -6.707534933838570947e-03
1.330000000000000000e+02 -1.420743766992594442e-02 -5.875088941198981264e-03
1.340000000000000000e+02 -1.272608308157449110e-02 -5.129660715933912277e-03
1.350000000000000000e+02 -1.137642774642571436e-02 -4.463960424341006233e-03
1.360000000000000000e+02 -1.015168436658112766e-02 -3.871697093367302937e-03
1.370000000000000000e+02 -9.040797635866983789e-03 -3.347252241128902215e-03
1.380000000000000000e+02 -8.031341002307358298e-03 -2.885175219625926626e-03
1.390000000000000000e+02 -7.112604209844814070e-03 -2.479841714232801364e-03
1.400000000000000000e+02 -6.277340777265452698e-03 -2.125450206686820952e-03
1.410000000000000000e+02 -5.521564337105273890e-03 -1.816299758992467568e-03
1.420000000000000000e+02 -4.842848871736688335e-03 -1.547142118652607319e-03
1.430000000000000000e+02 -4.238242997742668570e-03 -1.313400513848368093e-03
1.440000000000000000e+02 -3.702904978449225205e-03 -1.111164522237776016e-03
1.450000000000000000e+02 -3.230016123354612599e-03 -9.370126727559519465e-04
1.460000000000000000e+02 -2.811796506697978367e-03 -7.877958486113320179e-04
1.470000000000000000e+02 -2.440929774366577473e-03 -6.605031955801872467e-04
1.480000000000000000e+02 -2.111630627030411725e-03 -5.522561471524968860e-04
1.490000000000000000e+02 -1.819912697102457058e-03 -4.603933811407589496e-04
1.500000000000000000e+02 -1.563090673452608836e-03 -3.825679268827641153e-04
1.510000000000000000e+02 -1.338910902779278430e-03 -3.167902640429741249e-04
1.520000000000000000e+02 -1.144800423215622340e-03 -2.613974059257285956e-04
1.530000000000000000e+02 -9.775652880962665790e-04 -2.149734249155410429e-04
1.540000000000000000e+02 -8.335825396652310438e-04 -1.762666691376940480e-04
1.550000000000000000e+02 -7.092810897564616772e-04 -1.441388845491619523e-04
1.560000000000000000e+02 -6.016113210659591350e-04 -1.175550654667133850e-04
1.570000000000000000e+02 -5.082764285146102942e-04 -9.559898585970058550e-05
1.580000000000000000e+02 -4.276650484644902665e-04 -7.749035340427195694e-05
1.590000000000000000e+02 -3.585802258077105823e-04 -6.258611341547912969e-05
