0.000000000000000000e+00 -7.071949197415974127e-06 -3.377670593819542728e-06
1.000000000000000000e+00 -8.463772554371407598e-10 -5.222245619796596457e-10
2.000000000000000000e+00 -1.161677242924034427e-09 -7.593464230783347052e-10
3.000000000000000000e+00 -1.623965097501754508e-09 -1.179705662143283650e-09
4.000000000000000000e+00 -2.300151168636296191e-09 -1.826299539251889384e-09
5.000000000000000000e+00 -3.288575622884631252e-09 -2.811112757505911606e-09
6.000000000000000000e+00 -4.693073717333675355e-09 -4.302903260113410747e-09
7.000000000000000000e+00 -6.610062795234163627e-09 -6.551662526517562173e-09
8.000000000000000000e+00 -9.141254703371196811e-09 -9.923608486980494132e-09
9.000000000000000000e+00 -1.245116175783211784e-08 -1.494953406676056127e-08
1.000000000000000000e+01 -1.686357984385804224e-08 -2.239358290825077218e-08
1.100000000000000000e+01 -2.295217440127994155e-08 -3.335282238886987184e-08
1.200000000000000000e+01 -3.155475840855393037e-08 -4.939882359474799324e-08
1.300000000000000000e+01 -4.366502803015959068e-08 -7.277112998384540618e-08
1.400000000000000000e+01 -6.024537296255232691e-08 -1.066336448144475429e-07
1.500000000000000000e+01 -8.212408871501031870e-08 -1.554144465309666738e-07
1.600000000000000000e+01 -1.101964236497884500e-07 -2.252669958741476992e-07
1.700000000000000000e+01 -1.460382200035015857e-07 -3.247058659289385808e-07
1.800000000000000000e+01 -1.927472222176831363e-07 -4.654711175369242066e-07
1.900000000000000000e+01 -2.555020981741729682e-07 -6.636651237892552452e-07
2.000000000000000000e+01 -3.412629556748069545e-07 -9.412074254042578281e-07
2.100000000000000000e+01 -4.574746102346591754e-07 -1.327690888837302436e-06
2.200000000000000000e+01 -6.105105660739012098e-07 -1.862787500067024185e-06
2.300000000000000000e+01 -8.053840136873334363e-07 -2.599398119146991664e-06
2.400000000000000000e+01 -1.048146422071110338e-06 -3.607727798653278428e-06
2.500000000000000000e+01 -1.350902711890433268e-06 -4.980421383400648231e-06
2.600000000000000000e+01 -1.737003902265472007e-06 -6.838896374517372432e-06
2.700000000000000000e+01 -2.242393281590110485e-06 -9.341113970936011938e-06
2.800000000000000000e+01 -2.910230787634833913e-06 -1.269117406658416928e-05
2.900000000000000000e+01 -3.780404977052452937e-06 -1.715117682856487824e-05
3.000000000000000000e+01 -4.881248294307566997e-06 -2.305571954403785298e-05
3.100000000000000000e+01 -6.233186466961840346e-06 -3.082931123531906456e-05
3.200000000000000000e+01 -7.869050099189777843e-06 -4.100702486700050339e-05
3.300000000000000000e+01 -9.863723972093007850e-06 -5.425881034464745070e-05
3.400000000000000000e+01 -1.235376174652643535e-05 -7.141785880715836084e-05
3.500000000000000000e+01 -1.552640052732520053e-05 -9.351322771186474237e-05
3.600000000000000000e+01 -1.957385191357249629e-05 -1.218069308405344593e-04
3.700000000000000000e+01 -2.463732127780962161e-05 -1.578360747853157283e-04
3.800000000000000000e+01 -3.078669145925425386e-05 -2.034608682768422779e-04
3.900000000000000000e+01 -3.807353081871533073e-05 -2.609185166521682162e-04
4.000000000000000000e+01 -4.664979410856140619e-05 -3.328812083093287571e-04
4.100000000000000000e+01 -5.688460141600719811e-05 -4.225154661254176044e-04
4.200000000000000000e+01 -6.938254166746472785e-05 -5.335420183361627971e-04
4.300000000000000000e+01 -8.484823333901411085e-05 -6.702988614048482202e-04
4.400000000000000000e+01 -1.038487475245681370e-04 -8.378106084977295564e-04
4.500000000000000000e+01 -1.266342303884181490e-04 -1.041861214403341264e-03
4.600000000000000000e+01 -1.531946423440785053e-04 -1.289058862316241026e-03
4.700000000000000000e+01 -1.836037896790292633e-04 -1.586881197274231728e-03
4.800000000000000000e+01 -2.184809905751384173e-04 -1.943700821856077362e-03
4.900000000000000000e+01 -2.592370321857658238e-04 -2.368804675716042977e-03
5.000000000000000000e+01 -3.078247998226295128e-04 -2.872418253275831578e-03
5.100000000000000000e+01 -3.660217154734536063e-04 -3.465722055226185677e-03
5.200000000000000000e+01 -4.346657970104365843e-04 -4.160825212870975995e-03
5.300000000000000000e+01 -5.134506085640412132e-04 -4.970669987437163762e-03
5.400000000000000000e+01 -6.016298546352054962e-04 -5.908881847675500482e-03
5.500000000000000000e+01 -6.993544910000195182e-04 -6.989612311227103199e-03
5.600000000000000000e+01 -8.087629244905132023e-04 -8.227401569840085346e-03
5.700000000000000000e+01 -9.338720331788142757e-04 -9.637024097810715367e-03
5.800000000000000000e+01 -1.078994379097747338e-03 -1.123324087210535172e-02
5.900000000000000000e+01 -1.246505711240270637e-03 -1.303042443781966125e-02
6.000000000000000000e+01 -1.435535046975747013e-03 -1.504211929717568993e-02
6.100000000000000000e+01 -1.642841168512426588e-03 -1.728064744563195809e-02
6.200000000000000000e+01 -1.865736951775247808e-03 -1.975679996718825160e-02
6.300000000000000000e+01 -2.105271128628508157e-03 -2.247952991063336542e-02
6.400000000000000000e+01 -2.367236481999624234e-03 -2.545552026641598187e-02
6.500000000000000000e+01 -2.659698415401553703e-03 -2.868861100803363554e-02
6.600000000000000000e+01 -2.988149272040723555e-03 -3.217922909377885637e-02
6.700000000000000000e+01 -3.351476946288296788e-03 -3.592399724242906212e-02
6.800000000000000000e+01 -3.741975857969381120e-03 -3.991554698712186655e-02
6.900000000000000000e+01 -4.150163930100438624e-03 -4.414237977440633315e-02
7.000000000000000000e+01 -4.571630797506619041e-03 -4.858861152993658450e-02
7.100000000000000000e+01 -5.011083339190460818e-03 -5.323362754300955957e-02
7.200000000000000000e+01 -5.480038858210330502e-03 -5.805186580430277132e-02
7.300000000000000000e+01 -5.988834557113658329e-03 -6.301292223121540692e-02
7.400000000000000000e+01 -6.538021187481353122e-03 -6.808194333622591410e-02
7.500000000000000000e+01 -7.115443460504754930e-03 -7.322008057566407879e-02
7.600000000000000000e+01 -7.701955679590343981e-03 -7.838483320896021123e-02
7.700000000000000000e+01 -8.282680894492928242e-03 -8.353034632419034655e-02
7.800000000000000000e+01 -8.856218734119370231e-03 -8.860789595584178668e-02
7.900000000000000000e+01 -9.434828797533765729e-03 -9.356670383499800236e-02
8.000000000000000000e+01 -1.003449652268536066e-02 -9.835497683909334710e-02
8.100000000000000000e+01 -1.066110950056657625e-02 -1.029209228374163287e-01
8.200000000000000000e+01 -1.130242195714201495e-02 -1.072135963366971645e-01
8.300000000000000000e+01 -1.193212445418771576e-02 -1.111836509137722750e-01
8.400000000000000000e+01 -1.252405980665313723e-02 -1.147841807267306891e-01
8.500000000000000000e+01 -1.306715557169795157e-02 -1.179717228272293833e-01
8.600000000000000000e+01 -1.357052045012410724e-02 -1.207072977593162677e-01
8.700000000000000000e+01 -1.405459939489796771e-02 -1.229572902424835856e-01
8.800000000000000000e+01 -1.453403773600777868e-02 -1.246940742254240703e-01
8.900000000000000000e+01 -1.500405420953970781e-02 -1.258964447527224084e-01
9.000000000000000000e+01 -1.544005755746518868e-02 -1.265499767692204180e-01
9.100000000000000000e+01 -1.581115898209173656e-02 -1.266473550273050919e-01
9.200000000000000000e+01 -1.609846698258458539e-02 -1.261886076234602083e-01
9.300000000000000000e+01 -1.630557083698325888e-02 -1.251811390088281295e-01
9.400000000000000000e+01 -1.645397879726916493e-02 -1.236395164490251969e-01
9.500000000000000000e+01 -1.656673351048444306e-02 -1.215850506828082267e-01
9.600000000000000000e+01 -1.665159371218638204e-02 -1.190452536258313765e-01
9.700000000000000000e+01 -1.669530876798158009e-02 -1.160532340656659500e-01
9.800000000000000000e+01 -1.667263515999365189e-02 -1.126470395681362369e-01
9.900000000000000000e+01 -1.656353515316598413e-02 -1.088689157181673972e-01
1.000000000000000000e+02 -1.636663402435055426e-02 -1.047644583135539653e-01
1.010000000000000000e+02 -1.610003691625323807e-02 -1.003816742626975067e-01
1.020000000000000000e+02 -1.578958082427001780e-02 -9.577001157855695446e-02
1.030000000000000000e+02 -1.545306479921788878e-02 -9.097943222526141960e-02
1.040000000000000000e+02 -1.509118138851880259e-02 -8.605957073284964398e-02
1.050000000000000000e+02 -1.469065513222920019e-02 -8.105897100686565437e-02
1.060000000000000000e+02 -1.423653659128858162e-02 -7.602436786845455374e-02
1.070000000000000000e+02 -1.372475806384658784e-02 -7.100000156287628039e-02
1.080000000000000000e+02 -1.316665219496839651e-02 -6.602699972180499366e-02
1.090000000000000000e+02 -1.258320346864058581e-02 -6.114288375109802609e-02
1.100000000000000000e+02 -1.199377014891742782e-02 -5.638123034813698198e-02
1.110000000000000000e+02 -1.140713763299202980e-02 -5.177146798555475743e-02
1.120000000000000000e+02 -1.082036720894952869e-02 -4.733876083269086821e-02
1.130000000000000000e+02 -1.022519560312839908e-02 -4.310395113463531130e-02
1.140000000000000000e+02 -9.616886300305649976e-03 -3.908357098869087720e-02
1.150000000000000000e+02 -8.999519585925140966e-03 -3.528995238118563110e-02
1.160000000000000000e+02 -8.384817353814084939e-03 -3.173144331435646948e-02
1.170000000000000000e+02 -7.786154016383278406e-03 -2.841270164694942313e-02
1.180000000000000000e+02 -7.212237644908872647e-03 -2.533502311185395137e-02
1.190000000000000000e+02 -6.664471687630253889e-03 -2.249667706389072916e-02
1.200000000000000000e+02 -6.139042002830467568e-03 -1.989325146753303034e-02
1.210000000000000000e+02 -5.631625665892468248e-03 -1.751801932454798150e-02
1.220000000000000000e+02 -5.141335685012157590e-03 -1.536232573781213563e-02
1.230000000000000000e+02 -4.671596769562274230e-03 -1.341597578708206458e-02
1.240000000000000000e+02 -4.227985601133133799e-03 -1.166759858040132547e-02
1.250000000000000000e+02 -3.814953315952337911e-03 -1.010497505762503190e-02
1.260000000000000000e+02 -3.433672241873966628e-03 -8.715332585299689905e-03
1.270000000000000000e+02 -3.082110908631880124e-03 -7.485614304065667420e-03
1.280000000000000000e+02 -2.756847366936244614e-03 -6.402724740056539750e-03
1.290000000000000000e+02 -2.455170827120941625e-03 -5.453745218538123656e-03
1.300000000000000000e+02 -2.176159035422053304e-03 -4.626111830897613325e-03
1.310000000000000000e+02 -1.920331452479071737e-03 -3.907754852162340954e-03
1.320000000000000000e+02 -1.688431312022250705e-03 -3.287204920035084309e-03
1.330000000000000000e+02 -1.480286968500508886e-03 -2.753672736261847040e-03
1.340000000000000000e+02 -1.294429250693541382e-03 -2.297106125027483740e-03
1.350000000000000000e+02 -1.128523534405652742e-03 -1.908225198149620131e-03
1.360000000000000000e+02 -9.801731748242520619e-04 -1.578536111948693980e-03
1.370000000000000000e+02 -8.475406062622191719e-04 -1.300325902955243957e-03
1.380000000000000000e+02 -7.294813972400584785e-04 -1.066642679577409127e-03
1.390000000000000000e+02 -6.252524530622999939e-04 -8.712654523284472409e-04
1.400000000000000000e+02 -5.340881320269167971e-04 -7.086665528090755825e-04
1.410000000000000000e+02 -4.549337963488405789e-04 -5.739683364551972575e-04
1.420000000000000000e+02 -3.864524538064336399e-04 -4.628955184014915528e-04
1.430000000000000000e+02 -3.272271961669814518e-04 -3.717247949310310828e-04
1.440000000000000000e+02 -2.759896489533387423e-04 -2.972336276144569244e-04
1.450000000000000000e+02 -2.317381322285628391e-04 -2.366498205130440548e-04
1.460000000000000000e+02 -1.937121862570814995e-04 -1.876029663901332108e-04
1.470000000000000000e+02 -1.612816863090402414e-04 -1.480783475166231721e-04
1.480000000000000000e+02 -1.338389834113654715e-04 -1.163736490140498378e-04
1.490000000000000000e+02 -1.107526276985775767e-04 -9.105879615821198389e-05
1.500000000000000000e+02 -9.138731942644556469e-05 -7.093919069246817010e-05
1.510000000000000000e+02 -7.515548934510691041e-05 -5.502250255372556577e-05
1.520000000000000000e+02 -6.155913356498976822e-05 -4.248900769173917193e-05
1.530000000000000000e+02 -5.019949280223016697e-05 -3.266532678444598593e-05
1.540000000000000000e+02 -4.075755033599806908e-05 -2.500135211426843381e-05
1.550000000000000000e+02 -3.296354229955391192e-05 -1.905013367270394040e-05
1.560000000000000000e+02 -2.657354403664046941e-05 -1.445049348321247328e-05
1.570000000000000000e+02 -2.136106865349679841e-05 -1.091212938857210848e-05
1.580000000000000000e+02 -1.712066221609371698e-05 -8.202955816837560456e-06
1.590000000000000000e+02 -1.367511693617183606e-05 -6.138424127904802632e-06
