0.000000000000000000e+00 -8.381575268182405582e-08 -1.436490935686116564e-06
1.000000000000000000e+00 -7.136378962278072917e-15 -7.040410363717472551e-11
2.000000000000000000e+00 -1.440611051925449648e-14 -1.094837267100858671e-10
3.000000000000000000e+00 -2.921175781957280184e-14 -1.784367189239336657e-10
4.000000000000000000e+00 -5.866617989335385387e-14 -2.891804352918106075e-10
5.000000000000000000e+00 -1.167261221334156423e-13 -4.657768973235923626e-10
6.000000000000000000e+00 -2.302517040023296257e-13 -7.460209006303946053e-10
7.000000000000000000e+00 -4.503663827065123955e-13 -1.188425532719539838e-09
8.000000000000000000e+00 -8.731044896880992640e-13 -1.882387815852798434e-09
9.000000000000000000e+00 -1.676984838366123891e-12 -2.963247281539981957e-09
1.000000000000000000e+01 -3.191574207452162532e-12 -4.635268313547983594e-09
1.100000000000000000e+01 -6.021053706592385318e-12 -7.206498221443297627e-09
1.200000000000000000e+01 -1.126185323782545596e-11 -1.113958844312282485e-08
1.300000000000000000e+01 -2.087995107259024992e-11 -1.712296090860424966e-08
1.400000000000000000e+01 -3.836403428635065688e-11 -2.616951066951921825e-08
1.500000000000000000e+01 -6.985676532915269663e-11 -3.975683193916249645e-08
1.600000000000000000e+01 -1.260910572165386271e-10 -6.003133791562225566e-08
1.700000000000000000e+01 -2.256361709583123997e-10 -9.010304914438652192e-08
1.800000000000000000e+01 -4.002600903863618045e-10 -1.344561950856426698e-07
1.900000000000000000e+01 -7.037629253705617764e-10 -1.995015239697099190e-07
2.000000000000000000e+01 -1.226503269768230136e-09 -2.943142463924251664e-07
2.100000000000000000e+01 -2.118993723718591650e-09 -4.316405448726467808e-07
2.200000000000000000e+01 -3.629496386909995866e-09 -6.292941939316122133e-07
2.300000000000000000e+01 -6.163130647115882382e-09 -9.120719897127145414e-07
2.400000000000000000e+01 -1.037448044775699976e-08 -1.314293951946235154e-06
2.500000000000000000e+01 -1.731213635175069739e-08 -1.883077496498818041e-06
2.600000000000000000e+01 -2.864129155232354138e-08 -2.682546036418725936e-06
2.700000000000000000e+01 -4.698033087991020068e-08 -3.799330083961680714e-06
2.800000000000000000e+01 -7.640376709212370266e-08 -5.349819066357985271e-06
2.900000000000000000e+01 -1.231908492393101433e-07 -7.489565413859596186e-06
3.000000000000000000e+01 -1.969332552824547888e-07 -1.042511678908786374e-05
3.100000000000000000e+01 -3.121499146678521319e-07 -1.442859968115164962e-05
3.200000000000000000e+01 -4.906000528051769092e-07 -1.985570867310437640e-05
3.300000000000000000e+01 -7.645617006282524213e-07 -2.716811891425109760e-05
3.400000000000000000e+01 -1.181458829808246336e-06 -3.696132945266517516e-05
3.500000000000000000e+01 -1.810337690239756045e-06 -4.999853986826711369e-05
3.600000000000000000e+01 -2.750781213627354872e-06 -6.725090091797171618e-05
3.700000000000000000e+01 -4.144970343640367719e-06 -8.994483587554550155e-05
3.800000000000000000e+01 -6.193852349814678773e-06 -1.196177273428726068e-04
3.900000000000000000e+01 -9.178704975976274759e-06 -1.581831470976784388e-04
4.000000000000000000e+01 -1.348957152770568447e-05 -2.080057922183671179e-04
4.100000000000000000e+01 -1.966204282393145246e-05 -2.719856233090588052e-04
4.200000000000000000e+01 -2.842402674020433410e-05 -3.536514945403770394e-04
4.300000000000000000e+01 -4.075471912826839803e-05 -4.572656124638968663e-04
4.400000000000000000e+01 -5.795845789644259475e-05 -5.879386976989810351e-04
4.500000000000000000e+01 -8.175574254747213789e-05 -7.517515892163850397e-04
4.600000000000000000e+01 -1.143928081667735998e-04 -9.558768367117242461e-04
4.700000000000000000e+01 -1.587711424957156275e-04 -1.208697955228848825e-03
4.800000000000000000e+01 -2.185992686152956276e-04 -1.519930645909330210e-03
4.900000000000000000e+01 -2.985686647236767961e-04 -1.900748416295716496e-03
5.000000000000000000e+01 -4.045524625991864134e-04 -2.363900407938723976e-03
5.100000000000000000e+01 -5.438223800262874689e-04 -2.923795686872559564e-03
5.200000000000000000e+01 -7.252797641601160502e-04 -3.596536287241676195e-03
5.300000000000000000e+01 -9.596981559326810867e-04 -4.399909598666830977e-03
5.400000000000000000e+01 -1.259970805075861459e-03 -5.353366444950795854e-03
5.500000000000000000e+01 -1.641347497774323962e-03 -6.477984051233755952e-03
5.600000000000000000e+01 -2.121640988690188037e-03 -7.796361885645273181e-03
5.700000000000000000e+01 -2.721388932482197293e-03 -9.332386008450731241e-03
5.800000000000000000e+01 -3.463960758968821253e-03 -1.111085875490877908e-02
5.900000000000000000e+01 -4.375588473001154437e-03 -1.315707055217421075e-02
6.000000000000000000e+01 -5.485286771169796231e-03 -1.549638834733948686e-02
6.100000000000000000e+01 -6.824633308034219747e-03 -1.815382780843929553e-02
6.200000000000000000e+01 -8.427400896694154514e-03 -2.115347803583034203e-02
6.300000000000000000e+01 -1.032903918043703503e-02 -2.451769626813792360e-02
6.400000000000000000e+01 -1.256598432203382375e-02 -2.826616850088568139e-02
6.500000000000000000e+01 -1.517476707076847314e-02 -3.241504636872390155e-02
6.600000000000000000e+01 -1.819092098716575123e-02 -3.697626221274970953e-02
6.700000000000000000e+01 -2.164773202405038954e-02 -4.195688632476496371e-02
6.800000000000000000e+01 -2.557486751368086286e-02 -4.735830328033240055e-02
6.900000000000000000e+01 -2.999689203154974615e-02 -5.317519130800837240e-02
7.000000000000000000e+01 -3.493168643137932461e-02 -5.939458587886485563e-02
7.100000000000000000e+01 -4.038884514392201974e-02 -6.599534387382009759e-02
7.200000000000000000e+01 -4.636816083642387315e-02 -7.294801798368799606e-02
7.300000000000000000e+01 -5.285826876268748947e-02 -8.021483311603380684e-02
7.400000000000000000e+01 -5.983547931399647163e-02 -8.774950919246926606e-02
7.500000000000000000e+01 -6.726285363891346125e-02 -9.549706558071686946e-02
7.600000000000000000e+01 -7.508963522111267164e-02 -1.033940260528661559e-01
7.700000000000000000e+01 -8.325113976270441529e-02 -1.113692694258013594e-01
7.800000000000000000e+01 -9.166912606378768702e-02 -1.193453134436589930e-01
7.900000000000000000e+01 -1.002526267097305218e-01 -1.272395934210358293e-01
8.000000000000000000e+01 -1.088992527405894806e-01 -1.349655592610150279e-01
8.100000000000000000e+01 -1.174970132045117660e-01 -1.424338547397680510e-01
8.200000000000000000e+01 -1.259266321187114401e-01 -1.495539459260862292e-01
8.300000000000000000e+01 -1.340642600297491382e-01 -1.562362133436298317e-01
8.400000000000000000e+01 -1.417844632788690107e-01 -1.623941226499863721e-01
8.500000000000000000e+01 -1.489634156509738738e-01 -1.679460861837241414e-01
8.600000000000000000e+01 -1.554822188459750454e-01 -1.728169940324516818e-01
8.700000000000000000e+01 -1.612302206763725765e-01 -1.769396895306379336e-01
8.800000000000000000e+01 -1.661081636154503050e-01 -1.802565707216872148e-01
8.900000000000000000e+01 -1.700310290179759820e-01 -1.827211651225066902e-01
9.000000000000000000e+01 -1.729304911342537387e-01 -1.842993505982203073e-01
9.100000000000000000e+01 -1.747568998454684386e-01 -1.849700544030305760e-01
9.200000000000000000e+01 -1.754806950957932543e-01 -1.847255391995401841e-01
9.300000000000000000e+01 -1.750931766381068899e-01 -1.835714701351470191e-01
9.400000000000000000e+01 -1.736066086358455385e-01 -1.815268065594963232e-01
9.500000000000000000e+01 -1.710536803243919157e-01 -1.786233985429762638e-01
9.600000000000000000e+01 -1.674863536943350106e-01 -1.749051835069967142e-01
9.700000000000000000e+01 -1.629741390120073297e-01 -1.704270242027444149e-01
9.800000000000000000e+01 -1.576018713311116981e-01 -1.652533227606272359e-01
9.900000000000000000e+01 -1.514670955380278683e-01 -1.594565052147926820e-01
1.000000000000000000e+02 -1.446771778540268394e-01 -1.531153870881526713e-01
1.010000000000000000e+02 -1.373462551244816754e-01 -1.463134196532120679e-01
1.020000000000000000e+02 -1.295921322755085314e-01 -1.391368755052534989e-01
1.030000000000000000e+02 -1.215332443502598614e-01 -1.316730685669239009e-01
1.040000000000000000e+02 -1.132857948639360290e-01 -1.240086701082209891e-01
1.050000000000000000e+02 -1.049611608641006777e-01 -1.162281302223196200e-01
1.060000000000000000e+02 -9.666363102713314281e-02 -1.084122124153092670e-01
1.070000000000000000e+02 -8.848852759226066844e-02 -1.006366908519790437e-01
1.080000000000000000e+02 -8.052074972099462769e-02 -9.297127844709834887e-02
1.090000000000000000e+02 -7.283375502141622992e-02 -8.547881428337933407e-02
1.100000000000000000e+02 -6.548897079158470802e-02 -7.821468133654485566e-02
1.110000000000000000e+02 -5.853560806483409235e-02 -7.122641165866008817e-02
1.120000000000000000e+02 -5.201084231714455525e-02 -6.455347194902509578e-02
1.130000000000000000e+02 -4.594031733564898912e-02 -5.822725538257799566e-02
1.140000000000000000e+02 -4.033891889167471462e-02 -5.227129162353782998e-02
1.150000000000000000e+02 -3.521175715137524892e-02 -4.670164062971998015e-02
1.160000000000000000e+02 -3.055529646881419148e-02 -4.152740743384276262e-02
1.170000000000000000e+02 -2.635857634988500800e-02 -3.675133022712086250e-02
1.180000000000000000e+02 -2.260447248616642008e-02 -3.237042902723682308e-02
1.190000000000000000e+02 -1.927095063219449317e-02 -2.837671693676890178e-02
1.200000000000000000e+02 -1.633227176812040646e-02 -2.475795949434934223e-02
1.210000000000000000e+02 -1.376011581359071027e-02 -2.149844427351877210e-02
1.220000000000000000e+02 -1.152460070049482477e-02 -1.857972010674625168e-02
1.230000000000000000e+02 -9.595181306026304494e-03 -1.598128439068475376e-02
1.240000000000000000e+02 -7.941418840144981797e-03 -1.368121707301769505e-02
1.250000000000000000e+02 -6.533617276183402781e-03 -1.165676416353361028e-02
1.260000000000000000e+02 -5.343329408841948104e-03 -9.884864861127147170e-03
1.270000000000000000e+02 -4.343739938919828278e-03 -8.342609532694531677e-03
1.280000000000000000e+02 -3.509936017419142042e-03 -7.007619754453160189e-03
1.290000000000000000e+02 -2.819077492284046988e-03 -5.858352109700755254e-03
1.300000000000000000e+02 -2.250480359680883616e-03 -4.874334672639797292e-03
1.310000000000000000e+02 -1.785627639564552494e-03 -4.036344899288423979e-03
1.320000000000000000e+02 -1.408121807950878318e-03 -3.326533773463832052e-03
1.330000000000000000e+02 -1.103592088893318515e-03 -2.728499240416418226e-03
1.340000000000000000e+02 -8.595686927020488319e-04 -2.227313832925882642e-03
1.350000000000000000e+02 -6.653347412397135532e-04 -1.809514288197158760e-03
1.360000000000000000e+02 -5.117651823147448611e-04 -1.463061884543611843e-03
1.370000000000000000e+02 -3.911604577666418013e-04 -1.177280833424944242e-03
1.380000000000000000e+02 -2.970811405444678116e-04 -9.427800914259603857e-04
1.390000000000000000e+02 -2.241883111319553797e-04 -7.513629315550124843e-04
1.400000000000000000e+02 -1.680931629575937265e-04 -5.959285546508272377e-04
1.410000000000000000e+02 -1.252182081498338961e-04 -4.703700186547982577e-04
1.420000000000000000e+02 -9.267149582773144653e-05 -3.694721930593876792e-04
1.430000000000000000e+02 -6.813446092329838457e-05 -2.888124509895797728e-04
1.440000000000000000e+02 -4.976339658257570962e-05 -2.246658950903657366e-04
1.450000000000000000e+02 -3.610407692954776615e-05 -1.739163461242542103e-04
1.460000000000000000e+02 -2.601872333207799813e-05 -1.339740117238245496e-04
1.470000000000000000e+02 -1.862428910801030120e-05 -1.027004722074469344e-04
1.480000000000000000e+02 -1.324091322077969958e-05 -7.834127883843340938e-05
1.490000000000000000e+02 -9.349347625075978715e-06 -5.946611787323687667e-05
1.500000000000000000e+02 -6.556175309392346632e-06 -4.491624404469715177e-05
1.510000000000000000e+02 -4.565691757449090758e-06 -3.375874750832852172e-05
1.520000000000000000e+02 -3.157406392263811736e-06 -2.524715103138014521e-05
1.530000000000000000e+02 -2.168220932265384278e-06 -1.878778739065582471e-05
1.540000000000000000e+02 -1.478452048127644502e-06 -1.391137351952132389e-05
1.550000000000000000e+02 -1.000975342646303448e-06 -1.024918360154513195e-05
1.560000000000000000e+02 -6.728743137984615811e-07 -7.513237773696752393e-06
1.570000000000000000e+02 -4.490774377877553735e-07 -5.479959045480805156e-06
1.580000000000000000e+02 -2.975553815225221833e-07 -3.976798011010319687e-06
1.590000000000000000e+02 -1.957295987601578242e-07 -2.871371879571824639e-06
