0.000000000000000000e+00 -5.689070738354795663e-06 -5.260084095459180214e-06
1.000000000000000000e+00 -3.966129117437080839e-08 -6.481105791131630465e-09
2.000000000000000000e+00 -4.993999312132323914e-08 -8.935079291573106513e-09
3.000000000000000000e+00 -6.996235363574250897e-08 -1.285387023330838991e-08
4.000000000000000000e+00 -9.789326521119399072e-08 -1.845138572126847431e-08
5.000000000000000000e+00 -1.364141296925817680e-07 -2.637399698993120437e-08
6.000000000000000000e+00 -1.893301455656175649e-07 -3.753243318670436268e-08
7.000000000000000000e+00 -2.617577650659658952e-07 -5.317634310669295096e-08
8.000000000000000000e+00 -3.604980355922588282e-07 -7.500934887135404113e-08
9.000000000000000000e+00 -4.945119440277080458e-07 -1.053422762451346700e-07
1.000000000000000000e+01 -6.755427758100479755e-07 -1.472943659817613949e-07
1.100000000000000000e+01 -9.189523721410854423e-07 -2.050557913621510967e-07
1.200000000000000000e+01 -1.244829652803188740e-06 -2.842281408582810955e-07
1.300000000000000000e+01 -1.679396658056128125e-06 -3.922634684081622812e-07
1.400000000000000000e+01 -2.256705246178162901e-06 -5.390273183557665850e-07
1.500000000000000000e+01 -3.020626029144497268e-06 -7.375169148329703787e-07
1.600000000000000000e+01 -4.027203997875133427e-06 -1.004772448295950456e-06
1.700000000000000000e+01 -5.347569531806528639e-06 -1.363027009108326567e-06
1.800000000000000000e+01 -7.071676005321751902e-06 -1.841149216990237480e-06
1.900000000000000000e+01 -9.313104980847986382e-06 -2.476442201117025016e-06
2.000000000000000000e+01 -1.221501857482399680e-05 -3.316873662639616519e-06
2.100000000000000000e+01 -1.595713830146744953e-05 -4.423824496591949638e-06
2.200000000000000000e+01 -2.076356490763682351e-05 -5.875457577588158995e-06
2.300000000000000000e+01 -2.691146323898454580e-05 -7.770823054487640446e-06
2.400000000000000000e+01 -3.474107931710407787e-05 -1.023483104882372494e-05
2.500000000000000000e+01 -4.466796026694073638e-05 -1.342423677114920975e-05
2.600000000000000000e+01 -5.719823500293660874e-05 -1.753479725395214837e-05
2.700000000000000000e+01 -7.294718987894599949e-05 -2.280977373598722858e-05
2.800000000000000000e+01 -9.266039083193712339e-05 -2.954996874334866311e-05
2.900000000000000000e+01 -1.172359584565157037e-04 -3.812549983004243201e-05
3.000000000000000000e+01 -1.477470270179453830e-04 -4.898951929556030315e-05
3.100000000000000000e+01 -1.854650257997125188e-04 -6.269408817033564959e-05
3.200000000000000000e+01 -2.318862859522367382e-04 -7.990840304407139229e-05
3.300000000000000000e+01 -2.887649629169870336e-04 -1.014395582478531656e-04
3.400000000000000000e+01 -3.581531885357433303e-04 -1.282560060441624984e-04
3.500000000000000000e+01 -4.424453291480976358e-04 -1.615138526353854828e-04
3.600000000000000000e+01 -5.444199389537892654e-04 -2.025860903658199309e-04
3.700000000000000000e+01 -6.672737492031285923e-04 -2.530948043090585232e-04
3.800000000000000000e+01 -8.146478307875628169e-04 -3.149462953615137059e-04
3.900000000000000000e+01 -9.906536048687876288e-04 -3.903689358083946835e-04
4.000000000000000000e+01 -1.199909205983001794e-03 -4.819534376958919258e-04
4.100000000000000000e+01 -1.447589987757208051e-03 -5.926950951386654627e-04
4.200000000000000000e+01 -1.739482835381589518e-03 -7.260374632702256900e-04
4.300000000000000000e+01 -2.082022476046470685e-03 -8.859168185300762312e-04
4.400000000000000000e+01 -2.482290796551608371e-03 -1.076806535304331057e-03
4.500000000000000000e+01 -2.947979959566218028e-03 -1.303760174109299189e-03
4.600000000000000000e+01 -3.487344511459730765e-03 -1.572451681049214737e-03
4.700000000000000000e+01 -4.109175464312789239e-03 -1.889210836536780926e-03
4.800000000000000000e+01 -4.822807428061519526e-03 -2.261052122550490529e-03
4.900000000000000000e+01 -5.638128744817364098e-03 -2.695695409704915082e-03
5.000000000000000000e+01 -6.565536399407945374e-03 -3.201576888991613211e-03
5.100000000000000000e+01 -7.615792631974354493e-03 -3.787848064780607437e-03
5.200000000000000000e+01 -8.799797840209299532e-03 -4.464359501105383959e-03
5.300000000000000000e+01 -1.012835376530254149e-02 -5.241625285435846590e-03
5.400000000000000000e+01 -1.161199814214997593e-02 -6.130764953645007932e-03
5.500000000000000000e+01 -1.326092692055125775e-02 -7.143421930621265438e-03
5.600000000000000000e+01 -1.508492485825990367e-02 -8.291659570192993350e-03
5.700000000000000000e+01 -1.709318059551989677e-02 -9.587835111815094791e-03
5.800000000000000000e+01 -1.929392177539988179e-02 -1.104444788038957091e-02
5.900000000000000000e+01 -2.169393898727492442e-02 -1.267395436595438948e-02
6.000000000000000000e+01 -2.429816913264234643e-02 -1.448854485317141970e-02
6.100000000000000000e+01 -2.710948076128521719e-02 -1.649988559528014348e-02
6.200000000000000000e+01 -3.012864704431679128e-02 -1.871884064751206528e-02
6.300000000000000000e+01 -3.335432590158496358e-02 -2.115518745507333209e-02
6.400000000000000000e+01 -3.678284128306801709e-02 -2.381732598880273791e-02
6.500000000000000000e+01 -4.040772175265917171e-02 -2.671196402935148428e-02
6.600000000000000000e+01 -4.421918537807949939e-02 -2.984376189564832277e-02
6.700000000000000000e+01 -4.820386339844510981e-02 -3.321494765051449805e-02
6.800000000000000000e+01 -5.234491700224942756e-02 -3.682494921095842699e-02
6.900000000000000000e+01 -5.662241364640704239e-02 -4.067009520968860314e-02
7.000000000000000000e+01 -6.101363212325607022e-02 -4.474339343825556314e-02
7.100000000000000000e+01 -6.549304735312803938e-02 -4.903433564127774452e-02
7.200000000000000000e+01 -7.003206370914760726e-02 -5.352866483969608707e-02
7.300000000000000000e+01 -7.459885709852256963e-02 -5.820810998876964348e-02
7.400000000000000000e+01 -7.915868397821762548e-02 -6.305019314697776767e-02
7.500000000000000000e+01 -8.367469156019197163e-02 -6.802824090391164369e-02
7.600000000000000000e+01 -8.810887819319133951e-02 -7.311162710786064944e-02
7.700000000000000000e+01 -9.242274626745290711e-02 -7.826611292932138253e-02
7.800000000000000000e+01 -9.657747921509908517e-02 -8.345409750723269127e-02
7.900000000000000000e+01 -1.005339284122683252e-01 -8.863473924881662414e-02
8.000000000000000000e+01 -1.042529177465887497e-01 -9.376414394792305373e-02
8.100000000000000000e+01 -1.076961467528551319e-01 -9.879589688890529076e-02
8.200000000000000000e+01 -1.108274701891915764e-01 -1.036820062617533900e-01
8.300000000000000000e+01 -1.136139845175850038e-01 -1.083739817805942918e-01
8.400000000000000000e+01 -1.160264780738719526e-01 -1.128236423454591353e-01
8.500000000000000000e+01 -1.180393143312033766e-01 -1.169835200399871045e-01
8.600000000000000000e+01 -1.196302813058176262e-01 -1.208071873604958518e-01
8.700000000000000000e+01 -1.207809439531603302e-01 -1.242500108169344863e-01
8.800000000000000000e+01 -1.214775601008862282e-01 -1.272704778233409162e-01
8.900000000000000000e+01 -1.217120664924694340e-01 -1.298316459738747819e-01
9.000000000000000000e+01 -1.214824927035287883e-01 -1.319020317386357943e-01
9.100000000000000000e+01 -1.207925576865464534e-01 -1.334556970706062828e-01
9.200000000000000000e+01 -1.196508151563672739e-01 -1.344720299447335343e-01
9.300000000000000000e+01 -1.180700188126686534e-01 -1.349359989159037432e-01
9.400000000000000000e+01 -1.160671159661991192e-01 -1.348391367527748685e-01
9.500000000000000000e+01 -1.136636740404218943e-01 -1.341806461861561883e-01
9.600000000000000000e+01 -1.108861144268095122e-01 -1.329677051170139734e-01
9.700000000000000000e+01 -1.077652338688008110e-01 -1.312146644460818468e-01
9.800000000000000000e+01 -1.043350372336947357e-01 -1.289418071851261005e-01
9.900000000000000000e+01 -1.006314239729763638e-01 -1.261746788429067845e-01
1.000000000000000000e+02 -9.669133622905889958e-02 -1.229443186309389924e-01
1.010000000000000000e+02 -9.255255442639928609e-02 -1.192876837325908546e-01
1.020000000000000000e+02 -8.825378578014966835e-02 -1.152472319153980962e-01
1.030000000000000000e+02 -8.383447912145264302e-02 -1.108693717393736400e-01
1.040000000000000000e+02 -7.933406631890091432e-02 -1.062025578994319208e-01
1.050000000000000000e+02 -7.479082686525843904e-02 -1.012961077973393159e-01
1.060000000000000000e+02 -7.024088148719206948e-02 -9.620004037696786026e-02
1.070000000000000000e+02 -6.571771126727850298e-02 -9.096519304017720853e-02
1.080000000000000000e+02 -6.125219501576409376e-02 -8.564262809983362590e-02
1.090000000000000000e+02 -5.687280606030645919e-02 -8.028212316085188427e-02
1.100000000000000000e+02 -5.260557878841683188e-02 -7.493051752483319283e-02
1.110000000000000000e+02 -4.847373041683961103e-02 -6.963085847253519534e-02
1.120000000000000000e+02 -4.449715173992573741e-02 -6.442252119140190469e-02
1.130000000000000000e+02 -4.069210029712497928e-02 -5.934159085710900144e-02
1.140000000000000000e+02 -3.707127635542221966e-02 -5.442068928347804091e-02
1.150000000000000000e+02 -3.364419230916284448e-02 -4.968814946852036923e-02
1.160000000000000000e+02 -3.041758198048821055e-02 -4.516720008086971827e-02
1.170000000000000000e+02 -2.739564423232109663e-02 -4.087585489461431631e-02
1.180000000000000000e+02 -2.458010264955618265e-02 -3.682753935331211509e-02
1.190000000000000000e+02 -2.197022442742873477e-02 -3.303185010698010682e-02
1.200000000000000000e+02 -1.956296145204549849e-02 -2.949485866271228662e-02
1.210000000000000000e+02 -1.735326752948695983e-02 -2.621895037803092382e-02
1.220000000000000000e+02 -1.533451445830839865e-02 -2.320269919669221137e-02
1.230000000000000000e+02 -1.349887764411991480e-02 -2.044122600972917217e-02
1.240000000000000000e+02 -1.183761056102973497e-02 -1.792699580987782218e-02
1.250000000000000000e+02 -1.034121917724938750e-02 -1.565061243450564105e-02
1.260000000000000000e+02 -8.999606547716285793e-03 -1.360124076502940149e-02
1.270000000000000000e+02 -7.802249953695709027e-03 -1.176669099413626789e-02
1.280000000000000000e+02 -6.738420969268826832e-03 -1.013350198117824591e-02
1.290000000000000000e+02 -5.797411649833568610e-03 -8.687289684539859641e-03
1.300000000000000000e+02 -4.968720498773005791e-03 -7.413310672119288389e-03
1.310000000000000000e+02 -4.242177010595754930e-03 -6.296969702672738922e-03
1.320000000000000000e+02 -3.608016468842223205e-03 -5.324066633881970913e-03
1.330000000000000000e+02 -3.056932397727077019e-03 -4.480819879828336523e-03
1.340000000000000000e+02 -2.580127006881870709e-03 -3.753865976908550041e-03
1.350000000000000000e+02 -2.169362150935462679e-03 -3.130384393617904708e-03
1.360000000000000000e+02 -1.817000587749480200e-03 -2.598322534749918089e-03
1.370000000000000000e+02 -1.516026913819166133e-03 -2.146582133087380270e-03
1.380000000000000000e+02 -1.260045773968082334e-03 -1.765065389206150722e-03
1.390000000000000000e+02 -1.043263294319702727e-03 -1.444601539489663231e-03
1.400000000000000000e+02 -8.604604341127977500e-04 -1.176854131312913415e-03
1.410000000000000000e+02 -7.069641573607605197e-04 -9.542856353877762765e-04
1.420000000000000000e+02 -5.786177908208361368e-04 -7.701743824872543144e-04
1.430000000000000000e+02 -4.717492433147692514e-04 -6.186245011121601408e-04
1.440000000000000000e+02 -3.831358890225207447e-04 -4.945226224501358741e-04
1.450000000000000000e+02 -3.099665577419408007e-04 -3.934467059347837060e-04
1.460000000000000000e+02 -2.498024188734777103e-04 -3.115677700679497352e-04
1.470000000000000000e+02 -2.005387184282454661e-04 -2.455785097328377930e-04
1.480000000000000000e+02 -1.603686026415968426e-04 -1.926509081559402267e-04
1.490000000000000000e+02 -1.277494036471043474e-04 -1.504016174122506779e-04
1.500000000000000000e+02 -1.013713015350416213e-04 -1.168458289687034248e-04
1.510000000000000000e+02 -8.012825036508603328e-05 -9.033822427576786694e-05
1.520000000000000000e+02 -6.309120671409455469e-05 -6.951360562669363482e-05
1.530000000000000000e+02 -4.948378511673686894e-05 -5.323948661391086489e-05
1.540000000000000000e+02 -3.866041726793264182e-05 -4.058289707806503566e-05
1.550000000000000000e+02 -3.008697503356537803e-05 -3.078505576852769886e-05
1.560000000000000000e+02 -2.332372075197512167e-05 -2.323675652264816196e-05
1.570000000000000000e+02 -1.801040701050659536e-05 -1.745228047893742013e-05
1.580000000000000000e+02 -1.385334478114741647e-05 -1.304442356688323697e-05
1.590000000000000000e+02 -1.061426394111707914e-05 -9.704065952131504539e-06
