0.000000000000000000e+00 -2.085651168965653370e-04 -2.228808227175129658e-07
1.000000000000000000e+00 -2.348261965313018927e-06 -8.639514756285272233e-13
2.000000000000000000e+00 -2.444930249439457230e-06 -1.534800263010865245e-12
3.000000000000000000e+00 -3.063362347594022585e-06 -2.782024158290648988e-12
4.000000000000000000e+00 -3.898689393734134891e-06 -5.004113473387517375e-12
5.000000000000000000e+00 -4.960115535619150887e-06 -8.934629987108111331e-12
6.000000000000000000e+00 -6.294017963549289270e-06 -1.584078437261795084e-11
7.000000000000000000e+00 -7.961958918849158589e-06 -2.788366324651276952e-11
8.000000000000000000e+00 -1.004011373116725233e-05 -4.870790756789417969e-11
9.000000000000000000e+00 -1.262238121600010429e-05 -8.441949875688450225e-11
1.000000000000000000e+01 -1.582424028108487434e-05 -1.452052261122535327e-10
1.100000000000000000e+01 -1.978630867825212117e-05 -2.479526137209327106e-10
1.200000000000000000e+01 -2.467720585514607124e-05 -4.203753839976369238e-10
1.300000000000000000e+01 -3.069609979699422145e-05 -7.074521514564360694e-10
1.400000000000000000e+01 -3.807612672523672860e-05 -1.181566435221313440e-09
1.500000000000000000e+01 -4.709023353150141976e-05 -1.958548335613844684e-09
1.600000000000000000e+01 -5.806047615808347185e-05 -3.222659691427934780e-09
1.700000000000000000e+01 -7.137040212990164608e-05 -5.264506992524704621e-09
1.800000000000000000e+01 -8.747845856817927017e-05 -8.537697410479962697e-09
1.900000000000000000e+01 -1.069294542528215750e-04 -1.374377221139629960e-08
2.000000000000000000e+01 -1.303619056032705224e-04 -2.196030131157183444e-08
2.100000000000000000e+01 -1.585117261090521039e-04 -3.483217578252566094e-08
2.200000000000000000e+01 -1.922160674278946657e-04 -5.485060759146389306e-08
2.300000000000000000e+01 -2.324231588865344027e-04 -8.575250215133968809e-08
2.400000000000000000e+01 -2.802128233426388112e-04 -1.330911379042510596e-07
2.500000000000000000e+01 -3.368275699772786376e-04 -2.050561247524398875e-07
2.600000000000000000e+01 -4.037077173969548863e-04 -3.136440132144620654e-07
2.700000000000000000e+01 -4.825196705377921133e-04 -4.762941060616805196e-07
2.800000000000000000e+01 -5.751679133396984858e-04 -7.181277652063863319e-07
2.900000000000000000e+01 -6.837894294903414799e-04 -1.074997605314167880e-06
3.000000000000000000e+01 -8.107408238369011571e-04 -1.597658032540200750e-06
3.100000000000000000e+01 -9.585967023496868005e-04 -2.357443219711354623e-06
3.200000000000000000e+01 -1.130176237564797792e-03 -3.453841550869088018e-06
3.300000000000000000e+01 -1.328601228674650830e-03 -5.024377534377425756e-06
3.400000000000000000e+01 -1.557368752380595273e-03 -7.257403243219194525e-06
3.500000000000000000e+01 -1.820406193757873351e-03 -1.040871995042203218e-05
3.600000000000000000e+01 -2.122077635839175139e-03 -1.482309420352686958e-05
3.700000000000000000e+01 -2.467132129625035451e-03 -2.096152678987020740e-05
3.800000000000000000e+01 -2.860617667903932876e-03 -2.943495336596391540e-05
3.900000000000000000e+01 -3.307811020685746430e-03 -4.104547524045687543e-05
4.000000000000000000e+01 -3.814213753390234204e-03 -5.683702201422081410e-05
4.100000000000000000e+01 -4.385631707240532709e-03 -7.815738700850608368e-05
4.200000000000000000e+01 -5.028302105135560966e-03 -1.067323162648934861e-04
4.300000000000000000e+01 -5.748989019210388844e-03 -1.447512141455690722e-04
4.400000000000000000e+01 -6.554964856191039871e-03 -1.949649403445125420e-04
4.500000000000000000e+01 -7.453844267325791979e-03 -2.607981428683882547e-04
4.600000000000000000e+01 -8.453317920469110777e-03 -3.464778659283828006e-04
4.700000000000000000e+01 -9.560902053886384533e-03 -4.571755887470425319e-04
4.800000000000000000e+01 -1.078382893041711886e-02 -5.991562863307512039e-04
4.900000000000000000e+01 -1.212913452911839989e-02 -7.799308580099736932e-04
5.000000000000000000e+01 -1.360388081012286164e-02 -1.008413671403963780e-03
5.100000000000000000e+01 -1.521534665636632526e-02 -1.295084524583130356e-03
5.200000000000000000e+01 -1.697100311914125775e-02 -1.652142206620111752e-03
5.300000000000000000e+01 -1.887818293257063906e-02 -2.093629214537453403e-03
5.400000000000000000e+01 -2.094352312800901519e-02 -2.635516628398355560e-03
5.500000000000000000e+01 -2.317241057552554134e-02 -3.295753181445320798e-03
5.600000000000000000e+01 -2.556869544813204775e-02 -4.094277779961959934e-03
5.700000000000000000e+01 -2.813481449192149417e-02 -5.052969041662130380e-03
5.800000000000000000e+01 -3.087223467350177011e-02 -6.195493311231840480e-03
5.900000000000000000e+01 -3.378191506573816061e-02 -7.547039015109890947e-03
6.000000000000000000e+01 -3.686442639426301682e-02 -9.133960782020882074e-03
6.100000000000000000e+01 -4.011952400076101294e-02 -1.098334903122363468e-02
6.200000000000000000e+01 -4.354527741239066357e-02 -1.312249339985928180e-02
6.300000000000000000e+01 -4.713715147960342855e-02 -1.557819158637571352e-02
6.400000000000000000e+01 -5.088752808972601960e-02 -1.837591026101817807e-02
6.500000000000000000e+01 -5.478596699750598598e-02 -2.153887043226854203e-02
6.600000000000000000e+01 -5.882010609110101956e-02 -2.508711489767875835e-02
6.700000000000000000e+01 -6.297671153602969751e-02 -2.903653568290813503e-02
6.800000000000000000e+01 -6.724224680319733360e-02 -3.339781398852080530e-02
6.900000000000000000e+01 -7.160255508035415217e-02 -3.817531129232318299e-02
7.000000000000000000e+01 -7.604175070755447852e-02 -4.336604394703922477e-02
7.100000000000000000e+01 -8.054092098405295219e-02 -4.895884276532373042e-02
7.200000000000000000e+01 -8.507744239889963866e-02 -5.493367853894626229e-02
7.300000000000000000e+01 -8.962545474869985929e-02 -6.126109344931084805e-02
7.400000000000000000e+01 -9.415741682588059380e-02 -6.790178277914749039e-02
7.500000000000000000e+01 -9.864602507124406450e-02 -7.480647729130539270e-02
7.600000000000000000e+01 -1.030655000663995152e-01 -8.191622531137821017e-02
7.700000000000000000e+01 -1.073915409829657858e-01 -8.916302051373921345e-02
7.800000000000000000e+01 -1.115999934718027997e-01 -9.647066569747918263e-02
7.900000000000000000e+01 -1.156650643663826722e-01 -1.037558674946537918e-01
8.000000000000000000e+01 -1.195582734847785572e-01 -1.109296594976754702e-01
8.100000000000000000e+01 -1.232490016745524247e-01 -1.178991935218931808e-01
8.200000000000000000e+01 -1.267066138042767798e-01 -1.245697869929199703e-01
8.300000000000000000e+01 -1.299031934473735828e-01 -1.308470607327902602e-01
8.400000000000000000e+01 -1.328154895043289208e-01 -1.366390958102502717e-01
8.500000000000000000e+01 -1.354250461809511086e-01 -1.418586320292052338e-01
8.600000000000000000e+01 -1.377164984798339431e-01 -1.464252933611789320e-01
8.700000000000000000e+01 -1.396750979284650529e-01 -1.502677162006245126e-01
8.800000000000000000e+01 -1.412850392946325973e-01 -1.533254239288236731e-01
8.900000000000000000e+01 -1.425297486612168429e-01 -1.555503696777238987e-01
9.000000000000000000e+01 -1.433941635820876748e-01 -1.569081509415103104e-01
9.100000000000000000e+01 -1.438678345016062843e-01 -1.573788960227045508e-01
9.200000000000000000e+01 -1.439471264241163617e-01 -1.569577700282383248e-01
9.300000000000000000e+01 -1.436352570676084628e-01 -1.556550372233770074e-01
9.400000000000000000e+01 -1.429401297409430283e-01 -1.534956678610759628e-01
9.500000000000000000e+01 -1.418711951247381697e-01 -1.505185345953969633e-01
9.600000000000000000e+01 -1.404371446382419453e-01 -1.467752588615202081e-01
9.700000000000000000e+01 -1.386457454123847799e-01 -1.423287530625196029e-01
9.800000000000000000e+01 -1.365058523598600415e-01 -1.372514973673580330e-01
9.900000000000000000e+01 -1.340303332597773955e-01 -1.316236038244944784e-01
1.000000000000000000e+02 -1.312380957672686921e-01 -1.255307412347847207e-01
1.010000000000000000e+02 -1.281539330124160381e-01 -1.190620053801554334e-01
1.020000000000000000e+02 -1.248061814495521199e-01 -1.123078155892035385e-01
1.030000000000000000e+02 -1.212234438730500352e-01 -1.053579039077685298e-01
1.040000000000000000e+02 -1.174321295724716635e-01 -9.829944647249390377e-02
1.050000000000000000e+02 -1.134560260937878262e-01 -9.121537819097724764e-02
1.060000000000000000e+02 -1.093178900446345053e-01 -8.418293252897439405e-02
1.070000000000000000e+02 -1.050418766552081579e-01 -7.727244617446202279e-02
1.080000000000000000e+02 -1.006552050452217545e-01 -7.054645230174520776e-02
1.090000000000000000e+02 -9.618798890166647964e-02 -6.405906148683446211e-02
1.100000000000000000e+02 -9.167128512317818112e-02 -5.785561303796571408e-02
1.110000000000000000e+02 -8.713443668584966439e-02 -5.197257871502174859e-02
1.120000000000000000e+02 -8.260312281393798750e-02 -4.643770405471030205e-02
1.130000000000000000e+02 -7.809903070870466424e-02 -4.127036588748937002e-02
1.140000000000000000e+02 -7.364107908313963224e-02 -3.648211010386427644e-02
1.150000000000000000e+02 -6.924726437507766619e-02 -3.207732516881721396e-02
1.160000000000000000e+02 -6.493595242794525380e-02 -2.805401108471200153e-02
1.170000000000000000e+02 -6.072588608467962418e-02 -2.440461256177406738e-02
1.180000000000000000e+02 -5.663499468358496047e-02 -2.111688842236051494e-02
1.190000000000000000e+02 -5.267876994709529137e-02 -1.817478664513330622e-02
1.200000000000000000e+02 -4.886914251149295646e-02 -1.555929415417752620e-02
1.210000000000000000e+02 -4.521441477987096780e-02 -1.324923698248845448e-02
1.220000000000000000e+02 -4.172015902062013726e-02 -1.122201567757879700e-02
1.230000000000000000e+02 -3.839047678256629625e-02 -9.454266675818423157e-03
1.240000000000000000e+02 -3.522891086292974372e-02 -7.922442205609763616e-03
1.250000000000000000e+02 -3.223860644207705156e-02 -6.603302999873903421e-03
1.260000000000000000e+02 -2.942180151752689377e-02 -5.474322191355741364e-03
1.270000000000000000e+02 -2.677909055651977316e-02 -4.514003703541547875e-03
1.280000000000000000e+02 -2.430896428133731343e-02 -3.702121572001640555e-03
1.290000000000000000e+02 -2.200789743493778913e-02 -3.019887496453133556e-03
1.300000000000000000e+02 -1.987091155572230650e-02 -2.450054109113732927e-03
1.310000000000000000e+02 -1.789229385316646811e-02 -1.976962145658452824e-03
1.320000000000000000e+02 -1.606612671122869401e-02 -1.586540590541498296e-03
1.330000000000000000e+02 -1.438644982182260383e-02 -1.266269057812254538e-03
1.340000000000000000e+02 -1.284710890751964048e-02 -1.005110983780099082e-03
1.350000000000000000e+02 -1.144150110869736857e-02 -7.934251836825314793e-04
1.360000000000000000e+02 -1.016243651421272140e-02 -6.228624416611904359e-04
1.370000000000000000e+02 -9.002222215452406612e-03 -4.862530632376867016e-04
1.380000000000000000e+02 -7.952927234799962719e-03 -3.774904995523757764e-04
1.390000000000000000e+02 -7.006693171007850711e-03 -2.914151890957421579e-04
1.400000000000000000e+02 -6.155956420954882685e-03 -2.237017914114001506e-04
1.410000000000000000e+02 -5.393521583092495374e-03 -1.707521506021507395e-04
1.420000000000000000e+02 -4.712514874419069383e-03 -1.295956448077101916e-04
1.430000000000000000e+02 -4.106298811058782181e-03 -9.779799685201328772e-05
1.440000000000000000e+02 -3.568425308435975614e-03 -7.337910911799366972e-05
1.450000000000000000e+02 -3.092659650039869361e-03 -5.474005393923343159e-05
1.460000000000000000e+02 -2.673056950130895445e-03 -4.059901949224635400e-05
1.470000000000000000e+02 -2.304045366361590595e-03 -2.993577611921207423e-05
1.480000000000000000e+02 -1.980475505475135910e-03 -2.194407052840959498e-05
1.490000000000000000e+02 -1.697621726537918655e-03 -1.599125415864866931e-05
1.500000000000000000e+02 -1.451148238493448058e-03 -1.158439764430455316e-05
1.510000000000000000e+02 -1.237065870824204930e-03 -8.342128652205219456e-06
1.520000000000000000e+02 -1.051700998264524243e-03 -5.971448877435241390e-06
1.530000000000000000e+02 -8.916835480390677884e-04 -4.248825626334749411e-06
1.540000000000000000e+02 -7.539471651319808263e-04 -3.004909962032544859e-06
1.550000000000000000e+02 -6.357289500592100233e-04 -2.112294518474933387e-06
1.560000000000000000e+02 -5.345594933219555405e-04 -1.475791836680438876e-06
1.570000000000000000e+02 -4.482416764925909966e-04 -1.024779940814179282e-06
1.580000000000000000e+02 -3.748231829615315987e-04 -7.072262663415710866e-07
1.590000000000000000e+02 -3.125695866082773698e-04 -4.850604931783083420e-07
