0.000000000000000000e+00 -3.602471537131104403e-06 -2.515509878047423697e-05
1.000000000000000000e+00 -1.152888919429558965e-09 -5.378510021349222110e-10
2.000000000000000000e+00 -1.654499765256745191e-09 -7.556432889260085064e-10
3.000000000000000000e+00 -2.545140766797215894e-09 -1.147199980797377753e-09
4.000000000000000000e+00 -3.903682404448117677e-09 -1.739082207853852270e-09
5.000000000000000000e+00 -5.956856460600787475e-09 -2.623387499064730047e-09
6.000000000000000000e+00 -9.042694079308768904e-09 -3.935437387587574028e-09
7.000000000000000000e+00 -1.365326218557144963e-08 -5.871623341039321447e-09
8.000000000000000000e+00 -2.049873370609638723e-08 -8.717250023582700745e-09
9.000000000000000000e+00 -3.060041568581042255e-08 -1.288427101436931023e-08
1.000000000000000000e+01 -4.542388635305150532e-08 -1.895993064634045133e-08
1.100000000000000000e+01 -6.706264686449597012e-08 -2.777028852728416290e-08
1.200000000000000000e+01 -9.848311421640904237e-08 -4.046849105036674607e-08
1.300000000000000000e+01 -1.438494589629770408e-07 -5.866329510088874969e-08
1.400000000000000000e+01 -2.089630507206876195e-07 -8.460372461460161317e-08
1.500000000000000000e+01 -3.018677530716469610e-07 -1.214292687069066334e-07
1.600000000000000000e+01 -4.336767136984226485e-07 -1.734884100017648756e-07
1.700000000000000000e+01 -6.196679790866169179e-07 -2.467343680605571937e-07
1.800000000000000000e+01 -8.806951560531105499e-07 -3.492332744360919243e-07
1.900000000000000000e+01 -1.244990652771332040e-06 -4.918557333873138005e-07
2.000000000000000000e+01 -1.750501023116711416e-06 -6.892396787785915664e-07
2.100000000000000000e+01 -2.447945735837967458e-06 -9.610882676031898424e-07
2.200000000000000000e+01 -3.404789171936068598e-06 -1.333815748280750337e-06
2.300000000000000000e+01 -4.710274346905006781e-06 -1.842533995818798701e-06
2.400000000000000000e+01 -6.481662753064648956e-06 -2.533441102023646176e-06
2.500000000000000000e+01 -8.871918032561636953e-06 -3.466823282716439060e-06
2.600000000000000000e+01 -1.207921510344826482e-05 -4.721010034326323643e-06
2.700000000000000000e+01 -1.635872417940554784e-05 -6.397597842610090687e-06
2.800000000000000000e+01 -2.203705593527840133e-05 -8.628050143912615016e-06
2.900000000000000000e+01 -2.952967291184417425e-05 -1.158154764168144511e-05
3.000000000000000000e+01 -3.936162445819517311e-05 -1.547396851628950244e-05
3.100000000000000000e+01 -5.219210067816472306e-05 -2.057826344691019677e-05
3.200000000000000000e+01 -6.884328647856846563e-05 -2.723706358890566978e-05
3.300000000000000000e+01 -9.033375907079073809e-05 -3.587863949253298823e-05
3.400000000000000000e+01 -1.179165584462009718e-04 -4.703690441803222108e-05
3.500000000000000000e+01 -1.531224341261316923e-04 -6.137513164713320497e-05
3.600000000000000000e+01 -1.978092537946311608e-04 -7.971218641194155897e-05
3.700000000000000000e+01 -2.542180769554863197e-04 -1.030503154065030098e-04
3.800000000000000000e+01 -3.250345850550282736e-04 -1.326051813110708071e-04
3.900000000000000000e+01 -4.134530394421910907e-04 -1.698408609303080422e-04
4.000000000000000000e+01 -5.232411272002145813e-04 -2.165129724567669981e-04
4.100000000000000000e+01 -6.588077303684967707e-04 -2.747205603137421802e-04
4.200000000000000000e+01 -8.252773928704168829e-04 -3.469628147780462772e-04
4.300000000000000000e+01 -1.028570535808231903e-03 -4.361937837512373881e-04
4.400000000000000000e+01 -1.275479567411796520e-03 -5.458707956629625484e-04
4.500000000000000000e+01 -1.573727764817036117e-03 -6.800002341006359521e-04
4.600000000000000000e+01 -1.932007376997771884e-03 -8.431913999563398279e-04
4.700000000000000000e+01 -2.360008557968622939e-03 -1.040726875395360865e-03
4.800000000000000000e+01 -2.868452727527868312e-03 -1.278643570499609240e-03
4.900000000000000000e+01 -3.469123350542593822e-03 -1.563802186575459496e-03
5.000000000000000000e+01 -4.174861274265332864e-03 -1.903921152931482841e-03
5.100000000000000000e+01 -4.999492703963724465e-03 -2.307572480728133871e-03
5.200000000000000000e+01 -5.957695018289106172e-03 -2.784167388653360081e-03
5.300000000000000000e+01 -7.064844285686609597e-03 -3.343968576858781343e-03
5.400000000000000000e+01 -8.336879621180357317e-03 -3.998134543759713014e-03
5.500000000000000000e+01 -9.790159515168095350e-03 -4.758748208615362109e-03
5.600000000000000000e+01 -1.144123496165525000e-02 -5.638758023230289011e-03
5.700000000000000000e+01 -1.330649094670461642e-02 -6.651801928809602735e-03
5.800000000000000000e+01 -1.540170114795435044e-02 -7.811969605828040716e-03
5.900000000000000000e+01 -1.774160434382004298e-02 -9.133607710709376951e-03
6.000000000000000000e+01 -2.033956201705788142e-02 -1.063122171554508992e-02
6.100000000000000000e+01 -2.320723154226163668e-02 -1.231940289970430424e-02
6.200000000000000000e+01 -2.635412549001334842e-02 -1.421262542707394522e-02
6.300000000000000000e+01 -2.978701520664782040e-02 -1.632481865088785539e-02
6.400000000000000000e+01 -3.350930042239325807e-02 -1.866879692212723013e-02
6.500000000000000000e+01 -3.752052741145127379e-02 -2.125576350597954342e-02
6.600000000000000000e+01 -4.181611194939798687e-02 -2.409504589297426294e-02
6.700000000000000000e+01 -4.638713383742609775e-02 -2.719399020663459954e-02
6.800000000000000000e+01 -5.122002914834468401e-02 -3.055775216986936216e-02
6.900000000000000000e+01 -5.629617597564169629e-02 -3.418877912703347649e-02
7.000000000000000000e+01 -6.159157367955237633e-02 -3.808606579594471520e-02
7.100000000000000000e+01 -6.707682496090505708e-02 -4.224452427396270526e-02
7.200000000000000000e+01 -7.271742116772252074e-02 -4.665476660451530616e-02
7.300000000000000000e+01 -7.847412519101326644e-02 -5.130326007118025944e-02
7.400000000000000000e+01 -8.430326849288120872e-02 -5.617249185086197610e-02
7.500000000000000000e+01 -9.015700482408184335e-02 -6.124080138413423580e-02
7.600000000000000000e+01 -9.598374219290768672e-02 -6.648191587830454274e-02
7.700000000000000000e+01 -1.017289081825891450e-01 -7.186460482709275399e-02
7.800000000000000000e+01 -1.073359652373232220e-01 -7.735286961249708548e-02
7.900000000000000000e+01 -1.127474407220860064e-01 -8.290667833844063417e-02
8.000000000000000000e+01 -1.179058254355288410e-01 -8.848282551627684178e-02
8.100000000000000000e+01 -1.227544102285136607e-01 -9.403546476636504003e-02
8.200000000000000000e+01 -1.272382317737026647e-01 -9.951627003365748347e-02
8.300000000000000000e+01 -1.313051863155327847e-01 -1.048746308048761067e-01
8.400000000000000000e+01 -1.349071829047823468e-01 -1.100583348794319377e-01
8.500000000000000000e+01 -1.380011496857252995e-01 -1.150147883851860564e-01
8.600000000000000000e+01 -1.405498223169247274e-01 -1.196923628357103170e-01
8.700000000000000000e+01 -1.425223881687967820e-01 -1.240413897265208731e-01
8.800000000000000000e+01 -1.438950799951987936e-01 -1.280146992037892173e-01
8.900000000000000000e+01 -1.446517115324492120e-01 -1.315680389992558152e-01
9.000000000000000000e+01 -1.447840576790521139e-01 -1.346607842687895795e-01
9.100000000000000000e+01 -1.442920013651914912e-01 -1.372570047003231486e-01
9.200000000000000000e+01 -1.431834597968149325e-01 -1.393265493792120446e-01
9.300000000000000000e+01 -1.414741556272754164e-01 -1.408457393033659966e-01
9.400000000000000000e+01 -1.391872679325286688e-01 -1.417975686045048755e-01
9.500000000000000000e+01 -1.363529418196109400e-01 -1.421716821367423333e-01
9.600000000000000000e+01 -1.330076315859152758e-01 -1.419644643193583300e-01
9.700000000000000000e+01 -1.291933025903638788e-01 -1.411793058354076646e-01
9.800000000000000000e+01 -1.249565552498336368e-01 -1.398268031627277752e-01
9.900000000000000000e+01 -1.203477150039274357e-01 -1.379245997856162198e-01
1.000000000000000000e+02 -1.154198843919331668e-01 -1.354968208444940481e-01
1.010000000000000000e+02 -1.102279413385208323e-01 -1.325733259817295506e-01
1.020000000000000000e+02 -1.048275085190824435e-01 -1.291890445116338215e-01
1.030000000000000000e+02 -9.927396261093607288e-02 -1.253834504709716025e-01
1.040000000000000000e+02 -9.362154423526494740e-02 -1.212000092163563331e-01
1.050000000000000000e+02 -8.792257511708355400e-02 -1.166854044498247395e-01
1.060000000000000000e+02 -8.222674759363338137e-02 -1.118885380366008847e-01
1.070000000000000000e+02 -7.658046653101349688e-02 -1.068594877401236737e-01
1.080000000000000000e+02 -7.102627384781537434e-02 -1.016486235526488369e-01
1.090000000000000000e+02 -6.560241152940091136e-02 -9.630592402108960337e-02
1.100000000000000000e+02 -6.034254970126019108e-02 -9.088036890663328538e-02
1.110000000000000000e+02 -5.527565234606805766e-02 -8.541926985125364302e-02
1.120000000000000000e+02 -5.042592931876675733e-02 -7.996753228163784588e-02
1.130000000000000000e+02 -4.581284868885946576e-02 -7.456697707047654777e-02
1.140000000000000000e+02 -4.145122489876900546e-02 -6.925585952804766410e-02
1.150000000000000000e+02 -3.735140989115043331e-02 -6.406860965020763632e-02
1.160000000000000000e+02 -3.351958638044520017e-02 -5.903569872749381275e-02
1.170000000000000000e+02 -2.995812673914661703e-02 -5.418352108422529873e-02
1.180000000000000000e+02 -2.666597338937556211e-02 -4.953426511861322434e-02
1.190000000000000000e+02 -2.363902029568172580e-02 -4.510584121108814765e-02
1.200000000000000000e+02 -2.087050235699445394e-02 -4.091194793207330455e-02
1.210000000000000000e+02 -1.835140393451092575e-02 -3.696229007600938810e-02
1.220000000000000000e+02 -1.607088021982751302e-02 -3.326288454774365549e-02
1.230000000000000000e+02 -1.401666775813763775e-02 -2.981637269156895559e-02
1.240000000000000000e+02 -1.217546100875637957e-02 -2.662230522142107481e-02
1.250000000000000000e+02 -1.053324745520058808e-02 -2.367742526179751270e-02
1.260000000000000000e+02 -9.075607908649918620e-03 -2.097599233868980423e-02
1.270000000000000000e+02 -7.787989791762655808e-03 -1.851015874986889492e-02
1.280000000000000000e+02 -6.655952631486702908e-03 -1.627036688509097065e-02
1.290000000000000000e+02 -5.665378168224115621e-03 -1.424572170045761491e-02
1.300000000000000000e+02 -4.802639245974553266e-03 -1.242431389429185171e-02
1.310000000000000000e+02 -4.054728993830982418e-03 -1.079350147249652503e-02
1.320000000000000000e+02 -3.409357271089953016e-03 -9.340171728293364395e-03
1.330000000000000000e+02 -2.855021075322889974e-03 -8.050995247030548821e-03
1.340000000000000000e+02 -2.381051901145907809e-03 -6.912663956104776394e-03
1.350000000000000000e+02 -1.977640477919285003e-03 -5.912095930289215477e-03
1.360000000000000000e+02 -1.635839961618507955e-03 -5.036596535097170521e-03
1.370000000000000000e+02 -1.347550962994667175e-03 -4.273979347721558811e-03
1.380000000000000000e+02 -1.105493144798678183e-03 -3.612658462230693319e-03
1.390000000000000000e+02 -9.031675219668139224e-04 -3.041721615653873636e-03
1.400000000000000000e+02 -7.348120424384734688e-04 -2.550986096858771750e-03
1.410000000000000000e+02 -5.953519666578213198e-04 -2.131034458357700286e-03
1.420000000000000000e+02 -4.803464905012789013e-04 -1.773228034009046404e-03
1.430000000000000000e+02 -3.859334262291433761e-04 -1.469700660554054380e-03
1.440000000000000000e+02 -3.087738440852596210e-04 -1.213338234359045845e-03
1.450000000000000000e+02 -2.459981734044211781e-04 -9.977495371226003350e-04
1.460000000000000000e+02 -1.951546700548039141e-04 -8.172312893335686827e-04
1.470000000000000000e+02 -1.541607346660577537e-04 -6.667282008894367083e-04
1.480000000000000000e+02 -1.212574128448311783e-04 -5.417883399712398237e-04
1.490000000000000000e+02 -9.496738103170399210e-05 -4.385150072595284262e-04
1.500000000000000000e+02 -7.405665698417593476e-05 -3.535171544885384138e-04
1.510000000000000000e+02 -5.750012800267375625e-05 -2.838603782932433927e-04
1.520000000000000000e+02 -4.445082590601901363e-05 -2.270197870522557416e-04
1.530000000000000000e+02 -3.421276406480906610e-05 -1.808352445303109703e-04
1.540000000000000000e+02 -2.621710291301653829e-05 -1.434691205601240768e-04
1.550000000000000000e+02 -2.000140024543646463e-05 -1.133667142324416480e-04
1.560000000000000000e+02 -1.519169673689529580e-05 -8.921965354564991750e-05
1.570000000000000000e+02 -1.148717710731872830e-05 -6.993256703287260834e-05
1.580000000000000000e+02 -8.647136729731488665e-06 -5.459314650325180828e-05
1.590000000000000000e+02 -6.479984475435339691e-06 -4.244550781531906936e-05
