0.000000000000000000e+00 -8.004109731182074590e-07 -1.582290759924565959e-04
1.000000000000000000e+00 -1.810440598516679243e-10 -2.374937924416299591e-05
2.000000000000000000e+00 -2.779209459143561218e-10 -2.256581559717162893e-05
3.000000000000000000e+00 -4.492290963660650619e-10 -2.663010612945774158e-05
4.000000000000000000e+00 -7.227309040552985749e-10 -3.240702459197275536e-05
5.000000000000000000e+00 -1.155326742016423489e-09 -3.960468649954168422e-05
6.000000000000000000e+00 -1.834844459672920232e-09 -4.832602446091175525e-05
7.000000000000000000e+00 -2.895739958758078058e-09 -5.877585140113910332e-05
8.000000000000000000e+00 -4.542457189909724549e-09 -7.122492483089580616e-05
9.000000000000000000e+00 -7.082796685905244545e-09 -8.602612521068080543e-05
1.000000000000000000e+01 -1.097564620269395341e-08 -1.036354880930688305e-04
1.100000000000000000e+01 -1.690053866610879279e-08 -1.246167747752138484e-04
1.200000000000000000e+01 -2.585958488260099993e-08 -1.496214260494725938e-04
1.300000000000000000e+01 -3.932381380918532998e-08 -1.793509839523263775e-04
1.400000000000000000e+01 -5.943685746757357769e-08 -2.145234793149613844e-04
1.500000000000000000e+01 -8.929383719335742182e-08 -2.558708846753654639e-04
1.600000000000000000e+01 -1.333260407943057535e-07 -3.041852293495689069e-04
1.700000000000000000e+01 -1.978387366946675465e-07 -3.604073976269087012e-04
1.800000000000000000e+01 -2.917596079797018819e-07 -4.257252081708139276e-04
1.900000000000000000e+01 -4.276547062831141642e-07 -5.016317035879941768e-04
2.000000000000000000e+01 -6.230729942843041619e-07 -5.899036417818577125e-04
2.100000000000000000e+01 -9.023140270783672577e-07 -6.924960088883760564e-04
2.200000000000000000e+01 -1.298775537207300564e-06 -8.113975370904818411e-04
2.300000000000000000e+01 -1.858086279178403706e-06 -9.485287592960428386e-04
2.400000000000000000e+01 -2.642223162159026029e-06 -1.105761661284181303e-03
2.500000000000000000e+01 -3.734781384008515256e-06 -1.285088706157839220e-03
2.600000000000000000e+01 -5.247611477572073746e-06 -1.488887088867248782e-03
2.700000000000000000e+01 -7.329201965893861473e-06 -1.720153260333583773e-03
2.800000000000000000e+01 -1.017534773258444992e-05 -1.982567974346463070e-03
2.900000000000000000e+01 -1.404261381227615195e-05 -2.280315739887999599e-03
3.000000000000000000e+01 -1.926490561172644860e-05 -2.617706561710290720e-03
3.100000000000000000e+01 -2.627341063174985965e-05 -2.998773915780914359e-03
3.200000000000000000e+01 -3.562052663521511999e-05 -3.427076015735983951e-03
3.300000000000000000e+01 -4.800882932917799567e-05 -3.905857758414555975e-03
3.400000000000000000e+01 -6.432599119816485129e-05 -4.438552197283938440e-03
3.500000000000000000e+01 -8.568574117801439310e-05 -5.029396607868275026e-03
3.600000000000000000e+01 -1.134744190422562487e-04 -5.683824271287133897e-03
3.700000000000000000e+01 -1.494034149448972824e-04 -6.408352424842385202e-03
3.800000000000000000e+01 -1.955690966639486933e-04 -7.209918445294849661e-03
3.900000000000000000e+01 -2.545215284403045471e-04 -8.094920443877755972e-03
4.000000000000000000e+01 -3.293405570134867819e-04 -9.068432674684562961e-03
4.100000000000000000e+01 -4.237153964189873897e-04 -1.013404706054338127e-02
4.200000000000000000e+01 -5.420253458863841115e-04 -1.129450756047472443e-02
4.300000000000000000e+01 -6.894237422976230972e-04 -1.255287607317389330e-02
4.400000000000000000e+01 -8.719281745584880026e-04 -1.391362392669215353e-02
4.500000000000000000e+01 -1.096513106975783615e-03 -1.538299155507384837e-02
4.600000000000000000e+01 -1.371192423238118624e-03 -1.696827120472161124e-02
4.700000000000000000e+01 -1.705080798263855068e-03 -1.867621969107645385e-02
4.800000000000000000e+01 -2.108435834190327575e-03 -2.051132362283266883e-02
4.900000000000000000e+01 -2.592691849278822014e-03 -2.247481849559110692e-02
5.000000000000000000e+01 -3.170484879803764020e-03 -2.456505418896643561e-02
5.100000000000000000e+01 -3.855644873840659639e-03 -2.677911652132259832e-02
5.200000000000000000e+01 -4.663125126028887582e-03 -2.911490553756521799e-02
5.300000000000000000e+01 -5.608866037865870707e-03 -3.157253490646914212e-02
5.400000000000000000e+01 -6.709622960549620034e-03 -3.415417667629756793e-02
5.500000000000000000e+01 -7.982781701731675797e-03 -3.686224502622589133e-02
5.600000000000000000e+01 -9.446137872543459643e-03 -3.969671800609530371e-02
5.700000000000000000e+01 -1.111758391091311263e-02 -4.265294913517760772e-02
5.800000000000000000e+01 -1.301468199859114744e-02 -4.572117508724648366e-02
5.900000000000000000e+01 -1.515417469484716707e-02 -4.888809749421431372e-02
6.000000000000000000e+01 -1.755150941373250645e-02 -5.213981694256607929e-02
6.100000000000000000e+01 -2.022038675228363114e-02 -5.546462096485915705e-02
6.200000000000000000e+01 -2.317225968807955921e-02 -5.885412091136652674e-02
6.300000000000000000e+01 -2.641572208671450969e-02 -6.230203992924800149e-02
6.400000000000000000e+01 -2.995583587896854388e-02 -6.580118584620665845e-02
6.500000000000000000e+01 -3.379352997422767346e-02 -6.934015841333365793e-02
6.600000000000000000e+01 -3.792514992683439917e-02 -7.290157254475182480e-02
6.700000000000000000e+01 -4.234209968222980847e-02 -7.646285350533695013e-02
6.800000000000000000e+01 -4.703046399748413153e-02 -7.999932916620466905e-02
6.900000000000000000e+01 -5.197060840355589850e-02 -8.348811653388689413e-02
7.000000000000000000e+01 -5.713689880397859744e-02 -8.691084313367737624e-02
7.100000000000000000e+01 -6.249768348872696000e-02 -9.025381706289298256e-02
7.200000000000000000e+01 -6.801552495653680197e-02 -9.350557847882463858e-02
7.300000000000000000e+01 -7.364753971853092718e-02 -9.665315050674545827e-02
7.400000000000000000e+01 -7.934575592459658377e-02 -9.967902505107396893e-02
7.500000000000000000e+01 -8.505756467535319221e-02 -1.025605661279097858e-01
7.600000000000000000e+01 -9.072641350321179743e-02 -1.052722578647354579e-01
7.700000000000000000e+01 -9.629277718142700837e-02 -1.077897328570090463e-01
7.800000000000000000e+01 -1.016952763024232681e-01 -1.100935856503380550e-01
7.900000000000000000e+01 -1.068717897803655448e-01 -1.121710917477196368e-01
8.000000000000000000e+01 -1.117605384221426051e-01 -1.140150431951060528e-01
8.100000000000000000e+01 -1.163012326949557779e-01 -1.156204045355293947e-01
8.200000000000000000e+01 -1.204363398456769763e-01 -1.169806113393904862e-01
8.300000000000000000e+01 -1.241123895117373505e-01 -1.180854934081851382e-01
8.400000000000000000e+01 -1.272811700237935217e-01 -1.189219262104629221e-01
8.500000000000000000e+01 -1.299007390434347431e-01 -1.194768734299951063e-01
8.600000000000000000e+01 -1.319362825517100823e-01 -1.197412501540446594e-01
8.700000000000000000e+01 -1.333608751162201622e-01 -1.197126463911919458e-01
8.800000000000000000e+01 -1.341561181656858726e-01 -1.193955770029125063e-01
8.900000000000000000e+01 -1.343125712344221401e-01 -1.187992132468279338e-01
9.000000000000000000e+01 -1.338299201904659952e-01 -1.179338252372972295e-01
9.100000000000000000e+01 -1.327169037385391159e-01 -1.168077708464405756e-01
9.200000000000000000e+01 -1.309910526160651956e-01 -1.154265105098469940e-01
9.300000000000000000e+01 -1.286782611918162456e-01 -1.137940247844080183e-01
9.400000000000000000e+01 -1.258121710085273459e-01 -1.119157632562811783e-01
9.500000000000000000e+01 -1.224333586484403491e-01 -1.098015096058867907e-01
9.600000000000000000e+01 -1.185883688293740829e-01 -1.074666621618557555e-01
9.700000000000000000e+01 -1.143286567902072753e-01 -1.049312977700586763e-01
9.800000000000000000e+01 -1.097094792655469025e-01 -1.022175303280555420e-01
9.900000000000000000e+01 -1.047887405562300811e-01 -9.934650107187242840e-02
1.000000000000000000e+02 -9.962580437078683016e-02 -9.633644221905522664e-02
1.010000000000000000e+02 -9.428031559453346755e-02 -9.320262430105595575e-02
1.020000000000000000e+02 -8.881109271031641106e-02 -8.995899669028559198e-02
1.030000000000000000e+02 -8.327512783310653255e-02 -8.662049535886040541e-02
1.040000000000000000e+02 -7.772669460913875228e-02 -8.320473415943768769e-02
1.050000000000000000e+02 -7.221655557111490709e-02 -7.973220243979306510e-02
1.060000000000000000e+02 -6.679128351460121571e-02 -7.622490716243808528e-02
1.070000000000000000e+02 -6.149273079741455345e-02 -7.270418129075081892e-02
1.080000000000000000e+02 -5.635766762441408312e-02 -6.918874090707438640e-02
1.090000000000000000e+02 -5.141757714148504493e-02 -6.569386312711680831e-02
1.100000000000000000e+02 -4.669857636924459876e-02 -6.223192874855396767e-02
1.110000000000000000e+02 -4.222144297611250818e-02 -5.881388144250011829e-02
1.120000000000000000e+02 -3.800174902356944634e-02 -5.545075360563844064e-02
1.130000000000000000e+02 -3.405010611904957241e-02 -5.215447024387825925e-02
1.140000000000000000e+02 -3.037250823830368873e-02 -4.893758798895163353e-02
1.150000000000000000e+02 -2.697074030519838045e-02 -4.581219414518944433e-02
1.160000000000000000e+02 -2.384282147870753210e-02 -4.278858546023612403e-02
1.170000000000000000e+02 -2.098346793628034709e-02 -3.987439084355232088e-02
1.180000000000000000e+02 -1.838457181561786724e-02 -3.707451334879825061e-02
1.190000000000000000e+02 -1.603569015660554972e-02 -3.439182659178777884e-02
1.200000000000000000e+02 -1.392452758030808015e-02 -3.182820655775096819e-02
1.210000000000000000e+02 -1.203739298007769527e-02 -2.938537640073352747e-02
1.220000000000000000e+02 -1.035961785424265383e-02 -2.706520740708252826e-02
1.230000000000000000e+02 -8.875934106677909816e-03 -2.486943570518395513e-02
1.240000000000000000e+02 -7.570813094013605082e-03 -2.279904544696301563e-02
1.250000000000000000e+02 -6.428764867775215407e-03 -2.085369624321843987e-02
1.260000000000000000e+02 -5.434593345798352342e-03 -1.903149704368071321e-02
1.270000000000000000e+02 -4.573604475942230282e-03 -1.732921705217768671e-02
1.280000000000000000e+02 -3.831769095228227708e-03 -1.574280071860465965e-02
1.290000000000000000e+02 -3.195845686877845510e-03 -1.426792962470958132e-02
1.300000000000000000e+02 -2.653468332020870405e-03 -1.290039382683955994e-02
1.310000000000000000e+02 -2.193203408588307625e-03 -1.163616537268029327e-02
1.320000000000000000e+02 -1.804577692434538010e-03 -1.047122548110929717e-02
1.330000000000000000e+02 -1.478081275487658957e-03 -9.401302900888830819e-03
1.340000000000000000e+02 -1.205149899161684539e-03 -8.421692719003431166e-03
1.350000000000000000e+02 -9.781315398673061639e-04 -7.527253648543284423e-03
1.360000000000000000e+02 -7.902412859273507100e-04 -6.712576930382929165e-03
1.370000000000000000e+02 -6.355075621999384033e-04 -5.972238137581220227e-03
1.380000000000000000e+02 -5.087122572722776234e-04 -5.301019297388667208e-03
1.390000000000000000e+02 -4.053272182651306097e-04 -4.694022866091365244e-03
1.400000000000000000e+02 -3.214494580606152814e-04 -4.146663236976306718e-03
1.410000000000000000e+02 -2.537370290069122423e-04 -3.654579073116465387e-03
1.420000000000000000e+02 -1.993469774851904040e-04 -3.213535081511866703e-03
1.430000000000000000e+02 -1.558763392950007559e-04 -2.819369837429461234e-03
1.440000000000000000e+02 -1.213068531360521807e-04 -2.468010569636357697e-03
1.450000000000000000e+02 -9.395388870244388338e-05 -2.155538376958954314e-03
1.460000000000000000e+02 -7.241990767226540507e-05 -1.878266181082273705e-03
1.470000000000000000e+02 -5.555257867204534632e-05 -1.632793092512084586e-03
1.480000000000000000e+02 -4.240748998487055781e-05 -1.416016886976099315e-03
1.490000000000000000e+02 -3.221527775060975920e-05 -1.225108600796659961e-03
1.500000000000000000e+02 -2.435291526180708560e-05 -1.057468493507805795e-03
1.510000000000000000e+02 -1.831886515899041115e-05 -9.106854870559254840e-04
1.520000000000000000e+02 -1.371176738261727886e-05 -7.825143933767180230e-04
1.530000000000000000e+02 -1.021231624006630243e-05 -6.708729952032808789e-04
1.540000000000000000e+02 -7.567974424300457599e-06 -5.738510978642875340e-04
1.550000000000000000e+02 -5.580180642119294674e-06 -4.897200013351470744e-04
1.560000000000000000e+02 -4.093725388005033556e-06 -4.169334908204703951e-04
1.570000000000000000e+02 -2.987993913809255559e-06 -3.541174969045434297e-04
1.580000000000000000e+02 -2.169801847601182048e-06 -3.000513492638733201e-04
1.590000000000000000e+02 -1.567576389035925039e-06 -2.536464947936789604e-04
