0.000000000000000000e+00 -4.692365844691132657e-06 -1.110903964579530675e-05
1.000000000000000000e+00 -4.420884048352279989e-09 -1.110959781612950402e-09
2.000000000000000000e+00 -6.119334459297870709e-09 -1.564546999876019083e-09
3.000000000000000000e+00 -9.009580473489659988e-09 -2.374686183878989593e-09
4.000000000000000000e+00 -1.323717729833421040e-08 -3.596685268788411327e-09
5.000000000000000000e+00 -1.935657036653880177e-08 -5.421968809394480130e-09
6.000000000000000000e+00 -2.816410074303722849e-08 -8.133877464206183528e-09
7.000000000000000000e+00 -4.077433147221572765e-08 -1.214023882627919375e-08
8.000000000000000000e+00 -5.873674805713658517e-08 -1.802289121209901569e-08
9.000000000000000000e+00 -8.419326983922907518e-08 -2.660948839845792400e-08
1.000000000000000000e+01 -1.200873846001023541e-07 -3.907599466206706075e-08
1.100000000000000000e+01 -1.704403068400640973e-07 -5.708715573897242125e-08
1.200000000000000000e+01 -2.407148712152584189e-07 -8.298158022208730727e-08
1.300000000000000000e+01 -3.382933496184570492e-07 -1.200130170886750185e-07
1.400000000000000000e+01 -4.731000342163473410e-07 -1.726718560463786866e-07
1.500000000000000000e+01 -6.584039185476526901e-07 -2.471250107695334238e-07
1.600000000000000000e+01 -9.118439161004517105e-07 -3.518176041742071755e-07
1.700000000000000000e+01 -1.256731396474657503e-06 -4.982722614859551073e-07
1.800000000000000000e+01 -1.723701222931462752e-06 -7.021134942118952979e-07
1.900000000000000000e+01 -2.352797250804146533e-06 -9.843577065240120074e-07
2.000000000000000000e+01 -3.196086218728361057e-06 -1.373052948510354321e-06
2.100000000000000000e+01 -4.320897890597902103e-06 -1.905404799943924986e-06
2.200000000000000000e+01 -5.813800819971705860e-06 -2.630545461839668108e-06
2.300000000000000000e+01 -7.785451937220495245e-06 -3.613075299266881922e-06
2.400000000000000000e+01 -1.037649744487790235e-05 -4.937465662138515199e-06
2.500000000000000000e+01 -1.376472802398861897e-05 -6.713423185777056695e-06
2.600000000000000000e+01 -1.817368353519035313e-05 -9.082405520434301929e-06
2.700000000000000000e+01 -2.388287395117792914e-05 -1.222559676388717607e-05
2.800000000000000000e+01 -3.123977821497008931e-05 -1.637371293009152925e-05
2.900000000000000000e+01 -4.067383311056115778e-05 -2.181897658309675243e-05
3.000000000000000000e+01 -5.271270028019562004e-05 -2.892951381629190269e-05
3.100000000000000000e+01 -6.800111605863704055e-05 -3.816634330071378442e-05
3.200000000000000000e+01 -8.732252692313770628e-05 -5.010307455052005873e-05
3.300000000000000000e+01 -1.116235462360581877e-04 -6.544845351336823114e-05
3.400000000000000000e+01 -1.420411809951295328e-04 -8.507208168930762272e-05
3.500000000000000000e+01 -1.799328610546074413e-04 -1.100339889543689939e-04
3.600000000000000000e+01 -2.269094529340212813e-04 -1.416189224419791767e-04
3.700000000000000000e+01 -2.848714046176193206e-04 -1.813756583063023237e-04
3.800000000000000000e+01 -3.560478029035744787e-04 -2.311602698172254226e-04
3.900000000000000000e+01 -4.430376140593710261e-04 -2.931811729723666788e-04
4.000000000000000000e+01 -5.488521275376549800e-04 -3.700445610071073426e-04
4.100000000000000000e+01 -6.769578418377205763e-04 -4.648016999267102697e-04
4.200000000000000000e+01 -8.313194127815585685e-04 -5.810017549600698722e-04
4.300000000000000000e+01 -1.016442203482909338e-03 -7.227515632767444673e-04
4.400000000000000000e+01 -1.237413148533418562e-03 -8.947769081442302937e-04
4.500000000000000000e+01 -1.499937580047782607e-03 -1.102474414998130901e-03
4.600000000000000000e+01 -1.810369293569362003e-03 -1.351946785978634744e-03
4.700000000000000000e+01 -2.175731838160144347e-03 -1.650026453556068971e-03
4.800000000000000000e+01 -2.603730040355724685e-03 -2.004301928265363013e-03
4.900000000000000000e+01 -3.102750833945868564e-03 -2.423153508222021697e-03
5.000000000000000000e+01 -3.681851139852975862e-03 -2.915782366165952169e-03
5.100000000000000000e+01 -4.350728945068892822e-03 -3.492201135393441583e-03
5.200000000000000000e+01 -5.119673575591469385e-03 -4.163167363115572936e-03
5.300000000000000000e+01 -5.999492910896062937e-03 -4.940078355567221156e-03
5.400000000000000000e+01 -7.001417445638249623e-03 -5.834870290663256298e-03
5.500000000000000000e+01 -8.136981618312381925e-03 -6.859942366249835097e-03
5.600000000000000000e+01 -9.417881340360353959e-03 -8.028070300013984140e-03
5.700000000000000000e+01 -1.085580508559635428e-02 -9.352240385973566855e-03
5.800000000000000000e+01 -1.246223646106376509e-02 -1.084537226856369801e-02
5.900000000000000000e+01 -1.424822894479018699e-02 -1.251998181312529747e-02
6.000000000000000000e+01 -1.622415624275570789e-02 -1.438788037398567969e-02
6.100000000000000000e+01 -1.839944253512575123e-02 -1.645995352954017499e-02
6.200000000000000000e+01 -2.078227626643316603e-02 -1.874595227469134928e-02
6.300000000000000000e+01 -2.337931119689063905e-02 -2.125417869493603784e-02
6.400000000000000000e+01 -2.619535991910801331e-02 -2.399102674510478900e-02
6.500000000000000000e+01 -2.923308626421553327e-02 -2.696048179491182875e-02
6.600000000000000000e+01 -3.249270252751224747e-02 -3.016374096298320498e-02
6.700000000000000000e+01 -3.597167706761630890e-02 -3.359901382707814604e-02
6.800000000000000000e+01 -3.966446105023142821e-02 -3.726139352337566601e-02
6.900000000000000000e+01 -4.356224932746937534e-02 -4.114263123688387258e-02
7.000000000000000000e+01 -4.765279271680728651e-02 -4.523077683137958355e-02
7.100000000000000000e+01 -5.192027084718476432e-02 -4.950984011279460639e-02
7.200000000000000000e+01 -5.634522079597834021e-02 -5.395967766484078415e-02
7.300000000000000000e+01 -6.090451242838670204e-02 -5.855615520171596200e-02
7.400000000000000000e+01 -6.557137713011076952e-02 -6.327142910068048187e-02
7.500000000000000000e+01 -7.031552072890234761e-02 -6.807414918107686230e-02
7.600000000000000000e+01 -7.510335483179166050e-02 -7.292955426745165171e-02
7.700000000000000000e+01 -7.989834786300747949e-02 -7.779963478990394032e-02
7.800000000000000000e+01 -8.466145159061246039e-02 -8.264355752514523923e-02
7.900000000000000000e+01 -8.935154977566797663e-02 -8.741836337247832489e-02
8.000000000000000000e+01 -9.392592455163299714e-02 -9.207975229201437184e-02
8.100000000000000000e+01 -9.834080095095151797e-02 -9.658276169067003813e-02
8.200000000000000000e+01 -1.025520348087338579e-01 -1.008823237852182197e-01
8.300000000000000000e+01 -1.065159269623413424e-01 -1.049338579115549203e-01
8.400000000000000000e+01 -1.101900467581486964e-01 -1.086940389305088850e-01
8.500000000000000000e+01 -1.135339407332140726e-01 -1.121217086464041113e-01
8.600000000000000000e+01 -1.165097183558852362e-01 -1.151787525004817209e-01
8.700000000000000000e+01 -1.190826397853148311e-01 -1.178307936550294921e-01
8.800000000000000000e+01 -1.212218304385643403e-01 -1.200477150801162601e-01
8.900000000000000000e+01 -1.229010854251969126e-01 -1.218041339260582806e-01
9.000000000000000000e+01 -1.240995561855967599e-01 -1.230799106847349778e-01
9.100000000000000000e+01 -1.248021246545017865e-01 -1.238606390935892837e-01
9.200000000000000000e+01 -1.249994855371522468e-01 -1.241379842719744636e-01
9.300000000000000000e+01 -1.246881682687356746e-01 -1.239097938822687622e-01
9.400000000000000000e+01 -1.238707045947172597e-01 -1.231800295457559646e-01
9.500000000000000000e+01 -1.225558861910383546e-01 -1.219586224619594594e-01
9.600000000000000000e+01 -1.207588227164004824e-01 -1.202612990457140457e-01
9.700000000000000000e+01 -1.185005667283314107e-01 -1.181093250868435057e-01
9.800000000000000000e+01 -1.158073877299857779e-01 -1.155290899950405376e-01
9.900000000000000000e+01 -1.127100361562606567e-01 -1.125515217402178608e-01
1.000000000000000000e+02 -1.092432607319003962e-01 -1.092114102467528214e-01
1.010000000000000000e+02 -1.054454963437791160e-01 -1.055467309827691075e-01
1.020000000000000000e+02 -1.013583835029657626e-01 -1.015979931866932695e-01
1.030000000000000000e+02 -9.702589041822549942e-02 -9.740756581459938945e-02
1.040000000000000000e+02 -9.249317767417876424e-02 -9.301893469501201772e-02
1.050000000000000000e+02 -8.780559009232871692e-02 -8.847591209772366627e-02
1.060000000000000000e+02 -8.300802615493166337e-02 -8.382188025379003204e-02
1.070000000000000000e+02 -7.814456607256528575e-02 -7.909914024972483637e-02
1.080000000000000000e+02 -7.325802031095524081e-02 -7.434836994466886839e-02
1.090000000000000000e+02 -6.838920853321268922e-02 -6.960813966317921930e-02
1.100000000000000000e+02 -6.357612374164221813e-02 -6.491444492162415369e-02
1.110000000000000000e+02 -5.885331427136962501e-02 -6.030027398260996707e-02
1.120000000000000000e+02 -5.425165676497522432e-02 -5.579527020837301426e-02
1.130000000000000000e+02 -4.979838071503794872e-02 -5.142553202051785427e-02
1.140000000000000000e+02 -4.551706256753557112e-02 -4.721353634548937361e-02
1.150000000000000000e+02 -4.142745625529833942e-02 -4.317813186191323677e-02
1.160000000000000000e+02 -3.754528521271185970e-02 -3.933456090777259079e-02
1.170000000000000000e+02 -3.388221932984994411e-02 -3.569451417091033113e-02
1.180000000000000000e+02 -3.044612237631583174e-02 -3.226625170220504685e-02
1.190000000000000000e+02 -2.724144774385350160e-02 -2.905481021931605179e-02
1.200000000000000000e+02 -2.426959330101791795e-02 -2.606227793720852087e-02
1.210000000000000000e+02 -2.152914037937835381e-02 -2.328809393755859256e-02
1.220000000000000000e+02 -1.901605626873498212e-02 -2.072933986218664787e-02
1.230000000000000000e+02 -1.672397997431483707e-02 -1.838102214889001176e-02
1.240000000000000000e+02 -1.464462187881105694e-02 -1.623636207420964261e-02
1.250000000000000000e+02 -1.276820047743458010e-02 -1.428710355473254354e-02
1.260000000000000000e+02 -1.108381889536870675e-02 -1.252382726504576438e-02
1.270000000000000000e+02 -9.579750832113752626e-03 -1.093624722796189379e-02
1.280000000000000000e+02 -8.243678390187475155e-03 -9.513473003256868454e-03
1.290000000000000000e+02 -7.062935583029201526e-03 -8.244237550820099347e-03
1.300000000000000000e+02 -6.024767740581923360e-03 -7.117101298595768580e-03
1.310000000000000000e+02 -5.116574016669190803e-03 -6.120639887069000487e-03
1.320000000000000000e+02 -4.326097566100106998e-03 -5.243613157130635159e-03
1.330000000000000000e+02 -3.641557332953053710e-03 -4.475107324632008644e-03
1.340000000000000000e+02 -3.051741647246832261e-03 -3.804645436709487745e-03
1.350000000000000000e+02 -2.546085183268228299e-03 -3.222268622856533631e-03
1.360000000000000000e+02 -2.114734617564144412e-03 -2.718595148276381490e-03
1.370000000000000000e+02 -1.748595070550372325e-03 -2.284863062439107962e-03
1.380000000000000000e+02 -1.439349976233909607e-03 -1.912958181627772694e-03
1.390000000000000000e+02 -1.179456119848890094e-03 -1.595426680051382443e-03
1.400000000000000000e+02 -9.621222113866008657e-04 -1.325472371420726922e-03
1.410000000000000000e+02 -7.812787134946014506e-04 -1.096941145476646503e-03
1.420000000000000000e+02 -6.315420579907977299e-04 -9.042964149130417123e-04
1.430000000000000000e+02 -5.081732372650231682e-04 -7.425888737595060180e-04
1.440000000000000000e+02 -4.070309010452607674e-04 -6.074223406725352522e-04
1.450000000000000000e+02 -3.245207089172380804e-04 -4.949164035140676213e-04
1.460000000000000000e+02 -2.575435016781675926e-04 -4.016665434791262448e-04
1.470000000000000000e+02 -2.034443400105939519e-04 -3.247029035494106478e-04
1.480000000000000000e+02 -1.599635079533922655e-04 -2.614491263340401497e-04
1.490000000000000000e+02 -1.251900147855176579e-04 -2.096824351313240822e-04
1.500000000000000000e+02 -9.751800821577828802e-05 -1.674956172365174394e-04
1.510000000000000000e+02 -7.560647911456416510e-05 -1.332611712907074450e-04
1.520000000000000000e+02 -5.834249729446039010e-05 -1.055977530319977050e-04
1.530000000000000000e+02 -4.480804263556288137e-05 -8.333908718945679526e-05
1.540000000000000000e+02 -3.425039437223195260e-05 -6.550552830948322804e-05
1.550000000000000000e+02 -2.605599838123104773e-05 -5.127837423984258562e-05
1.560000000000000000e+02 -1.972767348341490350e-05 -3.997690446575230549e-05
1.570000000000000000e+02 -1.486492563404453974e-05 -3.103801040567517877e-05
1.580000000000000000e+02 -1.114706733509140095e-05 -2.399823996532357513e-05
1.590000000000000000e+02 -8.318829712048331779e-06 -1.847807664456952773e-05
