0.000000000000000000e+00 -4.167402695750372309e-04 -2.092890401105285678e-04
1.000000000000000000e+00 -6.781518053071296825e-06 -1.448403124881718817e-06
2.000000000000000000e+00 -6.553158683314794228e-06 -1.507165763355555154e-06
3.000000000000000000e+00 -7.971182692061076492e-06 -1.903736337120094528e-06
4.000000000000000000e+00 -9.901320525249529330e-06 -2.423160504534107454e-06
5.000000000000000000e+00 -1.228574178706106178e-05 -3.077626215954015636e-06
6.000000000000000000e+00 -1.518017740867036066e-05 -3.901470197308242100e-06
7.000000000000000000e+00 -1.867895906413733449e-05 -4.938912207316904855e-06
8.000000000000000000e+00 -2.291490832098688770e-05 -6.242451318929464248e-06
9.000000000000000000e+00 -2.806430123589135511e-05 -7.871938520204099302e-06
1.000000000000000000e+01 -3.434381373670948454e-05 -9.894950577553640952e-06
1.100000000000000000e+01 -4.199769234174088140e-05 -1.238996910838645806e-05
1.200000000000000000e+01 -5.128092933041390354e-05 -1.545299042974706359e-05
1.300000000000000000e+01 -6.244974199205416789e-05 -1.920639576903671278e-05
1.400000000000000000e+01 -7.577104709000895191e-05 -2.380711266699625080e-05
1.500000000000000000e+01 -9.155578654500496271e-05 -2.945053814897773291e-05
1.600000000000000000e+01 -1.102085489200417307e-04 -3.636831090934732085e-05
1.700000000000000000e+01 -1.322736609085513825e-04 -4.482167434231639912e-05
1.800000000000000000e+01 -1.584532781498973432e-04 -5.509625640746872562e-05
1.900000000000000000e+01 -1.895814262314195707e-04 -6.750599555187044589e-05
2.000000000000000000e+01 -2.265590899818095574e-04 -8.241145149010919557e-05
2.100000000000000000e+01 -2.702811491065488679e-04 -1.002507562980430695e-04
2.200000000000000000e+01 -3.216019298247844147e-04 -1.215729100560881807e-04
2.300000000000000000e+01 -3.813788450475355616e-04 -1.470581228399115423e-04
2.400000000000000000e+01 -4.505997320836777368e-04 -1.775131383584271113e-04
2.500000000000000000e+01 -5.305516200827350331e-04 -2.138418949259310645e-04
2.600000000000000000e+01 -6.229515156075490128e-04 -2.570086370561236499e-04
2.700000000000000000e+01 -7.299584234861228576e-04 -3.080221063686812508e-04
2.800000000000000000e+01 -8.540314562079571493e-04 -3.679661597340598079e-04
2.900000000000000000e+01 -9.976788803481586275e-04 -4.380810922228542403e-04
3.000000000000000000e+01 -1.163220144511483041e-03 -5.198689572757877629e-04
3.100000000000000000e+01 -1.352709558620879488e-03 -6.151723173829938942e-04
3.200000000000000000e+01 -1.568115142672439968e-03 -7.261769460206304655e-04
3.300000000000000000e+01 -1.811720503783154686e-03 -8.553221797475698499e-04
3.400000000000000000e+01 -2.086579086305097048e-03 -1.005156341395101096e-03
3.500000000000000000e+01 -2.396777079003381203e-03 -1.178220364514025089e-03
3.600000000000000000e+01 -2.747310936840517692e-03 -1.377048390573773051e-03
3.700000000000000000e+01 -3.143558467561000623e-03 -1.604324351956816844e-03
3.800000000000000000e+01 -3.590549294149038197e-03 -1.863144900588873396e-03
3.900000000000000000e+01 -4.092401857522316895e-03 -2.157257780695520481e-03
4.000000000000000000e+01 -4.652277914486696239e-03 -2.491124561267705866e-03
4.100000000000000000e+01 -5.272980318462647774e-03 -2.869725939318499338e-03
4.200000000000000000e+01 -5.957975363694953397e-03 -3.298165315062406757e-03
4.300000000000000000e+01 -6.712335365742973931e-03 -3.781262131215193736e-03
4.400000000000000000e+01 -7.543044288914382486e-03 -4.323374450661015070e-03
4.500000000000000000e+01 -8.458360093434350371e-03 -4.928599573137900508e-03
4.600000000000000000e+01 -9.466397115161466827e-03 -5.601298067298155978e-03
4.700000000000000000e+01 -1.057355638573198933e-02 -6.346673630143726853e-03
4.800000000000000000e+01 -1.178362331642667134e-02 -7.171049193663565739e-03
4.900000000000000000e+01 -1.309810814771094831e-02 -8.081589482193014817e-03
5.000000000000000000e+01 -1.451779330608960611e-02 -9.085503301472104207e-03
5.100000000000000000e+01 -1.604477165708791814e-02 -1.018907441589882168e-02
5.200000000000000000e+01 -1.768388771672135124e-02 -1.139703036694646003e-02
5.300000000000000000e+01 -1.944267544437465467e-02 -1.271263786416387993e-02
5.400000000000000000e+01 -2.132959043705647678e-02 -1.413853788270096404e-02
5.500000000000000000e+01 -2.335124312425920778e-02 -1.567789205107340475e-02
5.600000000000000000e+01 -2.550997607433248826e-02 -1.733516203907957062e-02
5.700000000000000000e+01 -2.780309554025781060e-02 -1.911596270285970123e-02
5.800000000000000000e+01 -3.022429786503062765e-02 -2.102589677493566650e-02
5.900000000000000000e+01 -3.276668303941149968e-02 -2.306886201704307429e-02
6.000000000000000000e+01 -3.542583348762001066e-02 -2.524568891233135506e-02
6.100000000000000000e+01 -3.820127944685598048e-02 -2.755387298439335511e-02
6.200000000000000000e+01 -4.109541125292017621e-02 -2.998861410077767811e-02
6.300000000000000000e+01 -4.411020186351167355e-02 -3.254464530655412635e-02
6.400000000000000000e+01 -4.724331267981290994e-02 -3.521783830883897654e-02
6.500000000000000000e+01 -5.048560181346198328e-02 -3.800561976091821476e-02
6.600000000000000000e+01 -5.382142463110506370e-02 -4.090583734584990472e-02
6.700000000000000000e+01 -5.723168891299394712e-02 -4.391457160737922971e-02
6.800000000000000000e+01 -6.069815790115365428e-02 -4.702402440075405254e-02
6.900000000000000000e+01 -6.420679153259065131e-02 -5.022164775985118318e-02
7.000000000000000000e+01 -6.774837417370661863e-02 -5.349105390415839073e-02
7.100000000000000000e+01 -7.131607311854672171e-02 -5.681429325139383119e-02
7.200000000000000000e+01 -7.490119066190424613e-02 -6.017433063145249950e-02
7.300000000000000000e+01 -7.848935944309679003e-02 -6.355641849594768911e-02
7.400000000000000000e+01 -8.205923036066400944e-02 -6.694764519298188055e-02
7.500000000000000000e+01 -8.558439179015836507e-02 -7.033492055392244480e-02
7.600000000000000000e+01 -8.903754950540099244e-02 -7.370251625821011565e-02
7.700000000000000000e+01 -9.239483158602668222e-02 -7.703053374307669565e-02
7.800000000000000000e+01 -9.563807819715845759e-02 -8.029518680951688858e-02
7.900000000000000000e+01 -9.875409355347741780e-02 -8.347083110733866107e-02
8.000000000000000000e+01 -1.017314525711066064e-01 -8.653277099589380683e-02
8.100000000000000000e+01 -1.045567105976225458e-01 -8.945949966669169973e-02
8.200000000000000000e+01 -1.072121047220941370e-01 -9.223335650974674726e-02
8.300000000000000000e+01 -1.096759495752639424e-01 -9.483942203127530834e-02
8.400000000000000000e+01 -1.119254369725835863e-01 -9.726336759020180744e-02
8.500000000000000000e+01 -1.139402998577372372e-01 -9.948947296323656930e-02
8.600000000000000000e+01 -1.157054660103541965e-01 -1.014998864872939666e-01
8.700000000000000000e+01 -1.172115110920640829e-01 -1.032755383660230453e-01
8.800000000000000000e+01 -1.184529682668059025e-01 -1.047982918193074708e-01
8.900000000000000000e+01 -1.194256585206233540e-01 -1.060533380321702218e-01
9.000000000000000000e+01 -1.201246008813115634e-01 -1.070307644430374822e-01
9.100000000000000000e+01 -1.205435841233506583e-01 -1.077256560138731001e-01
9.200000000000000000e+01 -1.206764553018551400e-01 -1.081367970369508102e-01
9.300000000000000000e+01 -1.205192268001358813e-01 -1.082646811080296007e-01
9.400000000000000000e+01 -1.200717592775902426e-01 -1.081098155048282189e-01
9.500000000000000000e+01 -1.193381698557243881e-01 -1.076721174216539734e-01
9.600000000000000000e+01 -1.183259276794250831e-01 -1.069516547366335529e-01
9.700000000000000000e+01 -1.170443238000477559e-01 -1.059503412599786670e-01
9.800000000000000000e+01 -1.155032490809896062e-01 -1.046737459408118576e-01
9.900000000000000000e+01 -1.137128989606145668e-01 -1.031321221226146195e-01
1.000000000000000000e+02 -1.116843821310573442e-01 -1.013401327180172840e-01
1.010000000000000000e+02 -1.094306491388907926e-01 -9.931536481397575111e-02
1.020000000000000000e+02 -1.069670123784929039e-01 -9.707629596533232097e-02
1.030000000000000000e+02 -1.043108552728699984e-01 -9.464062157294246547e-02
1.040000000000000000e+02 -1.014806778636024448e-01 -9.202465932699124829e-02
1.050000000000000000e+02 -9.849503541829754405e-02 -8.924400374069169084e-02
1.060000000000000000e+02 -9.537195860072653075e-02 -8.631497664872472830e-02
1.070000000000000000e+02 -9.212911093749029390e-02 -8.325602542535257000e-02
1.080000000000000000e+02 -8.878446523202131180e-02 -8.008826355477327574e-02
1.090000000000000000e+02 -8.535695605525807361e-02 -7.683480283967020208e-02
1.100000000000000000e+02 -8.186658287866682704e-02 -7.351915063193543987e-02
1.110000000000000000e+02 -7.833378048046299447e-02 -7.016341302849757322e-02
1.120000000000000000e+02 -7.477832339135258299e-02 -6.678711887875188324e-02
1.130000000000000000e+02 -7.121831231415805263e-02 -6.340713221480952233e-02
1.140000000000000000e+02 -6.766974151707516594e-02 -6.003854694920738450e-02
1.150000000000000000e+02 -6.414681223532985033e-02 -5.669596844281599157e-02
1.160000000000000000e+02 -6.066274368389380084e-02 -5.339443648980105039e-02
1.170000000000000000e+02 -5.723057504070534068e-02 -5.014949225231082192e-02
1.180000000000000000e+02 -5.386348290368939834e-02 -4.697637961328506723e-02
1.190000000000000000e+02 -5.057442837075598607e-02 -4.388882585033048594e-02
1.200000000000000000e+02 -4.737532473958798451e-02 -4.089803289957470028e-02
1.210000000000000000e+02 -4.427616946627821459e-02 -3.801235330341756063e-02
1.220000000000000000e+02 -4.128458230273372720e-02 -3.523773629132451179e-02
1.230000000000000000e+02 -3.840595543374074328e-02 -3.257863537836930973e-02
1.240000000000000000e+02 -3.564409694454884897e-02 -3.003887712268391366e-02
1.250000000000000000e+02 -3.300201455547195628e-02 -2.762207883472542896e-02
1.260000000000000000e+02 -3.048245441632974409e-02 -2.533149126103201657e-02
1.270000000000000000e+02 -2.808797572782509647e-02 -2.316945597892488412e-02
1.280000000000000000e+02 -2.582060113493537742e-02 -2.113684121137855004e-02
1.290000000000000000e+02 -2.368129346108626548e-02 -1.923278284062187801e-02
1.300000000000000000e+02 -2.166956938170160399e-02 -1.745485769220775710e-02
1.310000000000000000e+02 -1.978345705417141470e-02 -1.579958057357898002e-02
1.320000000000000000e+02 -1.801981059110039154e-02 -1.426297243805020425e-02
1.330000000000000000e+02 -1.637481945978597545e-02 -1.284095394845453236e-02
1.340000000000000000e+02 -1.484447975314639664e-02 -1.152944777457841699e-02
1.350000000000000000e+02 -1.342484658487308122e-02 -1.032423747430529642e-02
1.360000000000000000e+02 -1.211201841607446004e-02 -9.220741299735144003e-03
1.370000000000000000e+02 -1.090193879059256701e-02 -8.213869634346218293e-03
1.380000000000000000e+02 -9.790172801424041477e-03 -7.298058236811873559e-03
1.390000000000000000e+02 -8.771799670330109391e-03 -6.467461410170989057e-03
1.400000000000000000e+02 -7.841481329242217663e-03 -5.716210640879665524e-03
1.410000000000000000e+02 -6.993670780801054462e-03 -5.038628780915016536e-03
1.420000000000000000e+02 -6.222862490501938557e-03 -4.429331904569826055e-03
1.430000000000000000e+02 -5.523783298527771939e-03 -3.883217224370591990e-03
1.440000000000000000e+02 -4.891467088805672922e-03 -3.395387845496432126e-03
1.450000000000000000e+02 -4.321219105451252172e-03 -2.961080932334759358e-03
1.460000000000000000e+02 -3.808523345488068566e-03 -2.575645584081797789e-03
1.470000000000000000e+02 -3.348959539460943675e-03 -2.234578815752428799e-03
1.480000000000000000e+02 -2.938175665944765379e-03 -1.933595490829872598e-03
1.490000000000000000e+02 -2.571924401896604710e-03 -1.668695562972221779e-03
1.500000000000000000e+02 -2.246138736734093824e-03 -1.436200564771190208e-03
1.510000000000000000e+02 -1.957007831269718182e-03 -1.232751314738971243e-03
1.520000000000000000e+02 -1.701021393850569823e-03 -1.055277639661812749e-03
1.530000000000000000e+02 -1.474971095887794501e-03 -9.009597935285859442e-04
1.540000000000000000e+02 -1.275918455817739690e-03 -7.671985825801338425e-04
1.550000000000000000e+02 -1.101150432734365010e-03 -6.516014095409691960e-04
1.560000000000000000e+02 -9.481434266149880519e-04 -5.519812253673688635e-04
1.570000000000000000e+02 -8.145466924045501218e-04 -4.663597251521178896e-04
1.580000000000000000e+02 -6.981840256484162476e-04 -3.929663624851807788e-04
1.590000000000000000e+02 -5.970641719201045779e-04 -3.302289769606711178e-04
