0.000000000000000000e+00 -9.261751101705893076e-06 -1.987178138912614519e-03
1.000000000000000000e+00 -2.211955411753097303e-06 -2.645832132353031509e-04
2.000000000000000000e+00 -2.408320804265985246e-06 -2.099605801632630820e-04
3.000000000000000000e+00 -3.090456610197415254e-06 -2.220644528179336013e-04
4.000000000000000000e+00 -4.009244230912035332e-06 -2.506930185557568864e-04
5.000000000000000000e+00 -5.192512130690326350e-06 -2.870239801712562455e-04
6.000000000000000000e+00 -6.703559566187169441e-06 -3.289972140204161163e-04
7.000000000000000000e+00 -8.625335484909251539e-06 -3.760522814876445376e-04
8.000000000000000000e+00 -1.106125630570452270e-05 -4.281588575553395542e-04
9.000000000000000000e+00 -1.413859350653602742e-05 -4.857019587306903811e-04
1.000000000000000000e+01 -1.801267035953140738e-05 -5.495266103297092404e-04
1.100000000000000000e+01 -2.287184226779243938e-05 -6.209393184076080451e-04
1.200000000000000000e+01 -2.894364658317270859e-05 -7.015928294047011834e-04
1.300000000000000000e+01 -3.650251338433911321e-05 -7.932490208469049255e-04
1.400000000000000000e+01 -4.587913136327108994e-05 -8.974735280678079914e-04
1.500000000000000000e+01 -5.747111316495031685e-05 -1.015360528465940153e-03
1.600000000000000000e+01 -7.175430253061720724e-05 -1.147398920972292130e-03
1.700000000000000000e+01 -8.929422281772965593e-05 -1.293559846112019105e-03
1.800000000000000000e+01 -1.107578623030283356e-04 -1.453616102362420429e-03
1.900000000000000000e+01 -1.369269024612200351e-04 -1.627620272365048245e-03
2.000000000000000000e+01 -1.687139738692292328e-04 -1.816399953208737861e-03
2.100000000000000000e+01 -2.071829804141162208e-04 -2.021898697138184691e-03
2.200000000000000000e+01 -2.535729418654621191e-04 -2.247212952155810527e-03
2.300000000000000000e+01 -3.093229791734703371e-04 -2.496251541517989416e-03
2.400000000000000000e+01 -3.760953441284544210e-04 -2.773064898363175081e-03
2.500000000000000000e+01 -4.557947581382856372e-04 -3.081025073188289887e-03
2.600000000000000000e+01 -5.505854525523891461e-04 -3.422132188340221062e-03
2.700000000000000000e+01 -6.629103178085250011e-04 -3.796725562157119392e-03
2.800000000000000000e+01 -7.955169649078837552e-04 -4.203767810189936588e-03
2.900000000000000000e+01 -9.514919515844552774e-04 -4.641679845443827911e-03
3.000000000000000000e+01 -1.134298299127402916e-03 -5.109503950924890528e-03
3.100000000000000000e+01 -1.347806646485107855e-03 -5.608032251464917239e-03
3.200000000000000000e+01 -1.596311112234423141e-03 -6.140504002699642347e-03
3.300000000000000000e+01 -1.884528263648304475e-03 -6.712563536670391670e-03
3.400000000000000000e+01 -2.217587718130326936e-03 -7.331374800890011305e-03
3.500000000000000000e+01 -2.601028656198520889e-03 -8.004070333812722537e-03
3.600000000000000000e+01 -3.040812113258989802e-03 -8.735988565942584549e-03
3.700000000000000000e+01 -3.543344960927782145e-03 -9.529306004629620880e-03
3.800000000000000000e+01 -4.115496306825317495e-03 -1.038260499333534467e-02
3.900000000000000000e+01 -4.764582041232477347e-03 -1.129162874525006452e-02
4.000000000000000000e+01 -5.498304663864934244e-03 -1.225106731001238472e-02
4.100000000000000000e+01 -6.324658286968206505e-03 -1.325684733656421962e-02
4.200000000000000000e+01 -7.251827983330363936e-03 -1.430819132349300978e-02
4.300000000000000000e+01 -8.288113279577428646e-03 -1.540872605992323410e-02
4.400000000000000000e+01 -9.441883832725539438e-03 -1.656615759810617719e-02
4.500000000000000000e+01 -1.072154382617326526e-02 -1.779045401715390745e-02
4.600000000000000000e+01 -1.213546243680672064e-02 -1.909099232795512940e-02
4.700000000000000000e+01 -1.369183682221119733e-02 -2.047356121657502651e-02
4.800000000000000000e+01 -1.539848841381479157e-02 -2.193826581388680017e-02
4.900000000000000000e+01 -1.726263095331148634e-02 -2.347913853142033491e-02
5.000000000000000000e+01 -1.929066336808274093e-02 -2.508568874941936519e-02
5.100000000000000000e+01 -2.148802071622360477e-02 -2.674595310556988556e-02
5.200000000000000000e+01 -2.385907474273569334e-02 -2.845009347447139889e-02
5.300000000000000000e+01 -2.640704059557992534e-02 -3.019338714173332855e-02
5.400000000000000000e+01 -2.913384161843978609e-02 -3.197759677515648463e-02
5.500000000000000000e+01 -3.203991172120501663e-02 -3.381015913436370007e-02
5.600000000000000000e+01 -3.512395467145465466e-02 -3.570130458468154244e-02
5.700000000000000000e+01 -3.838270613878679016e-02 -3.765994370156761084e-02
5.800000000000000000e+01 -4.181074477416305002e-02 -3.968966837830017330e-02
5.900000000000000000e+01 -4.540037936373326338e-02 -4.178625808437205769e-02
6.000000000000000000e+01 -4.914161553165367208e-02 -4.393758570477521858e-02
6.100000000000000000e+01 -5.302218688365976929e-02 -4.612597847968763487e-02
6.200000000000000000e+01 -5.702762070277576228e-02 -4.833226281593373114e-02
6.300000000000000000e+01 -6.114129601960134608e-02 -5.054020394099704994e-02
6.400000000000000000e+01 -6.534445221830410822e-02 -5.273995565361389026e-02
6.500000000000000000e+01 -6.961613626084560413e-02 -5.492943218000684302e-02
6.600000000000000000e+01 -7.393313806172539804e-02 -5.711312365098175636e-02
6.700000000000000000e+01 -7.827002486895086319e-02 -5.929867763384876617e-02
6.800000000000000000e+01 -8.259939134231314428e-02 -6.149234054072515165e-02
6.900000000000000000e+01 -8.689235625247034023e-02 -6.369478873958357712e-02
7.000000000000000000e+01 -9.111918899200233124e-02 -6.589874889317798301e-02
7.100000000000000000e+01 -9.524983786835110322e-02 -6.808914229997758971e-02
7.200000000000000000e+01 -9.925416280165488825e-02 -7.024559748991739128e-02
7.300000000000000000e+01 -1.031018685318473571e-01 -7.234643976826851675e-02
7.400000000000000000e+01 -1.067623817701606054e-01 -7.437290588758195542e-02
7.500000000000000000e+01 -1.102050322483037748e-01 -7.631235604052520605e-02
7.600000000000000000e+01 -1.133997568849727383e-01 -7.815958273564974079e-02
7.700000000000000000e+01 -1.163181995951711178e-01 -7.991587452493260912e-02
7.800000000000000000e+01 -1.189347551281951521e-01 -8.158618353395853673e-02
7.900000000000000000e+01 -1.212270611300223511e-01 -8.317536619906348849e-02
8.000000000000000000e+01 -1.231757624744593965e-01 -8.468475092172145224e-02
8.100000000000000000e+01 -1.247638690866175459e-01 -8.611008719048990345e-02
8.200000000000000000e+01 -1.259763496040343100e-01 -8.744136130936108753e-02
8.300000000000000000e+01 -1.268004801961178929e-01 -8.866432699819930263e-02
8.400000000000000000e+01 -1.272269384129732783e-01 -8.976315649774747885e-02
8.500000000000000000e+01 -1.272510495052960044e-01 -9.072343552461345495e-02
8.600000000000000000e+01 -1.268733897848909609e-01 -9.153473158849365077e-02
8.700000000000000000e+01 -1.260993151190355488e-01 -9.219210386926950107e-02
8.800000000000000000e+01 -1.249376888295351123e-01 -9.269620405128009555e-02
8.900000000000000000e+01 -1.233996353770850651e-01 -9.305202482777333306e-02
9.000000000000000000e+01 -1.214981296483985673e-01 -9.326675667521007462e-02
9.100000000000000000e+01 -1.192486295345539932e-01 -9.334742910540184957e-02
9.200000000000000000e+01 -1.166701869042733458e-01 -9.329895764127990598e-02
9.300000000000000000e+01 -1.137860863600463068e-01 -9.312298798581111758e-02
9.400000000000000000e+01 -1.106233522220656934e-01 -9.281769377476722926e-02
9.500000000000000000e+01 -1.072112332003497537e-01 -9.237852142428849833e-02
9.600000000000000000e+01 -1.035794728824765698e-01 -9.179973426364364253e-02
9.700000000000000000e+01 -9.975730312220160156e-02 -9.107642860036316290e-02
9.800000000000000000e+01 -9.577356916992500746e-02 -9.020652159468831033e-02
9.900000000000000000e+01 -9.165759536182496725e-02 -8.919216568428980918e-02
1.000000000000000000e+02 -8.743990168831206056e-02 -8.804019378419365716e-02
1.010000000000000000e+02 -8.315202711133497238e-02 -8.676148105445828651e-02
1.020000000000000000e+02 -7.882537691607593988e-02 -8.536939155116032851e-02
1.030000000000000000e+02 -7.448970067307209009e-02 -8.387767973051757364e-02
1.040000000000000000e+02 -7.017204165992030340e-02 -8.229833998411636986e-02
1.050000000000000000e+02 -6.589664178830584307e-02 -8.063995424501646525e-02
1.060000000000000000e+02 -6.168562463669372692e-02 -7.890703201665245914e-02
1.070000000000000000e+02 -5.755979279510003294e-02 -7.710060525015097199e-02
1.080000000000000000e+02 -5.353888515769425482e-02 -7.521995507597162289e-02
1.090000000000000000e+02 -4.964109378488547331e-02 -7.326495347972396266e-02
1.100000000000000000e+02 -4.588218431589145829e-02 -7.123828228039644217e-02
1.110000000000000000e+02 -4.227481756386344824e-02 -6.914683722814145284e-02
1.120000000000000000e+02 -3.882849137272131879e-02 -6.700189399705039350e-02
1.130000000000000000e+02 -3.555008103980850098e-02 -6.481798609014280399e-02
1.140000000000000000e+02 -3.244458324115481740e-02 -6.261081168383003659e-02
1.150000000000000000e+02 -2.951560578107314745e-02 -6.039477083997123880e-02
1.160000000000000000e+02 -2.676539386292824119e-02 -5.818086709326521222e-02
1.170000000000000000e+02 -2.419453240801879360e-02 -5.597562219727354044e-02
1.180000000000000000e+02 -2.180166538364589415e-02 -5.378133850735017374e-02
1.190000000000000000e+02 -1.958351543941856676e-02 -5.159759351984334608e-02
1.200000000000000000e+02 -1.753524956685193620e-02 -4.942344019076592293e-02
1.210000000000000000e+02 -1.565100607741477801e-02 -4.725957735292491552e-02
1.220000000000000000e+02 -1.392432652479436150e-02 -4.510980949026334452e-02
1.230000000000000000e+02 -1.234834296344136141e-02 -4.298138255537311408e-02
1.240000000000000000e+02 -1.091575364863692048e-02 -4.088414962132640856e-02
1.250000000000000000e+02 -9.618745148402139261e-03 -3.882887361914900970e-02
1.260000000000000000e+02 -8.449015642010143656e-03 -3.682522386374010442e-02
1.270000000000000000e+02 -7.397950497881003278e-03 -3.488010105137694800e-02
1.280000000000000000e+02 -6.456885128201691332e-03 -3.299680064228740356e-02
1.290000000000000000e+02 -5.617339953566558020e-03 -3.117523049038661842e-02
1.300000000000000000e+02 -4.871146831552493339e-03 -2.941304022198531348e-02
1.310000000000000000e+02 -4.210464835416918503e-03 -2.770723299734638781e-02
1.320000000000000000e+02 -3.627745484769402933e-03 -2.605571484490511180e-02
1.330000000000000000e+02 -3.115717330353981202e-03 -2.445831272820689004e-02
1.340000000000000000e+02 -2.667423218606380757e-03 -2.291700617252270117e-02
1.350000000000000000e+02 -2.276295106598010595e-03 -2.143538180727562470e-02
1.360000000000000000e+02 -1.936224904309758648e-03 -2.001755362420348100e-02
1.370000000000000000e+02 -1.641596965793699079e-03 -1.866693335593474015e-02
1.380000000000000000e+02 -1.387275572153047042e-03 -1.738525034503416930e-02
1.390000000000000000e+02 -1.168566174501149864e-03 -1.617210797186954124e-02
1.400000000000000000e+02 -9.811768000072926699e-04 -1.502516541991210514e-02
1.410000000000000000e+02 -8.211957264588702057e-04 -1.394082314576723658e-02
1.420000000000000000e+02 -6.850845442736556339e-04 -1.291514381605486476e-02
1.430000000000000000e+02 -5.696745042206904225e-04 -1.194470135199766914e-02
1.440000000000000000e+02 -4.721540067638053018e-04 -1.102711559373918161e-02
1.450000000000000000e+02 -3.900430710014707271e-04 -1.016115966323911587e-02
1.460000000000000000e+02 -3.211593032484050172e-04 -9.346470590826466696e-03
1.470000000000000000e+02 -2.635836102610705322e-04 -8.583008087258790081e-03
1.480000000000000000e+02 -2.156317489200110856e-04 -7.870463702606828038e-03
1.490000000000000000e+02 -1.758327807700458178e-04 -7.207812493897430839e-03
1.500000000000000000e+02 -1.429115084926125873e-04 -6.593130417939910975e-03
1.510000000000000000e+02 -1.157711168926530413e-04 -6.023700254773387171e-03
1.520000000000000000e+02 -9.347405585479780362e-05 -5.496334199414588430e-03
1.530000000000000000e+02 -7.522171852422209880e-05 -5.007784216081207114e-03
1.540000000000000000e+02 -6.033490378781172954e-05 -4.555105234642002274e-03
1.550000000000000000e+02 -4.823685133258112201e-05 -4.135873628546999151e-03
1.560000000000000000e+02 -3.843942150797913042e-05 -3.748223401967502432e-03
1.570000000000000000e+02 -3.053179871708443135e-05 -3.390722548600082122e-03
1.580000000000000000e+02 -2.417062525389994233e-05 -3.062155157477174094e-03
1.590000000000000000e+02 -1.907075857205797398e-05 -2.761291961884888499e-03
