0.000000000000000000e+00 -4.440702500258459154e-04 -4.790563411916959379e-04
1.000000000000000000e+00 -3.054223705097979088e-06 -2.189711788105004516e-06
2.000000000000000000e+00 -3.100007276178862966e-06 -2.307892794986752169e-06
3.000000000000000000e+00 -3.858098877997356321e-06 -2.904525637266496502e-06
4.000000000000000000e+00 -4.846535576702969139e-06 -3.655177647677187679e-06
5.000000000000000000e+00 -6.084137019600365561e-06 -4.582086556419075134e-06
6.000000000000000000e+00 -7.630477966487850266e-06 -5.728576982201746545e-06
7.000000000000000000e+00 -9.557008070152786942e-06 -7.151811476739435612e-06
8.000000000000000000e+00 -1.194329401266908186e-05 -8.922446351800081499e-06
9.000000000000000000e+00 -1.487740002444704720e-05 -1.112219168684774331e-05
1.000000000000000000e+01 -1.846072719640058231e-05 -1.384044601388527185e-05
1.100000000000000000e+01 -2.281772119233785252e-05 -1.717290237195335482e-05
1.200000000000000000e+01 -2.810842169798353520e-05 -2.122533161200111787e-05
1.300000000000000000e+01 -3.453945188300529425e-05 -2.612419217928758230e-05
1.400000000000000000e+01 -4.236843818971064316e-05 -3.203246866029449278e-05
1.500000000000000000e+01 -5.189916908091945754e-05 -3.916550900166682628e-05
1.600000000000000000e+01 -6.346983245332636257e-05 -4.779969785391191957e-05
1.700000000000000000e+01 -7.744236349650770947e-05 -5.826847890158291197e-05
1.800000000000000000e+01 -9.420392372788868711e-05 -7.094601550154712986e-05
1.900000000000000000e+01 -1.141888081261778585e-04 -8.622680576696769954e-05
2.000000000000000000e+01 -1.379201216108265327e-04 -1.045157747945530172e-04
2.100000000000000000e+01 -1.660586351682120953e-04 -1.262431262523917917e-04
2.200000000000000000e+01 -1.994376489919730722e-04 -1.519091517602874273e-04
2.300000000000000000e+01 -2.390639932986555105e-04 -1.821485137631021346e-04
2.400000000000000000e+01 -2.860792911930950914e-04 -2.177883839993480621e-04
2.500000000000000000e+01 -3.416982445107966809e-04 -2.598696051568883335e-04
2.600000000000000000e+01 -4.071610252825123713e-04 -3.096114788246741387e-04
2.700000000000000000e+01 -4.837413828006131367e-04 -3.683279763074975193e-04
2.800000000000000000e+01 -5.728325788034912538e-04 -4.373352824672992927e-04
2.900000000000000000e+01 -6.760938419390471327e-04 -5.179097568123571318e-04
3.000000000000000000e+01 -7.955984570587662768e-04 -6.113454065076438532e-04
3.100000000000000000e+01 -9.339054320625122434e-04 -7.191171202200626576e-04
3.200000000000000000e+01 -1.093998346412903677e-03 -8.430955075597330439e-04
3.300000000000000000e+01 -1.279096861677709619e-03 -9.857119099733043996e-04
3.400000000000000000e+01 -1.492423277637833614e-03 -1.149970119565985526e-03
3.500000000000000000e+01 -1.737056359326021038e-03 -1.339259562134541802e-03
3.600000000000000000e+01 -2.015989340727091655e-03 -1.557027005270860895e-03
3.700000000000000000e+01 -2.332419499023790244e-03 -1.806462686683522976e-03
3.800000000000000000e+01 -2.690166784441091422e-03 -2.090391984055951780e-03
3.900000000000000000e+01 -3.094015590515867414e-03 -2.411495848096900044e-03
4.000000000000000000e+01 -3.549764645715202185e-03 -2.772823969702679046e-03
4.100000000000000000e+01 -4.063884010733278228e-03 -3.178383944385575720e-03
4.200000000000000000e+01 -4.642878745926919647e-03 -3.633488112956270895e-03
4.300000000000000000e+01 -5.292649169492514606e-03 -4.144596636665305936e-03
4.400000000000000000e+01 -6.018203084428926271e-03 -4.718617587738838971e-03
4.500000000000000000e+01 -6.823948413056906206e-03 -5.361924619390261854e-03
4.600000000000000000e+01 -7.714507435612294288e-03 -6.079574287585776289e-03
4.700000000000000000e+01 -8.695680208143274220e-03 -6.875199326069774720e-03
4.800000000000000000e+01 -9.775020886844999063e-03 -7.751770975642171060e-03
4.900000000000000000e+01 -1.096160011962574003e-02 -8.712965967886128482e-03
5.000000000000000000e+01 -1.226489979190725430e-02 -9.764470155218769182e-03
5.100000000000000000e+01 -1.369326072707193094e-02 -1.091444485573164237e-02
5.200000000000000000e+01 -1.525262708638865788e-02 -1.217269512325522100e-02
5.300000000000000000e+01 -1.694629025764710084e-02 -1.354871733875612563e-02
5.400000000000000000e+01 -1.877589006215498596e-02 -1.504946715313627316e-02
5.500000000000000000e+01 -2.074326962660563711e-02 -1.667800186586543970e-02
5.600000000000000000e+01 -2.285224288864209918e-02 -1.843386569996647087e-02
5.700000000000000000e+01 -2.510923986139414893e-02 -2.031525595482622237e-02
5.800000000000000000e+01 -2.752226035606340077e-02 -2.232201365013255015e-02
5.900000000000000000e+01 -3.009841291576587780e-02 -2.445786325861935145e-02
6.000000000000000000e+01 -3.284112594037123800e-02 -2.673049267315411731e-02
6.100000000000000000e+01 -3.574843692515732030e-02 -2.914904644366821812e-02
6.200000000000000000e+01 -3.881335260951888910e-02 -3.171997825990251901e-02
6.300000000000000000e+01 -4.202626925735537117e-02 -3.444326033584459851e-02
6.400000000000000000e+01 -4.537833609017587894e-02 -3.731103474427086703e-02
6.500000000000000000e+01 -4.886402913468730624e-02 -4.030972472425332215e-02
6.600000000000000000e+01 -5.248145806817343384e-02 -4.342484742769275874e-02
6.700000000000000000e+01 -5.623000037639232229e-02 -4.664619234173075779e-02
6.800000000000000000e+01 -6.010624598530557583e-02 -4.997055720401476220e-02
6.900000000000000000e+01 -6.410022306732933439e-02 -5.340025573021516675e-02
7.000000000000000000e+01 -6.819389520924949710e-02 -5.693773342241035401e-02
7.100000000000000000e+01 -7.236288508562926935e-02 -6.057880015826451470e-02
7.200000000000000000e+01 -7.658077019960343734e-02 -6.430801246466635868e-02
7.300000000000000000e+01 -8.082392938344853950e-02 -6.809892112545867793e-02
7.400000000000000000e+01 -8.507452537634427325e-02 -7.191950991966293560e-02
7.500000000000000000e+01 -8.932004617340918995e-02 -7.574037005020059499e-02
7.600000000000000000e+01 -9.354952602637869874e-02 -7.954148450216580457e-02
7.700000000000000000e+01 -9.774828747918487548e-02 -8.331393942548331877e-02
7.800000000000000000e+01 -1.018938938132781108e-01 -8.705535167616389181e-02
7.900000000000000000e+01 -1.059554986301432522e-01 -9.076110740960431633e-02
8.000000000000000000e+01 -1.098971391655588770e-01 -9.441590741978511669e-02
8.100000000000000000e+01 -1.136835530028101338e-01 -9.799023675829625357e-02
8.200000000000000000e+01 -1.172857977899158799e-01 -1.014440030889998956e-01
8.300000000000000000e+01 -1.206839914758267851e-01 -1.047358721144457383e-01
8.400000000000000000e+01 -1.238658750553537358e-01 -1.078337254965008041e-01
8.500000000000000000e+01 -1.268219606482520190e-01 -1.107208825356257170e-01
8.600000000000000000e+01 -1.295397375701868858e-01 -1.133947718994163939e-01
8.700000000000000000e+01 -1.319999006190517021e-01 -1.158586214177773077e-01
8.800000000000000000e+01 -1.341765810077577836e-01 -1.181104418498918340e-01
8.900000000000000000e+01 -1.360415888519926897e-01 -1.201351229941487603e-01
9.000000000000000000e+01 -1.375706967884968990e-01 -1.219039431698179243e-01
9.100000000000000000e+01 -1.387489854104227704e-01 -1.233819554782170369e-01
9.200000000000000000e+01 -1.395727282445737849e-01 -1.245395740493413506e-01
9.300000000000000000e+01 -1.400469879024822950e-01 -1.253624467544814103e-01
9.400000000000000000e+01 -1.401801838540596701e-01 -1.258545615506809490e-01
9.500000000000000000e+01 -1.399783407272379432e-01 -1.260330413222013890e-01
9.600000000000000000e+01 -1.394418268147003259e-01 -1.259173928118734465e-01
9.700000000000000000e+01 -1.385661170202187598e-01 -1.255188227657315081e-01
9.800000000000000000e+01 -1.373461139302174228e-01 -1.248351248216014731e-01
9.900000000000000000e+01 -1.357818294862860320e-01 -1.238536560714995627e-01
1.000000000000000000e+02 -1.338826101991174300e-01 -1.225606783910363901e-01
1.010000000000000000e+02 -1.316678596675910085e-01 -1.209520933392759651e-01
1.020000000000000000e+02 -1.291639601477230781e-01 -1.190400175380794401e-01
1.030000000000000000e+02 -1.263989342520362713e-01 -1.168519431510675471e-01
1.040000000000000000e+02 -1.233974134625902691e-01 -1.144231187697315189e-01
1.050000000000000000e+02 -1.201782182722594128e-01 -1.117862064079535311e-01
1.060000000000000000e+02 -1.167554830073490868e-01 -1.089634723483883377e-01
1.070000000000000000e+02 -1.131424945251783415e-01 -1.059652221297244512e-01
1.080000000000000000e+02 -1.093561405248494600e-01 -1.027948212971620812e-01
1.090000000000000000e+02 -1.054196816667088143e-01 -9.945728992198428486e-02
1.100000000000000000e+02 -1.013625042499724793e-01 -9.596684228757625112e-02
1.110000000000000000e+02 -9.721705178210969522e-02 -9.234957568287066598e-02
1.120000000000000000e+02 -9.301448414137154785e-02 -8.864020443088850565e-02
1.130000000000000000e+02 -8.878112368526203113e-02 -8.487479529072594620e-02
1.140000000000000000e+02 -8.453722379571156076e-02 -8.108331373464235103e-02
1.150000000000000000e+02 -8.029836519608371526e-02 -7.728558620040999749e-02
1.160000000000000000e+02 -7.607850426499501717e-02 -7.349228476149075040e-02
1.170000000000000000e+02 -7.189299742954313732e-02 -6.970991161922623913e-02
1.180000000000000000e+02 -6.776009946891582703e-02 -6.594688634906460678e-02
1.190000000000000000e+02 -6.370031760327414527e-02 -6.221758699754498245e-02
1.200000000000000000e+02 -5.973410091130634120e-02 -5.854252920925460263e-02
1.210000000000000000e+02 -5.587910212878771654e-02 -5.494496058354471357e-02
1.220000000000000000e+02 -5.214833183688829393e-02 -5.144588340956417205e-02
1.230000000000000000e+02 -4.854996230316092898e-02 -4.806007355821925731e-02
1.240000000000000000e+02 -4.508867346336940807e-02 -4.479488927115873875e-02
1.250000000000000000e+02 -4.176772205897991835e-02 -4.165209757238021171e-02
1.260000000000000000e+02 -3.859068337493774814e-02 -3.863146075754982089e-02
1.270000000000000000e+02 -3.556211435867456805e-02 -3.573414390380836442e-02
1.280000000000000000e+02 -3.268700385430235722e-02 -3.296435478172927980e-02
1.290000000000000000e+02 -2.996947225888461561e-02 -3.032869975966710416e-02
1.300000000000000000e+02 -2.741147605723285793e-02 -2.783391351392618118e-02
1.310000000000000000e+02 -2.501216375054370056e-02 -2.548431172460840707e-02
1.320000000000000000e+02 -2.276812858799633077e-02 -2.328025529315255054e-02
1.330000000000000000e+02 -2.067434668560950983e-02 -2.121823987171509579e-02
1.340000000000000000e+02 -1.872530410959828695e-02 -1.929235653659198274e-02
1.350000000000000000e+02 -1.691581105534778473e-02 -1.749625991594064983e-02
1.360000000000000000e+02 -1.524123113991595474e-02 -1.582468133527504053e-02
1.370000000000000000e+02 -1.369717082788265115e-02 -1.427389923729720927e-02
1.380000000000000000e+02 -1.227891426753783058e-02 -1.284116901441153050e-02
1.390000000000000000e+02 -1.098095274076766985e-02 -1.152360223568841581e-02
1.400000000000000000e+02 -9.796846844885234371e-03 -1.031715600757500580e-02
1.410000000000000000e+02 -8.719458098660775106e-03 -9.216220423756965943e-03
1.420000000000000000e+02 -7.741407025970914284e-03 -8.213919640941678285e-03
1.430000000000000000e+02 -6.855536715368713667e-03 -7.302884625770050299e-03
1.440000000000000000e+02 -6.055200033745171753e-03 -6.476080036214076387e-03
1.450000000000000000e+02 -5.334302903423079369e-03 -5.727321409207774064e-03
1.460000000000000000e+02 -4.687157347889474128e-03 -5.051331219065058678e-03
1.470000000000000000e+02 -4.108269253380332671e-03 -4.443422596991557574e-03
1.480000000000000000e+02 -3.592184827508160087e-03 -3.899049924114144066e-03
1.490000000000000000e+02 -3.133462678262104520e-03 -3.413474070780842667e-03
1.500000000000000000e+02 -2.726764119957950268e-03 -2.981682009136745869e-03
1.510000000000000000e+02 -2.367000782646141218e-03 -2.598551116983318591e-03
1.520000000000000000e+02 -2.049465273841420340e-03 -2.259136493962040672e-03
1.530000000000000000e+02 -1.769893861668150924e-03 -1.958928730881059638e-03
1.540000000000000000e+02 -1.524450694020899021e-03 -1.693975668638046314e-03
1.550000000000000000e+02 -1.309658636374377242e-03 -1.460845965518350279e-03
1.560000000000000000e+02 -1.122317701207852479e-03 -1.256487417818588246e-03
1.570000000000000000e+02 -9.594459848614711982e-04 -1.078066711653517936e-03
1.580000000000000000e+02 -8.182582822873636077e-04 -9.228638231113584812e-04
1.590000000000000000e+02 -6.961764911365388381e-04 -7.882509858877837340e-04
