-6.984466847192977168e-02
3.111487600981506507e-02
7.888512318410490984e-04
-2.348717516123969770e-02
4.334481158059896172e-02
6.061434991155659896e-02
2.408728595039245218e-02
3.465684613571743452e-03
1.852152068956969960e-02
7.487112556678529596e-02
3.076331899177825457e-02
9.927242912966500327e-03
3.256650914666016795e-03
4.950253279452743183e-02
4.937178014927463832e-02
9.180534022254065521e-03
-2.970257334537712568e-02
5.532658953684604919e-02
5.736367770487089957e-02
1.466804252787213755e-02
-5.126675817308282493e-03
2.098922440569458980e-02
6.622823005619554726e-02
1.564452817025835732e-02
-1.487412164494192595e-03
-2.011606143449946350e-03
5.058177346519731471e-02
3.346298214177478164e-02
4.818229721334412602e-03
-3.029422846167056579e-02
5.979183119729201273e-02
5.093814368733062814e-02
5.091288445081234258e-03
-1.606347641966736350e-02
2.177351798426605672e-02
5.033553434795171033e-02
4.159503157280676489e-03
-9.160918278401004172e-03
-2.204449599327170176e-03
5.357507972000846719e-02
2.317212299885411733e-02
9.238166778365436687e-04
-1.350188992169795536e-02
5.573590471011493491e-02
4.895671979308013899e-02
2.262898456122645462e-03
-2.518936013384789896e-02
3.572621618556254264e-02
5.221866824925820716e-02
1.041595730786252887e-02
-4.149980160247757066e-03
1.161698664050979900e-02
7.447256430228667290e-02
3.314727542935009402e-02
1.262814767901178012e-02
9.580149701387794675e-03
6.549150146348070578e-02
6.645724613371266354e-02
2.562331265371507738e-02
-6.690303997071984747e-03
8.082170216693725096e-02
9.314289196573415086e-02
5.340698403655994714e-02
3.244548292886440671e-02
7.031598507453561131e-02
1.290517395538545442e-01
7.758473628890677487e-02
5.849025698634714027e-02
6.882303769904733748e-02
1.305474948559827431e-01
1.166438843578584128e-01
8.004984362761990990e-02
4.744686050259092069e-02
1.569943291832074372e-01
1.494483433603925882e-01
9.540566130693620139e-02
7.372345272902705582e-02
1.244327390083653229e-01
1.603852096775344460e-01
9.649212065867807109e-02
7.913341501034901193e-02
8.919291074609589365e-02
1.538481633067491916e-01
1.137685967395868081e-01
7.939582789908887495e-02
5.553564914292503235e-02
1.466148576330526254e-01
1.254744909872248515e-01
6.688359035772874217e-02
3.468442209460220749e-02
9.294071129944871112e-02
1.082281267776953187e-01
5.131425077137188179e-02
3.066085889596215433e-02
4.176804676834691699e-02
1.011434871789240325e-01
5.107325306140068216e-02
2.410497385153936856e-02
1.353744517565911264e-02
7.106813544793769144e-02
6.059306257985759558e-02
8.116050628951650830e-03
-2.384495738910508145e-02
4.402341326010153488e-02
5.140288059186658154e-02
6.846319040350168535e-03
-1.545745217126323970e-02
1.632611776901841645e-03
5.720423827708995268e-02
5.568710473022739187e-03
-1.614214604212852247e-02
-2.183580341799112867e-02
2.525445772905739530e-02
2.058695658363482797e-02
-2.084984109960100196e-02
-5.576504111590390583e-02
2.819637700273307929e-02
2.820048014603443107e-02
-1.521678435073088760e-02
-3.435533868525079970e-02
-6.254202046505038907e-03
3.763519111684858476e-02
-1.237997057198871563e-02
-3.015221559750126679e-02
-2.820711349954688890e-02
2.438440241422668367e-02
4.606562272831247855e-03
-2.094784987924980593e-02
-5.326640262530427106e-02
3.576935843911756979e-02
2.391242604149471443e-02
-1.942303127874267857e-02
-3.944355176052912609e-02
2.300670491656972832e-03
2.890600685782546142e-02
-1.774703997421584259e-02
-2.791868683834098849e-02
-2.086368196394568567e-02
3.477338546897920657e-02
4.656917534061063603e-03
-1.580294564584458494e-02
-2.811527198307003581e-02
3.940741717752889450e-02
3.078857470658428325e-02
-1.347014213623302925e-02
-3.635068239948778535e-02
2.061334510349535284e-02
3.245847681260171508e-02
-5.925274484958566699e-03
-2.079086374448083432e-02
-6.848575205231969415e-03
5.003194025602129141e-02
8.636575889277714468e-03
-1.018334680274688223e-02
-1.534247638473883006e-02
3.052941765583292236e-02
3.022651168009209480e-02
-1.289702803991254858e-02
-4.452051814681488168e-02
2.641673160149178926e-02
