0.000000000000000000e+00 -2.556102629255425597e-08 -2.954146953615047753e-07
1.000000000000000000e+00 3.323459834275331516e-08 3.479719260265406229e-07
2.000000000000000000e+00 4.597916545846973220e-08 4.361507837363045976e-07
3.000000000000000000e+00 6.761922635598490987e-08 6.042811907610053537e-07
4.000000000000000000e+00 9.904730865219721676e-08 8.366214222644007586e-07
5.000000000000000000e+00 1.443040713495277081e-07 1.153433404892402029e-06
6.000000000000000000e+00 2.090996503085115949e-07 1.583185947332281171e-06
7.000000000000000000e+00 3.013509197108497762e-07 2.163429626709396033e-06
8.000000000000000000e+00 4.319607700704505347e-07 2.943261796471156316e-06
9.000000000000000000e+00 6.158528995169908276e-07 3.986531203954478732e-06
1.000000000000000000e+01 8.733311861731779109e-07 5.375844899026248470e-06
1.100000000000000000e+01 1.231852607383731273e-06 7.217532139201214947e-06
1.200000000000000000e+01 1.728323135730527586e-06 9.647752222253650677e-06
1.300000000000000000e+01 2.412049738900998851e-06 1.283996309052385900e-05
1.400000000000000000e+01 3.348508590264939444e-06 1.701399573824587637e-05
1.500000000000000000e+01 4.624120702171400759e-06 2.244700880068419100e-05
1.600000000000000000e+01 6.352259883342936110e-06 2.948662112154140202e-05
1.700000000000000000e+01 8.680754989655244417e-06 3.856654289940022291e-05
1.800000000000000000e+01 1.180118739057298134e-05 5.022504244379936462e-05
1.900000000000000000e+01 1.596032449533853442e-05 6.512660082428370313e-05
2.000000000000000000e+01 2.147406917749228479e-05 8.408711228313303730e-05
2.100000000000000000e+01 2.874434279866675961e-05 1.081029843581745236e-04
2.200000000000000000e+01 3.827935012966552611e-05 1.383844679313479343e-04
2.300000000000000000e+01 5.071769865563635095e-05 1.763935030287009178e-04
2.400000000000000000e+01 6.685685426815026269e-05 2.238862917554069066e-04
2.500000000000000000e+01 8.768640840286355705e-05 2.829607059168391583e-04
2.600000000000000000e+01 1.144266002659766461e-04 3.561085027351545041e-04
2.700000000000000000e+01 1.485724793855138697e-04 4.462721687929915187e-04
2.800000000000000000e+01 1.919440021144904580e-04 5.569060501797477511e-04
2.900000000000000000e+01 2.467422274666825240e-04 6.920412430821457853e-04
3.000000000000000000e+01 3.156116008802408932e-04 8.563534676433300031e-04
3.100000000000000000e+01 4.017080809588458251e-04 1.055232770584717912e-03
3.200000000000000000e+01 5.087725666778093866e-04 1.294853411934931801e-03
3.300000000000000000e+01 6.412087327331111560e-04 1.582241816592635597e-03
3.400000000000000000e+01 8.041639920705525441e-04 1.925340208456157495e-03
3.500000000000000000e+01 1.003611878181623514e-03 2.333063536611392711e-03
3.600000000000000000e+01 1.246433645197344469e-03 2.815347266658687481e-03
3.700000000000000000e+01 1.540496295999033800e-03 3.383183062085657472e-03
3.800000000000000000e+01 1.894723603413204669e-03 4.048638152332778573e-03
3.900000000000000000e+01 2.319156107072996905e-03 4.824852935435990087e-03
4.000000000000000000e+01 2.824995650555188996e-03 5.726011339791778516e-03
4.100000000000000000e+01 3.424629709415181762e-03 6.767280316837974777e-03
4.200000000000000000e+01 4.131630332676301288e-03 7.964717328718708134e-03
4.300000000000000000e+01 4.960721885566590945e-03 9.335145105269766416e-03
4.400000000000000000e+01 5.927711291855295578e-03 1.089598963437211909e-02
4.500000000000000000e+01 7.049374770522951611e-03 1.266507264242627828e-02
4.600000000000000000e+01 8.343296320118971307e-03 1.466034951093433611e-02
4.700000000000000000e+01 9.827654560475221693e-03 1.689959159879128592e-02
4.800000000000000000e+01 1.152095476720495226e-02 1.940002427254094303e-02
4.900000000000000000e+01 1.344170220810105704e-02 2.217793717418191715e-02
5.000000000000000000e+01 1.560801354546303629e-02 2.524827289120595494e-02
5.100000000000000000e+01 1.803716738660896685e-02 2.862418085984804947e-02
5.200000000000000000e+01 2.074510161955216841e-02 3.231651625112583193e-02
5.300000000000000000e+01 2.374586862981908561e-02 3.633328546941706760e-02
5.400000000000000000e+01 2.705105643579426913e-02 4.067908009826832344e-02
5.500000000000000000e+01 3.066917908849629143e-02 4.535456196563979886e-02
5.600000000000000000e+01 3.460504376287877604e-02 5.035603243624212078e-02
5.700000000000000000e+01 3.885911773843583883e-02 5.567505502549307400e-02
5.800000000000000000e+01 4.342693257538281226e-02 6.129806506827469720e-02
5.900000000000000000e+01 4.829855703749490886e-02 6.720594680901287310e-02
6.000000000000000000e+01 5.345814639477973473e-02 7.337366319537584614e-02
6.100000000000000000e+01 5.888356228374858059e-02 7.977008594502739414e-02
6.200000000000000000e+01 6.454607970392141347e-02 8.635810651597261578e-02
6.300000000000000000e+01 7.041023885052760667e-02 9.309494605795720634e-02
6.400000000000000000e+01 7.643390619812515108e-02 9.993247738938543234e-02
6.500000000000000000e+01 8.256855508768058682e-02 1.068174565334976400e-01
6.600000000000000000e+01 8.875971033726859361e-02 1.136917886602406835e-01
6.700000000000000000e+01 9.494750677819076279e-02 1.204931028568688028e-01
6.800000000000000000e+01 1.010673975060067953e-01 1.271557929396350817e-01
6.900000000000000000e+01 1.070511115450563794e-01 1.336123606485864201e-01
7.000000000000000000e+01 1.128278974191996298e-01 1.397946752342279220e-01
7.100000000000000000e+01 1.183259391609473299e-01 1.456348953563625648e-01
7.200000000000000000e+01 1.234737670232532447e-01 1.510662028412807223e-01
7.300000000000000000e+01 1.282016072602011891e-01 1.560237822164741439e-01
7.400000000000000000e+01 1.324427943927995177e-01 1.604463210489081026e-01
7.500000000000000000e+01 1.361353687531782486e-01 1.642778082359242220e-01
7.600000000000000000e+01 1.392237593028810561e-01 1.674690496077698154e-01
7.700000000000000000e+01 1.416602585941278969e-01 1.699784891897926364e-01
7.800000000000000000e+01 1.434060954647837782e-01 1.717724940263324895e-01
7.900000000000000000e+01 1.444322207943651293e-01 1.728256791124225811e-01
8.000000000000000000e+01 1.447200693772590641e-01 1.731216854637823432e-01
8.100000000000000000e+01 1.442623369070498707e-01 1.726542221033945113e-01
8.200000000000000000e+01 1.430634720200711363e-01 1.714277363896402062e-01
8.300000000000000000e+01 1.411395701631631139e-01 1.694572354353800769e-01
8.400000000000000000e+01 1.385177296995935281e-01 1.667673906656266247e-01
8.500000000000000000e+01 1.352352525969567065e-01 1.633915225416079364e-01
8.600000000000000000e+01 1.313389362167102226e-01 1.593709506601970194e-01
8.700000000000000000e+01 1.268842696756532773e-01 1.547546537911895226e-01
8.800000000000000000e+01 1.219341713672102562e-01 1.495987603554662371e-01
8.900000000000000000e+01 1.165572296419080112e-01 1.439654638129038711e-01
9.000000000000000000e+01 1.108258424646288431e-01 1.379214019021396953e-01
9.100000000000000000e+01 1.048146495014682794e-01 1.315359076085318435e-01
9.200000000000000000e+01 9.859921515684735849e-02 1.248795321985506218e-01
9.300000000000000000e+01 9.225460645237819335e-02 1.180229432642644349e-01
9.400000000000000000e+01 8.585370934697098000e-02 1.110360206719979148e-01
9.500000000000000000e+01 7.946557419249400400e-02 1.039869136754494328e-01
9.600000000000000000e+01 7.315419946249011873e-02 9.694095046418071959e-02
9.700000000000000000e+01 6.697780769321587391e-02 8.995946180014890992e-02
9.800000000000000000e+01 6.098829399810409141e-02 8.309869403612714367e-02
9.900000000000000000e+01 5.523059170291289011e-02 7.640901332989884220e-02
1.000000000000000000e+02 4.974208565834027651e-02 6.993452658607289540e-02
1.010000000000000000e+02 4.455240265703686031e-02 6.371307146431823276e-02
1.020000000000000000e+02 3.968367923929681795e-02 5.777634881497609176e-02
1.030000000000000000e+02 3.515105672581526897e-02 5.214994369227321513e-02
1.040000000000000000e+02 3.096311259757596884e-02 4.685317609123388488e-02
1.050000000000000000e+02 2.712222119990943467e-02 4.189899752467120958e-02
1.060000000000000000e+02 2.362506640941416935e-02 3.729424255392276011e-02
1.070000000000000000e+02 2.046343361061725083e-02 3.304033436747878805e-02
1.080000000000000000e+02 1.762513962302082390e-02 2.913420501959863851e-02
1.090000000000000000e+02 1.509485738650201414e-02 2.556904722089990006e-02
1.100000000000000000e+02 1.285475630325306866e-02 2.233471401193585365e-02
1.110000000000000000e+02 1.088508345956661245e-02 1.941793754794013740e-02
1.120000000000000000e+02 9.164817945844169061e-03 1.680270724747699729e-02
1.130000000000000000e+02 7.672368744332222316e-03 1.447097643664826266e-02
1.140000000000000000e+02 6.386172966558737417e-03 1.240353541666195519e-02
1.150000000000000000e+02 5.285108816105536615e-03 1.058072164334453516e-02
1.160000000000000000e+02 4.348773576202550305e-03 8.982779638046159074e-03
1.170000000000000000e+02 3.557729101653085181e-03 7.589975171846341517e-03
1.180000000000000000e+02 2.893749594839233139e-03 6.382727037165266022e-03
1.190000000000000000e+02 2.340021283620087773e-03 5.341918706542879945e-03
1.200000000000000000e+02 1.881238258249875398e-03 4.449320262637385462e-03
1.210000000000000000e+02 1.503600809070458968e-03 3.687918364182513672e-03
1.220000000000000000e+02 1.194770531794861132e-03 3.042022892039878725e-03
1.230000000000000000e+02 9.438242761499098053e-04 2.497196119429690667e-03
1.240000000000000000e+02 7.412055404145181372e-04 2.040158226686360904e-03
1.250000000000000000e+02 5.786500049108509120e-04 1.658780565690404782e-03
1.260000000000000000e+02 4.490768081370107283e-04 1.342152986131754482e-03
1.270000000000000000e+02 3.464620795609631957e-04 1.080629995807932259e-03
1.280000000000000000e+02 2.657174493542355741e-04 8.657831547814395790e-04
1.290000000000000000e+02 2.025827249442646453e-04 6.902701086577966169e-04
1.300000000000000000e+02 1.535274145177863972e-04 5.476883601000121513e-04
1.310000000000000000e+02 1.156537837769301160e-04 4.324711847401323988e-04
1.320000000000000000e+02 8.660152659843180483e-05 3.398301278987855877e-04
1.330000000000000000e+02 6.446000827204956566e-05 2.657084458332097847e-04
1.340000000000000000e+02 4.769293115294748246e-05 2.067121568675475522e-04
1.350000000000000000e+02 3.507533202692181089e-05 1.600158191322851458e-04
1.360000000000000000e+02 2.563966979736196253e-05 1.232651317358134265e-04
1.370000000000000000e+02 1.862834636146581979e-05 9.449875012101891804e-05
1.380000000000000000e+02 1.345220908744499063e-05 7.209425824969906886e-05
1.390000000000000000e+02 9.655719259941482441e-06 5.472748199181646725e-05
1.400000000000000000e+02 6.888899736026729938e-06 4.133227357625902828e-05
1.410000000000000000e+02 4.885057041046483848e-06 3.105661609506658752e-05
1.420000000000000000e+02 3.442817266415852568e-06 2.321974658771384074e-05
1.430000000000000000e+02 2.411391639704748947e-06 1.727681246879971878e-05
1.440000000000000000e+02 1.678589541301821107e-06 1.279328591273176077e-05
1.450000000000000000e+02 1.161373187162585482e-06 9.426459147497946543e-06
1.460000000000000000e+02 7.986535606408030476e-07 6.909893698291802338e-06
1.470000000000000000e+02 5.458531578441924732e-07 5.038592601861685850e-06
1.480000000000000000e+02 3.707460231642265403e-07 3.655219676839120785e-06
1.490000000000000000e+02 2.502287868595198290e-07 2.638704548516911826e-06
1.500000000000000000e+02 1.678358744503368598e-07 1.895878290912837611e-06
1.510000000000000000e+02 1.118849559432805809e-07 1.355605652880138334e-06
1.520000000000000000e+02 7.413426754533198395e-08 9.643398339678854850e-07
1.530000000000000000e+02 4.881815158711748531e-08 6.823133019404116427e-07
1.540000000000000000e+02 3.194317919546541022e-08 4.801704396161340905e-07
1.550000000000000000e+02 2.076684124445337328e-08 3.361989319673540763e-07
1.560000000000000000e+02 1.341553456316627237e-08 2.342855423896918976e-07
1.570000000000000000e+02 8.613677065074677485e-09 1.625126088063769820e-07
1.580000000000000000e+02 5.497383990302359003e-09 1.121740459991662455e-07
1.590000000000000000e+02 3.486875104133910744e-09 7.701044637486593452e-08
