0.000000000000000000e+00 -2.713578091045235570e-07 -1.853471310896279681e-07
1.000000000000000000e+00 2.951297363174961306e-07 2.691211559714009665e-07
2.000000000000000000e+00 3.707469183289228498e-07 3.374635868871954286e-07
3.000000000000000000e+00 5.141426754227923523e-07 4.708848288468680759e-07
4.000000000000000000e+00 7.121189202938962392e-07 6.568012231469761986e-07
5.000000000000000000e+00 9.821021451201377916e-07 9.121966495300145047e-07
6.000000000000000000e+00 1.348418876667021452e-06 1.261147470604426744e-06
7.000000000000000000e+00 1.843128153238473164e-06 1.735650667329519366e-06
8.000000000000000000e+00 2.508142677351986111e-06 2.377845736901528736e-06
9.000000000000000000e+00 3.397965450628005201e-06 3.242909054701946714e-06
1.000000000000000000e+01 4.583107164642518905e-06 4.402688902029356448e-06
1.100000000000000000e+01 6.154316117349966496e-06 5.950244566596361483e-06
1.200000000000000000e+01 8.227778406512830211e-06 8.005489120318597226e-06
1.300000000000000000e+01 1.095146870726582369e-05 1.072215015311214413e-05
1.400000000000000000e+01 1.451285716946124539e-05 1.429626900369090628e-05
1.500000000000000000e+01 1.914820171141214407e-05 1.897647672591461991e-05
1.600000000000000000e+01 2.515367415612819769e-05 2.507633674137092094e-05
1.700000000000000000e+01 3.289858247661385320e-05 3.298911582162505560e-05
1.800000000000000000e+01 4.284095908013784793e-05 4.320539421881883408e-05
1.900000000000000000e+01 5.554579182139673081e-05 5.633390422523309825e-05
2.000000000000000000e+01 7.170618026291649923e-05 7.312590634449488657e-05
2.100000000000000000e+01 9.216769835037919327e-05 9.450334564249247816e-05
2.200000000000000000e+01 1.179562232473080167e-04 1.215910640872274227e-04
2.300000000000000000e+01 1.503094328479936406e-04 1.557534616711381791e-04
2.400000000000000000e+01 1.907120807142823169e-04 1.986360585577365409e-04
2.500000000000000000e+01 2.409350452471538525e-04 2.522122434873439790e-04
2.600000000000000000e+01 3.030780482807573497e-04 3.188350949993111038e-04
2.700000000000000000e+01 3.796158560372514773e-04 4.012937633267971648e-04
2.800000000000000000e+01 4.734476698563904579e-04 5.028738028455893069e-04
2.900000000000000000e+01 5.879492051835019618e-04 6.274210778066469443e-04
3.000000000000000000e+01 7.270265967996209812e-04 7.794090393900613128e-04
3.100000000000000000e+01 8.951708233050583883e-04 9.640087535506797851e-04
3.200000000000000000e+01 1.097511005418854400e-03 1.187159949141983889e-03
3.300000000000000000e+01 1.339864863124613521e-03 1.455640186720322162e-03
3.400000000000000000e+01 1.628784730759631066e-03 1.777128964604292490e-03
3.500000000000000000e+01 1.971597429779305306e-03 2.160264427953318030e-03
3.600000000000000000e+01 2.376435574542477922e-03 2.614691338755363321e-03
3.700000000000000000e+01 2.852256648328963928e-03 3.151098534730153999e-03
3.800000000000000000e+01 3.408845303806578610e-03 3.781241769161263182e-03
3.900000000000000000e+01 4.056794865152760048e-03 4.517945210666528266e-03
4.000000000000000000e+01 4.807465969708870843e-03 5.375074679778128403e-03
4.100000000000000000e+01 5.672922020194998832e-03 6.367478918802190781e-03
4.200000000000000000e+01 6.665840327096675400e-03 7.510899314210264278e-03
4.300000000000000000e+01 7.799394120638295652e-03 8.821849064648043526e-03
4.400000000000000000e+01 9.087097200146856263e-03 1.031745796899488643e-02
4.500000000000000000e+01 1.054260475032239332e-02 1.201527282740012109e-02
4.600000000000000000e+01 1.217947223339806671e-02 1.393300341768872498e-02
4.700000000000000000e+01 1.401088354709935715e-02 1.608821361200818770e-02
4.800000000000000000e+01 1.604936016175951413e-02 1.849797014459784658e-02
4.900000000000000000e+01 1.830645093288013267e-02 2.117846529642897907e-02
5.000000000000000000e+01 2.079238746955655581e-02 2.414461787364445555e-02
5.100000000000000000e+01 2.351569035161795926e-02 2.740963895177418036e-02
5.200000000000000000e+01 2.648273546058399139e-02 3.098454556751844072e-02
5.300000000000000000e+01 2.969732123803288035e-02 3.487762844979987870e-02
5.400000000000000000e+01 3.316028473624856032e-02 3.909391440699281489e-02
5.500000000000000000e+01 3.686917997557606630e-02 4.363467647074794481e-02
5.600000000000000000e+01 4.081798100744881558e-02 4.849701465767861791e-02
5.700000000000000000e+01 4.499675794606650125e-02 5.367347821938241170e-02
5.800000000000000000e+01 4.939132798778532452e-02 5.915167964894806063e-02
5.900000000000000000e+01 5.398296852534735513e-02 6.491389661823986079e-02
6.000000000000000000e+01 5.874831005721164318e-02 7.093674095372734523e-02
6.100000000000000000e+01 6.365944952536325974e-02 7.719101189923904816e-02
6.200000000000000000e+01 6.868419112926768544e-02 8.364178647133616029e-02
6.300000000000000000e+01 7.378626150848277554e-02 9.024867200594381689e-02
6.400000000000000000e+01 7.892544474187562775e-02 9.696607636488403792e-02
6.500000000000000000e+01 8.405777205821660103e-02 1.037434303964771404e-01
6.600000000000000000e+01 8.913599502825911292e-02 1.105254749144960053e-01
6.700000000000000000e+01 9.411044047860878115e-02 1.172528276864298336e-01
6.800000000000000000e+01 9.893007518996849159e-02 1.238629393812360202e-01
6.900000000000000000e+01 1.035434531755933807e-01 1.302912925348630180e-01
7.000000000000000000e+01 1.078993623028501325e-01 1.364725316271943323e-01
7.100000000000000000e+01 1.119473319388473859e-01 1.423413281937728758e-01
7.200000000000000000e+01 1.156383810391029415e-01 1.478331112837071859e-01
7.300000000000000000e+01 1.189262270856956127e-01 1.528850194778551275e-01
7.400000000000000000e+01 1.217687451562348699e-01 1.574372958496617347e-01
7.500000000000000000e+01 1.241291647906430373e-01 1.614349312457876995e-01
7.600000000000000000e+01 1.259766418511263086e-01 1.648290553119036994e-01
7.700000000000000000e+01 1.272863449201011854e-01 1.675777133695672827e-01
7.800000000000000000e+01 1.280395879061521081e-01 1.696461654341411829e-01
7.900000000000000000e+01 1.282244270953128151e-01 1.710072309927725132e-01
8.000000000000000000e+01 1.278365958569926686e-01 1.716420717128969431e-01
8.100000000000000000e+01 1.268801773392278787e-01 1.715412418643182946e-01
8.200000000000000000e+01 1.253674784234341255e-01 1.707053837548183350e-01
8.300000000000000000e+01 1.233181373235735928e-01 1.691450752502772770e-01
8.400000000000000000e+01 1.207580590920722952e-01 1.668799592321930370e-01
8.500000000000000000e+01 1.177188056215490164e-01 1.639378052757509696e-01
8.600000000000000000e+01 1.142375318344881624e-01 1.603540523865628065e-01
8.700000000000000000e+01 1.103569461048291706e-01 1.561717467333519904e-01
8.800000000000000000e+01 1.061246441180929978e-01 1.514412457950168878e-01
8.900000000000000000e+01 1.015916426712879239e-01 1.462191520998467886e-01
9.000000000000000000e+01 9.681059523841893666e-02 1.405665770527153857e-01
9.100000000000000000e+01 9.183441809870873662e-02 1.345473881641900682e-01
9.200000000000000000e+01 8.671567780388697577e-02 1.282270250496856390e-01
9.300000000000000000e+01 8.150642906699287482e-02 1.216718696684304657e-01
9.400000000000000000e+01 7.625783378910494514e-02 1.149486307394633755e-01
9.500000000000000000e+01 7.101914708010328980e-02 1.081232544535076501e-01
9.600000000000000000e+01 6.583628882453294862e-02 1.012594132798870783e-01
9.700000000000000000e+01 6.075066259442804539e-02 9.441709331602192445e-02
9.800000000000000000e+01 5.579874604601817861e-02 8.765175159535783245e-02
9.900000000000000000e+01 5.101238819740071956e-02 8.101404017081763331e-02
1.000000000000000000e+02 4.641923696727098120e-02 7.454968675321431426e-02
1.010000000000000000e+02 4.204273376545224900e-02 6.829915804105619881e-02
1.020000000000000000e+02 3.790161986352251489e-02 6.229711852124030641e-02
1.030000000000000000e+02 3.400942855448930296e-02 5.657201729058917994e-02
1.040000000000000000e+02 3.037451190756756958e-02 5.114609061725032546e-02
1.050000000000000000e+02 2.700072454411114181e-02 4.603575137049872867e-02
1.060000000000000000e+02 2.388836667801531866e-02 4.125208736287401534e-02
1.070000000000000000e+02 2.103484475941067022e-02 3.680123204452967478e-02
1.080000000000000000e+02 1.843484218776366562e-02 3.268461309988568431e-02
1.090000000000000000e+02 1.608026816177066456e-02 2.889926168410159382e-02
1.100000000000000000e+02 1.396043329307329953e-02 2.543832052949582256e-02
1.110000000000000000e+02 1.206265507350445104e-02 2.229170652504249006e-02
1.120000000000000000e+02 1.037308957612994437e-02 1.944676324276413404e-02
1.130000000000000000e+02 8.877398812924661500e-03 1.688878476887022834e-02
1.140000000000000000e+02 7.561035749932776273e-03 1.460142925837097129e-02
1.150000000000000000e+02 6.409262199422598866e-03 1.256712171605346706e-02
1.160000000000000000e+02 5.407194038987039875e-03 1.076750639493272675e-02
1.170000000000000000e+02 4.540061354752903018e-03 9.183913481193059503e-03
1.180000000000000000e+02 3.793619034860872680e-03 7.797757039121593764e-03
1.190000000000000000e+02 3.154491368266651267e-03 6.590818831969011068e-03
1.200000000000000000e+02 2.610297278915369671e-03 5.545443965255381427e-03
1.210000000000000000e+02 2.149586883945262244e-03 4.644706449946821303e-03
1.220000000000000000e+02 1.761743619817551093e-03 3.872575105452630197e-03
1.230000000000000000e+02 1.436976287237986833e-03 3.214062365994582032e-03
1.240000000000000000e+02 1.166400481584883029e-03 2.655320064627026029e-03
1.250000000000000000e+02 9.421161355659016072e-04 2.183668287177937834e-03
1.260000000000000000e+02 7.571982971379712882e-04 1.787577110083987328e-03
1.270000000000000000e+02 6.055983869084737362e-04 1.456633454387102743e-03
1.280000000000000000e+02 4.820185471827403804e-04 1.181510279159613593e-03
1.290000000000000000e+02 3.818212616320256847e-04 9.539326892856047225e-04
1.300000000000000000e+02 3.009873719084482212e-04 7.666268165072778751e-04
1.310000000000000000e+02 2.360911578701737072e-04 6.132463284278884177e-04
1.320000000000000000e+02 1.842562530579247321e-04 4.882854403103650777e-04
1.330000000000000000e+02 1.430833348602877312e-04 3.869926692511550478e-04
1.340000000000000000e+02 1.105680192924601965e-04 3.052937192008339166e-04
1.350000000000000000e+02 8.503253590929360788e-05 2.397224743380324953e-04
1.360000000000000000e+02 6.507994437236419506e-05 1.873545737852648344e-04
1.370000000000000000e+02 4.956277693701433489e-05 1.457403775953736939e-04
1.380000000000000000e+02 3.755305159322414326e-05 1.128390692887690396e-04
1.390000000000000000e+02 2.830754488108010400e-05 8.695815009673715302e-05
1.400000000000000000e+02 2.123151069555498136e-05 6.670121094141355782e-05
1.410000000000000000e+02 1.584747401795165970e-05 5.092377175906204597e-05
1.420000000000000000e+02 1.177256362745728263e-05 3.869500818871424120e-05
1.430000000000000000e+02 8.702827785535285245e-06 2.926339466285873679e-05
1.440000000000000000e+02 6.400664294461191488e-06 2.202570750998162469e-05
1.450000000000000000e+02 4.682712693800968181e-06 1.649990678986094477e-05
1.460000000000000000e+02 3.408076835450728640e-06 1.230242599875578189e-05
1.470000000000000000e+02 2.468159516337923832e-06 9.129700880759851058e-06
1.480000000000000000e+02 1.779051995748087293e-06 6.743137036232418175e-06
1.490000000000000000e+02 1.276285053057523546e-06 4.956603765371250418e-06
1.500000000000000000e+02 9.110149414511377215e-07 3.625856467670945848e-06
1.510000000000000000e+02 6.468080357204087464e-07 2.639664072579983379e-06
1.520000000000000000e+02 4.567260196496211712e-07 1.912581134464894538e-06
1.530000000000000000e+02 3.208329843301162878e-07 1.379243204733138445e-06
1.540000000000000000e+02 2.243000060847317087e-07 9.899329146343758034e-07
1.550000000000000000e+02 1.561005983764652230e-07 7.071071502247051040e-07
1.560000000000000000e+02 1.081222754935360141e-07 5.026264086059312009e-07
1.570000000000000000e+02 7.449667272543055144e-08 3.555276452504683191e-07
1.580000000000000000e+02 5.103762846036652026e-08 2.502591991931928347e-07
1.590000000000000000e+02 3.476998061618902649e-08 1.753212668570102782e-07
