0.000000000000000000e+00 -5.454803939871416541e-07 -6.895206793834651271e-07
1.000000000000000000e+00 6.752850987921794770e-07 7.183566229745826197e-07
2.000000000000000000e+00 8.152163585271825999e-07 8.682581912843361189e-07
3.000000000000000000e+00 1.105953659805211554e-06 1.185707515475973416e-06
4.000000000000000000e+00 1.501686529070885968e-06 1.618490600876739281e-06
5.000000000000000000e+00 2.031384203547421005e-06 2.200152143600519528e-06
6.000000000000000000e+00 2.736757423779407980e-06 2.978048222794353769e-06
7.000000000000000000e+00 3.671999698867290715e-06 4.013708562140084570e-06
8.000000000000000000e+00 4.906745641100668844e-06 5.386409982560332415e-06
9.000000000000000000e+00 6.529997134326938764e-06 7.197741467221946665e-06
1.000000000000000000e+01 8.654960795545637783e-06 9.577184781143966940e-06
1.100000000000000000e+01 1.142493525586434394e-05 1.268891443977657181e-05
1.200000000000000000e+01 1.502043034341140376e-05 1.674006323277625282e-05
1.300000000000000000e+01 1.966772810059165891e-05 2.199068644764914135e-05
1.400000000000000000e+01 2.564911906624424461e-05 2.876561281602540616e-05
1.500000000000000000e+01 3.331506254532241856e-05 3.746836095233680748e-05
1.600000000000000000e+01 4.309852693767663167e-05 4.859738376244517098e-05
1.700000000000000000e+01 5.553176908794612752e-05 6.276504854340067628e-05
1.800000000000000000e+01 7.126581974478912816e-05 8.071982057611780804e-05
1.900000000000000000e+01 9.109295594846388944e-05 1.033719575173091447e-04
2.000000000000000000e+01 1.159724514920359984e-04 1.318226813449964810e-04
2.100000000000000000e+01 1.470598805576846864e-04 1.673965598137947073e-04
2.200000000000000000e+01 1.857401875077016877e-04 2.116770060835585832e-04
2.300000000000000000e+01 2.336646260452772688e-04 2.665453544345642483e-04
2.400000000000000000e+01 2.927915489140334583e-04 3.342243450003756972e-04
2.500000000000000000e+01 3.654309419347203563e-04 4.173263695190882155e-04
2.600000000000000000e+01 4.542925644648379557e-04 5.189054167794660347e-04
2.700000000000000000e+01 5.625375290032340108e-04 6.425102662320379340e-04
2.800000000000000000e+01 6.938330042491290799e-04 7.922365177677813224e-04
2.900000000000000000e+01 8.524093555716689410e-04 9.727769710539189811e-04
3.000000000000000000e+01 1.043118491010866511e-03 1.189472172883272597e-03
3.100000000000000000e+01 1.271491709487027966e-03 1.448362932370657373e-03
3.200000000000000000e+01 1.543795258512991979e-03 1.756242862558086678e-03
3.300000000000000000e+01 1.867082160617402134e-03 2.120703638923999469e-03
3.400000000000000000e+01 2.249239228602936593e-03 2.550163519621133270e-03
3.500000000000000000e+01 2.699027816856183065e-03 3.053874204822745395e-03
3.600000000000000000e+01 3.226115365910277658e-03 3.641910009777597507e-03
3.700000000000000000e+01 3.841092868729122870e-03 4.325148642876195000e-03
3.800000000000000000e+01 4.555472673031913701e-03 5.115247374396241289e-03
3.900000000000000000e+01 5.381662871882589294e-03 6.024603604365569645e-03
4.000000000000000000e+01 6.332918189026208629e-03 7.066276849230248430e-03
4.100000000000000000e+01 7.423269549770020008e-03 8.253853679464510928e-03
4.200000000000000000e+01 8.667432047240981180e-03 9.601259670504184301e-03
4.300000000000000000e+01 1.008068402405202894e-02 1.112254644284688121e-02
4.400000000000000000e+01 1.167870421097525098e-02 1.283168381480986192e-02
4.500000000000000000e+01 1.347735694737256865e-02 1.474235846293111586e-02
4.600000000000000000e+01 1.549242928444658635e-02 1.686774143632728887e-02
4.700000000000000000e+01 1.773933908102962725e-02 1.922017462354702610e-02
4.800000000000000000e+01 2.023283466968138489e-02 2.181076239747083839e-02
4.900000000000000000e+01 2.298668704683659580e-02 2.464891852812650663e-02
5.000000000000000000e+01 2.601334787530056730e-02 2.774195571346683292e-02
5.100000000000000000e+01 2.932353913253446867e-02 3.109477265410039853e-02
5.200000000000000000e+01 3.292577167544476907e-02 3.470960581561910452e-02
5.300000000000000000e+01 3.682584431249844720e-02 3.858574272753362289e-02
5.400000000000000000e+01 4.102640425627779308e-02 4.271911523363371155e-02
5.500000000000000000e+01 4.552661375297117202e-02 4.710180727105214848e-02
5.600000000000000000e+01 5.032188087832253215e-02 5.172163315892822077e-02
5.700000000000000000e+01 5.540354993728852789e-02 5.656195297687847956e-02
5.800000000000000000e+01 6.075848487917569207e-02 6.160175578409134156e-02
5.900000000000000000e+01 6.636861308769523293e-02 6.681585694586160418e-02
6.000000000000000000e+01 7.221061827622493601e-02 7.217498829288809814e-02
6.100000000000000000e+01 7.825594866072584088e-02 7.764569672875847040e-02
6.200000000000000000e+01 8.447111826561883030e-02 8.319021706969742525e-02
6.300000000000000000e+01 9.081806983898046970e-02 8.876663072414733846e-02
6.400000000000000000e+01 9.725434528112861243e-02 9.432950370614638647e-02
6.500000000000000000e+01 1.037330449357387191e-01 9.983087737968351916e-02
6.600000000000000000e+01 1.102028748817618364e-01 1.052212271561195900e-01
6.700000000000000000e+01 1.166086776196691849e-01 1.104500572633989597e-01
6.800000000000000000e+01 1.228925650027709315e-01 1.154661593841262018e-01
6.900000000000000000e+01 1.289953140916316743e-01 1.202179368054216019e-01
7.000000000000000000e+01 1.348574605853097574e-01 1.246542364715815948e-01
7.100000000000000000e+01 1.404197946225497762e-01 1.287257558873439733e-01
7.200000000000000000e+01 1.456235520704075859e-01 1.323865937992592112e-01
7.300000000000000000e+01 1.504109800100566774e-01 1.355953351428768050e-01
7.400000000000000000e+01 1.547267313442728665e-01 1.383153977622671449e-01
7.500000000000000000e+01 1.585198347752455328e-01 1.405149631295466439e-01
7.600000000000000000e+01 1.617454025313955490e-01 1.421671490774010782e-01
7.700000000000000000e+01 1.643653454884106413e-01 1.432508368277849442e-01
7.800000000000000000e+01 1.663481382476631465e-01 1.437519200861629431e-01
7.900000000000000000e+01 1.676684621185067503e-01 1.436642570016941622e-01
8.000000000000000000e+01 1.683076292660875550e-01 1.429897220708059580e-01
8.100000000000000000e+01 1.682549360587018983e-01 1.417373996612908971e-01
8.200000000000000000e+01 1.675091443884942077e-01 1.399225840495575413e-01
8.300000000000000000e+01 1.660789953712613620e-01 1.375663065375470895e-01
8.400000000000000000e+01 1.639823150038457467e-01 1.346955445406406993e-01
8.500000000000000000e+01 1.612443321492335047e-01 1.313435743917097942e-01
8.600000000000000000e+01 1.578963790337119810e-01 1.275497149644999884e-01
8.700000000000000000e+01 1.539757006644891790e-01 1.233581550126747056e-01
8.800000000000000000e+01 1.495260421194599953e-01 1.188162671631952383e-01
8.900000000000000000e+01 1.445979194976003690e-01 1.139731713164761628e-01
9.000000000000000000e+01 1.392476569406887188e-01 1.088790286676151742e-01
9.100000000000000000e+01 1.335352289965080208e-01 1.035848958586939733e-01
9.200000000000000000e+01 1.275218762034054376e-01 9.814251822799871516e-02
9.300000000000000000e+01 1.212685974011379619e-01 9.260355490255720023e-02
9.400000000000000000e+01 1.148358760731356953e-01 8.701826644665416888e-02
9.500000000000000000e+01 1.082840042505397171e-01 8.143417351865052389e-02
9.600000000000000000e+01 1.016729359798120985e-01 7.589522273171689370e-02
9.700000000000000000e+01 9.506105957486642166e-02 7.044159620635073726e-02
9.800000000000000000e+01 8.850322630236326371e-02 6.510984636368875866e-02
9.900000000000000000e+01 8.204903400042039274e-02 5.993289983379544716e-02
1.000000000000000000e+02 7.574221381115683882e-02 5.493971971785206743e-02
1.010000000000000000e+02 6.962115099185578471e-02 5.015479097531086450e-02
1.020000000000000000e+02 6.371976121190801867e-02 4.559777979523871316e-02
1.030000000000000000e+02 5.806778978075526065e-02 4.128359646106757180e-02
1.040000000000000000e+02 5.269020316825906436e-02 3.722280791371482961e-02
1.050000000000000000e+02 4.760618245700919127e-02 3.342214850069877979e-02
1.060000000000000000e+02 4.282861063792683942e-02 2.988490035181606830e-02
1.070000000000000000e+02 3.836457566670324615e-02 2.661109680861485638e-02
1.080000000000000000e+02 3.421662654175538359e-02 2.359767270647954163e-02
1.090000000000000000e+02 3.038398507919081587e-02 2.083871884224158463e-02
1.100000000000000000e+02 2.686305647077351713e-02 1.832590052774027076e-02
1.110000000000000000e+02 2.364723709301306750e-02 1.604897423883813387e-02
1.120000000000000000e+02 2.072660942282184351e-02 1.399628115018758043e-02
1.130000000000000000e+02 1.808815892169495648e-02 1.215513482170287214e-02
1.140000000000000000e+02 1.571665939791308184e-02 1.051210212468389922e-02
1.150000000000000000e+02 1.359580738446205563e-02 9.053233778446702004e-03
1.160000000000000000e+02 1.170901838050772588e-02 7.764301354538684363e-03
1.170000000000000000e+02 1.003962252074216618e-02 6.631057381444556593e-03
1.180000000000000000e+02 8.570688109885349001e-03 5.639493581164709002e-03
1.190000000000000000e+02 7.284935413833243043e-03 4.776058128635055425e-03
1.200000000000000000e+02 6.165026560494763982e-03 4.027808299505558284e-03
1.210000000000000000e+02 5.194136751285001463e-03 3.382502075778357885e-03
1.220000000000000000e+02 4.356469921401825464e-03 2.828650882589849990e-03
1.230000000000000000e+02 3.637452879314733659e-03 2.355556543036620414e-03
1.240000000000000000e+02 3.023614637599372594e-03 1.953343311075751709e-03
1.250000000000000000e+02 2.502376019441131597e-03 1.612981870305383843e-03
1.260000000000000000e+02 2.061974292824923869e-03 1.326295763799228413e-03
1.270000000000000000e+02 1.691572633161993015e-03 1.085943927990063503e-03
1.280000000000000000e+02 1.381430208725752291e-03 8.853813108320735936e-04
1.290000000000000000e+02 1.122973600833719783e-03 7.188062973684579849e-04
1.300000000000000000e+02 9.087108885630179426e-04 5.811047833743418880e-04
1.310000000000000000e+02 7.320553126529184308e-04 4.677967509810651266e-04
1.320000000000000000e+02 5.871712882313873724e-04 3.749857917629520650e-04
1.330000000000000000e+02 4.689051197665724570e-04 2.993088931730132260e-04
1.340000000000000000e+02 3.727792758889669484e-04 2.378842350572103509e-04
1.350000000000000000e+02 2.949855036058312945e-04 1.882573349983069776e-04
1.360000000000000000e+02 2.323311372947450262e-04 1.483481682614226681e-04
1.370000000000000000e+02 1.821425889149540667e-04 1.164022800412416213e-04
1.380000000000000000e+02 1.421633474911310853e-04 9.094753359605152151e-05
1.390000000000000000e+02 1.104798944417186723e-04 7.075629057965063088e-05
1.400000000000000000e+02 8.548146960458602906e-05 5.481175820773298145e-05
1.410000000000000000e+02 6.583627079211592842e-05 4.227734514289564305e-05
1.420000000000000000e+02 5.046363172114332659e-05 3.246864966472647648e-05
1.430000000000000000e+02 3.849480501825556220e-05 2.482838492125836368e-05
1.440000000000000000e+02 2.922915975025711465e-05 1.890467620553626122e-05
1.450000000000000000e+02 2.209690935135137031e-05 1.433281322487387619e-05
1.460000000000000000e+02 1.663395818273870043e-05 1.082007939795279314e-05
1.470000000000000000e+02 1.246646841571535350e-05 8.133039673149986790e-06
1.480000000000000000e+02 9.299011353976195548e-06 6.086729775236513417e-06
1.490000000000000000e+02 6.901931345969249246e-06 4.535415887815244171e-06
1.500000000000000000e+02 5.097578823332802694e-06 3.364791982217654737e-06
1.510000000000000000e+02 3.747628363228302477e-06 2.485547325814077651e-06
1.520000000000000000e+02 2.743492748610836143e-06 1.828187631108854583e-06
1.530000000000000000e+02 2.000073412810385039e-06 1.338915428713187196e-06
1.540000000000000000e+02 1.451637280953263717e-06 9.763418590488168248e-07
1.550000000000000000e+02 1.048416766392281745e-06 7.088312601601294542e-07
1.560000000000000000e+02 7.532623298922493538e-07 5.123427496397256701e-07
1.570000000000000000e+02 5.384684638881750977e-07 3.686889362561629395e-07
1.580000000000000000e+02 3.831783475761608699e-07 2.641587141211218449e-07
1.590000000000000000e+02 2.715711715822820018e-07 1.884521219500467794e-07
