0.000000000000000000e+00 -1.641407644138511031e-04 -1.651496168438601031e-04
1.000000000000000000e+00 1.183262527333407303e-04 1.192660333709071724e-04
2.000000000000000000e+00 1.072914118525740716e-04 1.107467199129191814e-04
3.000000000000000000e+00 1.263901822318774706e-04 1.306808379203245045e-04
4.000000000000000000e+00 1.522695906020259864e-04 1.585002810177174007e-04
5.000000000000000000e+00 1.835212765052747518e-04 1.926728075215319164e-04
6.000000000000000000e+00 2.209031339670216893e-04 2.338685692137381874e-04
7.000000000000000000e+00 2.655142875244733119e-04 2.831666644851436182e-04
8.000000000000000000e+00 3.185024683723204414e-04 3.417767811823818180e-04
9.000000000000000000e+00 3.809971459098951125e-04 4.110537605333480869e-04
1.000000000000000000e+01 4.541596162281989345e-04 4.926103938386360622e-04
1.100000000000000000e+01 5.393361054311245116e-04 5.884440208028934036e-04
1.200000000000000000e+01 6.382565576881016681e-04 7.009979087498736071e-04
1.300000000000000000e+01 7.531783619311951559e-04 8.331060439547457834e-04
1.400000000000000000e+01 8.868779895482227678e-04 9.878355273870861007e-04
1.500000000000000000e+01 1.042459171131432296e-03 1.168315934773298329e-03
1.600000000000000000e+01 1.223051833933045621e-03 1.377681309801230634e-03
1.700000000000000000e+01 1.431566485864253779e-03 1.619210570767297842e-03
1.800000000000000000e+01 1.670681039871987905e-03 1.896640872928465407e-03
1.900000000000000000e+01 1.943140212153533991e-03 2.214502400980550550e-03
2.000000000000000000e+01 2.252273427476798266e-03 2.578265018729446537e-03
2.100000000000000000e+01 2.602475829531947400e-03 2.994155491512173924e-03
2.200000000000000000e+01 2.999352698564809565e-03 3.468685698489415610e-03
2.300000000000000000e+01 3.449356848392000959e-03 4.008133304431785865e-03
2.400000000000000000e+01 3.959014902467968694e-03 4.618304559117633427e-03
2.500000000000000000e+01 4.534110775083313553e-03 5.304795440623961099e-03
2.600000000000000000e+01 5.179304032518126238e-03 6.073680561653427463e-03
2.700000000000000000e+01 5.898498897843615710e-03 6.932253821764027685e-03
2.800000000000000000e+01 6.695886772407871890e-03 7.889323050028150194e-03
2.900000000000000000e+01 7.577157312735782746e-03 8.954743916527754116e-03
3.000000000000000000e+01 8.550166413878014862e-03 1.013830764170360957e-02
3.100000000000000000e+01 9.624531818507791464e-03 1.144853712720748755e-02
3.200000000000000000e+01 1.081016283446415045e-02 1.289210585966087640e-02
3.300000000000000000e+01 1.211536434997684784e-02 1.447431156927093607e-02
3.400000000000000000e+01 1.354552024294395848e-02 1.620041780661863121e-02
3.500000000000000000e+01 1.510318330981574343e-02 1.807707397169956362e-02
3.600000000000000000e+01 1.678969191301066255e-02 2.011283969381187295e-02
3.700000000000000000e+01 1.860754444146926756e-02 2.231726061537017691e-02
3.800000000000000000e+01 2.056220127765430797e-02 2.469878758420712694e-02
3.900000000000000000e+01 2.266212947223022328e-02 2.726261326778596158e-02
4.000000000000000000e+01 2.491676695171133812e-02 3.000969966202280542e-02
4.100000000000000000e+01 2.733325125825835158e-02 3.293767292003584729e-02
4.200000000000000000e+01 2.991358384773960127e-02 3.604315166197499115e-02
4.300000000000000000e+01 3.265384646726941786e-02 3.932411246628571277e-02
4.400000000000000000e+01 3.554607372838486379e-02 4.278072320898717446e-02
4.500000000000000000e+01 3.858191455833469979e-02 4.641388700304737575e-02
4.600000000000000000e+01 4.175611133377323675e-02 5.022211743849658294e-02
4.700000000000000000e+01 4.506776408305952775e-02 5.419848596002600771e-02
4.800000000000000000e+01 4.851844581971438697e-02 5.832950227754213346e-02
4.900000000000000000e+01 5.210795644604884758e-02 6.259673760088318994e-02
5.000000000000000000e+01 5.582990863743207688e-02 6.698035281836552113e-02
5.100000000000000000e+01 5.966958981413811314e-02 7.146246022219980565e-02
5.200000000000000000e+01 6.360540812264577071e-02 7.602824094351050277e-02
5.300000000000000000e+01 6.761328611673732281e-02 8.066403684592270140e-02
5.400000000000000000e+01 7.167170302656084013e-02 8.535349181270092400e-02
5.500000000000000000e+01 7.576466351279993738e-02 9.007409828091764159e-02
5.600000000000000000e+01 7.988095492955162025e-02 9.479637439369045793e-02
5.700000000000000000e+01 8.401007588190798070e-02 9.948636863432350208e-02
5.800000000000000000e+01 8.813707337294580946e-02 1.041101704385354321e-01
5.900000000000000000e+01 9.223916822968890317e-02 1.086378536874031547e-01
6.000000000000000000e+01 9.628608898357582380e-02 1.130445961430871227e-01
6.100000000000000000e+01 1.002440038968690494e-01 1.173084299837888062e-01
6.200000000000000000e+01 1.040809956765695599e-01 1.214061458261198601e-01
6.300000000000000000e+01 1.077712471212715073e-01 1.253100220903742568e-01
6.400000000000000000e+01 1.112958850973275460e-01 1.289875599829793384e-01
6.500000000000000000e+01 1.146402858018387982e-01 1.324045634295038798e-01
6.600000000000000000e+01 1.177895389011364702e-01 1.355298574289683644e-01
6.700000000000000000e+01 1.207246734783624792e-01 1.383389601010034942e-01
6.800000000000000000e+01 1.234217039359456064e-01 1.408147009109480263e-01
6.900000000000000000e+01 1.258539277279961399e-01 1.429446607644869749e-01
7.000000000000000000e+01 1.279961640654460886e-01 1.447172225924230338e-01
7.100000000000000000e+01 1.298287200853907308e-01 1.461187968042788055e-01
7.200000000000000000e+01 1.313392066986153184e-01 1.471339765254479903e-01
7.300000000000000000e+01 1.325215956207111412e-01 1.477485212511884249e-01
7.400000000000000000e+01 1.333733595970560126e-01 1.479533395823589004e-01
7.500000000000000000e+01 1.338924006781854192e-01 1.477470970161376684e-01
7.600000000000000000e+01 1.340753556445621886e-01 1.471359905255928691e-01
7.700000000000000000e+01 1.339179476169947425e-01 1.461309790520362584e-01
7.800000000000000000e+01 1.334169261694562458e-01 1.447442413900543734e-01
7.900000000000000000e+01 1.325724274205888065e-01 1.429869714208542586e-01
8.000000000000000000e+01 1.313895751602963680e-01 1.408696711963913495e-01
8.100000000000000000e+01 1.298786991631617205e-01 1.384045117405971748e-01
8.200000000000000000e+01 1.280542861732700266e-01 1.356081035853601569e-01
8.300000000000000000e+01 1.259333149659190298e-01 1.325028727448677168e-01
8.400000000000000000e+01 1.235337460872928533e-01 1.291161822275779525e-01
8.500000000000000000e+01 1.208736769070244271e-01 1.254777261246670939e-01
8.600000000000000000e+01 1.179712600282956936e-01 1.216166929087253712e-01
8.700000000000000000e+01 1.148451594902921008e-01 1.175602029827615691e-01
8.800000000000000000e+01 1.115151913396467964e-01 1.133336433249124559e-01
8.900000000000000000e+01 1.080028272495657388e-01 1.089623481353802492e-01
9.000000000000000000e+01 1.043313485718875139e-01 1.044733344277806036e-01
9.100000000000000000e+01 1.005255664583902253e-01 9.989589566257679742e-02
9.200000000000000000e+01 9.661114783067899225e-02 9.526064742298080701e-02
9.300000000000000000e+01 9.261369795773881364e-02 9.059757070673915558e-02
9.400000000000000000e+01 8.855783676197873100e-02 8.593413642892469562e-02
9.500000000000000000e+01 8.446653776608815944e-02 8.129444705244864844e-02
9.600000000000000000e+01 8.036093238968623764e-02 7.669965583883947557e-02
9.700000000000000000e+01 7.626060618127872281e-02 7.216917311138998370e-02
9.800000000000000000e+01 7.218419113943437548e-02 6.772178975371630216e-02
9.900000000000000000e+01 6.814990846870548624e-02 6.337601763832059754e-02
1.000000000000000000e+02 6.417573375502884370e-02 5.914949830422321780e-02
1.010000000000000000e+02 6.027904506796544215e-02 5.505789774467998582e-02
1.020000000000000000e+02 5.647588171031648480e-02 5.111395898582146713e-02
1.030000000000000000e+02 5.278014926435217746e-02 4.732722060222070704e-02
1.040000000000000000e+02 4.920314281602397588e-02 4.370447763255455587e-02
1.050000000000000000e+02 4.575360104652291537e-02 4.025064531280873881e-02
1.060000000000000000e+02 4.243823483423603271e-02 3.696952114794207350e-02
1.070000000000000000e+02 3.926244403498979629e-02 3.386408386113206465e-02
1.080000000000000000e+02 3.623086791091877784e-02 3.093629045772345112e-02
1.090000000000000000e+02 3.334753409447833994e-02 2.818662475951484378e-02
1.100000000000000000e+02 3.061560077994780749e-02 2.561375311564378227e-02
1.110000000000000000e+02 2.803689863117836759e-02 2.321452908813200627e-02
1.120000000000000000e+02 2.561156472763860548e-02 2.098435829441939321e-02
1.130000000000000000e+02 2.333798737765005460e-02 1.891773602947698779e-02
1.140000000000000000e+02 2.121310147898166493e-02 1.700870909697008160e-02
1.150000000000000000e+02 1.923289453124193971e-02 1.525109890702688008e-02
1.160000000000000000e+02 1.739289734355721831e-02 1.363848093434325524e-02
1.170000000000000000e+02 1.568847310016644597e-02 1.216404547102863803e-02
1.180000000000000000e+02 1.411484549413766915e-02 1.082050060323869363e-02
1.190000000000000000e+02 1.266694368216962803e-02 9.600119291927913107e-03
1.200000000000000000e+02 1.133921823445668831e-02 8.494929639977279526e-03
1.210000000000000000e+02 1.012556888924772379e-02 7.496965970146568514e-03
1.220000000000000000e+02 9.019442799312328909e-03 6.598478242820366747e-03
1.230000000000000000e+02 8.014064211631422019e-03 5.792036525241872971e-03
1.240000000000000000e+02 7.102695607565587266e-03 5.070531670653305109e-03
1.250000000000000000e+02 6.278830371195659281e-03 4.427122890917684593e-03
1.260000000000000000e+02 5.536266399887942828e-03 3.855194442414679266e-03
1.270000000000000000e+02 4.869074484283311514e-03 3.348359810830016815e-03
1.280000000000000000e+02 4.271519943361194380e-03 2.900513570009949360e-03
1.290000000000000000e+02 3.738002938127642227e-03 2.505902288124459143e-03
1.300000000000000000e+02 3.263056488020479352e-03 2.159179504985083483e-03
1.310000000000000000e+02 2.841401604724046355e-03 1.855423729510115869e-03
1.320000000000000000e+02 2.468028673204710876e-03 1.590120157644819496e-03
1.330000000000000000e+02 2.138266150145433624e-03 1.359122966033832289e-03
1.340000000000000000e+02 1.847810616491543656e-03 1.158618595739933661e-03
1.350000000000000000e+02 1.592714860927567800e-03 9.851028450047283683e-04
1.360000000000000000e+02 1.369349647577335896e-03 8.353727441754361417e-04
1.370000000000000000e+02 1.174361851963409828e-03 7.065253704455294517e-04
1.380000000000000000e+02 1.004646280826441192e-03 5.959536849792439845e-04
1.390000000000000000e+02 8.573364172918525403e-04 5.013332956542595033e-04
1.400000000000000000e+02 7.298081096154460361e-04 4.206000908454818311e-04
1.410000000000000000e+02 6.196850520282519599e-04 3.519231888028140115e-04
1.420000000000000000e+02 5.248366401552972483e-04 2.936787319982436654e-04
1.430000000000000000e+02 4.433646672821338103e-04 2.444281571776797104e-04
1.440000000000000000e+02 3.735813716515897116e-04 2.029015211464408762e-04
1.450000000000000000e+02 3.139846133301429747e-04 1.679841335351899142e-04
1.460000000000000000e+02 2.632356733733758948e-04 1.387040782381909559e-04
1.470000000000000000e+02 2.201424655861444204e-04 1.142189975239157196e-04
1.480000000000000000e+02 1.836478035330378492e-04 9.380189077966165411e-05
1.490000000000000000e+02 1.528203885736614917e-04 7.682675332540962027e-05
1.500000000000000000e+02 1.268459513957950952e-04 6.275520210971193295e-05
1.510000000000000000e+02 1.050170503191352528e-04 5.112488064314847901e-05
1.520000000000000000e+02 8.672148089170040133e-05 4.153979584410574837e-05
1.530000000000000000e+02 7.143027367689973122e-05 3.366222031798845959e-05
1.540000000000000000e+02 5.868650218854838218e-05 2.720560648110484334e-05
1.550000000000000000e+02 4.809571857180376382e-05 2.192807942245684241e-05
1.560000000000000000e+02 3.931817401616956211e-05 1.762633579835737565e-05
1.570000000000000000e+02 3.206245307969361475e-05 1.412999911871507517e-05
1.580000000000000000e+02 2.607995635519215063e-05 1.129657188570315419e-05
1.590000000000000000e+02 2.115978051242116921e-05 9.007086079743292296e-06
