0.000000000000000000e+00 -1.190251963702054028e-07 9.816861716981323119e-11
1.000000000000000000e+00 1.208482361724558886e-07 5.724744033655352651e-11
2.000000000000000000e+00 1.650562921399193273e-07 9.504258098887637167e-11
3.000000000000000000e+00 2.374438434110645382e-07 1.592295161086561519e-10
4.000000000000000000e+00 3.399942406350880363e-07 2.650233666543235660e-10
5.000000000000000000e+00 4.844192090179217170e-07 4.382008892627018987e-10
6.000000000000000000e+00 6.867691204501987911e-07 7.198384953139887483e-10
7.000000000000000000e+00 9.688150783253370983e-07 1.174734200666175521e-09
8.000000000000000000e+00 1.359918156368659124e-06 1.904594464008328601e-09
9.000000000000000000e+00 1.899449840878413751e-06 3.067799211302407549e-09
1.000000000000000000e+01 2.639902746623359422e-06 4.909274429642265510e-09
1.100000000000000000e+01 3.650858447765968288e-06 7.805069958369197749e-09
1.200000000000000000e+01 5.024011325441671767e-06 1.232849119049837386e-08
1.300000000000000000e+01 6.879485004638873090e-06 1.934731587768949057e-08
1.400000000000000000e+01 9.373719279769879981e-06 3.016566059316275793e-08
1.500000000000000000e+01 1.270924672184662021e-05 4.672942235160377670e-08
1.600000000000000000e+01 1.714671453965051960e-05 7.192114837122374994e-08
1.700000000000000000e+01 2.301954117682420358e-05 1.099803572007849059e-07
1.800000000000000000e+01 3.075163297247776747e-05 1.670974063051088853e-07
1.900000000000000000e+01 4.087862685891458642e-05 2.522458740522646465e-07
2.000000000000000000e+01 5.407315826426719262e-05 3.783395040433953366e-07
2.100000000000000000e+01 7.117465595374221723e-05 5.638270553495414844e-07
2.200000000000000000e+01 9.322411972628617740e-05 8.348720823661187610e-07
2.300000000000000000e+01 1.215042575374997022e-04 1.228307163636293689e-06
2.400000000000000000e+01 1.575852867914993112e-04 1.795602781015705091e-06
2.500000000000000000e+01 2.033766591857547946e-04 2.608152144436626757e-06
2.600000000000000000e+01 2.611848880040174578e-04 3.764245260372429123e-06
2.700000000000000000e+01 3.337774195772412770e-04 5.398188555081572163e-06
2.800000000000000000e+01 4.244520302204041629e-04 7.692119533568788587e-06
2.900000000000000000e+01 5.371106821660503582e-04 1.089116837950584360e-05
3.000000000000000000e+01 6.763364259962705233e-04 1.532272362976267515e-05
3.100000000000000000e+01 8.474719317515225399e-04 2.142066609727745485e-05
3.200000000000000000e+01 1.056698234673704309e-03 2.975553560824674871e-05
3.300000000000000000e+01 1.311111610795711539e-03 4.107168161333273851e-05
3.400000000000000000e+01 1.618794852429186271e-03 5.633250898066864925e-05
3.500000000000000000e+01 1.988877422420520878e-03 7.677494333932862900e-05
3.600000000000000000e+01 2.431578655711338736e-03 1.039741867756975601e-04
3.700000000000000000e+01 2.958230081550414919e-03 1.399196947728755024e-04
3.800000000000000000e+01 3.581275263240609082e-03 1.871030730780952659e-04
3.900000000000000000e+01 4.314244796526547042e-03 2.486182553542452193e-04
4.000000000000000000e+01 5.171698852405348310e-03 3.282738368956448181e-04
4.100000000000000000e+01 6.169123960806051354e-03 4.307167502520961675e-04
4.200000000000000000e+01 7.322772131446866374e-03 5.615655460500235379e-04
4.300000000000000000e+01 8.649441792257309136e-03 7.275504606070216929e-04
4.400000000000000000e+01 1.016621294018771153e-02 9.366563258421142617e-04
4.500000000000000000e+01 1.189014829912814208e-02 1.198263196491108299e-03
4.600000000000000000e+01 1.383795301115092052e-02 1.523278127919246248e-03
4.700000000000000000e+01 1.602556465367159511e-02 1.924249688033150690e-03
4.800000000000000000e+01 1.846765199791575163e-02 2.415454879672878849e-03
4.900000000000000000e+01 2.117704324329887366e-02 3.012946966229620473e-03
5.000000000000000000e+01 2.416414877038444708e-02 3.734552550707621356e-03
5.100000000000000000e+01 2.743643710607308189e-02 4.599806234556547482e-03
5.200000000000000000e+01 3.099795357394527495e-02 5.629810005752604839e-03
5.300000000000000000e+01 3.484880186783037570e-02 6.847002829700478063e-03
5.400000000000000000e+01 3.898453019296869299e-02 8.274826938961418049e-03
5.500000000000000000e+01 4.339548970028450636e-02 9.937283217669838631e-03
5.600000000000000000e+01 4.806635053890087605e-02 1.185837559616636366e-02
5.700000000000000000e+01 5.297592116028594644e-02 1.406144679112532672e-02
5.800000000000000000e+01 5.809720899255096938e-02 1.656840431491712548e-02
5.900000000000000000e+01 6.339747895462435889e-02 1.939883695820813353e-02
6.000000000000000000e+01 6.883814081856366729e-02 2.256903863585325853e-02
6.100000000000000000e+01 7.437461994903531159e-02 2.609098084612990545e-02
6.200000000000000000e+01 7.995662185976715186e-02 2.997128234741877617e-02
6.300000000000000000e+01 8.552905281774073054e-02 3.421020468631179312e-02
6.400000000000000000e+01 9.103335706652281034e-02 3.880068380169958420e-02
6.500000000000000000e+01 9.640866904570179197e-02 4.372743147180957468e-02
6.600000000000000000e+01 1.015924196801978041e-01 4.896619585948294023e-02
6.700000000000000000e+01 1.065207445340324716e-01 5.448328762911676393e-02
6.800000000000000000e+01 1.111294906677047778e-01 6.023541179808912516e-02
6.900000000000000000e+01 1.153562115149896483e-01 6.616976016909682790e-02
7.000000000000000000e+01 1.191425522722406732e-01 7.222433360769081601e-02
7.100000000000000000e+01 1.224358832292420790e-01 7.832858287335267566e-02
7.200000000000000000e+01 1.251896539126389207e-01 8.440451827387503159e-02
7.300000000000000000e+01 1.273632274646718798e-01 9.036830397555019323e-02
7.400000000000000000e+01 1.289225566642520082e-01 9.613213666429280824e-02
7.500000000000000000e+01 1.298421799239516949e-01 1.016061891302217080e-01
7.600000000000000000e+01 1.301074219388615449e-01 1.067006441393277133e-01
7.700000000000000000e+01 1.297150839609991779e-01 1.113280382516746436e-01
7.800000000000000000e+01 1.286721190094989864e-01 1.154059514834942651e-01
7.900000000000000000e+01 1.269936853473443983e-01 1.188596725719673897e-01
8.000000000000000000e+01 1.247025306299554270e-01 1.216243755767997259e-01
8.100000000000000000e+01 1.218301323720492185e-01 1.236467685686583884e-01
8.200000000000000000e+01 1.184179082524278170e-01 1.248866135969056990e-01
8.300000000000000000e+01 1.145163888570971678e-01 1.253183442025836147e-01
8.400000000000000000e+01 1.101821013633422219e-01 1.249323731811555205e-01
8.500000000000000000e+01 1.054741756041975426e-01 1.237354391214630922e-01
8.600000000000000000e+01 1.004529386099163035e-01 1.217499198815333861e-01
8.700000000000000000e+01 9.518066110548342729e-02 1.190127717034345778e-01
8.800000000000000000e+01 8.972233515711092178e-02 1.155746601583438199e-01
8.900000000000000000e+01 8.414431601049583709e-02 1.114990026491489705e-01
9.000000000000000000e+01 7.851091975312456117e-02 1.068601685766004672e-01
9.100000000000000000e+01 7.288125629353989221e-02 1.017406872367013909e-01
9.200000000000000000e+01 6.730840811200561324e-02 9.622826311780666164e-02
9.300000000000000000e+01 6.184075751455186953e-02 9.041344098347012248e-02
9.400000000000000000e+01 5.652325759083068335e-02 8.438781507262893555e-02
9.500000000000000000e+01 5.139677519306844189e-02 7.824197847432055875e-02
9.600000000000000000e+01 4.649584532344053917e-02 7.206287946534402356e-02
9.700000000000000000e+01 4.184690599428634444e-02 6.593125569306004796e-02
9.800000000000000000e+01 3.746861451586870617e-02 5.992002019223349740e-02
9.900000000000000000e+01 3.337381526704140400e-02 5.409361871840909913e-02
1.000000000000000000e+02 2.957129115255935706e-02 4.850758804213797792e-02
1.010000000000000000e+02 2.606595088620498879e-02 4.320779848870108519e-02
1.020000000000000000e+02 2.285786148820684663e-02 3.822974399172651694e-02
1.030000000000000000e+02 1.994166637241029036e-02 3.359857399211441109e-02
1.040000000000000000e+02 1.730740983414074535e-02 2.932996912518666052e-02
1.050000000000000000e+02 1.494234001790976062e-02 2.543126576152940702e-02
1.060000000000000000e+02 1.283241137709927385e-02 2.190228874662486849e-02
1.070000000000000000e+02 1.096268185432930711e-02 1.873598444640667618e-02
1.080000000000000000e+02 9.316941500052690686e-03 1.591930957102977856e-02
1.090000000000000000e+02 7.877529624254310872e-03 1.343453633172367843e-02
1.100000000000000000e+02 6.625906819213269253e-03 1.126064706463882417e-02
1.110000000000000000e+02 5.543699246799017009e-03 9.374425049309822316e-03
1.120000000000000000e+02 4.613505281975576952e-03 7.751206809337921402e-03
1.130000000000000000e+02 3.819062741703203867e-03 6.365553230155108003e-03
1.140000000000000000e+02 3.144984830178646287e-03 5.192011734976502250e-03
1.150000000000000000e+02 2.576563476553650305e-03 4.205869611878391805e-03
1.160000000000000000e+02 2.099917939528854211e-03 3.383697089298801607e-03
1.170000000000000000e+02 1.702352795858322245e-03 2.703625786818781435e-03
1.180000000000000000e+02 1.372601583247813313e-03 2.145483346631577720e-03
1.190000000000000000e+02 1.100783493224901386e-03 1.690913162277942004e-03
1.200000000000000000e+02 8.781704384458490203e-04 1.323488729690102880e-03
1.210000000000000000e+02 6.969804700325476447e-04 1.028751289695946976e-03
1.220000000000000000e+02 5.503164864766581319e-04 7.941328870207057123e-04
1.230000000000000000e+02 4.322002284484363177e-04 6.088050506472342596e-04
1.240000000000000000e+02 3.375777242945274953e-04 4.635193922986866099e-04
1.250000000000000000e+02 2.622296889814439451e-04 3.504680741311263061e-04
1.260000000000000000e+02 2.026200902310482002e-04 2.631478638385244002e-04
1.270000000000000000e+02 1.557592228022983637e-04 1.962070548650807406e-04
1.280000000000000000e+02 1.191243205085792511e-04 1.452795444654904095e-04
1.290000000000000000e+02 9.062299316498628743e-05 1.068278331440543827e-04
1.300000000000000000e+02 6.855894342743730388e-05 7.801000513565655543e-05
1.310000000000000000e+02 5.157641658961231636e-05 5.656867724240186588e-05
1.320000000000000000e+02 3.859077662218936354e-05 4.073214655134846515e-05
1.330000000000000000e+02 2.872670058035433819e-05 2.912309541719923961e-05
1.340000000000000000e+02 2.127674897085659120e-05 2.067780037103343854e-05
1.350000000000000000e+02 1.567670882647078241e-05 1.457993402094614269e-05
1.360000000000000000e+02 1.148625716426740118e-05 1.020871177815459572e-05
1.370000000000000000e+02 8.367412952534107745e-06 7.097502105476478618e-06
1.380000000000000000e+02 6.061326826042501997e-06 4.899325477097552601e-06
1.390000000000000000e+02 4.368067233502989961e-06 3.358078327579417894e-06
1.400000000000000000e+02 3.132432900017426627e-06 2.285698935468433824e-06
1.410000000000000000e+02 2.235043663311378080e-06 1.545010793485181009e-06
1.420000000000000000e+02 1.585950194315715119e-06 1.036989697865288396e-06
1.430000000000000000e+02 1.118684690212674861e-06 6.910018483005062863e-07
1.440000000000000000e+02 7.844411006707074437e-07 4.571307652983799951e-07
1.450000000000000000e+02 5.471136557817378283e-07 3.002834935328947426e-07
1.460000000000000000e+02 3.797586454075880872e-07 1.958960100197432321e-07
1.470000000000000000e+02 2.623513790077602408e-07 1.269117595755769312e-07
1.480000000000000000e+02 1.802858987780995310e-07 8.162968494931261461e-08
1.490000000000000000e+02 1.231448560925897164e-07 5.211669573689850222e-08
1.500000000000000000e+02 8.358514281449436448e-08 3.303190852268602374e-08
1.510000000000000000e+02 5.640603188161088582e-08 2.079046016232273109e-08
1.520000000000000000e+02 3.787981079558835293e-08 1.299727599442773335e-08
1.530000000000000000e+02 2.532810010215475987e-08 8.068690958928404800e-09
1.540000000000000000e+02 1.685492808435791168e-08 4.971859244605697561e-09
1.550000000000000000e+02 1.115075782557065474e-08 3.040291016479162020e-09
1.560000000000000000e+02 7.327651751513984707e-09 1.845612366929487999e-09
1.570000000000000000e+02 4.784017208749232157e-09 1.112857046838961665e-09
1.580000000000000000e+02 3.106755724930473416e-09 6.666148302876105395e-10
1.590000000000000000e+02 2.009298759213076962e-09 3.964755531190914374e-10
