0.000000000000000000e+00 -1.693793127746254598e-05 2.769288642611787851e-07
1.000000000000000000e+00 1.990617487591902197e-05 3.343028335788403948e-09
2.000000000000000000e+00 1.972572079663517935e-05 4.718324429435725493e-09
3.000000000000000000e+00 2.435150013385884490e-05 7.182401247320604747e-09
4.000000000000000000e+00 3.039669058860112745e-05 1.089441214330644092e-08
5.000000000000000000e+00 3.789240128538889934e-05 1.644264505587593099e-08
6.000000000000000000e+00 4.712845025503857555e-05 2.469176486904878068e-08
7.000000000000000000e+00 5.845410050069991143e-05 3.688244239031779904e-08
8.000000000000000000e+00 7.226590137307986779e-05 5.478174471442182463e-08
9.000000000000000000e+00 8.902325267344557999e-05 8.090322736927161958e-08
1.000000000000000000e+01 1.092777050120079653e-04 1.188204190309237559e-07
1.100000000000000000e+01 1.337064387840859530e-04 1.735902279095650066e-07
1.200000000000000000e+01 1.631360751948953726e-04 2.523007217601973241e-07
1.300000000000000000e+01 1.985453187727440993e-04 3.647789224091458932e-07
1.400000000000000000e+01 2.410462332474155997e-04 5.245406578020298865e-07
1.500000000000000000e+01 2.918596830915578177e-04 7.501063964736581117e-07
1.600000000000000000e+01 3.523110827433046212e-04 1.066803668172803683e-06
1.700000000000000000e+01 4.238686297717038495e-04 1.509127150902214496e-06
1.800000000000000000e+01 5.082251735270015315e-04 2.123694288416239743e-06
1.900000000000000000e+01 6.073955978021939716e-04 2.972903750824377565e-06
2.000000000000000000e+01 7.237818360924033745e-04 4.139584015650773157e-06
2.100000000000000000e+01 8.601644225382901231e-04 5.733084831118462571e-06
2.200000000000000000e+01 1.019616708256560053e-03 7.897247179699845411e-06
2.300000000000000000e+01 1.205389297133366159e-03 1.082046722132017209e-05
2.400000000000000000e+01 1.420846550931652644e-03 1.474787025020277476e-05
2.500000000000000000e+01 1.669525127736154382e-03 1.999573030415171426e-05
2.600000000000000000e+01 1.955320830731907718e-03 2.696875319023659648e-05
2.700000000000000000e+01 2.282723449499355663e-03 3.618132562639147652e-05
2.800000000000000000e+01 2.656962880128584288e-03 4.828383086363963346e-05
2.900000000000000000e+01 3.083950416471047118e-03 6.409452002010179511e-05
3.000000000000000000e+01 3.570002919552294623e-03 8.463666470637614390e-05
3.100000000000000000e+01 4.121475433966864492e-03 1.111804821889602040e-04
3.200000000000000000e+01 4.744514916900317847e-03 1.452899243911581534e-04
3.300000000000000000e+01 5.445112820450230540e-03 1.888754939253900055e-04
3.400000000000000000e+01 6.229472035142766956e-03 2.442549700613364438e-04
3.500000000000000000e+01 7.104494469031637574e-03 3.142234473853076503e-04
3.600000000000000000e+01 8.078069508195215298e-03 4.021320111830587428e-04
3.700000000000000000e+01 9.158902333525975950e-03 5.119713851463687446e-04
3.800000000000000000e+01 1.035586268444928584e-02 6.484551802669626368e-04
3.900000000000000000e+01 1.167713503949603486e-02 8.170995593859634986e-04
4.000000000000000000e+01 1.312962348435183120e-02 1.024302100950373867e-03
4.100000000000000000e+01 1.471897209350131810e-02 1.277427066517315560e-03
4.200000000000000000e+01 1.645021922314833171e-02 1.584899525961028710e-03
4.300000000000000000e+01 1.832869533127924264e-02 1.956295894355389482e-03
4.400000000000000000e+01 2.036055576548174983e-02 2.402405466199999430e-03
4.500000000000000000e+01 2.255248186408221472e-02 2.935243930647962480e-03
4.600000000000000000e+01 2.491054368818289289e-02 3.568027911645708667e-03
4.700000000000000000e+01 2.743874216836420660e-02 4.315144292939309019e-03
4.800000000000000000e+01 3.013800963396661911e-02 5.192135484042627661e-03
4.900000000000000000e+01 3.300624713365798990e-02 6.215669493582394629e-03
5.000000000000000000e+01 3.603939190552402083e-02 7.403419827043988474e-03
5.100000000000000000e+01 3.923287333379425063e-02 8.773804160563425034e-03
5.200000000000000000e+01 4.258252885576901264e-02 1.034562122622426777e-02
5.300000000000000000e+01 4.608432058162713341e-02 1.213769715698053211e-02
5.400000000000000000e+01 4.973289025250042517e-02 1.416861203792604135e-02
5.500000000000000000e+01 5.351970939191240395e-02 1.645643738292181663e-02
5.600000000000000000e+01 5.743187843933360293e-02 1.901831566443873064e-02
5.700000000000000000e+01 6.145229711694338848e-02 2.186978877053286086e-02
5.800000000000000000e+01 6.556114650976195557e-02 2.502399580677420327e-02
5.900000000000000000e+01 6.973785874852651834e-02 2.849099860219931474e-02
6.000000000000000000e+01 7.396246959569550972e-02 3.227737739145472573e-02
6.100000000000000000e+01 7.821562490541036916e-02 3.638594892803818925e-02
6.200000000000000000e+01 8.247731701325730636e-02 4.081529680829611151e-02
6.300000000000000000e+01 8.672517837290998066e-02 4.555898409595372789e-02
6.400000000000000000e+01 9.093341204443143588e-02 5.060469966061641872e-02
6.500000000000000000e+01 9.507305494013176816e-02 5.593377339527402792e-02
6.600000000000000000e+01 9.911350073655005033e-02 6.152124414071693387e-02
6.700000000000000000e+01 1.030245254181312298e-01 6.733619837472575032e-02
6.800000000000000000e+01 1.067778470636999988e-01 7.334190756882615070e-02
6.900000000000000000e+01 1.103475910395799175e-01 7.949561523635453875e-02
7.000000000000000000e+01 1.137096786671148024e-01 8.574835209630544963e-02
7.100000000000000000e+01 1.168407225716917158e-01 9.204532709710577798e-02
7.200000000000000000e+01 1.197171972626000225e-01 9.832703996482709818e-02
7.300000000000000000e+01 1.223154114362545314e-01 1.045306814791898825e-01
7.400000000000000000e+01 1.246123364393191685e-01 1.105912351707124541e-01
7.500000000000000000e+01 1.265869291650562611e-01 1.164421371050140958e-01
7.600000000000000000e+01 1.282214177008475786e-01 1.220159283559401620e-01
7.700000000000000000e+01 1.295021106754536133e-01 1.272454400649972450e-01
7.800000000000000000e+01 1.304195382572000961e-01 1.320655723256944081e-01
7.900000000000000000e+01 1.309679988503748005e-01 1.364151636479166985e-01
8.000000000000000000e+01 1.311447777704153606e-01 1.402383730987219745e-01
8.100000000000000000e+01 1.309493891394387377e-01 1.434854673523778268e-01
8.200000000000000000e+01 1.303831703587083612e-01 1.461134206401889790e-01
8.300000000000000000e+01 1.294494305445646476e-01 1.480867821932749795e-01
8.400000000000000000e+01 1.281541272046390623e-01 1.493788333221493791e-01
8.500000000000000000e+01 1.265067773272048612e-01 1.499726110407837987e-01
8.600000000000000000e+01 1.245211262188773982e-01 1.498613555777376094e-01
8.700000000000000000e+01 1.222151318164245992e-01 1.490483275531361840e-01
8.800000000000000000e+01 1.196101090965810826e-01 1.475463290245483117e-01
8.900000000000000000e+01 1.167293021665312541e-01 1.453772908072758496e-01
9.000000000000000000e+01 1.135964836387467897e-01 1.425719814374452887e-01
9.100000000000000000e+01 1.102352078081540870e-01 1.391695860740602142e-01
9.200000000000000000e+01 1.066690077959229210e-01 1.352168847677964747e-01
9.300000000000000000e+01 1.029222930421776760e-01 1.307670101521630768e-01
9.400000000000000000e+01 9.902128336433430045e-02 1.258780229095204928e-01
9.500000000000000000e+01 9.499427254046786950e-02 1.206115796928529937e-01
9.600000000000000000e+01 9.087088924308368842e-02 1.150317860283260191e-01
9.700000000000000000e+01 8.668060220838300078e-02 1.092041217098574379e-01
9.800000000000000000e+01 8.245115766719099404e-02 1.031942818757537461e-01
9.900000000000000000e+01 7.820767642759882121e-02 9.706690573449908155e-02
1.000000000000000000e+02 7.397275322397169062e-02 9.088432495955717227e-02
1.010000000000000000e+02 6.976732798073144448e-02 8.470550726888995130e-02
1.020000000000000000e+02 6.561168343240157685e-02 7.858527366695558514e-02
1.030000000000000000e+02 6.152590408434914504e-02 7.257373227911614877e-02
1.040000000000000000e+02 5.752949707395003942e-02 6.671581770019613389e-02
1.050000000000000000e+02 5.364038868612968497e-02 6.105088256476977338e-02
1.060000000000000000e+02 4.987386317271422925e-02 5.561238485919293983e-02
1.070000000000000000e+02 4.624201068691006361e-02 5.042775442470896069e-02
1.080000000000000000e+02 4.275392730081662568e-02 4.551847514136973111e-02
1.090000000000000000e+02 3.941647886206943452e-02 4.090033825699170011e-02
1.100000000000000000e+02 3.623516098960210402e-02 3.658378252524821517e-02
1.110000000000000000e+02 3.321460268157169771e-02 3.257426453095135788e-02
1.120000000000000000e+02 3.035852664768616191e-02 2.887265954552463779e-02
1.130000000000000000e+02 2.766931368729161345e-02 2.547572253651545632e-02
1.140000000000000000e+02 2.514752393715594461e-02 2.237661991474355211e-02
1.150000000000000000e+02 2.279170652571763794e-02 1.956550267415389788e-02
1.160000000000000000e+02 2.059862535676599063e-02 1.703007180931626063e-02
1.170000000000000000e+02 1.856378429644176681e-02 1.475610186883695094e-02
1.180000000000000000e+02 1.668199326054287460e-02 1.272791872520179918e-02
1.190000000000000000e+02 1.494773942548028971e-02 1.092884463639622397e-02
1.200000000000000000e+02 1.335527396493389404e-02 9.341617614539297898e-03
1.210000000000000000e+02 1.189849201776852806e-02 7.948776078518245136e-03
1.220000000000000000e+02 1.057077664430228214e-02 6.732992247458702978e-03
1.230000000000000000e+02 9.364959521046760382e-03 5.677344691341583774e-03
1.240000000000000000e+02 8.273453564554288792e-03 4.765533319413404328e-03
1.250000000000000000e+02 7.288504959947457798e-03 3.982047305558907013e-03
1.260000000000000000e+02 6.402455060726447780e-03 3.312294507170106175e-03
1.270000000000000000e+02 5.607916325379528125e-03 2.742695083892260615e-03
1.280000000000000000e+02 4.897827891165296502e-03 2.260739066928783587e-03
1.290000000000000000e+02 4.265421983625823296e-03 1.855009538660750681e-03
1.300000000000000000e+02 3.704166304743869084e-03 1.515176842763727317e-03
1.310000000000000000e+02 3.207739296943970964e-03 1.231971101909421547e-03
1.320000000000000000e+02 2.770059357565345451e-03 9.971392685883247262e-04
1.330000000000000000e+02 2.385351587588391969e-03 8.033906627500902314e-04
1.340000000000000000e+02 2.048216791983151208e-03 6.443334915771424618e-04
1.350000000000000000e+02 1.753672253714914702e-03 5.144047678044442540e-04
1.360000000000000000e+02 1.497153420282022491e-03 4.087965276912397788e-04
1.370000000000000000e+02 1.274485839993199894e-03 3.233813168082746818e-04
1.380000000000000000e+02 1.081846843478236064e-03 2.546393059254923219e-04
1.390000000000000000e+02 9.157341405508287588e-04 1.995885293367116709e-04
1.400000000000000000e+02 7.729484551115790381e-04 1.557190866371530090e-04
1.410000000000000000e+02 6.505869803453628126e-04 1.209318572610259309e-04
1.420000000000000000e+02 5.460391755870467548e-04 9.348217664508871730e-05
1.430000000000000000e+02 4.569773278766580196e-04 7.192880341559936821e-05
1.440000000000000000e+02 3.813389340024148522e-04 5.508830059281922945e-05
1.450000000000000000e+02 3.173027671171210111e-04 4.199472337377637050e-05
1.460000000000000000e+02 2.632629787453925679e-04 3.186433459193211467e-05
1.470000000000000000e+02 2.178052406535135074e-04 2.406498330379498794e-05
1.480000000000000000e+02 1.796868460387753333e-04 1.808975544743480473e-05
1.490000000000000000e+02 1.478204788092129314e-04 1.353450013412819635e-05
1.500000000000000000e+02 1.212601445337069169e-04 1.007883155885307429e-05
1.510000000000000000e+02 9.918775769805017375e-05 7.470205446651447665e-06
1.520000000000000000e+02 8.089963231445337325e-05 5.510677549866226931e-06
1.530000000000000000e+02 6.579296717960217747e-05 4.045973011904522266e-06
1.540000000000000000e+02 5.335289938196005399e-05 2.956526633941298325e-06
1.550000000000000000e+02 4.314071692750459641e-05 2.150189963586516407e-06
1.560000000000000000e+02 3.478353959692555460e-05 1.556337193790260518e-06
1.570000000000000000e+02 2.796544582080075163e-05 1.121135672404605791e-06
1.580000000000000000e+02 2.241981622520109911e-05 8.037777190745108405e-07
1.590000000000000000e+02 1.792262243127717956e-05 5.734987404706310689e-07
