0.000000000000000000e+00 -7.605110777268313631e-08 -1.316647185671614734e-06
1.000000000000000000e+00 8.814626205817719879e-08 1.383882233868091273e-06
2.000000000000000000e+00 1.171805359049485632e-07 1.647494516771112234e-06
3.000000000000000000e+00 1.680488060889280395e-07 2.214177880347078239e-06
4.000000000000000000e+00 2.402690117331682463e-07 2.982408169789495175e-06
5.000000000000000000e+00 3.418520478326644837e-07 4.002610436749626454e-06
6.000000000000000000e+00 4.839739413627970897e-07 5.349463176817118734e-06
7.000000000000000000e+00 6.817926262314808853e-07 7.119413929562564550e-06
8.000000000000000000e+00 9.557288385179409695e-07 9.435109872146911841e-06
9.000000000000000000e+00 1.333136863183654095e-06 1.245155028643285904e-05
1.000000000000000000e+01 1.850452756199944293e-06 1.636361873602202848e-05
1.100000000000000000e+01 2.555936693867704757e-06 2.141512464041631222e-05
1.200000000000000000e+01 3.513150297182190118e-06 2.790956203185956946e-05
1.300000000000000000e+01 4.805334954732731702e-06 3.622282304993254255e-05
1.400000000000000000e+01 6.540886331214538192e-06 4.681812118432367550e-05
1.500000000000000000e+01 8.860151212079034891e-06 6.026339120976069436e-05
1.600000000000000000e+01 1.194380657287552503e-05 7.725143037909462261e-05
1.700000000000000000e+01 1.602311435121787553e-05 9.862302923366875673e-05
1.800000000000000000e+01 2.139237840597150937e-05 1.253933144705555904e-04
1.900000000000000000e+01 2.842396036384015799e-05 1.587814967730960850e-04
2.000000000000000000e+01 3.758623584192342612e-05 2.002441834961232194e-04
2.100000000000000000e+01 4.946489200817461278e-05 2.515123630646469910e-04
2.200000000000000000e+01 6.478797552801721397e-05 3.146320733900536022e-04
2.300000000000000000e+01 8.445509576605456819e-05 3.920086206243364327e-04
2.400000000000000000e+01 1.095711650423080656e-04 4.864540423358086748e-04
2.500000000000000000e+01 1.414850110707343406e-04 6.012373559716202532e-04
2.600000000000000000e+01 1.818331185557037525e-04 7.401370181042354283e-04
2.700000000000000000e+01 2.325886396913078892e-04 9.074948910007415125e-04
2.800000000000000000e+01 2.961156559505625369e-04 1.108270763567656761e-03
2.900000000000000000e+01 3.752284825339627307e-04 1.348096048279753042e-03
3.000000000000000000e+01 4.732555888144892534e-04 1.633324786833725145e-03
3.100000000000000000e+01 5.941074544237902322e-04 1.971079801619655351e-03
3.200000000000000000e+01 7.423473560038159171e-04 2.369291902815408302e-03
3.300000000000000000e+01 9.232636491066863833e-04 2.836730306444781857e-03
3.400000000000000000e+01 1.142941596088654747e-03 3.383022281334869315e-03
3.500000000000000000e+01 1.408332300163861201e-03 4.018659101659771693e-03
3.600000000000000000e+01 1.727315955843084037e-03 4.754984021586909637e-03
3.700000000000000000e+01 2.108756393877488176e-03 5.604157463569951758e-03
3.800000000000000000e+01 2.562543548055168114e-03 6.579096023325316060e-03
3.900000000000000000e+01 3.099619754207744073e-03 7.693384659731085026e-03
4.000000000000000000e+01 3.731984839703833198e-03 8.961162994103920656e-03
4.100000000000000000e+01 4.472674437635989347e-03 1.039698449801264475e-02
4.200000000000000000e+01 5.335706539833325567e-03 1.201564235402527610e-02
4.300000000000000000e+01 6.335992743160920315e-03 1.383195306901439416e-02
4.400000000000000000e+01 7.489211506662048212e-03 1.586049395826747213e-02
4.500000000000000000e+01 8.811639670597937873e-03 1.811530246128656776e-02
4.600000000000000000e+01 1.031993626653346721e-02 2.060955417246280313e-02
4.700000000000000000e+01 1.203087252865256765e-02 2.335523131559579663e-02
4.800000000000000000e+01 1.396100674545738135e-02 2.636277464119381880e-02
4.900000000000000000e+01 1.612631022129078218e-02 2.964069686023287561e-02
5.000000000000000000e+01 1.854175440611155121e-02 3.319514616449939504e-02
5.100000000000000000e+01 2.122086422469559447e-02 3.702944513266512999e-02
5.200000000000000000e+01 2.417523343319418969e-02 4.114366317423919645e-02
5.300000000000000000e+01 2.741399748759450888e-02 4.553427055761678777e-02
5.400000000000000000e+01 3.094327585995285124e-02 5.019386411423529953e-02
5.500000000000000000e+01 3.476561835200578376e-02 5.511089841763119890e-02
5.600000000000000000e+01 3.887949471741278251e-02 6.026936865873103871e-02
5.700000000000000000e+01 4.327884220372068408e-02 6.564848449008360565e-02
5.800000000000000000e+01 4.795265313190900242e-02 7.122246966523899936e-02
5.900000000000000000e+01 5.288458480530471711e-02 7.696061107863920447e-02
6.000000000000000000e+01 5.805262053716134241e-02 8.282753888544487630e-02
6.100000000000000000e+01 6.342886173705854225e-02 8.878356451615145029e-02
6.200000000000000000e+01 6.897952292393691454e-02 9.478490450316666427e-02
6.300000000000000000e+01 7.466512237741686209e-02 1.007838165781142215e-01
6.400000000000000000e+01 8.044078391135706108e-02 1.067288999569999397e-01
6.500000000000000000e+01 8.625658249537425382e-02 1.125658168529464626e-01
6.600000000000000000e+01 9.205797946840535428e-02 1.182384126745620739e-01
6.700000000000000000e+01 9.778648421405272684e-02 1.236898852123897580e-01
6.800000000000000000e+01 1.033806261140449712e-01 1.288636229334466643e-01
6.900000000000000000e+01 1.087771464798473475e-01 1.337036905087198579e-01
7.000000000000000000e+01 1.139121997123387631e-01 1.381553691993880340e-01
7.100000000000000000e+01 1.187224332535840310e-01 1.421662063442628854e-01
7.200000000000000000e+01 1.231460335526099042e-01 1.456875746744676348e-01
7.300000000000000000e+01 1.271239441035473539e-01 1.486761949765947888e-01
7.400000000000000000e+01 1.306013250136728310e-01 1.510950047741961566e-01
7.500000000000000000e+01 1.335290510935099872e-01 1.529132985991260851e-01
7.600000000000000000e+01 1.358649294202199931e-01 1.541067202925727742e-01
7.700000000000000000e+01 1.375745034766470143e-01 1.546577779143766540e-01
7.800000000000000000e+01 1.386316174381569954e-01 1.545569331006964864e-01
7.900000000000000000e+01 1.390190136629590734e-01 1.538035831640963413e-01
8.000000000000000000e+01 1.387290164177215901e-01 1.524061675161363927e-01
8.100000000000000000e+01 1.377640509467134289e-01 1.503813210698972669e-01
8.200000000000000000e+01 1.361366891329132411e-01 1.477527887280433438e-01
8.300000000000000000e+01 1.338691653808534721e-01 1.445508972848127127e-01
8.400000000000000000e+01 1.309926047033425356e-01 1.408126597369786515e-01
8.500000000000000000e+01 1.275462519040683751e-01 1.365818015412855746e-01
8.600000000000000000e+01 1.235767676151151850e-01 1.319079605617457518e-01
8.700000000000000000e+01 1.191374157915785770e-01 1.268450557490302388e-01
8.800000000000000000e+01 1.142869441743075976e-01 1.214495667586338729e-01
8.900000000000000000e+01 1.090881459749764304e-01 1.157794538960720543e-01
9.000000000000000000e+01 1.036062890785923452e-01 1.098937214049919425e-01
9.100000000000000000e+01 9.790764251165641474e-02 1.038519693473193284e-01
9.200000000000000000e+01 9.205821845137539261e-02 9.771336220662747707e-02
9.300000000000000000e+01 8.612269506375236361e-02 9.153513003303891116e-02
9.400000000000000000e+01 8.016339901125031642e-02 8.537125303553819156e-02
9.500000000000000000e+01 7.423925145898764566e-02 7.927181683319345362e-02
9.600000000000000000e+01 6.840469953091088406e-02 7.328288739730107193e-02
9.700000000000000000e+01 6.270878786335759569e-02 6.744634577091503103e-02
9.800000000000000000e+01 5.719455822707005671e-02 6.179934865957927015e-02
9.900000000000000000e+01 5.189883871483342431e-02 5.637364393810459506e-02
1.000000000000000000e+02 4.685228140575020683e-02 5.119524026587048138e-02
1.010000000000000000e+02 4.207941638375566062e-02 4.628464154920880480e-02
1.020000000000000000e+02 3.759861834169191119e-02 4.165735995141417458e-02
1.030000000000000000e+02 3.342211672294803648e-02 3.732425819216463048e-02
1.040000000000000000e+02 2.955627839227576575e-02 3.329158703922709128e-02
1.050000000000000000e+02 2.600223700652612088e-02 2.956100394301806877e-02
1.060000000000000000e+02 2.275668662383597760e-02 2.612993134000742707e-02
1.070000000000000000e+02 1.981256560412453932e-02 2.299228922949453358e-02
1.080000000000000000e+02 1.715952513198071294e-02 2.013928536619729454e-02
1.090000000000000000e+02 1.478432398147887065e-02 1.755993268686836112e-02
1.100000000000000000e+02 1.267136048567010613e-02 1.524127232158240669e-02
1.110000000000000000e+02 1.080338664104744245e-02 1.316857050893443376e-02
1.120000000000000000e+02 9.162238260381039279e-03 1.132574223704644993e-02
1.130000000000000000e+02 7.729379383221348515e-03 9.695983479074479772e-03
1.140000000000000000e+02 6.486217933848922521e-03 8.262364285913625581e-03
1.150000000000000000e+02 5.414323142280959983e-03 7.008166010848594293e-03
1.160000000000000000e+02 4.495692621672387965e-03 5.916975116264277385e-03
1.170000000000000000e+02 3.713087412180136708e-03 4.972729435411109462e-03
1.180000000000000000e+02 3.050329378637888465e-03 4.159886200622452471e-03
1.190000000000000000e+02 2.492457722939018551e-03 3.463703800177492242e-03
1.200000000000000000e+02 2.025745208611613463e-03 2.870490985743542195e-03
1.210000000000000000e+02 1.637661538012308206e-03 2.367698422713109853e-03
1.220000000000000000e+02 1.316863078671277757e-03 1.943859921344054473e-03
1.230000000000000000e+02 1.053213893472048843e-03 1.588494216977825871e-03
1.240000000000000000e+02 8.377874621866992794e-04 1.292066592616018025e-03
1.250000000000000000e+02 6.628084645264230518e-04 1.046017511146653863e-03
1.260000000000000000e+02 5.215435143472305687e-04 8.427911375969328323e-04
1.270000000000000000e+02 4.081826898396273594e-04 6.758005837227779597e-04
1.280000000000000000e+02 3.177440226358061652e-04 5.393267390325086038e-04
1.290000000000000000e+02 2.460007648876819629e-04 4.283981859092316131e-04
1.300000000000000000e+02 1.894111601268215581e-04 3.386998516062510981e-04
1.310000000000000000e+02 1.450363594576667826e-04 2.665203396147957206e-04
1.320000000000000000e+02 1.104504418472279149e-04 2.087137451174873426e-04
1.330000000000000000e+02 8.365678674210161477e-05 1.626483618821342766e-04
1.340000000000000000e+02 6.302043575768732887e-05 1.261358618784808136e-04
1.350000000000000000e+02 4.721505489788972916e-05 9.735544969569797551e-05
1.360000000000000000e+02 3.517705162361568647e-05 7.479087541577697170e-05
1.370000000000000000e+02 2.606163869937170468e-05 5.718639406302434918e-05
1.380000000000000000e+02 1.920125134199872200e-05 4.351486545898978993e-05
1.390000000000000000e+02 1.406964903150642959e-05 3.294778197379013142e-05
1.400000000000000000e+02 1.025367868268459081e-05 2.482264790038409032e-05
1.410000000000000000e+02 7.431693598421650671e-06 1.861027645432044428e-05
1.420000000000000000e+02 5.356102853431125719e-06 1.388701697129830979e-05
1.430000000000000000e+02 3.838202555180933016e-06 1.031432969819930052e-05
1.440000000000000000e+02 2.734943893859254512e-06 7.624263763543255538e-06
1.450000000000000000e+02 1.938094528929711595e-06 5.607722606054580005e-06
1.460000000000000000e+02 1.366001108236097860e-06 4.103435621062957318e-06
1.470000000000000000e+02 9.575223797626855267e-07 2.987522836381321551e-06
1.480000000000000000e+02 6.673942731732959909e-07 2.164605055729971525e-06
1.490000000000000000e+02 4.624667688238082171e-07 1.561125958082310115e-06
1.500000000000000000e+02 3.186082321369653445e-07 1.120675426415965312e-06
1.510000000000000000e+02 2.182767688593610835e-07 8.005534746253523622e-07
1.520000000000000000e+02 1.487388499901730194e-07 5.689000532481771057e-07
1.530000000000000000e+02 1.008094076226613115e-07 4.021403868242857157e-07
1.540000000000000000e+02 6.793899804945204971e-08 2.828236909181761766e-07
1.550000000000000000e+02 4.551396305635113452e-08 1.979781029067701316e-07
1.560000000000000000e+02 3.030782420308751717e-08 1.379664903330435975e-07
1.570000000000000000e+02 2.006667952338183401e-08 9.569906123155400404e-08
1.580000000000000000e+02 1.321536769451040855e-08 6.604132623330083263e-08
1.590000000000000000e+02 8.658039564369977516e-09 4.532399171267246827e-08
