0.000000000000000000e+00 1.305802786640890816e-25 -1.828772332679472429e-09
1.000000000000000000e+00 0.000000000000000000e+00 3.220203028865795338e-09
2.000000000000000000e+00 0.000000000000000000e+00 4.844259613544444212e-09
3.000000000000000000e+00 0.000000000000000000e+00 7.545572561393905480e-09
4.000000000000000000e+00 0.000000000000000000e+00 1.168596467038577921e-08
5.000000000000000000e+00 0.000000000000000000e+00 1.798589241292835172e-08
6.000000000000000000e+00 0.000000000000000000e+00 2.751033262740699805e-08
7.000000000000000000e+00 0.000000000000000000e+00 4.181819225701030958e-08
8.000000000000000000e+00 0.000000000000000000e+00 6.317565032843921929e-08
9.000000000000000000e+00 0.000000000000000000e+00 9.485477194520626398e-08
1.000000000000000000e+01 0.000000000000000000e+00 1.415478768653252241e-07
1.100000000000000000e+01 0.000000000000000000e+00 2.099387027611259020e-07
1.200000000000000000e+01 0.000000000000000000e+00 3.094830609796457210e-07
1.300000000000000000e+01 0.000000000000000000e+00 4.534681801307986811e-07
1.400000000000000000e+01 0.000000000000000000e+00 6.604390736409020025e-07
1.500000000000000000e+01 0.000000000000000000e+00 9.561042379867536349e-07
1.600000000000000000e+01 0.000000000000000000e+00 1.375862370518935907e-06
1.700000000000000000e+01 0.000000000000000000e+00 1.968125495607807230e-06
1.800000000000000000e+01 0.000000000000000000e+00 2.798655972931444804e-06
1.900000000000000000e+01 0.000000000000000000e+00 3.956180768350517513e-06
2.000000000000000000e+01 0.000000000000000000e+00 5.559601242302254548e-06
2.100000000000000000e+01 0.000000000000000000e+00 7.767176253776232936e-06
2.200000000000000000e+01 6.226651713356002746e-33 1.078812129349714666e-05
2.300000000000000000e+01 1.173542780268308553e-18 1.489713679020974389e-05
2.400000000000000000e+01 1.049523048158925246e-15 2.045244860608901001e-05
2.500000000000000000e+01 1.026654023778682680e-15 2.791801483449081283e-05
2.600000000000000000e+01 1.156094914330894806e-15 3.789061592902762078e-05
2.700000000000000000e+01 1.270316451126683636e-15 5.113259800319181684e-05
2.800000000000000000e+01 8.677395893926295131e-16 6.861107403442027477e-05
2.900000000000000000e+01 7.897122764216014569e-16 9.154439611438994922e-05
3.000000000000000000e+01 8.308318806147904534e-16 1.214566858042474541e-04
3.100000000000000000e+01 9.946743222512169952e-16 1.602411351421350715e-04
3.200000000000000000e+01 1.036827478070330646e-15 2.102326593336791005e-04
3.300000000000000000e+01 9.005859017418988076e-16 2.742902820791945882e-04
3.400000000000000000e+01 4.299503212787601986e-16 3.558893564200035038e-04
3.500000000000000000e+01 7.690523905761133101e-16 4.592233536798609288e-04
3.600000000000000000e+01 7.145843859596221414e-16 5.893144783139805075e-04
3.700000000000000000e+01 6.227694475099081535e-16 7.521317802735807316e-04
3.800000000000000000e+01 7.356287349074306391e-16 9.547147473297937052e-04
3.900000000000000000e+01 2.059445239076977162e-15 1.205299582079815508e-03
4.000000000000000000e+01 2.481423639096088992e-15 1.513444505875200094e-03
4.100000000000000000e+01 2.377646739207989258e-15 1.890149476581714019e-03
4.200000000000000000e+01 2.100774195437398572e-15 2.347964668795480062e-03
4.300000000000000000e+01 3.543801779406155561e-15 2.901081017525424487e-03
4.400000000000000000e+01 2.375755142952722166e-14 3.565395195194540501e-03
4.500000000000000000e+01 1.724966890825271000e-13 4.358540647829354554e-03
4.600000000000000000e+01 1.110752776124558984e-12 5.299875695999831451e-03
4.700000000000000000e+01 6.389037331624602837e-12 6.410419120668760240e-03
4.800000000000000000e+01 3.300930060158214555e-11 7.712723262337647587e-03
4.900000000000000000e+01 1.539842656795436794e-10 9.230674947506622985e-03
5.000000000000000000e+01 6.517946162361635879e-10 1.098921586005362910e-02
5.100000000000000000e+01 2.515562399153555888e-09 1.301397589127721056e-02
5.200000000000000000e+01 8.893292760000471799e-09 1.533081463314194849e-02
5.300000000000000000e+01 2.892776843906971728e-08 1.796526747421777620e-02
5.400000000000000000e+01 8.693876844303183544e-08 2.094189534446953133e-02
5.500000000000000000e+01 2.423653315993099791e-07 2.428354270503313081e-02
5.600000000000000000e+01 6.290437947902636064e-07 2.801051560493434539e-02
5.700000000000000000e+01 1.525155675255624234e-06 3.213969635443647554e-02
5.800000000000000000e+01 3.465026828848497236e-06 3.668361173522249191e-02
5.900000000000000000e+01 7.396957396456425087e-06 4.164947268443307260e-02
6.000000000000000000e+01 1.487303010511781380e-05 4.703821226202763162e-02
6.100000000000000000e+01 2.822502575544214644e-05 5.284356331579546928e-02
6.200000000000000000e+01 5.063865348302603198e-05 5.905122374408516839e-02
6.300000000000000000e+01 8.599956861302295995e-05 6.563814648310896394e-02
6.400000000000000000e+01 1.383737411331617160e-04 7.257197648490751329e-02
6.500000000000000000e+01 2.110331787610652599e-04 7.981066260620782449e-02
6.600000000000000000e+01 3.050706799931176996e-04 8.730229867781830189e-02
6.700000000000000000e+01 4.178603603451923115e-04 9.498525827271922517e-02
6.800000000000000000e+01 5.418588951339787553e-04 1.027886514133629914e-01
6.900000000000000000e+01 6.643923709930679494e-04 1.106330773012978719e-01
7.000000000000000000e+01 7.689932841756766304e-04 1.184316412989946388e-01
7.100000000000000000e+01 8.384452410780641411e-04 1.260912588313955474e-01
7.200000000000000000e+01 8.590061422992093573e-04 1.335143017554784595e-01
7.300000000000000000e+01 8.245633786051916308e-04 1.406005756964930353e-01
7.400000000000000000e+01 7.391225519373877638e-04 1.472495015414715391e-01
7.500000000000000000e+01 6.163837835984239651e-04 1.533623543696877312e-01
7.600000000000000000e+01 4.762327333505313870e-04 1.588445282886744303e-01
7.700000000000000000e+01 3.393233296680059916e-04 1.636078906528477817e-01
7.800000000000000000e+01 2.218262203316758103e-04 1.675732022385007514e-01
7.900000000000000000e+01 1.322990017225554225e-04 1.706723913825501093e-01
8.000000000000000000e+01 7.153478096765658861e-05 1.728504375277887528e-01
8.100000000000000000e+01 3.482313789754825403e-05 1.740668254904156609e-01
8.200000000000000000e+01 1.514433623778273642e-05 1.742967226767238309e-01
8.300000000000000000e+01 5.833740407191759239e-06 1.735319361748953182e-01
8.400000000000000000e+01 1.971793607711229543e-06 1.717814387783540842e-01
8.500000000000000000e+01 5.787655996642113780e-07 1.690712019128088328e-01
8.600000000000000000e+01 1.458742083152374064e-07 1.654433655914041290e-01
8.700000000000000000e+01 3.118813281290181103e-08 1.609550528942864933e-01
8.800000000000000000e+01 5.582439131497357857e-09 1.556770250336769468e-01
8.900000000000000000e+01 8.248132703918735649e-10 1.496920258699325212e-01
9.000000000000000000e+01 9.909317163358713809e-11 1.430925841597915082e-01
9.100000000000000000e+01 9.526859085039098841e-12 1.359783777338710586e-01
9.200000000000000000e+01 7.207283363519691839e-13 1.284535752505251149e-01
9.300000000000000000e+01 4.216610994821431549e-14 1.206244284636257824e-01
9.400000000000000000e+01 1.876403485951941770e-15 1.125969853045755975e-01
9.500000000000000000e+01 6.046678716962992019e-17 1.044746893597826298e-01
9.600000000000000000e+01 8.610357124738434421e-18 9.635596301550028442e-02
9.700000000000000000e+01 1.475086744852784312e-17 8.833216389687421899e-02
9.800000000000000000e+01 1.381744426619919755e-17 8.048613952538929972e-02
9.900000000000000000e+01 5.126511410803273463e-18 7.289120505362831071e-02
1.000000000000000000e+02 3.193326814831455962e-18 6.561026864350814891e-02
1.010000000000000000e+02 1.570008825330890953e-18 5.869512760650945349e-02
1.020000000000000000e+02 1.035314414435173893e-18 5.218620703905614555e-02
1.030000000000000000e+02 2.042659758745689406e-18 4.611286222613714125e-02
1.040000000000000000e+02 7.681180795559193794e-19 4.049403395944010942e-02
1.050000000000000000e+02 5.646863656579400319e-19 3.533897609827871961e-02
1.060000000000000000e+02 1.703647583110708686e-20 3.064802191029220718e-02
1.070000000000000000e+02 8.251018910662725464e-19 2.641355362186723066e-02
1.080000000000000000e+02 1.347687183737840594e-19 2.262123410784194072e-02
1.090000000000000000e+02 2.613494320479368195e-19 1.925132847995840446e-02
1.100000000000000000e+02 -4.062854502108300192e-22 1.627990453171363275e-02
1.110000000000000000e+02 1.238884205770605518e-19 1.367987944344787460e-02
1.120000000000000000e+02 2.979895492239094655e-19 1.142202146807818133e-02
1.130000000000000000e+02 3.625127338281409267e-22 9.475957616713557088e-03
1.140000000000000000e+02 -6.658484326145309904e-20 7.811100194467479954e-03
1.150000000000000000e+02 2.487077589738662856e-19 6.397381859314322551e-03
1.160000000000000000e+02 8.267499580338869067e-21 5.205792972892731539e-03
1.170000000000000000e+02 3.233663617601232134e-20 4.208799249329880574e-03
1.180000000000000000e+02 -4.897322117066998830e-20 3.380692086483152049e-03
1.190000000000000000e+02 4.213885150799010262e-20 2.697851486470339948e-03
1.200000000000000000e+02 5.177888241393791387e-21 2.138883759995891150e-03
1.210000000000000000e+02 -2.268344959631072799e-20 1.684641718046778246e-03
1.220000000000000000e+02 1.387062260042192397e-20 1.318174615430067666e-03
1.230000000000000000e+02 2.362053638094673783e-25 1.024645627250427189e-03
1.240000000000000000e+02 1.289970643543485229e-20 7.912217142538713723e-04
1.250000000000000000e+02 -1.290557141434516969e-20 6.069279364835631664e-04
1.260000000000000000e+02 1.058251366705614044e-22 4.624716784544472426e-04
1.270000000000000000e+02 5.759209223020647086e-24 3.500563141750533884e-04
1.280000000000000000e+02 -6.629136638318048988e-21 2.632012246211692290e-04
1.290000000000000000e+02 6.623876036515888727e-21 1.965730166159642095e-04
1.300000000000000000e+02 1.070326906180618151e-21 1.458260096324487517e-04
1.310000000000000000e+02 -5.454398799161551518e-21 1.074519712800089206e-04
1.320000000000000000e+02 3.458634042936832850e-21 7.864276662684509169e-05
1.330000000000000000e+02 1.036718920179611631e-22 5.716944171921003835e-05
1.340000000000000000e+02 2.938267366601891343e-23 4.127825520609533136e-05
1.350000000000000000e+02 6.331017036121145633e-23 2.960187366274605374e-05
1.360000000000000000e+02 1.164161683284813202e-21 2.108372178220585004e-05
1.370000000000000000e+02 -1.806563992820318042e-21 1.491421230213580164e-05
1.380000000000000000e+02 -1.294471109646610572e-21 1.047796900867956406e-05
1.390000000000000000e+02 -1.629387081255184599e-23 7.310972722006411946e-06
1.400000000000000000e+02 -1.016286852454086903e-24 5.066239811443991355e-06
1.410000000000000000e+02 -4.461131756899718790e-22 3.486538890379534957e-06
1.420000000000000000e+02 2.718937636576707212e-22 2.382807533499676155e-06
1.430000000000000000e+02 2.395135188454657623e-23 1.617209552534740241e-06
1.440000000000000000e+02 -6.893250924364601619e-23 1.090014652449242074e-06
1.450000000000000000e+02 7.991334020791917045e-23 7.296075833730852440e-07
1.460000000000000000e+02 -1.043580710723378136e-23 4.849802793111656516e-07
1.470000000000000000e+02 -2.334383366432452951e-23 3.201192138536491095e-07
1.480000000000000000e+02 8.897869006157941753e-23 2.098149217712486524e-07
1.490000000000000000e+02 -6.634572181979392047e-23 1.365547729747339250e-07
1.500000000000000000e+02 3.547045129938326596e-24 8.825636531842309096e-08
1.510000000000000000e+02 -2.533491699367276491e-23 5.664451197997523978e-08
1.520000000000000000e+02 -6.480789254491546300e-23 3.610017412514905993e-08
1.530000000000000000e+02 -2.600484247605322304e-24 2.284309449626850900e-08
1.540000000000000000e+02 3.063783234061887815e-23 1.435109309533025987e-08
1.550000000000000000e+02 -1.192228471619126873e-23 8.952439704898071478e-09
1.560000000000000000e+02 3.018927966981995856e-25 5.545897332518980389e-09
1.570000000000000000e+02 -6.424088177201524762e-24 3.411642084854156995e-09
1.580000000000000000e+02 -1.051359443569108131e-23 2.083707378859435753e-09
1.590000000000000000e+02 1.494097265428947794e-24 1.263346299765898421e-09
