0.000000000000000000e+00 3.952244601049512669e-08 1.563070813704739212e-08
1.000000000000000000e+00 9.440780323515435633e-09 7.839887101970792354e-08
2.000000000000000000e+00 1.310827300108880625e-08 1.015916054956793369e-07
3.000000000000000000e+00 1.967916998610146483e-08 1.462487009042674650e-07
4.000000000000000000e+00 2.944299981074035555e-08 2.103410896008566607e-07
5.000000000000000000e+00 4.381501601815679715e-08 3.011459260576741144e-07
6.000000000000000000e+00 6.482966047559035488e-08 4.290085750689397672e-07
7.000000000000000000e+00 9.537510104163511157e-08 6.079865897486924168e-07
8.000000000000000000e+00 1.395480809222807857e-07 8.571139542209207244e-07
9.000000000000000000e+00 2.031230048683834712e-07 1.202133478839766247e-06
1.000000000000000000e+01 2.941485625624825470e-07 1.677696026418840460e-06
1.100000000000000000e+01 4.237173651520164295e-07 2.330023756000480183e-06
1.200000000000000000e+01 6.070114640796756751e-07 3.220141971521564968e-06
1.300000000000000000e+01 8.647631334846717811e-07 4.427986567818980779e-06
1.400000000000000000e+01 1.225243594220910526e-06 6.057838436906763942e-06
1.500000000000000000e+01 1.726818681993315147e-06 8.245455514978718053e-06
1.600000000000000000e+01 2.421083954209069352e-06 1.116697648745697928e-05
1.700000000000000000e+01 3.376708866334785089e-06 1.504942038697795407e-05
1.800000000000000000e+01 4.684352693458109103e-06 2.018274134113832286e-05
1.900000000000000000e+01 6.463175868561367203e-06 2.693398716352324876e-05
2.000000000000000000e+01 8.869361165347373926e-06 3.576475821518315554e-05
2.100000000000000000e+01 1.210671967758674456e-05 4.725323109419624534e-05
2.200000000000000000e+01 1.643922919776198916e-05 6.212118864694728994e-05
2.300000000000000000e+01 2.220561306870126537e-05 8.126524811290846231e-05
2.400000000000000000e+01 2.983677413702197969e-05 1.057908819612158669e-04
2.500000000000000000e+01 3.987746982988085617e-05 1.370487532553350796e-04
2.600000000000000000e+01 5.301337737705881043e-05 1.766750493867711195e-04
2.700000000000000000e+01 7.010361259140111118e-05 2.266392019231977767e-04
2.800000000000000000e+01 9.221767559616303998e-05 2.893015362849139923e-04
2.900000000000000000e+01 1.206758123459826016e-04 3.674794148915566400e-04
3.000000000000000000e+01 1.570932161760712879e-04 4.645156575856004811e-04
3.100000000000000000e+01 2.034303297867017673e-04 5.843419015586526514e-04
3.200000000000000000e+01 2.620519619793761643e-04 7.315350382963970409e-04
3.300000000000000000e+01 3.357958455119057213e-04 9.113741378492330649e-04
3.400000000000000000e+01 4.280473425667130909e-04 1.129909578138360224e-03
3.500000000000000000e+01 5.428140004558296801e-04 1.394047395115406360e-03
3.600000000000000000e+01 6.847948136327797111e-04 1.711632753229185878e-03
3.700000000000000000e+01 8.594450787491478500e-04 2.091503101286572644e-03
3.800000000000000000e+01 1.073044338933038314e-03 2.543491894023005954e-03
3.900000000000000000e+01 1.332774277315372166e-03 3.078396734866492047e-03
4.000000000000000000e+01 1.646801248534434173e-03 3.707953323616330291e-03
4.100000000000000000e+01 2.024341538655434741e-03 4.444844014420926137e-03
4.200000000000000000e+01 2.475683510972437329e-03 5.302714290820373030e-03
4.300000000000000000e+01 3.012160940797328768e-03 6.296118531802470837e-03
4.400000000000000000e+01 3.646103663242926656e-03 7.440329470984020747e-03
4.500000000000000000e+01 4.390801367395493100e-03 8.751033489100243021e-03
4.600000000000000000e+01 5.260480857189151795e-03 1.024402342843637979e-02
4.700000000000000000e+01 6.270239163561383555e-03 1.193499177777561371e-02
4.800000000000000000e+01 7.435856384535804477e-03 1.383939945669237712e-02
4.900000000000000000e+01 8.773473131558805899e-03 1.597225799941804150e-02
5.000000000000000000e+01 1.029921624603198464e-02 1.834766842558371511e-02
5.100000000000000000e+01 1.202888857461470624e-02 2.097814294031016130e-02
5.200000000000000000e+01 1.397774307742561360e-02 2.387394064483291251e-02
5.300000000000000000e+01 1.616021228490670952e-02 2.704265737222029051e-02
5.400000000000000000e+01 1.858942498460227494e-02 3.048907089431570835e-02
5.500000000000000000e+01 2.127649517342069391e-02 3.421496617584494915e-02
5.600000000000000000e+01 2.422978957600339239e-02 3.821864473082251662e-02
5.700000000000000000e+01 2.745443013011202027e-02 4.249412701950576465e-02
5.800000000000000000e+01 3.095206859915847902e-02 4.703041624532337817e-02
5.900000000000000000e+01 3.472067684024054968e-02 5.181123292479289377e-02
6.000000000000000000e+01 3.875405331772584228e-02 5.681526500439886690e-02
6.100000000000000000e+01 4.304105475682880322e-02 6.201653969666541533e-02
6.200000000000000000e+01 4.756493491072645574e-02 6.738445854064670226e-02
6.300000000000000000e+01 5.230319812238570093e-02 7.288344797801027397e-02
6.400000000000000000e+01 5.722797029790948481e-02 7.847267882599623379e-02
6.500000000000000000e+01 6.230644617737047392e-02 8.410639043727323461e-02
6.600000000000000000e+01 6.750097664030604849e-02 8.973490691915442241e-02
6.700000000000000000e+01 7.276885503066456151e-02 9.530587733826650920e-02
6.800000000000000000e+01 7.806234592412542028e-02 1.007651583586437194e-01
6.900000000000000000e+01 8.332943642105558602e-02 1.060572048211107510e-01
7.000000000000000000e+01 8.851520160175301022e-02 1.111254013106451333e-01
7.100000000000000000e+01 9.356316200395725646e-02 1.159128951439196281e-01
7.200000000000000000e+01 9.841612444921175873e-02 1.203640568710411946e-01
7.300000000000000000e+01 1.030166356859405358e-01 1.244261292919890266e-01
7.400000000000000000e+01 1.073076694778400675e-01 1.280504747413129807e-01
7.500000000000000000e+01 1.112339833111431059e-01 1.311932158965189166e-01
7.600000000000000000e+01 1.147439081179821435e-01 1.338155923996215135e-01
7.700000000000000000e+01 1.177908810037394532e-01 1.358845225199869777e-01
7.800000000000000000e+01 1.203342678040667246e-01 1.373735418270304320e-01
7.900000000000000000e+01 1.223396864857107108e-01 1.382638268201570875e-01
8.000000000000000000e+01 1.237794323645092232e-01 1.385448400848427741e-01
8.100000000000000000e+01 1.246333337385593099e-01 1.382143799569953424e-01
8.200000000000000000e+01 1.248897501645565011e-01 1.372782166757590683e-01
8.300000000000000000e+01 1.245461222292765235e-01 1.357496827584949994e-01
8.400000000000000000e+01 1.236087849868793276e-01 1.336494304147798906e-01
8.500000000000000000e+01 1.220923190487143151e-01 1.310052599397539541e-01
8.600000000000000000e+01 1.200189503349550074e-01 1.278517492321054605e-01
8.700000000000000000e+01 1.174182196314184218e-01 1.242295036475792175e-01
8.800000000000000000e+01 1.143266759259918275e-01 1.201840848583254628e-01
8.900000000000000000e+01 1.107871944636835415e-01 1.157648501878681263e-01
9.000000000000000000e+01 1.068478028978043920e-01 1.110239132592647782e-01
9.100000000000000000e+01 1.025602880212311968e-01 1.060152711587760005e-01
9.200000000000000000e+01 9.797895608602677497e-02 1.007939869694901430e-01
9.300000000000000000e+01 9.315967271554854989e-02 9.541529122418040965e-02
9.400000000000000000e+01 8.815900489764114112e-02 8.993357192011250389e-02
9.500000000000000000e+01 8.303323145193718113e-02 8.440135702445863974e-02
9.600000000000000000e+01 7.783719490021551168e-02 7.886844323665796741e-02
9.700000000000000000e+01 7.262319238522765841e-02 7.338125774090259457e-02
9.800000000000000000e+01 6.744012244559005609e-02 6.798242071752898241e-02
9.900000000000000000e+01 6.233292999385203759e-02 6.271040564324703581e-02
1.000000000000000000e+02 5.734222022342420205e-02 5.759922184997211259e-02
1.010000000000000000e+02 5.250390228038005758e-02 5.267813231512215311e-02
1.020000000000000000e+02 4.784885041974329400e-02 4.797148470051091490e-02
1.030000000000000000e+02 4.340268342888917164e-02 4.349872033968749802e-02
1.040000000000000000e+02 3.918575431484852545e-02 3.927455323042751412e-02
1.050000000000000000e+02 3.521334090919572835e-02 3.530924729181690591e-02
1.060000000000000000e+02 3.149594540004351656e-02 3.160891712121077779e-02
1.070000000000000000e+02 2.803961794179186603e-02 2.817582760691623306e-02
1.080000000000000000e+02 2.484628889566405791e-02 2.500871887689926076e-02
1.090000000000000000e+02 2.191414708604169301e-02 2.210319098404001439e-02
1.100000000000000000e+02 1.923809267743956108e-02 1.945214863603669103e-02
1.110000000000000000e+02 1.681024575255305603e-02 1.704626789253096270e-02
1.120000000000000000e+02 1.462045897056943149e-02 1.487443864344079221e-02
1.130000000000000000e+02 1.265679215701004216e-02 1.292416062883307640e-02
1.140000000000000000e+02 1.090594068399275765e-02 1.118190072130585862e-02
1.150000000000000000e+02 9.353632816065337446e-03 9.633429714346606818e-03
1.160000000000000000e+02 7.985007543536176700e-03 8.264144917013662231e-03
1.170000000000000000e+02 6.784966136795453351e-03 7.059367254035570777e-03
1.180000000000000000e+02 5.738479734224238155e-03 6.004595739780601085e-03
1.190000000000000000e+02 4.830840894782619833e-03 5.085711085081273328e-03
1.200000000000000000e+02 4.047860932365632096e-03 4.289133454697888377e-03
1.210000000000000000e+02 3.376023662366195877e-03 3.601945662085983321e-03
1.220000000000000000e+02 2.802604811822963660e-03 3.011989865272882930e-03
1.230000000000000000e+02 2.315759894430282143e-03 2.507939067741540070e-03
1.240000000000000000e+02 1.904579552311043682e-03 2.079341403277047348e-03
1.250000000000000000e+02 1.559113001914421304e-03 1.716637180434064849e-03
1.260000000000000000e+02 1.270364326746159598e-03 1.411152794778266573e-03
1.270000000000000000e+02 1.030268683093226063e-03 1.155077872939701440e-03
1.280000000000000000e+02 8.316545902239768197e-04 9.414311319333518906e-04
1.290000000000000000e+02 6.681960378839171648e-04 7.640180460449993993e-04
1.300000000000000000e+02 5.343564744591975616e-04 6.173817388862749356e-04
1.310000000000000000e+02 4.253266377431916571e-04 4.967483950845736533e-04
1.320000000000000000e+02 3.369588345604495510e-04 3.979691959859542154e-04
1.330000000000000000e+02 2.657005168787026066e-04 3.174612068528972803e-04
1.340000000000000000e+02 2.085294539613015419e-04 2.521493079784283648e-04
1.350000000000000000e+02 1.628918824924646257e-04 1.994104803224967728e-04
1.360000000000000000e+02 1.266443129754727976e-04 1.570210796639724400e-04
1.370000000000000000e+02 9.799939548949917665e-05 1.231074325348227767e-04
1.380000000000000000e+02 7.547622091511039014e-05 9.610005837996582413e-05
1.390000000000000000e+02 5.785538319481040373e-05 7.469182296192378016e-05
1.400000000000000000e+02 4.413894441364027161e-05 5.780022081779029081e-05
1.410000000000000000e+02 3.351519947697739635e-05 4.453379542128489763e-05
1.420000000000000000e+02 2.532795053213028396e-05 3.416253070434405279e-05
1.430000000000000000e+02 1.904992346739566860e-05 2.609194794272173270e-05
1.440000000000000000e+02 1.425995726979662067e-05 1.984061271943742254e-05
1.450000000000000000e+02 1.062361290158518830e-05 1.502075901699293926e-05
1.460000000000000000e+02 7.876849611259374392e-06 1.132174073234921592e-05
1.470000000000000000e+02 5.812407845786239709e-06 8.496017902163903826e-06
1.480000000000000000e+02 4.268538314300397426e-06 6.347383143967692728e-06
1.490000000000000000e+02 3.119736657281401556e-06 4.721141032737606640e-06
1.500000000000000000e+02 2.269178075901947363e-06 3.495970757451572934e-06
1.510000000000000000e+02 1.642584867077287106e-06 2.577226926509512046e-06
1.520000000000000000e+02 1.183294017383245103e-06 1.891460286401312514e-06
1.530000000000000000e+02 8.483205381064830081e-07 1.381966228178634757e-06
1.540000000000000000e+02 6.052377830641355248e-07 1.005192889487769919e-06
1.550000000000000000e+02 4.297209920643623389e-07 7.278622760254483687e-07
1.560000000000000000e+02 3.036248531468964673e-07 5.246775851872986103e-07
1.570000000000000000e+02 2.134885154256646825e-07 3.765082951107493299e-07
1.580000000000000000e+02 1.493808860782286967e-07 2.689616901992090040e-07
1.590000000000000000e+02 1.040149738347908098e-07 1.912650223074139185e-07
