0.000000000000000000e+00 -6.892248568394470919e-07 -1.818793064441200556e-07
1.000000000000000000e+00 8.241833932499986893e-07 1.853249060990724973e-07
2.000000000000000000e+00 9.760938620575362293e-07 2.466856254303047602e-07
3.000000000000000000e+00 1.310319396820454776e-06 3.513051388929405770e-07
4.000000000000000000e+00 1.762181392826787260e-06 4.982363613773956633e-07
5.000000000000000000e+00 2.361491906061792573e-06 7.031487724496240263e-07
6.000000000000000000e+00 3.152216310054406780e-06 9.874515100799141070e-07
7.000000000000000000e+00 4.191089672744941130e-06 1.379887672572255753e-06
8.000000000000000000e+00 5.550364738473906497e-06 1.918819206527602163e-06
9.000000000000000000e+00 7.321557068982978382e-06 2.655152575427237939e-06
1.000000000000000000e+01 9.620026729564414564e-06 3.656051643605725598e-06
1.100000000000000000e+01 1.259050289227564982e-05 5.009617390538950173e-06
1.200000000000000000e+01 1.641370508334854557e-05 6.830746052405569820e-06
1.300000000000000000e+01 2.131423568155754519e-05 9.268409930196734711e-06
1.400000000000000000e+01 2.756992857687655076e-05 1.251463616363384195e-05
1.500000000000000000e+01 3.552284029592630925e-05 1.681548976638298480e-05
1.600000000000000000e+01 4.559206983241686042e-05 2.248439788960640158e-05
1.700000000000000000e+01 5.828859868452743756e-05 2.991818485212266373e-05
1.800000000000000000e+01 7.423235848867902598e-05 3.961621739629278907e-05
1.900000000000000000e+01 9.417174739347531872e-05 5.220307767902663751e-05
2.000000000000000000e+01 1.190058056833604442e-04 6.845517443584270409e-05
2.100000000000000000e+01 1.498092061936787643e-04 8.933166201400595400e-05
2.200000000000000000e+01 1.878601193600066676e-04 1.160099703060366293e-04
2.300000000000000000e+01 2.346709125897931774e-04 1.499261777920607105e-04
2.400000000000000000e+01 2.920215927769863524e-04 1.928203952376454145e-04
2.500000000000000000e+01 3.619959109895052327e-04 2.467872441090070363e-04
2.600000000000000000e+01 4.470200613087278556e-04 3.143313374900495206e-04
2.700000000000000000e+01 5.499037947140706165e-04 3.984273371345710998e-04
2.800000000000000000e+01 6.738834435518832773e-04 5.025837013709602476e-04
2.900000000000000000e+01 8.226658772431150483e-04 6.309088204272838467e-04
3.000000000000000000e+01 1.000472037445738647e-03 7.881780406254991142e-04
3.100000000000000000e+01 1.212078718375297296e-03 9.799000652571342434e-04
3.200000000000000000e+01 1.462857683475868266e-03 1.212381006374831658e-03
3.300000000000000000e+01 1.758811604651173413e-03 1.492783496581770626e-03
3.400000000000000000e+01 2.106605981798301622e-03 1.829176817479491717e-03
3.500000000000000000e+01 2.513594825501929905e-03 2.230572869533409795e-03
3.600000000000000000e+01 2.987836129007498051e-03 2.706943151862031480e-03
3.700000000000000000e+01 3.538092536117151601e-03 3.269213762013462293e-03
3.800000000000000000e+01 4.173814324451099317e-03 3.929236870872008201e-03
3.900000000000000000e+01 4.905105209012346375e-03 4.699735663327025276e-03
4.000000000000000000e+01 5.742673669547386506e-03 5.594215288892577000e-03
4.100000000000000000e+01 6.697770417921806128e-03 6.626829047555300722e-03
4.200000000000000000e+01 7.782106252004624206e-03 7.812192311349250989e-03
4.300000000000000000e+01 9.007738750720431509e-03 9.165146908379950136e-03
4.400000000000000000e+01 1.038691797584939333e-02 1.070048757817240390e-02
4.500000000000000000e+01 1.193189296770273342e-02 1.243265866182646957e-02
4.600000000000000000e+01 1.365469525277624753e-02 1.437541277680797619e-02
4.700000000000000000e+01 1.556691925392970216e-02 1.654141014807341062e-02
4.800000000000000000e+01 1.767950406811887726e-02 1.894174849520516984e-02
4.900000000000000000e+01 2.000249508020187500e-02 2.158544951830041608e-02
5.000000000000000000e+01 2.254475124189029428e-02 2.447895806179426967e-02
5.100000000000000000e+01 2.531358485437228134e-02 2.762569571456587741e-02
5.200000000000000000e+01 2.831436852110302826e-02 3.102565214997290294e-02
5.300000000000000000e+01 3.155018045473929195e-02 3.467495108921538755e-02
5.400000000000000000e+01 3.502154284932205985e-02 3.856535885741998321e-02
5.500000000000000000e+01 3.872623619341808432e-02 4.268380764013940398e-02
5.600000000000000000e+01 4.265909983244871306e-02 4.701208442210614430e-02
5.700000000000000000e+01 4.681173101117143409e-02 5.152678331949319540e-02
5.800000000000000000e+01 5.117209540055903116e-02 5.619944833613282203e-02
5.900000000000000000e+01 5.572419237470496028e-02 6.099670941196549956e-02
6.000000000000000000e+01 6.044795548016902720e-02 6.588030144168052771e-02
6.100000000000000000e+01 6.531944588245264249e-02 7.080711635107726776e-02
6.200000000000000000e+01 7.031118894676835485e-02 7.572961108641781958e-02
6.300000000000000000e+01 7.539239352868862265e-02 8.059674063576792447e-02
6.400000000000000000e+01 8.052891469448421324e-02 8.535518526984310628e-02
6.500000000000000000e+01 8.568311255650501446e-02 8.995039249680085447e-02
6.600000000000000000e+01 9.081397705801419473e-02 9.432718431458575470e-02
6.700000000000000000e+01 9.587779935439262602e-02 9.843023701651931745e-02
6.800000000000000000e+01 1.008292902503848537e-01 1.022050496734687453e-01
6.900000000000000000e+01 1.056226772748506126e-01 1.055996577401852876e-01
7.000000000000000000e+01 1.102123074397976105e-01 1.085665837695961866e-01
7.100000000000000000e+01 1.145527129962197604e-01 1.110641385770620854e-01
7.200000000000000000e+01 1.185986308978608517e-01 1.130567001353377926e-01
7.300000000000000000e+01 1.223056174818927672e-01 1.145145844639900851e-01
7.400000000000000000e+01 1.256314661413885092e-01 1.154145502385717781e-01
7.500000000000000000e+01 1.285379347921545012e-01 1.157412794866525263e-01
7.600000000000000000e+01 1.309919317521663629e-01 1.154889700282134279e-01
7.700000000000000000e+01 1.329656620914291820e-01 1.146617408438341673e-01
7.800000000000000000e+01 1.344360598059266276e-01 1.132724746251360937e-01
7.900000000000000000e+01 1.353844301621214274e-01 1.113411483225286991e-01
8.000000000000000000e+01 1.357970450442990973e-01 1.088941285187422642e-01
8.100000000000000000e+01 1.356665721139853897e-01 1.059647844926845522e-01
8.200000000000000000e+01 1.349933922338789616e-01 1.025941984646439736e-01
8.300000000000000000e+01 1.337857980812633685e-01 9.883040321112999960e-02
8.400000000000000000e+01 1.320588660029335115e-01 9.472590632069913252e-02
8.500000000000000000e+01 1.298328038175119159e-01 9.033493500296296830e-02
8.600000000000000000e+01 1.271319431449368098e-01 8.571209200477029888e-02
8.700000000000000000e+01 1.239849387925204133e-01 8.091264178011492447e-02
8.800000000000000000e+01 1.204256561204864878e-01 7.599296335372439370e-02
8.900000000000000000e+01 1.164935744732902290e-01 7.100957043671171642e-02
9.000000000000000000e+01 1.122328581583905277e-01 6.601664561163603229e-02
9.100000000000000000e+01 1.076902805554459386e-01 6.106363778955097715e-02
9.200000000000000000e+01 1.029130797015529730e-01 5.619447390576894769e-02
9.300000000000000000e+01 9.794784673066417313e-02 5.144838130656182590e-02
9.400000000000000000e+01 9.284069628001712093e-02 4.686085080567578554e-02
9.500000000000000000e+01 8.763794666761456909e-02 4.246336897455992715e-02
9.600000000000000000e+01 8.238617144561086181e-02 3.828201119823540499e-02
9.700000000000000000e+01 7.713104828443262395e-02 3.433624482789994492e-02
9.800000000000000000e+01 7.191544835394456103e-02 3.063910089828768973e-02
9.900000000000000000e+01 6.677785188721450937e-02 2.719854838033058941e-02
1.000000000000000000e+02 6.175194142824756011e-02 2.401886343355801381e-02
1.010000000000000000e+02 5.686732981785434793e-02 2.110101819394308645e-02
1.020000000000000000e+02 5.215055945882068889e-02 1.844224284514423690e-02
1.030000000000000000e+02 4.762540921997490684e-02 1.603573078126281637e-02
1.040000000000000000e+02 4.331221213279976001e-02 1.387121337246626819e-02
1.050000000000000000e+02 3.922675168432773057e-02 1.193621464642802624e-02
1.060000000000000000e+02 3.537966518861285214e-02 1.021718675571619238e-02
1.070000000000000000e+02 3.177687916102914234e-02 8.699956895409796664e-03
1.080000000000000000e+02 2.842080199414953601e-02 7.369628709910141552e-03
1.090000000000000000e+02 2.531146690183025058e-02 6.210522962572002578e-03
1.100000000000000000e+02 2.244695885849787645e-02 5.206552496666229553e-03
1.110000000000000000e+02 1.982310843592100663e-02 4.341906125517757190e-03
1.120000000000000000e+02 1.743303067466819498e-02 3.601615360657266923e-03
1.130000000000000000e+02 1.526715798944036986e-02 2.971729591585549422e-03
1.140000000000000000e+02 1.331395879819943263e-02 2.439193886643889475e-03
1.150000000000000000e+02 1.156096921176602565e-02 1.991725802100656906e-03
1.160000000000000000e+02 9.995556184933234584e-03 1.617879828362507946e-03
1.170000000000000000e+02 8.605101855966003355e-03 1.307242409091876386e-03
1.180000000000000000e+02 7.376774196188710248e-03 1.050571549567634166e-03
1.190000000000000000e+02 6.297324542934234874e-03 8.397682733499057129e-04
1.200000000000000000e+02 5.353240062674982820e-03 6.677246435115211619e-04
1.210000000000000000e+02 4.531227129000011712e-03 5.281729250442991196e-04
1.220000000000000000e+02 3.818725823457563666e-03 4.156136641886263596e-04
1.230000000000000000e+02 3.204160961806763741e-03 3.253032420359028070e-04
1.240000000000000000e+02 2.676868870423571110e-03 2.532324471245412127e-04
1.250000000000000000e+02 2.226877695612153752e-03 1.960544380413267122e-04
1.260000000000000000e+02 1.844776094792255870e-03 1.509766102602880895e-04
1.270000000000000000e+02 1.521772552053895014e-03 1.156587504027724279e-04
1.280000000000000000e+02 1.249866622096872147e-03 8.814422283220692538e-05
1.290000000000000000e+02 1.021973834966487683e-03 6.681870287555891281e-05
1.300000000000000000e+02 8.319067638324502932e-04 5.037450092710727832e-05
1.310000000000000000e+02 6.742374709425693951e-04 3.776612374969596679e-05
1.320000000000000000e+02 5.441429682199174986e-04 2.815962487957351994e-05
1.330000000000000000e+02 4.373183908866573144e-04 2.088704399986042806e-05
1.340000000000000000e+02 3.499679979318593998e-04 1.541333968904134343e-05
1.350000000000000000e+02 2.788225460752951929e-04 1.131435959017465035e-05
1.360000000000000000e+02 2.211257183471127723e-04 8.259616200511236880e-06
1.370000000000000000e+02 1.745714130723453915e-04 5.995317157901998071e-06
1.380000000000000000e+02 1.372160728319310333e-04 4.327430810203988422e-06
1.390000000000000000e+02 1.074032879257071223e-04 3.107033275558491350e-06
1.400000000000000000e+02 8.372026388231727442e-05 2.219537542056946143e-06
1.410000000000000000e+02 6.497927958938808860e-05 1.577424252377832405e-06
1.420000000000000000e+02 5.020395012877293395e-05 1.114932485850167505e-06
1.430000000000000000e+02 3.860557664254123279e-05 7.834547370210598022e-07
1.440000000000000000e+02 2.954918276097077013e-05 5.473226052181927027e-07
1.450000000000000000e+02 2.251872608309514459e-05 3.802788687113141131e-07
1.460000000000000000e+02 1.709068061514402799e-05 2.628965100258756894e-07
1.470000000000000000e+02 1.291826158263834290e-05 1.808554629419661192e-07
1.480000000000000000e+02 9.722191752271604082e-06 1.237564347139980312e-07
1.490000000000000000e+02 7.282451999199141037e-06 8.418571319587075886e-08
1.500000000000000000e+02 5.428247084559677108e-06 5.691626034396925547e-08
1.510000000000000000e+02 4.026973999158463732e-06 3.825788820583713395e-08
1.520000000000000000e+02 2.974523204920483791e-06 2.558602937405837296e-08
1.530000000000000000e+02 2.188434012941442615e-06 1.703221336119939445e-08
1.540000000000000000e+02 1.603717694126304699e-06 1.128229193154297768e-08
1.550000000000000000e+02 1.170102481679113141e-06 7.430395668212213145e-09
1.560000000000000000e+02 8.495495451308593089e-07 4.861984477580969336e-09
1.570000000000000000e+02 6.136400160455963522e-07 3.161219534856638086e-09
1.580000000000000000e+02 4.410764093331034090e-07 2.044274554408503966e-09
1.590000000000000000e+02 3.156891610985070900e-07 1.316125263110824102e-09
