0.000000000000000000e+00 7.386517384852632481e-09 -1.128016649650455267e-07
1.000000000000000000e+00 3.405122368076462969e-09 1.284971479852702525e-07
2.000000000000000000e+00 4.980517161761430498e-09 1.677672094192230620e-07
3.000000000000000000e+00 7.770095718088436724e-09 2.379185548240709408e-07
4.000000000000000000e+00 1.206826215911972510e-08 3.365293543285773638e-07
5.000000000000000000e+00 1.863355554422391994e-08 4.737957088007103193e-07
6.000000000000000000e+00 2.859247659974830408e-08 6.638873060459405450e-07
7.000000000000000000e+00 4.359698206782105866e-08 9.258379518980529340e-07
8.000000000000000000e+00 6.606120646563198862e-08 1.285042626770159858e-06
9.000000000000000000e+00 9.949523307700748759e-08 1.775196898436837269e-06
1.000000000000000000e+01 1.489593459178762797e-07 2.440767309911068099e-06
1.100000000000000000e+01 2.216768980265436378e-07 3.340116203312310807e-06
1.200000000000000000e+01 3.278760636879954779e-07 4.549427938525547871e-06
1.300000000000000000e+01 4.819631467984869871e-07 6.167607862870509283e-06
1.400000000000000000e+01 7.041386662503539638e-07 8.322352525824225507e-06
1.500000000000000000e+01 1.022551134810797240e-06 1.117761914916434497e-05
1.600000000000000000e+01 1.476093516002444246e-06 1.494275361303590623e-05
1.700000000000000000e+01 2.118031030359230059e-06 1.988356762337879362e-05
1.800000000000000000e+01 3.020782665829246162e-06 2.633568301347903124e-05
1.900000000000000000e+01 4.282250369103330736e-06 3.472048289073964892e-05
2.000000000000000000e+01 6.034027821572532622e-06 4.556402426951322419e-05
2.100000000000000000e+01 8.451729288743314877e-06 5.951927565653438644e-05
2.200000000000000000e+01 1.176777638424709825e-05 7.739204713196321569e-05
2.300000000000000000e+01 1.628731291537810984e-05 1.001709713344057015e-04
2.400000000000000000e+01 2.240819034315327341e-05 1.290618633009352992e-04
2.500000000000000000e+01 3.064582829280965452e-05 1.655267188572803565e-04
2.600000000000000000e+01 4.166332681792452025e-05 2.113275007511453336e-04
2.700000000000000000e+01 5.630710697368329024e-05 2.685747213083475174e-04
2.800000000000000000e+01 7.564891855291872285e-05 3.397806829449661259e-04
2.900000000000000000e+01 1.010356341637247857e-04 4.279170897803992500e-04
3.000000000000000000e+01 1.341478161722430592e-04 5.364765600078741977e-04
3.100000000000000000e+01 1.770667316154568853e-04 6.695372799488496889e-04
3.200000000000000000e+01 2.323489243356399898e-04 8.318296063445410581e-04
3.300000000000000000e+01 3.031086566566923044e-04 1.028802913310982283e-03
3.400000000000000000e+01 3.931097518577239677e-04 1.266690571529264023e-03
3.500000000000000000e+01 5.068666246109243111e-04 1.552570770966587091e-03
3.600000000000000000e+01 6.497499976744363671e-04 1.894420836903603234e-03
3.700000000000000000e+01 8.280910874845454159e-04 2.301162359290481307e-03
3.800000000000000000e+01 1.049282493464341560e-03 2.782693555466925206e-03
3.900000000000000000e+01 1.321879488297886696e-03 3.349904096138275195e-03
4.000000000000000000e+01 1.655701680771050083e-03 4.014667070604863511e-03
4.100000000000000000e+01 2.061921329340753867e-03 4.789803650151173812e-03
4.200000000000000000e+01 2.553116291416299751e-03 5.689017857852736101e-03
4.300000000000000000e+01 3.143277874824613235e-03 6.726799753630178548e-03
4.400000000000000000e+01 3.847787107197936807e-03 7.918293606957236067e-03
4.500000000000000000e+01 4.683375658178357340e-03 9.279124254909922737e-03
4.600000000000000000e+01 5.668055381719570851e-03 1.082517388051364507e-02
4.700000000000000000e+01 6.820966039225207639e-03 1.257230647454101943e-02
4.800000000000000000e+01 8.162105097781860094e-03 1.453604636146494690e-02
4.900000000000000000e+01 9.711966596127132728e-03 1.673122237839089199e-02
5.000000000000000000e+01 1.149115721096380383e-02 1.917158360279389018e-02
5.100000000000000000e+01 1.352001277846062027e-02 2.186937959086832778e-02
5.200000000000000000e+01 1.581814526185147673e-02 2.483489298030236436e-02
5.300000000000000000e+01 1.840382733430136544e-02 2.807592774114230777e-02
5.400000000000000000e+01 2.129322618284148344e-02 3.159728514634143476e-02
5.500000000000000000e+01 2.449962708263207431e-02 3.540027431933873148e-02
5.600000000000000000e+01 2.803277766165327561e-02 3.948228286219762628e-02
5.700000000000000000e+01 3.189832054225942570e-02 4.383638870943556282e-02
5.800000000000000000e+01 3.609715271390819685e-02 4.845097368253425268e-02
5.900000000000000000e+01 4.062463530264389527e-02 5.330933783355879668e-02
6.000000000000000000e+01 4.546980875410308598e-02 5.838938766023485383e-02
6.100000000000000000e+01 5.061487371245326078e-02 6.366350437558719599e-02
6.200000000000000000e+01 5.603502459761933174e-02 6.909863623698256352e-02
6.300000000000000000e+01 6.169845329235681963e-02 7.465654225624324125e-02
6.400000000000000000e+01 6.756629969766594912e-02 8.029406115864305693e-02
6.500000000000000000e+01 7.359258340718582980e-02 8.596336699863200981e-02
6.600000000000000000e+01 7.972440743956055176e-02 9.161233532508358812e-02
6.700000000000000000e+01 8.590265946014770393e-02 9.718520938149141641e-02
6.800000000000000000e+01 9.206310310080259574e-02 1.026236201007091758e-01
6.900000000000000000e+01 9.813753404732100671e-02 1.078677776131350269e-01
7.000000000000000000e+01 1.040548255108890985e-01 1.128575536154138581e-01
7.100000000000000000e+01 1.097420201504219761e-01 1.175333461341554614e-01
7.200000000000000000e+01 1.151257390406747738e-01 1.218369172629816533e-01
7.300000000000000000e+01 1.201339380113667921e-01 1.257125100873014711e-01
7.400000000000000000e+01 1.246977323734691501e-01 1.291083236203552087e-01
7.500000000000000000e+01 1.287529851743047515e-01 1.319780458517216259e-01
7.600000000000000000e+01 1.322416174844268100e-01 1.342819987892052147e-01
7.700000000000000000e+01 1.351128296849104238e-01 1.359877197342560518e-01
7.800000000000000000e+01 1.373243683904603329e-01 1.370702531148276504e-01
7.900000000000000000e+01 1.388437316712629876e-01 1.375126081004176548e-01
8.000000000000000000e+01 1.396490704885982592e-01 1.373065424294318548e-01
8.100000000000000000e+01 1.397296531606415648e-01 1.364533332336481108e-01
8.200000000000000000e+01 1.390859634835940883e-01 1.349639903084451920e-01
8.300000000000000000e+01 1.377295791238181966e-01 1.328586844913490217e-01
8.400000000000000000e+01 1.356828830164514832e-01 1.301657179159982358e-01
8.500000000000000000e+01 1.329785419651635658e-01 1.269206231108647165e-01
8.600000000000000000e+01 1.296586785453809898e-01 1.231656883906631916e-01
8.700000000000000000e+01 1.257737509246965313e-01 1.189496426420347114e-01
8.800000000000000000e+01 1.213812332772605806e-01 1.143269362800172634e-01
8.900000000000000000e+01 1.165441936769169295e-01 1.093563157482171921e-01
9.000000000000000000e+01 1.113298243293985856e-01 1.040989663502610990e-01
9.100000000000000000e+01 1.058079470775220576e-01 9.861685207748305260e-02
9.200000000000000000e+01 1.000495148728356293e-01 9.297168045573823980e-02
9.300000000000000000e+01 9.412514204859909195e-02 8.722435281234813820e-02
9.400000000000000000e+01 8.810370773882719719e-02 8.143435388270346686e-02
9.500000000000000000e+01 8.205108375390668396e-02 7.565866465103428251e-02
9.600000000000000000e+01 7.602903522605924946e-02 6.995032209573701087e-02
9.700000000000000000e+01 7.009432228083799232e-02 6.435718884548805030e-02
9.800000000000000000e+01 6.429800110637529098e-02 5.892141974724896675e-02
9.900000000000000000e+01 5.868490567695305860e-02 5.367959281103885233e-02
1.000000000000000000e+02 5.329330024030842772e-02 4.866299826397781775e-02
1.010000000000000000e+02 4.815471215756556012e-02 4.389759170194288546e-02
1.020000000000000000e+02 4.329395646653318858e-02 3.940358738736185473e-02
1.030000000000000000e+02 3.872933980875747917e-02 3.519513262027829104e-02
1.040000000000000000e+02 3.447300431606612620e-02 3.128052062026413782e-02
1.050000000000000000e+02 3.053136755484373022e-02 2.766297049943062386e-02
1.060000000000000000e+02 2.690563283072950479e-02 2.434155765458900084e-02
1.070000000000000000e+02 2.359236174997836680e-02 2.131183759788835008e-02
1.080000000000000000e+02 2.058409942228568018e-02 1.856607868920340590e-02
1.090000000000000000e+02 1.787002765456929473e-02 1.609341853375648168e-02
1.100000000000000000e+02 1.543661260572058540e-02 1.388030738522305629e-02
1.110000000000000000e+02 1.326822085174905914e-02 1.191129219026165406e-02
1.120000000000000000e+02 1.134769328043143052e-02 1.016985975164226910e-02
1.130000000000000000e+02 9.656875175808977280e-03 8.639015203370832216e-03
1.140000000000000000e+02 8.177098837526838512e-03 7.301525016140113233e-03
1.150000000000000000e+02 6.889609813147995650e-03 6.140027210891688819e-03
1.160000000000000000e+02 5.775928164492210269e-03 5.137251924179672691e-03
1.170000000000000000e+02 4.818142792116200841e-03 4.276405929756587308e-03
1.180000000000000000e+02 3.999143647189284945e-03 3.541570315570317234e-03
1.190000000000000000e+02 3.302798802678124940e-03 2.917931828372955210e-03
1.200000000000000000e+02 2.714081625620701644e-03 2.391808997365539591e-03
1.210000000000000000e+02 2.219151642763374579e-03 1.950583973626827256e-03
1.220000000000000000e+02 1.805393392401693359e-03 1.582674221802804915e-03
1.230000000000000000e+02 1.461419554867879117e-03 1.277582185200171368e-03
1.240000000000000000e+02 1.177045742701146071e-03 1.025958515136631260e-03
1.250000000000000000e+02 9.432437080916748892e-04 8.195976762575318863e-04
1.260000000000000000e+02 7.520783145554990438e-04 6.513473313897568187e-04
1.270000000000000000e+02 5.966326144225943349e-04 5.149796576845597435e-04
1.280000000000000000e+02 4.709250477021717160e-04 4.050840014975691039e-04
1.290000000000000000e+02 3.698226144507667538e-04 3.170007250970173756e-04
1.300000000000000000e+02 2.889533876167251717e-04 2.467733948661185797e-04
1.310000000000000000e+02 2.246209401348264615e-04 1.910876761718617426e-04
1.320000000000000000e+02 1.737224768616171843e-04 1.471876062732190048e-04
1.330000000000000000e+02 1.336719065032284130e-04 1.127846647145279234e-04
1.340000000000000000e+02 1.023287303242064383e-04 8.598020856127935798e-05
1.350000000000000000e+02 7.793332475768556099e-05 6.520884287508177217e-05
1.360000000000000000e+02 5.904888370417374246e-05 4.919553987079473562e-05
1.370000000000000000e+02 4.450999362955513055e-05 3.691544673624263845e-05
1.380000000000000000e+02 3.337759469085356398e-05 2.755175451641906444e-05
1.390000000000000000e+02 2.489994668631356607e-05 2.045481030995002986e-05
1.400000000000000000e+02 1.847914289231158697e-05 1.510785910713935366e-05
1.410000000000000000e+02 1.364266850970621272e-05 1.110150301696568052e-05
1.420000000000000000e+02 1.001947321185167540e-05 8.114781361165196249e-06
1.430000000000000000e+02 7.320021722652920131e-06 5.899409525500380837e-06
1.440000000000000000e+02 5.319803240376259001e-06 4.265236570411429036e-06
1.450000000000000000e+02 3.845813752748188864e-06 3.067103214405698971e-06
1.460000000000000000e+02 2.765566524100342433e-06 2.194101827780323858e-06
1.470000000000000000e+02 1.978229969989904264e-06 1.561638010725262254e-06
1.480000000000000000e+02 1.407536978272408932e-06 1.105738523660317811e-06
1.490000000000000000e+02 9.961547064938393800e-07 7.786729143857657566e-07
1.500000000000000000e+02 7.012475327497100297e-07 5.452534909421983127e-07
1.510000000000000000e+02 4.910063876192233539e-07 3.796711590806336520e-07
1.520000000000000000e+02 3.419540635215332035e-07 2.629739512451132995e-07
1.530000000000000000e+02 2.368681607130762734e-07 1.812335490207735611e-07
1.540000000000000000e+02 1.631914156688236922e-07 1.242747411977863022e-07
1.550000000000000000e+02 1.118235234281967536e-07 8.476120961429650109e-08
1.560000000000000000e+02 7.620931161539930160e-08 5.747819277952317255e-08
1.570000000000000000e+02 5.165540796493532349e-08 3.874834635833718417e-08
1.580000000000000000e+02 3.482171901816912025e-08 2.597717157881163631e-08
1.590000000000000000e+02 2.334558530601724056e-08 1.732792415156925710e-08
