0.000000000000000000e+00 -6.672954712662679803e-10 -2.742281550902796276e-06
1.000000000000000000e+00 1.110836081296104725e-09 4.486227498343792821e-06
2.000000000000000000e+00 1.737669404263264137e-09 4.864971137144695907e-06
3.000000000000000000e+00 2.786543731237179348e-09 6.281354538698170035e-06
4.000000000000000000e+00 4.439812694305164466e-09 8.180447587523667527e-06
5.000000000000000000e+00 7.026659987440327611e-09 1.062741130261458489e-05
6.000000000000000000e+00 1.104649080182826708e-08 1.375814802105237635e-05
7.000000000000000000e+00 1.725046999847844085e-08 1.774840480471579984e-05
8.000000000000000000e+00 2.676022906002795073e-08 2.281611858229320875e-05
9.000000000000000000e+00 4.123833741042288610e-08 2.922817929470173759e-05
1.000000000000000000e+01 6.313147044892871497e-08 3.730897737819752262e-05
1.100000000000000000e+01 9.601406248395497624e-08 4.745125494022886368e-05
1.200000000000000000e+01 1.450705407349867554e-07 6.013002540562977069e-05
1.300000000000000000e+01 2.177661028495535771e-07 7.591960638354812668e-05
1.400000000000000000e+01 3.247725650970066629e-07 9.551275313028638242e-05
1.500000000000000000e+01 4.812357760667868705e-07 1.197402899841434030e-04
1.600000000000000000e+01 7.084962785752041094e-07 1.495902375040165716e-04
1.700000000000000000e+01 1.036406440894098761e-06 1.862272597360254572e-04
1.800000000000000000e+01 1.506424474038714001e-06 2.310153061234082757e-04
1.900000000000000000e+01 2.175711526043990943e-06 2.855469359003752310e-04
2.000000000000000000e+01 3.122511237891274498e-06 3.516807823756370891e-04
2.100000000000000000e+01 4.453152651134004282e-06 4.315844380892479770e-04
2.200000000000000000e+01 6.311088148908124577e-06 5.277762653783334406e-04
2.300000000000000000e+01 8.888454967354262549e-06 6.431595572289151635e-04
2.400000000000000000e+01 1.244073370850821134e-05 7.810476114935414492e-04
2.500000000000000000e+01 1.730516492086558016e-05 9.451863300532274649e-04
2.600000000000000000e+01 2.392367401765679977e-05 1.139786175219601036e-03
2.700000000000000000e+01 3.287113823635036294e-05 1.369572083413385898e-03
2.800000000000000000e+01 4.488990268128889853e-05 1.639847611990573936e-03
2.900000000000000000e+01 6.093150550541270589e-05 1.956555036486716439e-03
3.000000000000000000e+01 8.220659657909323327e-05 2.326307614454850396e-03
3.100000000000000000e+01 1.102440178431199092e-04 2.756381456709203030e-03
3.200000000000000000e+01 1.469599400429442840e-04 3.254678623810959050e-03
3.300000000000000000e+01 1.947378082971199941e-04 3.829694263497162698e-03
3.400000000000000000e+01 2.565196209131604885e-04 4.490520162382414388e-03
3.500000000000000000e+01 3.359087383172688099e-04 5.246888500596633489e-03
3.600000000000000000e+01 4.372839782023144593e-04 6.109217917385375250e-03
3.700000000000000000e+01 5.659241811996995435e-04 7.088599709935477708e-03
3.800000000000000000e+01 7.281417206142828382e-04 8.196679991588663727e-03
3.900000000000000000e+01 9.314225811251756505e-04 9.445450871660408115e-03
4.000000000000000000e+01 1.184569658520589737e-03 1.084702416281155789e-02
4.100000000000000000e+01 1.497844849464844297e-03 1.241347684131855617e-02
4.200000000000000000e+01 1.883104313136560329e-03 1.415680507191651588e-02
4.300000000000000000e+01 2.353920018065878451e-03 1.608892943733349762e-02
4.400000000000000000e+01 2.925679408874542337e-03 1.822162435109692807e-02
4.500000000000000000e+01 3.615653858807543232e-03 2.056626065493525821e-02
4.600000000000000000e+01 4.443025609111125006e-03 2.313335770698834309e-02
4.700000000000000000e+01 5.428862135463639882e-03 2.593207411303743992e-02
4.800000000000000000e+01 6.596026311458372607e-03 2.896982602355901992e-02
4.900000000000000000e+01 7.969010536774520995e-03 3.225214917437006779e-02
5.000000000000000000e+01 9.573683562458216653e-03 3.578274936294910391e-02
5.100000000000000000e+01 1.143694032239615105e-02 3.956353210225742323e-02
5.200000000000000000e+01 1.358624733271395282e-02 4.359438698916848903e-02
5.300000000000000000e+01 1.604907856875373642e-02 4.787265888455454615e-02
5.400000000000000000e+01 1.885223940100055548e-02 5.239247306616970357e-02
5.500000000000000000e+01 2.202108050475656831e-02 5.714422923226444156e-02
5.600000000000000000e+01 2.557861039074169063e-02 6.211451740391567278e-02
5.700000000000000000e+01 2.954452250987893436e-02 6.728645669934635309e-02
5.800000000000000000e+01 3.393415774526213624e-02 7.264017896765849469e-02
5.900000000000000000e+01 3.875742583620141180e-02 7.815307539206477194e-02
6.000000000000000000e+01 4.401771481805400593e-02 8.379959093299543804e-02
6.100000000000000000e+01 4.971082879586215947e-02 8.955069648311447805e-02
6.200000000000000000e+01 5.582400486749164448e-02 9.537345952478383515e-02
6.300000000000000000e+01 6.233505939128072826e-02 1.012311535857169237e-01
6.400000000000000000e+01 6.921170357085065783e-02 1.070840519024970627e-01
6.500000000000000000e+01 7.641106519072682346e-02 1.128906210619286116e-01
6.600000000000000000e+01 8.387946675715921008e-02 1.186085603704122443e-01
6.700000000000000000e+01 9.155252137308331206e-02 1.241952308909593655e-01
6.800000000000000000e+01 9.935558811247702238e-02 1.296074489265871266e-01
6.900000000000000000e+01 1.072045858612280800e-01 1.348011037676656587e-01
7.000000000000000000e+01 1.150071449392893186e-01 1.397312539924613906e-01
7.100000000000000000e+01 1.226641014611118130e-01 1.443530920652615068e-01
7.200000000000000000e+01 1.300713609509449031e-01 1.486235907559003699e-01
7.300000000000000000e+01 1.371221119258072829e-01 1.525031444186772112e-01
7.400000000000000000e+01 1.437092832323055291e-01 1.559564624099982755e-01
7.500000000000000000e+01 1.497281147439091797e-01 1.589524396923862604e-01
7.600000000000000000e+01 1.550787840364574455e-01 1.614634239779842162e-01
7.700000000000000000e+01 1.596690898670375391e-01 1.634647313995400419e-01
7.800000000000000000e+01 1.634171226575437952e-01 1.649350984354489291e-01
7.900000000000000000e+01 1.662537245642518591e-01 1.658580754632343057e-01
8.000000000000000000e+01 1.681245450809165376e-01 1.662236340092429765e-01
8.100000000000000000e+01 1.689916593534467881e-01 1.660290120807850767e-01
8.200000000000000000e+01 1.688348234445327667e-01 1.652782698585440468e-01
8.300000000000000000e+01 1.676523349511541139e-01 1.639808771785247199e-01
8.400000000000000000e+01 1.654613051128269174e-01 1.621502985038767164e-01
8.500000000000000000e+01 1.622972045071562064e-01 1.598035009769204207e-01
8.600000000000000000e+01 1.582127946979439703e-01 1.569615976067013641e-01
8.700000000000000000e+01 1.532766758477337732e-01 1.536509613725344503e-01
8.800000000000000000e+01 1.475715070805224127e-01 1.499037497008539610e-01
8.900000000000000000e+01 1.411917639813598524e-01 1.457571586000039610e-01
9.000000000000000000e+01 1.342410055309883610e-01 1.412516050879839280e-01
9.100000000000000000e+01 1.268289096565531904e-01 1.364287696613010747e-01
9.200000000000000000e+01 1.190683963353939417e-01 1.313304844013238326e-01
9.300000000000000000e+01 1.110729012164713703e-01 1.259988015413552875e-01
9.400000000000000000e+01 1.029536656944046169e-01 1.204767150259642983e-01
9.500000000000000000e+01 9.481705715829194525e-02 1.148085679244516821e-01
9.600000000000000000e+01 8.676219404427426563e-02 1.090394625092497571e-01
9.700000000000000000e+01 7.887912067360662582e-02 1.032137556054327082e-01
9.800000000000000000e+01 7.124748255621166093e-02 9.737338874742958172e-02
9.900000000000000000e+01 6.393550325595047379e-02 9.155689596730674784e-02
1.000000000000000000e+02 5.699924037203315391e-02 8.579942383231958791e-02
1.010000000000000000e+02 5.048230142725076974e-02 8.013339810480722691e-02
1.020000000000000000e+02 4.441611301071021062e-02 7.458909500281749039e-02
1.030000000000000000e+02 3.882058271812393463e-02 6.919456032858964378e-02
1.040000000000000000e+02 3.370492740715809454e-02 6.397487847881759560e-02
1.050000000000000000e+02 2.906862292438471690e-02 5.895128901087911405e-02
1.060000000000000000e+02 2.490257096854336244e-02 5.414073672143127763e-02
1.070000000000000000e+02 2.119048566236328424e-02 4.955610713069622669e-02
1.080000000000000000e+02 1.791033563945400309e-02 4.520692979916141052e-02
1.090000000000000000e+02 1.503567924467467433e-02 4.110007376301806625e-02
1.100000000000000000e+02 1.253687942414261937e-02 3.724006356722470157e-02
1.110000000000000000e+02 1.038226662438517488e-02 3.362898527434726725e-02
1.120000000000000000e+02 8.539247827591148199e-03 3.026625627999650001e-02
1.130000000000000000e+02 6.975271854387443508e-03 2.714859539175656228e-02
1.140000000000000000e+02 5.658585644633513066e-03 2.427034676118890871e-02
1.150000000000000000e+02 4.558807670924591715e-03 2.162405091749049907e-02
1.160000000000000000e+02 3.647379619286630296e-03 1.920101150304775323e-02
1.170000000000000000e+02 2.897913439081259424e-03 1.699165592903913516e-02
1.180000000000000000e+02 2.286410162101748262e-03 1.498566178860296152e-02
1.190000000000000000e+02 1.791344032640625281e-03 1.317197628215263996e-02
1.200000000000000000e+02 1.393645526307082331e-03 1.153889150812765531e-02
1.210000000000000000e+02 1.076625052217855798e-03 1.007425524122472493e-02
1.220000000000000000e+02 8.258555430470067901e-04 8.765776719633805100e-03
1.230000000000000000e+02 6.290146492589407780e-04 7.601319628290166899e-03
1.240000000000000000e+02 4.756930006748826358e-04 6.569093929482238380e-03
1.250000000000000000e+02 3.571867367686217031e-04 5.657731832228266380e-03
1.260000000000000000e+02 2.662918239193616532e-04 4.856299245736063128e-03
1.270000000000000000e+02 1.971076874878663538e-04 4.154310482680707503e-03
1.280000000000000000e+02 1.448512454444342941e-04 3.541782198901756006e-03
1.290000000000000000e+02 1.056832085202351475e-04 3.009315948357607975e-03
1.300000000000000000e+02 7.655057223821334781e-05 2.548172180079890693e-03
1.310000000000000000e+02 5.504809391164837439e-05 2.150304480385879097e-03
1.320000000000000000e+02 3.929872577548078642e-05 1.808348816057325651e-03
1.330000000000000000e+02 2.785142300796265716e-05 1.515585952442117211e-03
1.340000000000000000e+02 1.959477559141980908e-05 1.265901392234505558e-03
1.350000000000000000e+02 1.368515512032396353e-05 1.053756842667321432e-03
1.360000000000000000e+02 9.487885158407426221e-06 8.741717656847310895e-04
1.370000000000000000e+02 6.529706688261022566e-06 7.227044959320845811e-04
1.380000000000000000e+02 4.460827956094378852e-06 5.954236814673194043e-04
1.390000000000000000e+02 3.024995479424332226e-06 4.888684088801014847e-04
1.400000000000000000e+02 2.036151196668279431e-06 4.000023705556604798e-04
1.410000000000000000e+02 1.360391994584435477e-06 3.261693870110850312e-04
1.420000000000000000e+02 9.021658330457978635e-07 2.650547234101906647e-04
1.430000000000000000e+02 5.938502339362392134e-07 2.146522124023667630e-04
1.440000000000000000e+02 3.879948177754231663e-07 1.732344682168264775e-04
1.450000000000000000e+02 2.516017925219426999e-07 1.393235751885999092e-04
1.460000000000000000e+02 1.619295066418354599e-07 1.116615090036661071e-04
1.470000000000000000e+02 1.034349543447838261e-07 8.918136632697693021e-05
1.480000000000000000e+02 6.557713159548933889e-08 7.098105939579164695e-05
1.490000000000000000e+02 4.126473256184418002e-08 5.630048730632116974e-05
1.500000000000000000e+02 2.577010522732086797e-08 4.450211459041014027e-05
1.510000000000000000e+02 1.597092273988457594e-08 3.505417165657216254e-05
1.520000000000000000e+02 9.822510971397718315e-09 2.751564222314330780e-05
1.530000000000000000e+02 5.995589868678261348e-09 2.152260407817752980e-05
1.540000000000000000e+02 3.632300707571514786e-09 1.677592544272796842e-05
1.550000000000000000e+02 2.183915051112770216e-09 1.303050508607658452e-05
1.560000000000000000e+02 1.302934074423699363e-09 1.008615532905734005e-05
1.570000000000000000e+02 7.712877863935725691e-10 7.780018165247772153e-06
1.580000000000000000e+02 4.530837981890314844e-10 5.980249152682088037e-06
1.590000000000000000e+02 2.641735346036091140e-10 4.580679941378416215e-06
