0.000000000000000000e+00 -1.914224366360950709e-06 -3.713733348497087602e-06
1.000000000000000000e+00 -1.755787560194778370e-10 -5.153431434353022070e-10
2.000000000000000000e+00 -2.603165218605935270e-10 -7.457849639646174834e-10
3.000000000000000000e+00 -4.062926177950855963e-10 -1.142343640956886347e-09
4.000000000000000000e+00 -6.303763531389579225e-10 -1.743240108864566959e-09
5.000000000000000000e+00 -9.727052790473419917e-10 -2.647532199183117512e-09
6.000000000000000000e+00 -1.494425400845013137e-09 -4.000498591017919895e-09
7.000000000000000000e+00 -2.286861709604671844e-09 -6.013354903104296790e-09
8.000000000000000000e+00 -3.483565338419195521e-09 -8.992726840034508126e-09
9.000000000000000000e+00 -5.277231468570411579e-09 -1.338241474983479649e-08
1.000000000000000000e+01 -7.945929889908775014e-09 -1.982066836896709124e-08
1.100000000000000000e+01 -1.189430583888132066e-08 -2.921747206227694047e-08
1.200000000000000000e+01 -1.771375726523429308e-08 -4.285968831084315285e-08
1.300000000000000000e+01 -2.626203264997119939e-08 -6.255698696318952448e-08
1.400000000000000000e+01 -3.876221158160285589e-08 -9.084610008685394821e-08
1.500000000000000000e+01 -5.692951902065985796e-08 -1.312726666710549105e-07
1.600000000000000000e+01 -8.315139958230929627e-08 -1.887693368875882915e-07
1.700000000000000000e+01 -1.207600615585772935e-07 -2.701511467499778426e-07
1.800000000000000000e+01 -1.744310358368307033e-07 -3.847612185611241063e-07
1.900000000000000000e+01 -2.507139526756809238e-07 -5.453225676615450235e-07
2.000000000000000000e+01 -3.586793600666864680e-07 -7.690756828345358846e-07
2.100000000000000000e+01 -5.106911928018107699e-07 -1.079292285964726325e-06
2.200000000000000000e+01 -7.234038628643642599e-07 -1.507249492859579104e-06
2.300000000000000000e+01 -1.019182192552361523e-06 -2.094743376105010320e-06
2.400000000000000000e+01 -1.428148376477177783e-06 -2.897246486302954719e-06
2.500000000000000000e+01 -1.990919172323761778e-06 -3.987882142938568608e-06
2.600000000000000000e+01 -2.761908590754574861e-06 -5.462470312713490252e-06
2.700000000000000000e+01 -3.813067285025210012e-06 -7.445941785612779632e-06
2.800000000000000000e+01 -5.238265452167889481e-06 -1.010039352318767900e-05
2.900000000000000000e+01 -7.159037509358600707e-06 -1.363501166352897415e-05
3.000000000000000000e+01 -9.732614101906564974e-06 -1.831810396609641627e-05
3.100000000000000000e+01 -1.316267404359734898e-05 -2.449159862069813295e-05
3.200000000000000000e+01 -1.771227582372290692e-05 -3.258851544231344507e-05
3.300000000000000000e+01 -2.371789643441042297e-05 -4.315398226290553319e-05
3.400000000000000000e+01 -3.160431999174564326e-05 -5.687031519476112921e-05
3.500000000000000000e+01 -4.190208169958828350e-05 -7.458659685820738278e-05
3.600000000000000000e+01 -5.527063106200613598e-05 -9.735317199400381140e-05
3.700000000000000000e+01 -7.252940613392890609e-05 -1.264614811155685486e-04
3.800000000000000000e+01 -9.469549367255724757e-05 -1.634895033119589298e-04
3.900000000000000000e+01 -1.230231879726972400e-04 -2.103527834613366538e-04
4.000000000000000000e+01 -1.590413360684558440e-04 -2.693609181537624472e-04
4.100000000000000000e+01 -2.045899739974994368e-04 -3.432797921235296291e-04
4.200000000000000000e+01 -2.618643831988005976e-04 -4.354004298546593123e-04
4.300000000000000000e+01 -3.334753269378329409e-04 -5.496149272670776019e-04
4.400000000000000000e+01 -4.225253011706820187e-04 -6.904978082019452412e-04
4.500000000000000000e+01 -5.326874246686922514e-04 -8.633884528094461696e-04
4.600000000000000000e+01 -6.682682784843222649e-04 -1.074469813740582718e-03
4.700000000000000000e+01 -8.342473708931284759e-04 -1.330842171729240036e-03
4.800000000000000000e+01 -1.036308311415467523e-03 -1.640595555930341592e-03
4.900000000000000000e+01 -1.280890176455971603e-03 -2.012884482254590369e-03
5.000000000000000000e+01 -1.575273246142087262e-03 -2.458000230746151468e-03
5.100000000000000000e+01 -1.927674929896279867e-03 -2.987424238399905094e-03
5.200000000000000000e+01 -2.347300668760614675e-03 -3.613843558659226782e-03
5.300000000000000000e+01 -2.844307138388518438e-03 -4.351123017097929119e-03
5.400000000000000000e+01 -3.429694303641960592e-03 -5.214249415800795498e-03
5.500000000000000000e+01 -4.115202032699997320e-03 -6.219268869162322862e-03
5.600000000000000000e+01 -4.913281491850221387e-03 -7.383215719587112383e-03
5.700000000000000000e+01 -5.837123751775510384e-03 -8.723995819115549707e-03
5.800000000000000000e+01 -6.900624643494471418e-03 -1.026017549135374747e-02
5.900000000000000000e+01 -8.118153855073513211e-03 -1.201066324853084996e-02
6.000000000000000000e+01 -9.504121193798859696e-03 -1.399433066982195585e-02
6.100000000000000000e+01 -1.107250254053253335e-02 -1.622964294081693376e-02
6.200000000000000000e+01 -1.283653300325580948e-02 -1.873432151350320693e-02
6.300000000000000000e+01 -1.480861094107216100e-02 -2.152497593062452710e-02
6.400000000000000000e+01 -1.700020397250877682e-02 -2.461660684533716059e-02
6.500000000000000000e+01 -1.942145771092068651e-02 -2.802195284430137462e-02
6.600000000000000000e+01 -2.208042063833901003e-02 -3.175078067508449453e-02
6.700000000000000000e+01 -2.498216133810555323e-02 -3.580927730994662439e-02
6.800000000000000000e+01 -2.812821557009543422e-02 -4.019961508116871168e-02
6.900000000000000000e+01 -3.151654717620039348e-02 -4.491959472107840551e-02
7.000000000000000000e+01 -3.514172584565450341e-02 -4.996219357718251902e-02
7.100000000000000000e+01 -3.899478338744801625e-02 -5.531496038917064345e-02
7.200000000000000000e+01 -4.306250451155247544e-02 -6.095941483822855944e-02
7.300000000000000000e+01 -4.732651548432450367e-02 -6.687071220444359976e-02
7.400000000000000000e+01 -5.176286666843410433e-02 -7.301769221490152229e-02
7.500000000000000000e+01 -5.634248032390168359e-02 -7.936316178387686771e-02
7.600000000000000000e+01 -6.103210799671246467e-02 -8.586413360263678296e-02
7.700000000000000000e+01 -6.579501395387801765e-02 -9.247190837262413143e-02
7.800000000000000000e+01 -7.059093400872169799e-02 -9.913220145318328569e-02
7.900000000000000000e+01 -7.537567107448867043e-02 -1.057856523075866306e-01
8.000000000000000000e+01 -8.010118719484263239e-02 -1.123688476015430870e-01
8.100000000000000000e+01 -8.471671477742635792e-02 -1.188156187013446052e-01
8.200000000000000000e+01 -8.917053592360298098e-02 -1.250582150276119964e-01
8.300000000000000000e+01 -9.341151752073406644e-02 -1.310281870304678686e-01
8.400000000000000000e+01 -9.738979619518969844e-02 -1.366572147771791257e-01
8.500000000000000000e+01 -1.010568783668290560e-01 -1.418782719955921923e-01
8.600000000000000000e+01 -1.043659972209620423e-01 -1.466272383485542896e-01
8.700000000000000000e+01 -1.072732959384036511e-01 -1.508446279016533165e-01
8.800000000000000000e+01 -1.097395774507118060e-01 -1.544769455714416206e-01
8.900000000000000000e+01 -1.117317972025860390e-01 -1.574774928479387437e-01
9.000000000000000000e+01 -1.132236982191388991e-01 -1.598069168050787747e-01
9.100000000000000000e+01 -1.141957293858486822e-01 -1.614339482358633504e-01
9.200000000000000000e+01 -1.146349089225922324e-01 -1.623364406014265460e-01
9.300000000000000000e+01 -1.145351353354936846e-01 -1.625023373809960092e-01
9.400000000000000000e+01 -1.138978375250828401e-01 -1.619300612836656883e-01
9.500000000000000000e+01 -1.127324180931377623e-01 -1.606281836553341003e-01
9.600000000000000000e+01 -1.110560590790299618e-01 -1.586147362479899403e-01
9.700000000000000000e+01 -1.088929420402275222e-01 -1.559166672868139425e-01
9.800000000000000000e+01 -1.062732938162297969e-01 -1.525695866884292651e-01
9.900000000000000000e+01 -1.032326131344528664e-01 -1.486174606008845989e-01
1.000000000000000000e+02 -9.981109820191313986e-02 -1.441117939372760781e-01
1.010000000000000000e+02 -9.605303738450043927e-02 -1.391101976957059838e-01
1.020000000000000000e+02 -9.200595055279423007e-02 -1.336747121247522929e-01
1.030000000000000000e+02 -8.771948541633400875e-02 -1.278703822807439328e-01
1.040000000000000000e+02 -8.324424769210185537e-02 -1.217642562885822288e-01
1.050000000000000000e+02 -7.863074474933004487e-02 -1.154245397800397477e-01
1.060000000000000000e+02 -7.392850358698620228e-02 -1.089195180391328566e-01
1.070000000000000000e+02 -6.918531915550504841e-02 -1.023161416969506216e-01
1.080000000000000000e+02 -6.444657001282201592e-02 -9.567855734261764000e-02
1.090000000000000000e+02 -5.975457967813244120e-02 -8.906697605888840019e-02
1.100000000000000000e+02 -5.514804474935477985e-02 -8.253702963895513667e-02
1.110000000000000000e+02 -5.066156656242572220e-02 -7.613942604391119029e-02
1.120000000000000000e+02 -4.632531866837450579e-02 -6.991960102141951683e-02
1.130000000000000000e+02 -4.216486867232609181e-02 -6.391724377979998706e-02
1.140000000000000000e+02 -3.820115098162903122e-02 -5.816584159692361061e-02
1.150000000000000000e+02 -3.445056065872931228e-02 -5.269248272911360859e-02
1.160000000000000000e+02 -3.092512419339021532e-02 -4.751801662942202464e-02
1.170000000000000000e+02 -2.763271489939068265e-02 -4.265745588645066672e-02
1.180000000000000000e+02 -2.457731076222834793e-02 -3.812041652572458611e-02
1.190000000000000000e+02 -2.175931347074694377e-02 -3.391148511204726546e-02
1.200000000000000000e+02 -1.917593886643469137e-02 -3.003055640578519703e-02
1.210000000000000000e+02 -1.682165937806695544e-02 -2.647325524184800105e-02
1.220000000000000000e+02 -1.468865670298717847e-02 -2.323149794875383617e-02
1.230000000000000000e+02 -1.276724824702930861e-02 -2.029414091117580018e-02
1.240000000000000000e+02 -1.104627686969541708e-02 -1.764761152147643203e-02
1.250000000000000000e+02 -9.513475709638612166e-03 -1.527645275737448891e-02
1.260000000000000000e+02 -8.155820834054224380e-03 -1.316378636925972026e-02
1.270000000000000000e+02 -6.959868589033463629e-03 -1.129174113990552737e-02
1.280000000000000000e+02 -5.912060315099007014e-03 -9.641877511261389214e-03
1.290000000000000000e+02 -4.998977846191214255e-03 -8.195598063203345454e-03
1.300000000000000000e+02 -4.207546280319385268e-03 -6.934508832695969287e-03
1.310000000000000000e+02 -3.525193070463301243e-03 -5.840705987317841921e-03
1.320000000000000000e+02 -2.939975049787765977e-03 -4.896989244046849599e-03
1.330000000000000000e+02 -2.440678818794628398e-03 -4.087021599721967109e-03
1.340000000000000000e+02 -2.016893134238799835e-03 -3.395453554460724395e-03
1.350000000000000000e+02 -1.659050809768144053e-03 -2.808017478138322663e-03
1.360000000000000000e+02 -1.358441741571045401e-03 -2.311588469279380383e-03
1.370000000000000000e+02 -1.107203205722057842e-03 -1.894208539293686620e-03
1.380000000000000000e+02 -8.982947066362527693e-04 -1.545077422701390552e-03
1.390000000000000000e+02 -7.254624566434664896e-04 -1.254518488120232858e-03
1.400000000000000000e+02 -5.831957404509993453e-04 -1.013928516108919585e-03
1.410000000000000000e+02 -4.666762278968832924e-04 -8.157170626750468844e-04
1.420000000000000000e+02 -3.717218734732044517e-04 -6.532381523382166898e-04
1.430000000000000000e+02 -2.947280085822263614e-04 -5.207159993973386938e-04
1.440000000000000000e+02 -2.326083859122406736e-04 -4.131668906395641284e-04
1.450000000000000000e+02 -1.827381621937364394e-04 -3.263199302448094503e-04
1.460000000000000000e+02 -1.428997966178852249e-04 -2.565392577656267869e-04
1.470000000000000000e+02 -1.112322367724567112e-04 -2.007496938266531254e-04
1.480000000000000000e+02 -8.618365948122323663e-05 -1.563670061469249852e-04
1.490000000000000000e+02 -6.646812250488296164e-05 -1.212334224977064672e-04
1.500000000000000000e+02 -5.102645272257451230e-05 -9.355867946714953797e-05
1.510000000000000000e+02 -3.899148857368687181e-05 -7.186670424776143171e-05
1.520000000000000000e+02 -2.965754087780044800e-05 -5.494791027928662755e-05
1.530000000000000000e+02 -2.245377483233783426e-05 -4.181700156869816372e-05
1.540000000000000000e+02 -1.692117711819440855e-05 -3.167608987448356026e-05
1.550000000000000000e+02 -1.269279314090324538e-05 -2.388281835976078515e-05
1.560000000000000000e+02 -9.476936105937759338e-06 -1.792307417261066108e-05
1.570000000000000000e+02 -7.043060010409564942e-06 -1.338780347140941968e-05
1.580000000000000000e+02 -5.209975489835905910e-06 -9.953439163220659009e-06
1.590000000000000000e+02 -3.836089049486567891e-06 -7.365495267010382845e-06
