0.000000000000000000e+00 -4.189199449389771863e-08 -1.706545942031096368e-06
1.000000000000000000e+00 -2.185859792854743534e-11 -1.186872678913155899e-07
2.000000000000000000e+00 -3.548321140273369846e-11 -1.539974267445328907e-07
3.000000000000000000e+00 -5.903541852862649677e-11 -2.080888373751548321e-07
4.000000000000000000e+00 -9.776398126925990165e-11 -2.802038892361059937e-07
5.000000000000000000e+00 -1.610273674653929806e-10 -3.759789366017040558e-07
6.000000000000000000e+00 -2.634756358692627524e-10 -5.027094256577699583e-07
7.000000000000000000e+00 -4.279734558064233493e-10 -6.697712874034151688e-07
8.000000000000000000e+00 -6.904124616926672309e-10 -8.891588432088342668e-07
9.000000000000000000e+00 -1.107230841096441892e-09 -1.176156383536639974e-06
1.000000000000000000e+01 -1.766303914827823139e-09 -1.550177622056504011e-06
1.100000000000000000e+01 -2.802092178811740141e-09 -2.035805930608009748e-06
1.200000000000000000e+01 -4.417382924646877427e-09 -2.664059502221836540e-06
1.300000000000000000e+01 -6.916649548762150638e-09 -3.473895379041135908e-06
1.400000000000000000e+01 -1.075828933488966498e-08 -4.513967726950777043e-06
1.500000000000000000e+01 -1.663258809580344491e-08 -5.844682066782301081e-06
1.600000000000000000e+01 -2.556994582774946367e-08 -7.540638281108926440e-06
1.700000000000000000e+01 -3.908550026269451296e-08 -9.693606232761063743e-06
1.800000000000000000e+01 -5.937839348193728917e-08 -1.241618350159105450e-05
1.900000000000000000e+01 -8.962396018917855812e-08 -1.584620808514079340e-05
2.000000000000000000e+01 -1.344091120014552609e-07 -2.015185389065892254e-05
2.100000000000000000e+01 -2.003500815556610713e-07 -2.553721324306745000e-05
2.200000000000000000e+01 -2.969096079349720470e-07 -3.224820329269019074e-05
2.300000000000000000e+01 -4.374424709917226303e-07 -4.057890417335354919e-05
2.400000000000000000e+01 -6.405786470030220000e-07 -5.087885664008015671e-05
2.500000000000000000e+01 -9.321634362211286187e-07 -6.356211874190449153e-05
2.600000000000000000e+01 -1.348003669088125436e-06 -7.911864197447283247e-05
2.700000000000000000e+01 -1.937554595531533954e-06 -9.812764934973633912e-05
2.800000000000000000e+01 -2.768541174549166517e-06 -1.212715611090892304e-04
2.900000000000000000e+01 -3.932593412954078087e-06 -1.493484768799088736e-04
3.000000000000000000e+01 -5.552387002700166382e-06 -1.832821268010126673e-04
3.100000000000000000e+01 -7.791206265855023228e-06 -2.241305781399778238e-04
3.200000000000000000e+01 -1.086575754676477266e-05 -2.730975186769347670e-04
3.300000000000000000e+01 -1.506235368002109418e-05 -3.315503957986610530e-04
3.400000000000000000e+01 -2.075599188596889143e-05 -4.010464256393423028e-04
3.500000000000000000e+01 -2.843234460430003272e-05 -4.833612797028568730e-04
3.600000000000000000e+01 -3.871424812377331358e-05 -5.805099433207562467e-04
3.700000000000000000e+01 -5.239536209572300961e-05 -6.947499353871311803e-04
3.800000000000000000e+01 -7.048260094553857784e-05 -8.285662884280078043e-04
3.900000000000000000e+01 -9.424611579338546485e-05 -9.846516816708755782e-04
4.000000000000000000e+01 -1.252738983061084724e-04 -1.165904030534772569e-03
4.100000000000000000e+01 -1.655300091050793977e-04 -1.375457368324817112e-03
4.200000000000000000e+01 -2.174197494016020529e-04 -1.616738170727346699e-03
4.300000000000000000e+01 -2.838670020111320764e-04 -1.893510578329594008e-03
4.400000000000000000e+01 -3.684049442532086284e-04 -2.209862443822224135e-03
4.500000000000000000e+01 -4.752737843067726458e-04 -2.570107346853158902e-03
4.600000000000000000e+01 -6.095151753069335014e-04 -2.978631388019479208e-03
4.700000000000000000e+01 -7.770573239211703200e-04 -3.439765482460332112e-03
4.800000000000000000e+01 -9.847942872207725469e-04 -3.957769626319871704e-03
4.900000000000000000e+01 -1.240668033476443948e-03 -4.536951619105432723e-03
5.000000000000000000e+01 -1.553755112238329288e-03 -5.181834555336005226e-03
5.100000000000000000e+01 -1.934343626897394499e-03 -5.897207494426263616e-03
5.200000000000000000e+01 -2.393973266365777286e-03 -6.687919008366729687e-03
5.300000000000000000e+01 -2.945415787907810449e-03 -7.558422661536223774e-03
5.400000000000000000e+01 -3.602597854667322075e-03 -8.512279864943723615e-03
5.500000000000000000e+01 -4.380493794064606664e-03 -9.551925244093440945e-03
5.600000000000000000e+01 -5.295012461732620003e-03 -1.067888853686673259e-02
5.700000000000000000e+01 -6.362859021370645060e-03 -1.189436476159405794e-02
5.800000000000000000e+01 -7.601303741054327504e-03 -1.319971201447212722e-02
5.900000000000000000e+01 -9.027797295450459836e-03 -1.459638124704136508e-02
6.000000000000000000e+01 -1.065945576189733512e-02 -1.608507935724099586e-02
6.100000000000000000e+01 -1.251252769193550787e-02 -1.766451230878589643e-02
6.200000000000000000e+01 -1.460193930440999155e-02 -1.933048780694691243e-02
6.300000000000000000e+01 -1.694087321033283314e-02 -2.107610222426679891e-02
6.400000000000000000e+01 -1.954021065901609747e-02 -2.289310304781372318e-02
6.500000000000000000e+01 -2.240773094017572270e-02 -2.477364792064822019e-02
6.600000000000000000e+01 -2.554720172264047032e-02 -2.671119240098564218e-02
6.700000000000000000e+01 -2.895766228230545192e-02 -2.869960978444929117e-02
6.800000000000000000e+01 -3.263306471218379440e-02 -3.073080197493844451e-02
6.900000000000000000e+01 -3.656208949082188908e-02 -3.279228917710240443e-02
7.000000000000000000e+01 -4.072778048605285584e-02 -3.486663274276555896e-02
7.100000000000000000e+01 -4.510690834878972738e-02 -3.693357717892214315e-02
7.200000000000000000e+01 -4.966943398374379370e-02 -3.897395186918821419e-02
7.300000000000000000e+01 -5.437856859656993447e-02 -4.097287822281876768e-02
7.400000000000000000e+01 -5.919149568573010833e-02 -4.291989443726221265e-02
7.500000000000000000e+01 -6.406026470323950006e-02 -4.480549119680272974e-02
7.600000000000000000e+01 -6.893233433882586803e-02 -4.661615325924262782e-02
7.700000000000000000e+01 -7.375083121277165032e-02 -4.833147737438318187e-02
7.800000000000000000e+01 -7.845515365565636223e-02 -4.992598359843011119e-02
7.900000000000000000e+01 -8.298240946183643718e-02 -5.137518143547229604e-02
8.000000000000000000e+01 -8.726943154409293191e-02 -5.266225630650640116e-02
8.100000000000000000e+01 -9.125458897476201869e-02 -5.378077356411094245e-02
8.200000000000000000e+01 -9.487891583713399524e-02 -5.473109904342597642e-02
8.300000000000000000e+01 -9.808688764446979458e-02 -5.551253021680828403e-02
8.400000000000000000e+01 -1.008275683424706692e-01 -5.611647495675992081e-02
8.500000000000000000e+01 -1.030563793699201119e-01 -5.652582011622672709e-02
8.600000000000000000e+01 -1.047369426621556077e-01 -5.672165874627495274e-02
8.700000000000000000e+01 -1.058422239888980598e-01 -5.669332096104542917e-02
8.800000000000000000e+01 -1.063547877816781312e-01 -5.644488716551059049e-02
8.900000000000000000e+01 -1.062666971239787372e-01 -5.599330796638934266e-02
9.000000000000000000e+01 -1.055796655042998133e-01 -5.535888475628542027e-02
9.100000000000000000e+01 -1.043054668485760561e-01 -5.455434457412660504e-02
9.200000000000000000e+01 -1.024660480670938068e-01 -5.358008134094666142e-02
9.300000000000000000e+01 -1.000928715730617230e-01 -5.242912536413116276e-02
9.400000000000000000e+01 -9.722560018587082797e-02 -5.109865340440507275e-02
9.500000000000000000e+01 -9.391066201747647058e-02 -4.960008739786844756e-02
9.600000000000000000e+01 -9.020008380929739333e-02 -4.796055892596719217e-02
9.700000000000000000e+01 -8.615049625937630517e-02 -4.621440160724342439e-02
9.800000000000000000e+01 -8.182194531611873545e-02 -4.439028766348410149e-02
9.900000000000000000e+01 -7.727633335613454113e-02 -4.250270705894354517e-02
1.000000000000000000e+02 -7.257569709893291199e-02 -4.055348005520573174e-02
1.010000000000000000e+02 -6.778068585115677724e-02 -3.854200651222281643e-02
1.020000000000000000e+02 -6.294941515876732729e-02 -3.647692389277178843e-02
1.030000000000000000e+02 -5.813658341622598980e-02 -3.438101271288368510e-02
1.040000000000000000e+02 -5.339264783496552869e-02 -3.228605958756889521e-02
1.050000000000000000e+02 -4.876300311836712087e-02 -3.022140522700050846e-02
1.060000000000000000e+02 -4.428729099877921904e-02 -2.820409114258645364e-02
1.070000000000000000e+02 -3.999899751967374989e-02 -2.623707764920775801e-02
1.080000000000000000e+02 -3.592536766081267513e-02 -2.431619469736762129e-02
1.090000000000000000e+02 -3.208753402314314107e-02 -2.244054244865709494e-02
1.100000000000000000e+02 -2.850073928506485429e-02 -2.061909025015656177e-02
1.110000000000000000e+02 -2.517461445777689419e-02 -1.886933635286682995e-02
1.120000000000000000e+02 -2.211355146357291482e-02 -1.720957995307791089e-02
1.130000000000000000e+02 -1.931720712879547719e-02 -1.565051803887839571e-02
1.140000000000000000e+02 -1.678111685076220938e-02 -1.419181122197888181e-02
1.150000000000000000e+02 -1.449734979392658385e-02 -1.282540645791054035e-02
1.160000000000000000e+02 -1.245514409604954117e-02 -1.154273918740332180e-02
1.170000000000000000e+02 -1.064150139455428100e-02 -1.034069791583370687e-02
1.180000000000000000e+02 -9.041750385415124602e-03 -9.222667097410465475e-03
1.190000000000000000e+02 -7.640087130298654078e-03 -8.194673452700616118e-03
1.200000000000000000e+02 -6.420079812720445173e-03 -7.259872373641932178e-03
1.210000000000000000e+02 -5.365114302851038339e-03 -6.415248772569407884e-03
1.220000000000000000e+02 -4.458764816064551481e-03 -5.652404661668523553e-03
1.230000000000000000e+02 -3.685090664247330124e-03 -4.961366856934754967e-03
1.240000000000000000e+02 -3.028870119830577665e-03 -4.334553345498082938e-03
1.250000000000000000e+02 -2.475780941107733751e-03 -3.768395946306534773e-03
1.260000000000000000e+02 -2.012530920066757378e-03 -3.262046472154541375e-03
1.270000000000000000e+02 -1.626939242360319737e-03 -2.814561129669138854e-03
1.280000000000000000e+02 -1.307972318886033158e-03 -2.422671950122974160e-03
1.290000000000000000e+02 -1.045742013938933887e-03 -2.080479323126389023e-03
1.300000000000000000e+02 -8.314757126940612413e-04 -1.780915373786938352e-03
1.310000000000000000e+02 -6.574660131627816251e-04 -1.517728619336265522e-03
1.320000000000000000e+02 -5.170053350045122637e-04 -1.286660802653807152e-03
1.330000000000000000e+02 -4.043094420188851927e-04 -1.085271592513024387e-03
1.340000000000000000e+02 -3.144338645484561845e-04 -9.118296318445333597e-04
1.350000000000000000e+02 -2.431873606331581437e-04 -7.641750361283554827e-04
1.360000000000000000e+02 -1.870460575761663394e-04 -6.392660819224539430e-04
1.370000000000000000e+02 -1.430708740807850980e-04 -5.335278899169747496e-04
1.380000000000000000e+02 -1.088298065100080404e-04 -4.435924594204106002e-04
1.390000000000000000e+02 -8.232602546529452984e-05 -3.668754274611056966e-04
1.400000000000000000e+02 -6.193240689317837378e-05 -3.016729536037153145e-04
1.410000000000000000e+02 -4.633288289814354102e-05 -2.468369382254906861e-04
1.420000000000000000e+02 -3.447071404666061928e-05 -2.013286359344086153e-04
1.430000000000000000e+02 -2.550349107366804723e-05 -1.639441219336293322e-04
1.440000000000000000e+02 -1.876445229527212960e-05 -1.333204222455332201e-04
1.450000000000000000e+02 -1.372958402384369561e-05 -1.081305809798747877e-04
1.460000000000000000e+02 -9.989929132371039462e-06 -8.728760251364176828e-05
1.470000000000000000e+02 -7.228519935957924291e-06 -7.002406968055374550e-05
1.480000000000000000e+02 -5.201358407845746597e-06 -5.582857308116980757e-05
1.490000000000000000e+02 -3.721885773391576400e-06 -4.431195913766955896e-05
1.500000000000000000e+02 -2.648417445991743858e-06 -3.509660469951533882e-05
1.510000000000000000e+02 -1.874066626749788736e-06 -2.778003453262692244e-05
1.520000000000000000e+02 -1.318732302898719576e-06 -2.196459346580188022e-05
1.530000000000000000e+02 -9.227819278350245188e-07 -1.730901320930053889e-05
1.540000000000000000e+02 -6.421111957746970922e-07 -1.355968858967605084e-05
1.550000000000000000e+02 -4.443122145885850604e-07 -1.054588253511058859e-05
1.560000000000000000e+02 -3.057252536570315566e-07 -8.150016223246995636e-06
1.570000000000000000e+02 -2.091883028777224767e-07 -6.275428425938564356e-06
1.580000000000000000e+02 -1.423324612244116236e-07 -4.828200737175210693e-06
1.590000000000000000e+02 -9.630041684261935866e-08 -3.716099296100791280e-06
