0.000000000000000000e+00 -4.765023854931320290e-10 -9.682944252137305346e-08
1.000000000000000000e+00 -2.525073419529610071e-13 -3.524911257691335853e-12
2.000000000000000000e+00 -4.497042291853809314e-13 -5.823321295269989218e-12
3.000000000000000000e+00 -7.979191384383196826e-13 -9.661061158024654303e-12
4.000000000000000000e+00 -1.406318930589659050e-12 -1.593844776451952969e-11
5.000000000000000000e+00 -2.462055435516916779e-12 -2.614733917888144917e-11
6.000000000000000000e+00 -4.281616784105974801e-12 -4.265415587694730445e-11
7.000000000000000000e+00 -7.396468310275824143e-12 -6.919012362823418421e-11
8.000000000000000000e+00 -1.269267451165875495e-11 -1.116040247325707483e-10
9.000000000000000000e+00 -2.163673100295424224e-11 -1.790098011883947456e-10
1.000000000000000000e+01 -3.663822467774664599e-11 -2.855230080665580972e-10
1.100000000000000000e+01 -6.162819462518768478e-11 -4.528697594958103327e-10
1.200000000000000000e+01 -1.029746475112968624e-10 -7.142824428106927723e-10
1.300000000000000000e+01 -1.709200093714599958e-10 -1.120283942605119268e-09
1.400000000000000000e+01 -2.818192192970582493e-10 -1.747224256200115118e-09
1.500000000000000000e+01 -4.615966814675737458e-10 -2.709792500441164763e-09
1.600000000000000000e+01 -7.510462646623175927e-10 -4.179217908009305033e-09
1.700000000000000000e+01 -1.213897426170289880e-09 -6.409551356131564049e-09
1.800000000000000000e+01 -1.948995393889808693e-09 -9.775362501380602091e-09
1.900000000000000000e+01 -3.108539921449490255e-09 -1.482548393677505124e-08
2.000000000000000000e+01 -4.925164492306404462e-09 -2.235916195941907891e-08
2.100000000000000000e+01 -7.751814633906642182e-09 -3.353321081731771527e-08
2.200000000000000000e+01 -1.212002073722607595e-08 -5.001163824822871126e-08
2.300000000000000000e+01 -1.882438483384484974e-08 -7.417295015036061933e-08
2.400000000000000000e+01 -2.904405279553769031e-08 -1.093952984938513667e-07
2.500000000000000000e+01 -4.451582584097074587e-08 -1.604461486579501666e-07
2.600000000000000000e+01 -6.777869561896176216e-08 -2.340113696411324250e-07
2.700000000000000000e+01 -1.025163668072264160e-07 -3.394085522521919185e-07
2.800000000000000000e+01 -1.540330990104051136e-07 -4.895409932857153077e-07
2.900000000000000000e+01 -2.299091203272170955e-07 -7.021627594683733648e-07
3.000000000000000000e+01 -3.408950883680431853e-07 -1.001542802312621339e-06
3.100000000000000000e+01 -5.021211273230514948e-07 -1.420638303964758807e-06
3.200000000000000000e+01 -7.347158328260003503e-07 -2.003913869644618974e-06
3.300000000000000000e+01 -1.067954953787522263e-06 -2.810971466251861754e-06
3.400000000000000000e+01 -1.542087372171147834e-06 -3.921183588234778908e-06
3.500000000000000000e+01 -2.212015326038520587e-06 -5.439549634050578478e-06
3.600000000000000000e+01 -3.152035536818703302e-06 -7.504028037439334412e-06
3.700000000000000000e+01 -4.461880431983556298e-06 -1.029463946870239624e-05
3.800000000000000000e+01 -6.274337105126985942e-06 -1.404468548073762533e-05
3.900000000000000000e+01 -8.764761676598547177e-06 -1.905446472858787158e-05
4.000000000000000000e+01 -1.216283263707645357e-05 -2.570787446154955451e-05
4.100000000000000000e+01 -1.676688370939627041e-05 -3.449225731881071688e-05
4.200000000000000000e+01 -2.296113235110994275e-05 -4.602182424072292084e-05
4.300000000000000000e+01 -3.123610426277167860e-05 -6.106499308589503601e-05
4.400000000000000000e+01 -4.221255577167465524e-05 -8.057601870295626645e-05
4.500000000000000000e+01 -5.666915231512924137e-05 -1.057312594324845499e-04
4.600000000000000000e+01 -7.557397055376130425e-05 -1.379702096802310320e-04
4.700000000000000000e+01 -1.001195468880629877e-04 -1.790410293347118877e-04
4.800000000000000000e+01 -1.317608748841001421e-04 -2.310499191777434032e-04
4.900000000000000000e+01 -1.722556652006372591e-04 -2.965135830766815403e-04
5.000000000000000000e+01 -2.237062114967779927e-04 -3.784141640907150140e-04
5.100000000000000000e+01 -2.886018366647981901e-04 -4.802559770289760227e-04
5.200000000000000000e+01 -3.698597616080512534e-04 -6.061225209393366524e-04
5.300000000000000000e+01 -4.708609081335273904e-04 -7.607307158048397071e-04
5.400000000000000000e+01 -5.954769325319259760e-04 -9.494781119557141411e-04
5.500000000000000000e+01 -7.480861555798185795e-04 -1.178479166448288817e-03
5.600000000000000000e+01 -9.335772337071591986e-04 -1.454588380496930552e-03
5.700000000000000000e+01 -1.157337714695656425e-03 -1.785409035426156971e-03
5.800000000000000000e+01 -1.425220283711229252e-03 -2.179284244023987731e-03
5.900000000000000000e+01 -1.743477479070371268e-03 -2.645262753428073189e-03
6.000000000000000000e+01 -2.118660872695461109e-03 -3.193029674745816518e-03
6.100000000000000000e+01 -2.557490180032385638e-03 -3.832796066617823964e-03
6.200000000000000000e+01 -3.066700264410619596e-03 -4.575149346326841046e-03
6.300000000000000000e+01 -3.652862745754164794e-03 -5.430871053543157197e-03
6.400000000000000000e+01 -4.322165007422770072e-03 -6.410723259836314906e-03
6.500000000000000000e+01 -5.080135029889239900e-03 -7.525193971686378394e-03
6.600000000000000000e+01 -5.931330824859361653e-03 -8.784188507363822895e-03
6.700000000000000000e+01 -6.879038852495640566e-03 -1.019666694884418037e-02
6.800000000000000000e+01 -7.925008937701689612e-03 -1.177024905587504069e-02
6.900000000000000000e+01 -9.069200724446720846e-03 -1.351081680614846930e-02
7.000000000000000000e+01 -1.030949197934955333e-02 -1.542212990892918162e-02
7.100000000000000000e+01 -1.164135412144457794e-02 -1.750544562207320687e-02
7.200000000000000000e+01 -1.305759280889889906e-02 -1.975912905793836619e-02
7.300000000000000000e+01 -1.454826418342618916e-02 -2.217826475829417360e-02
7.400000000000000000e+01 -1.610075824615407949e-02 -2.475431298842464128e-02
7.500000000000000000e+01 -1.769990598846433311e-02 -2.747486204619372513e-02
7.600000000000000000e+01 -1.932799999382552036e-02 -3.032350264457316785e-02
7.700000000000000000e+01 -2.096483112768726675e-02 -3.327981675950485857e-02
7.800000000000000000e+01 -2.258799562033152880e-02 -3.631945996843520541e-02
7.900000000000000000e+01 -2.417357764296923506e-02 -3.941432725260847481e-02
8.000000000000000000e+01 -2.569696544784137726e-02 -4.253281257765041679e-02
8.100000000000000000e+01 -2.713342682880851703e-02 -4.564019222662765718e-02
8.200000000000000000e+01 -2.845839105644263484e-02 -4.869917550015588625e-02
8.300000000000000000e+01 -2.964783985282116313e-02 -5.167065276203125501e-02
8.400000000000000000e+01 -3.067920869677322193e-02 -5.451460465557145252e-02
8.500000000000000000e+01 -3.153262517446431268e-02 -5.719104563593331580e-02
8.600000000000000000e+01 -3.219180060544016286e-02 -5.966085986753096038e-02
8.700000000000000000e+01 -3.264414287803492354e-02 -6.188652070612210565e-02
8.800000000000000000e+01 -3.288049495543138301e-02 -6.383287365854808937e-02
8.900000000000000000e+01 -3.289533084318004702e-02 -6.546817742745403290e-02
9.000000000000000000e+01 -3.268762876380168492e-02 -6.676532735555160136e-02
9.100000000000000000e+01 -3.226163116381493279e-02 -6.770285625489197434e-02
9.200000000000000000e+01 -3.162655920978407753e-02 -6.826532495775178289e-02
9.300000000000000000e+01 -3.079538348770710296e-02 -6.844318911218588708e-02
9.400000000000000000e+01 -2.978377794075898893e-02 -6.823271748371617651e-02
9.500000000000000000e+01 -2.861009398455435088e-02 -6.763643845345947148e-02
9.600000000000000000e+01 -2.729584428109877239e-02 -6.666387209348324794e-02
9.700000000000000000e+01 -2.586541293132791144e-02 -6.533169986512864236e-02
9.800000000000000000e+01 -2.434452455068428223e-02 -6.366280282125023893e-02
9.900000000000000000e+01 -2.275846800591385319e-02 -6.168461627733216879e-02
1.000000000000000000e+02 -2.113138353809963788e-02 -5.942793436702348275e-02
1.010000000000000000e+02 -1.948667024069261969e-02 -5.692679365701026201e-02
1.020000000000000000e+02 -1.784727712968860874e-02 -5.421879566441219211e-02
1.030000000000000000e+02 -1.623488357717841821e-02 -5.134457699217272186e-02
1.040000000000000000e+02 -1.466842780410857264e-02 -4.834592380213627305e-02
1.050000000000000000e+02 -1.316330757262783487e-02 -4.526348592737633458e-02
1.060000000000000000e+02 -1.173183357156733567e-02 -4.213556843040027616e-02
1.070000000000000000e+02 -1.038413291716712081e-02 -3.899841680177307257e-02
1.080000000000000000e+02 -9.128357177443695292e-03 -3.588687847738571135e-02
1.090000000000000000e+02 -7.970064743314689976e-03 -3.283400215150639873e-02
1.100000000000000000e+02 -6.911702560543457607e-03 -2.986939624369251700e-02
1.110000000000000000e+02 -5.952969155954647429e-03 -2.701762720479500973e-02
1.120000000000000000e+02 -5.091800413370726162e-03 -2.429800179948171657e-02
1.130000000000000000e+02 -4.325093573487094958e-03 -2.172570433057799053e-02
1.140000000000000000e+02 -3.648734888466158548e-03 -1.931297098970194415e-02
1.150000000000000000e+02 -3.057351416736984583e-03 -1.706914426390258172e-02
1.160000000000000000e+02 -2.544435995976484718e-03 -1.499979770523191674e-02
1.170000000000000000e+02 -2.102947600763388665e-03 -1.310614808459245953e-02
1.180000000000000000e+02 -1.725922199393874418e-03 -1.138563046111841850e-02
1.190000000000000000e+02 -1.406679980677437349e-03 -9.833288129347797155e-03
1.200000000000000000e+02 -1.138705046973079345e-03 -8.442881937518449328e-03
1.210000000000000000e+02 -9.155725203804299583e-04 -7.207063233024018148e-03
1.220000000000000000e+02 -7.311226599713220153e-04 -6.116980979482852625e-03
1.230000000000000000e+02 -5.797347048019055749e-04 -5.162186164564213850e-03
1.240000000000000000e+02 -4.564530707445915020e-04 -4.331241952188980004e-03
1.250000000000000000e+02 -3.569115614267304214e-04 -3.612656015968030397e-03
1.260000000000000000e+02 -2.772043926777065649e-04 -2.995470460306141371e-03
1.270000000000000000e+02 -2.138471970314111527e-04 -2.469262748262439702e-03
1.280000000000000000e+02 -1.638213407638006700e-04 -2.023885805981057075e-03
1.290000000000000000e+02 -1.246002518392041059e-04 -1.649415183075861541e-03
1.300000000000000000e+02 -9.409917105576026284e-05 -1.336432449594041278e-03
1.310000000000000000e+02 -7.058239089836982152e-05 -1.076390193112813920e-03
1.320000000000000000e+02 -5.259227656895313751e-05 -8.617553187527986431e-04
1.330000000000000000e+02 -3.892095435775216785e-05 -6.858816151518608208e-04
1.340000000000000000e+02 -2.859724218258188823e-05 -5.428037325968284839e-04
1.350000000000000000e+02 -2.085866729768052081e-05 -4.271479688516479517e-04
1.360000000000000000e+02 -1.510754369657193178e-05 -3.341798737635105873e-04
1.370000000000000000e+02 -1.086987119132374457e-05 -2.598669919091612887e-04
1.380000000000000000e+02 -7.769659413845792428e-06 -2.008491811799432958e-04
1.390000000000000000e+02 -5.514972528519741966e-06 -1.543204824406584400e-04
1.400000000000000000e+02 -3.885505695205437164e-06 -1.179033695385783934e-04
1.410000000000000000e+02 -2.717266684080763818e-06 -8.957800254057716625e-05
1.420000000000000000e+02 -1.887302107840540902e-06 -6.766166197371981930e-05
1.430000000000000000e+02 -1.302517528088121363e-06 -5.079340398252283533e-05
1.440000000000000000e+02 -8.930499763207765505e-07 -3.789307418110786206e-05
1.450000000000000000e+02 -6.078546572870954505e-07 -2.810099426155271971e-05
1.460000000000000000e+02 -4.105300745570081394e-07 -2.072349871758005514e-05
1.470000000000000000e+02 -2.752139104443738490e-07 -1.519950336694012488e-05
1.480000000000000000e+02 -1.833018476595282118e-07 -1.108346563596701667e-05
1.490000000000000000e+02 -1.213464438708491835e-07 -8.031394100550275878e-06
1.500000000000000000e+02 -7.979746187191762497e-08 -5.782397634846519219e-06
1.510000000000000000e+02 -5.206901402707088091e-08 -4.137989469306771448e-06
1.520000000000000000e+02 -3.370034056062692089e-08 -2.945021993671442402e-06
1.530000000000000000e+02 -2.165356257325178420e-08 -2.084958667101342025e-06
1.540000000000000000e+02 -1.382992924334039556e-08 -1.467671932695850675e-06
1.550000000000000000e+02 -8.782496932429880678e-09 -1.026531089113213630e-06
1.560000000000000000e+02 -5.538623181956293883e-09 -7.131700257797431785e-07
1.570000000000000000e+02 -3.463609152568231951e-09 -4.923721582588615809e-07
1.580000000000000000e+02 -2.147584933191337230e-09 -3.381014672717770504e-07
1.590000000000000000e+02 -1.322346966577807017e-09 -2.310146470824750399e-07
