0.000000000000000000e+00 -2.193746686300161719e-04 -1.584275038300915756e-06
1.000000000000000000e+00 -1.837384687839182872e-06 -2.521474616242752805e-10
2.000000000000000000e+00 -2.037057620816167437e-06 -3.713365109921318478e-10
3.000000000000000000e+00 -2.580521371052503574e-06 -5.753103654157378989e-10
4.000000000000000000e+00 -3.245309220444168901e-06 -8.864070497931429460e-10
5.000000000000000000e+00 -4.047266486494264015e-06 -1.359334910726741502e-09
6.000000000000000000e+00 -5.018517749498691715e-06 -2.076607087609998509e-09
7.000000000000000000e+00 -6.211692529940436614e-06 -3.159568552380493487e-09
8.000000000000000000e+00 -7.701594936799003146e-06 -4.783200365301197614e-09
9.000000000000000000e+00 -9.579013524997127645e-06 -7.198263534664482358e-09
1.000000000000000000e+01 -1.193757243293751026e-05 -1.076675480023909257e-08
1.100000000000000000e+01 -1.485947770409897601e-05 -1.601625535173288427e-08
1.200000000000000000e+01 -1.840961177236398851e-05 -2.371492837621274192e-08
1.300000000000000000e+01 -2.264671358640757732e-05 -3.496531195432093850e-08
1.400000000000000000e+01 -2.765382640352597146e-05 -5.131892509885482347e-08
1.500000000000000000e+01 -3.357947541243244194e-05 -7.492932827807363158e-08
1.600000000000000000e+01 -4.067113159133935109e-05 -1.087815056050134578e-07
1.700000000000000000e+01 -4.927976110302585949e-05 -1.570416435284430634e-07
1.800000000000000000e+01 -5.982318168744090971e-05 -2.255491739532465336e-07
1.900000000000000000e+01 -7.271605439936375682e-05 -3.224353106887964472e-07
2.000000000000000000e+01 -8.829809663573310761e-05 -4.588448585311083899e-07
2.100000000000000000e+01 -1.068061715742441584e-04 -6.498048862230397075e-07
2.200000000000000000e+01 -1.284273179077304906e-04 -9.154084931266179280e-07
2.300000000000000000e+01 -1.534351019620100399e-04 -1.282563395260826960e-06
2.400000000000000000e+01 -1.823629428986011975e-04 -1.787476908977474667e-06
2.500000000000000000e+01 -2.161299281223788278e-04 -2.478817954089923136e-06
2.600000000000000000e+01 -2.560331993792510307e-04 -3.421320635788174918e-06
2.700000000000000000e+01 -3.035696736908132659e-04 -4.699755631996832390e-06
2.800000000000000000e+01 -3.601378232771371211e-04 -6.423747725544147748e-06
2.900000000000000000e+01 -4.267589693300336755e-04 -8.734468230108834554e-06
3.000000000000000000e+01 -5.039929425642115587e-04 -1.181414753253438223e-05
3.100000000000000000e+01 -5.921646228282627638e-04 -1.589838982990822468e-05
3.200000000000000000e+01 -6.918713507308261535e-04 -2.129009559143601305e-05
3.300000000000000000e+01 -8.045684236725548014e-04 -2.837370895436687961e-05
3.400000000000000000e+01 -9.329249082093922550e-04 -3.763024631337944610e-05
3.500000000000000000e+01 -1.080684095218404283e-03 -4.965611824672291295e-05
3.600000000000000000e+01 -1.251970077877810356e-03 -6.518962070096924900e-05
3.700000000000000000e+01 -1.450283662870484325e-03 -8.514627695026290841e-05
3.800000000000000000e+01 -1.677678247165109281e-03 -1.106592079488338376e-04
3.900000000000000000e+01 -1.934635090247475162e-03 -1.431178599595384266e-04
4.000000000000000000e+01 -2.220888913348708152e-03 -1.842018784473274055e-04
4.100000000000000000e+01 -2.536972577861471099e-03 -2.359156828174107474e-04
4.200000000000000000e+01 -2.885784927315654565e-03 -3.006359451686962904e-04
4.300000000000000000e+01 -3.273307538375551645e-03 -3.811802379292485209e-04
4.400000000000000000e+01 -3.707867822967089548e-03 -4.808899843538905227e-04
4.500000000000000000e+01 -4.198019884570845274e-03 -6.037058818136940667e-04
4.600000000000000000e+01 -4.749906379331916492e-03 -7.542151904290086365e-04
4.700000000000000000e+01 -5.365446410253012395e-03 -9.376728041312423507e-04
4.800000000000000000e+01 -6.042511532299000426e-03 -1.160025891352855533e-03
4.900000000000000000e+01 -6.777367701962539598e-03 -1.427976785460942886e-03
5.000000000000000000e+01 -7.568450980917948434e-03 -1.749085815779042024e-03
5.100000000000000000e+01 -8.419636642468706147e-03 -2.131865040333922549e-03
5.200000000000000000e+01 -9.341107973324110081e-03 -2.585792667967564459e-03
5.300000000000000000e+01 -1.034690649811740616e-02 -3.121219983533932846e-03
5.400000000000000000e+01 -1.144989996773738972e-02 -3.749225882663478025e-03
5.500000000000000000e+01 -1.265644653718700496e-02 -4.481524115686077656e-03
5.600000000000000000e+01 -1.396357057615829275e-02 -5.330479615410861974e-03
5.700000000000000000e+01 -1.536051611972908196e-02 -6.309161168320387772e-03
5.800000000000000000e+01 -1.683442029198655571e-02 -7.431259972509200729e-03
5.900000000000000000e+01 -1.837758622053707255e-02 -8.710752792363645608e-03
6.000000000000000000e+01 -1.999265725047833647e-02 -1.016137891789072392e-02
6.100000000000000000e+01 -2.169265689776454092e-02 -1.179617259616947897e-02
6.200000000000000000e+01 -2.349522705431038305e-02 -1.362725943505264936e-02
6.300000000000000000e+01 -2.541342024835811092e-02 -1.566586572654949522e-02
6.400000000000000000e+01 -2.744752097798014434e-02 -1.792222010547186647e-02
6.500000000000000000e+01 -2.958229641406966148e-02 -2.040503194830999359e-02
6.600000000000000000e+01 -3.179160044366995119e-02 -2.312057373477640829e-02
6.700000000000000000e+01 -3.404852466276930834e-02 -2.607179459640155544e-02
6.800000000000000000e+01 -3.633623986800656874e-02 -2.925794483094425885e-02
6.900000000000000000e+01 -3.865396302315368682e-02 -3.267477176795878513e-02
7.000000000000000000e+01 -4.101463044090728621e-02 -3.631480257269644601e-02
7.100000000000000000e+01 -4.343494113925763789e-02 -4.016710185730704846e-02
7.200000000000000000e+01 -4.592246405122395875e-02 -4.421638269819554851e-02
7.300000000000000000e+01 -4.846632154234229578e-02 -4.844205012716717301e-02
7.400000000000000000e+01 -5.103642472515319828e-02 -5.281797991400347114e-02
7.500000000000000000e+01 -5.359199738499398347e-02 -5.731329236062793903e-02
7.600000000000000000e+01 -5.609537283072477121e-02 -6.189352919575738521e-02
7.700000000000000000e+01 -5.852427128144015861e-02 -6.652130401389647063e-02
7.800000000000000000e+01 -6.087640567560571869e-02 -7.115605438812876160e-02
7.900000000000000000e+01 -6.316403524884832421e-02 -7.575348814907018058e-02
8.000000000000000000e+01 -6.540114492183811412e-02 -8.026575577677758089e-02
8.100000000000000000e+01 -6.758971179949629926e-02 -8.464283022600598005e-02
8.200000000000000000e+01 -6.971201142648544846e-02 -8.883452802383799696e-02
8.300000000000000000e+01 -7.173280846859182713e-02 -9.279206184394961365e-02
8.400000000000000000e+01 -7.361023518984188829e-02 -9.646850637806438089e-02
8.500000000000000000e+01 -7.530986123529445631e-02 -9.981861711159843720e-02
8.600000000000000000e+01 -7.681504929809770954e-02 -1.027990500564737730e-01
8.700000000000000000e+01 -7.812873974427772539e-02 -1.053696183343678927e-01
8.800000000000000000e+01 -7.926617748602457492e-02 -1.074952058496563834e-01
8.900000000000000000e+01 -8.024256819740054059e-02 -1.091473149942867038e-01
9.000000000000000000e+01 -8.106197648901312947e-02 -1.103045348213493176e-01
9.100000000000000000e+01 -8.171282339578403442e-02 -1.109521351460906330e-01
9.200000000000000000e+01 -8.217174874770949433e-02 -1.110816365709173387e-01
9.300000000000000000e+01 -8.241340042879909122e-02 -1.106910172717820717e-01
9.400000000000000000e+01 -8.242105978883136619e-02 -1.097854492497206957e-01
9.500000000000000000e+01 -8.219304394226246979e-02 -1.083778636355647168e-01
9.600000000000000000e+01 -8.174225741709605086e-02 -1.064887370730747407e-01
9.700000000000000000e+01 -8.108973683751091732e-02 -1.041451046918533685e-01
9.800000000000000000e+01 -8.025580170873605756e-02 -1.013793373451086222e-01
9.900000000000000000e+01 -7.925318602073659624e-02 -9.822822813565496025e-02
1.000000000000000000e+02 -7.808507532212555224e-02 -9.473249582124068646e-02
1.010000000000000000e+02 -7.674828902002685249e-02 -9.093637785112752836e-02
1.020000000000000000e+02 -7.523942648121162424e-02 -8.688691869625819741e-02
1.030000000000000000e+02 -7.356075285516983087e-02 -8.263284788663734226e-02
1.040000000000000000e+02 -7.172318355538230550e-02 -7.822328200023258293e-02
1.050000000000000000e+02 -6.974541204851188170e-02 -7.370659046192375163e-02
1.060000000000000000e+02 -6.765009987964054616e-02 -6.912959935167541092e-02
1.070000000000000000e+02 -6.545922506761350790e-02 -6.453705667708731220e-02
1.080000000000000000e+02 -6.319070343805008316e-02 -5.997115775729476572e-02
1.090000000000000000e+02 -6.085743670374971215e-02 -5.547099615887281232e-02
1.100000000000000000e+02 -5.846865578419323251e-02 -5.107196844269818597e-02
1.110000000000000000e+02 -5.603248882079640142e-02 -4.680527333815454050e-02
1.120000000000000000e+02 -5.355841238738511673e-02 -4.269763172187353989e-02
1.130000000000000000e+02 -5.105858018581321822e-02 -3.877124744720987504e-02
1.140000000000000000e+02 -4.854768919448541192e-02 -3.504392609304359668e-02
1.150000000000000000e+02 -4.604170379424450676e-02 -3.152924286328884912e-02
1.160000000000000000e+02 -4.355613918117351435e-02 -2.823670466394315529e-02
1.170000000000000000e+02 -4.110460573846082266e-02 -2.517192772901920284e-02
1.180000000000000000e+02 -3.869804379638418224e-02 -2.233688786083088545e-02
1.190000000000000000e+02 -3.634473804703147043e-02 -1.973027504825272324e-02
1.200000000000000000e+02 -3.405093842555506622e-02 -1.734792868494750007e-02
1.210000000000000000e+02 -3.182176976217095110e-02 -1.518329298514637174e-02
1.220000000000000000e+02 -2.966208024112755928e-02 -1.322784010586741492e-02
1.230000000000000000e+02 -2.757695045220671937e-02 -1.147144670053145549e-02
1.240000000000000000e+02 -2.557173404046328424e-02 -9.902742712272417230e-03
1.250000000000000000e+02 -2.365167240976270499e-02 -8.509455157829555819e-03
1.260000000000000000e+02 -2.182126442640869995e-02 -7.278749032881262106e-03
1.270000000000000000e+02 -2.008364560914527655e-02 -6.197545707713865426e-03
1.280000000000000000e+02 -1.844022214507737983e-02 -5.252795262760642445e-03
1.290000000000000000e+02 -1.689070572503188067e-02 -4.431693118550811966e-03
1.300000000000000000e+02 -1.543353142533721023e-02 -3.721848495614491978e-03
1.310000000000000000e+02 -1.406648234404062406e-02 -3.111419081520193624e-03
1.320000000000000000e+02 -1.278726884465805624e-02 -2.589220960589208587e-03
1.330000000000000000e+02 -1.159385023565259396e-02 -2.144813689023168570e-03
1.340000000000000000e+02 -1.048441510838775056e-02 -1.768556266855320514e-03
1.350000000000000000e+02 -9.457089593247760065e-03 -1.451632764760409956e-03
1.360000000000000000e+02 -8.509553515318849654e-03 -1.186052119503510976e-03
1.370000000000000000e+02 -7.638767253912950861e-03 -9.646297739104457616e-04
1.380000000000000000e+02 -6.840941047082922319e-03 -7.809577224205943580e-04
1.390000000000000000e+02 -6.111753080013495980e-03 -6.293663097632654036e-04
1.400000000000000000e+02 -5.446708508237935870e-03 -5.048788557795904752e-04
1.410000000000000000e+02 -4.841482251494925830e-03 -4.031600525565998691e-04
1.420000000000000000e+02 -4.292117633849205569e-03 -3.204601661656947069e-04
1.430000000000000000e+02 -3.795034682599980960e-03 -2.535578159311761511e-04
1.440000000000000000e+02 -3.346891151068708166e-03 -1.997037872312189559e-04
1.450000000000000000e+02 -2.944395484148676270e-03 -1.565673485352501472e-04
1.460000000000000000e+02 -2.584173810706818022e-03 -1.221856654111064201e-04
1.470000000000000000e+02 -2.262749220576318592e-03 -9.491654142461569590e-05
1.480000000000000000e+02 -1.976628863885055744e-03 -7.339474287958351411e-05
1.490000000000000000e+02 -1.722445530757464420e-03 -5.649223214650967123e-05
1.500000000000000000e+02 -1.497085438623057358e-03 -4.328254059897623205e-05
1.510000000000000000e+02 -1.297752769058324509e-03 -3.300928846063507324e-05
1.520000000000000000e+02 -1.121958358056473950e-03 -2.505864873893627853e-05
1.530000000000000000e+02 -9.674546773437474670e-04 -1.893544553464017078e-05
1.540000000000000000e+02 -8.321569973499512354e-04 -1.424256324913308476e-05
1.550000000000000000e+02 -7.140870316965045473e-04 -1.066336157535910332e-05
1.560000000000000000e+02 -6.113565025163221391e-04 -7.946799511523915615e-06
1.570000000000000000e+02 -5.221858264863909246e-04 -5.894965827752425417e-06
1.580000000000000000e+02 -4.449384125019502150e-04 -4.352711185189233170e-06
1.590000000000000000e+02 -3.781487126116106425e-04 -3.199089417789283979e-06
