0.000000000000000000e+00 -2.000571469141173507e-08 -1.253494439413740816e-04
1.000000000000000000e+00 -4.368816842830008836e-09 -8.191098100111320149e-06
2.000000000000000000e+00 -7.459479762124575908e-09 -8.542759328898139981e-06
3.000000000000000000e+00 -1.267041377613793360e-08 -1.058261094862992106e-05
4.000000000000000000e+00 -1.939254994317094077e-08 -1.316132939340706783e-05
5.000000000000000000e+00 -2.608837260496759485e-08 -1.635917418981135875e-05
6.000000000000000000e+00 -3.069003851530268869e-08 -2.025452574423500506e-05
7.000000000000000000e+00 -3.155573029979474657e-08 -2.491672747830570749e-05
8.000000000000000000e+00 -2.844270052764081999e-08 -3.043424253545198838e-05
9.000000000000000000e+00 -2.283354251024329774e-08 -3.695692819980934810e-05
1.000000000000000000e+01 -1.746576983417578933e-08 -4.473496555232558237e-05
1.100000000000000000e+01 -1.553454832577114592e-08 -5.413234492700606825e-05
1.200000000000000000e+01 -2.003964050703028313e-08 -6.559911233629714508e-05
1.300000000000000000e+01 -3.314598858014244826e-08 -7.960488240952087865e-05
1.400000000000000000e+01 -5.508955627083035729e-08 -9.656056229298949720e-05
1.500000000000000000e+01 -8.279548784723939926e-08 -1.167734191943562035e-04
1.600000000000000000e+01 -1.094818600575583726e-07 -1.404785510171270601e-04
1.700000000000000000e+01 -1.266280670053960951e-07 -1.679607761365203530e-04
1.800000000000000000e+01 -1.280234184965724981e-07 -1.997329728319906282e-04
1.900000000000000000e+01 -1.134929885677480316e-07 -2.366922613761544337e-04
2.000000000000000000e+01 -8.970700058730326138e-08 -2.801612499840979461e-04
2.100000000000000000e+01 -6.778999402155244061e-08 -3.317561581245454666e-04
2.200000000000000000e+01 -5.984617330877128689e-08 -3.931040789385648005e-04
2.300000000000000000e+01 -7.627852347339829134e-08 -4.655273794682375163e-04
2.400000000000000000e+01 -1.233996132843607450e-07 -5.498723346156603447e-04
2.500000000000000000e+01 -1.997841555500579720e-07 -6.466325665776729735e-04
2.600000000000000000e+01 -2.922964014463295700e-07 -7.563936814011712256e-04
2.700000000000000000e+01 -3.762628908064784494e-07 -8.804485407359809862e-04
2.800000000000000000e+01 -4.236798114373203532e-07 -1.021291276625929320e-03
2.900000000000000000e+01 -4.170738048907497438e-07 -1.182682456610964754e-03
3.000000000000000000e+01 -3.602709857974288539e-07 -1.369131318965160051e-03
3.100000000000000000e+01 -2.784309736780089204e-07 -1.584926401716722777e-03
3.200000000000000000e+01 -2.082493887250337649e-07 -1.833139102483962628e-03
3.300000000000000000e+01 -1.861563871890319098e-07 -2.115155907534233600e-03
3.400000000000000000e+01 -2.400476477910376338e-07 -2.431139385311299923e-03
3.500000000000000000e+01 -3.824019730322702545e-07 -2.781391674859126292e-03
3.600000000000000000e+01 -6.007318750877921381e-07 -3.168080375318490464e-03
3.700000000000000000e+01 -8.495042166250043539e-07 -3.596457652023649434e-03
3.800000000000000000e+01 -1.056136307167977887e-06 -4.074781240891896250e-03
3.900000000000000000e+01 -1.148426040609424220e-06 -4.612678615538551817e-03
4.000000000000000000e+01 -1.091945359267522631e-06 -5.218495857810657654e-03
4.100000000000000000e+01 -9.122936006622439297e-07 -5.896855676043845362e-03
4.200000000000000000e+01 -6.862350883933450593e-07 -6.647793749944460630e-03
4.300000000000000000e+01 -5.105272459280012152e-07 -7.468242976210711162e-03
4.400000000000000000e+01 -4.710983734310843464e-07 -8.355485652225210641e-03
4.500000000000000000e+01 -6.240464614890433194e-07 -9.311045964441256456e-03
4.600000000000000000e+01 -9.806293772207701680e-07 -1.034298332332371853e-02
4.700000000000000000e+01 -1.488406428579434101e-06 -1.146505045246888274e-02
4.800000000000000000e+01 -2.022259935374536509e-06 -1.269260109180954908e-02
4.900000000000000000e+01 -2.412668902797887518e-06 -1.403686875559122769e-02
5.000000000000000000e+01 -2.517072005873570059e-06 -1.550039094253934970e-02
5.100000000000000000e+01 -2.296974742704493240e-06 -1.707616648791372010e-02
5.200000000000000000e+01 -1.846063637777652385e-06 -1.875148931028615407e-02
5.300000000000000000e+01 -1.349441752973270074e-06 -2.051501433475931557e-02
5.400000000000000000e+01 -1.008115128691587114e-06 -2.236370517392251636e-02
5.500000000000000000e+01 -9.781657735021944485e-07 -2.430596522176445284e-02
5.600000000000000000e+01 -1.338967856828126837e-06 -2.635881789365202357e-02
5.700000000000000000e+01 -2.069079608655911348e-06 -2.853988463112472340e-02
5.800000000000000000e+01 -3.020298581239700954e-06 -3.085775259215501470e-02
5.900000000000000000e+01 -3.923558064743751184e-06 -3.330558125644530326e-02
6.000000000000000000e+01 -4.469818743847249660e-06 -3.586157338110516901e-02
6.100000000000000000e+01 -4.451874504563537313e-06 -3.849663888115921473e-02
6.200000000000000000e+01 -3.880796696025422054e-06 -4.118583958753670865e-02
6.300000000000000000e+01 -2.990352911965578766e-06 -4.391799494781940816e-02
6.400000000000000000e+01 -2.128561506469187385e-06 -4.669839436435115065e-02
6.500000000000000000e+01 -1.620027944832249564e-06 -4.954277225598470447e-02
6.600000000000000000e+01 -1.677415394771112076e-06 -5.246509196405715891e-02
6.700000000000000000e+01 -2.364852511536038666e-06 -5.546506101077828405e-02
6.800000000000000000e+01 -3.571311205536264922e-06 -5.852178186088603795e-02
6.900000000000000000e+01 -4.991870871714685228e-06 -6.159706141704307525e-02
7.000000000000000000e+01 -6.177351540262405200e-06 -6.464704783658625775e-02
7.100000000000000000e+01 -6.695908975085665282e-06 -6.763657590070651371e-02
7.200000000000000000e+01 -6.344509476912034313e-06 -7.054912775623950472e-02
7.300000000000000000e+01 -5.266988001212262775e-06 -7.338741453403298254e-02
7.400000000000000000e+01 -3.887101116962454571e-06 -7.616423230906625708e-02
7.500000000000000000e+01 -2.710978656493900718e-06 -7.888815762444795210e-02
7.600000000000000000e+01 -2.140354357093630388e-06 -8.155131629271011873e-02
7.700000000000000000e+01 -2.381673610574088634e-06 -8.412541980900063721e-02
7.800000000000000000e+01 -3.422191473592410943e-06 -8.656800886910583082e-02
7.900000000000000000e+01 -5.014705702842301596e-06 -8.883565421561076536e-02
8.000000000000000000e+01 -6.688662507035318371e-06 -9.089748438712069722e-02
8.100000000000000000e+01 -7.865752301825202172e-06 -9.274247939609994718e-02
8.200000000000000000e+01 -8.094576718792250250e-06 -9.437728080574955825e-02
8.300000000000000000e+01 -7.281635685224509091e-06 -9.581606061496043825e-02
8.400000000000000000e+01 -5.748751696790399505e-06 -9.706785806673483286e-02
8.500000000000000000e+01 -4.069353594655032139e-06 -9.812780422717004569e-02
8.600000000000000000e+01 -2.809667053668529001e-06 -9.897635233118065590e-02
8.700000000000000000e+01 -2.343357739955291796e-06 -9.958635755427680536e-02
8.800000000000000000e+01 -2.793250931423341128e-06 -9.993397064586601042e-02
8.900000000000000000e+01 -4.034123975919444406e-06 -1.000077881392345269e-01
9.000000000000000000e+01 -5.700557984519143263e-06 -9.981205306697107926e-02
9.100000000000000000e+01 -7.240285447853400297e-06 -9.936295958879641510e-02
9.200000000000000000e+01 -8.082926728028327865e-06 -9.868053328901599253e-02
9.300000000000000000e+01 -7.890785531824863594e-06 -9.778046560508170393e-02
9.400000000000000000e+01 -6.735031583238483612e-06 -9.666983344550587887e-02
9.500000000000000000e+01 -5.058139274171239425e-06 -9.534824591376371561e-02
9.600000000000000000e+01 -3.447811225001527840e-06 -9.381307125891275023e-02
9.700000000000000000e+01 -2.388727125397868028e-06 -9.206558613989966611e-02
9.800000000000000000e+01 -2.132824674933682377e-06 -9.011492391673146807e-02
9.900000000000000000e+01 -2.689211041328437603e-06 -8.797824904103677957e-02
1.000000000000000000e+02 -3.851270662729604073e-06 -8.567764185944942712e-02
1.010000000000000000e+02 -5.226354912058352498e-06 -8.323568273144020535e-02
1.020000000000000000e+02 -6.317762522203227018e-06 -8.067202642442651561e-02
1.030000000000000000e+02 -6.698172181034483004e-06 -7.800235821637305222e-02
1.040000000000000000e+02 -6.206721368766706927e-06 -7.523965374071084344e-02
1.050000000000000000e+02 -5.030708392368657449e-06 -7.239651130497730402e-02
1.060000000000000000e+02 -3.600978987885491658e-06 -6.948706293093695474e-02
1.070000000000000000e+02 -2.377964713913370175e-06 -6.652754807284812222e-02
1.080000000000000000e+02 -1.676701293461517658e-06 -6.353554548654308243e-02
1.090000000000000000e+02 -1.609294930002602531e-06 -6.052855546137169557e-02
1.100000000000000000e+02 -2.108408512075062756e-06 -5.752280444618805555e-02
1.110000000000000000e+02 -2.962791625795199866e-06 -5.453281627574141366e-02
1.120000000000000000e+02 -3.854754885966670908e-06 -5.157172081222204801e-02
1.130000000000000000e+02 -4.440154891681976950e-06 -4.865182466658812821e-02
1.140000000000000000e+02 -4.478883702369905188e-06 -4.578491070667113638e-02
1.150000000000000000e+02 -3.947282832153901515e-06 -4.298203887349214686e-02
1.160000000000000000e+02 -3.045005284838922361e-06 -4.025302403929750805e-02
1.170000000000000000e+02 -2.084332106695601978e-06 -3.760598591664196522e-02
1.180000000000000000e+02 -1.342984986698330444e-06 -3.504729690694973615e-02
1.190000000000000000e+02 -9.743137653405296843e-07 -3.258198477419668726e-02
1.200000000000000000e+02 -9.989575107043478254e-07 -3.021435867352936788e-02
1.210000000000000000e+02 -1.335610181792254852e-06 -2.794848715442716652e-02
1.220000000000000000e+02 -1.829807451405499728e-06 -2.578824484674306292e-02
1.230000000000000000e+02 -2.284292602054548436e-06 -2.373690668099652512e-02
1.240000000000000000e+02 -2.514384566426346979e-06 -2.179654029550610883e-02
1.250000000000000000e+02 -2.421158057795482101e-06 -1.996756062432757800e-02
1.260000000000000000e+02 -2.036395444800556766e-06 -1.824870855080191687e-02
1.270000000000000000e+02 -1.500493010337150160e-06 -1.663747734417502649e-02
1.280000000000000000e+02 -9.864332697044898745e-07 -1.513078059384635743e-02
1.290000000000000000e+02 -6.240807171116884086e-07 -1.372555048557637554e-02
1.300000000000000000e+02 -4.676892877533762847e-07 -1.241901467033574083e-02
1.310000000000000000e+02 -5.049794113253409018e-07 -1.120858008094323746e-02
1.320000000000000000e+02 -6.789990355025660075e-07 -1.009145274193115616e-02
1.330000000000000000e+02 -9.048528422026864531e-07 -9.064238613518045898e-03
1.340000000000000000e+02 -1.087250497963513584e-06 -8.122749585801700839e-03
1.350000000000000000e+02 -1.148834255272096180e-06 -7.262108545998523061e-03
1.360000000000000000e+02 -1.061134069593406841e-06 -6.477089968867661557e-03
1.370000000000000000e+02 -8.559338171450388193e-07 -5.762529477806989028e-03
1.380000000000000000e+02 -6.053341256827089421e-07 -5.113627036109629105e-03
1.390000000000000000e+02 -3.839698820235307459e-07 -4.526042377412833710e-03
1.400000000000000000e+02 -2.393214820530655860e-07 -3.995790842873346571e-03
1.410000000000000000e+02 -1.842723819836075368e-07 -3.519036391609962032e-03
1.420000000000000000e+02 -2.057275535519937899e-07 -3.091907250457618696e-03
1.430000000000000000e+02 -2.754934656889553804e-07 -2.710424419859371135e-03
1.440000000000000000e+02 -3.575913019692578120e-07 -2.370562484565269089e-03
1.450000000000000000e+02 -4.157453342975429961e-07 -2.068396519167164677e-03
1.460000000000000000e+02 -4.243326207445447830e-07 -1.800257863489901095e-03
1.470000000000000000e+02 -3.783828076967469575e-07 -1.562831867421574008e-03
1.480000000000000000e+02 -2.945838231482824141e-07 -1.353168912263722325e-03
1.490000000000000000e+02 -2.011694350170088014e-07 -1.168623247948135692e-03
1.500000000000000000e+02 -1.236639325161414120e-07 -1.006762006702390400e-03
1.510000000000000000e+02 -7.582241935108393360e-08 -8.652896858479171846e-04
1.520000000000000000e+02 -5.909334290639961542e-08 -7.420153884681634018e-04
1.530000000000000000e+02 -6.690627928099281399e-08 -6.348641522783131808e-04
1.540000000000000000e+02 -8.876818567553220178e-08 -5.419135132247541314e-04
1.550000000000000000e+02 -1.127201512403842824e-07 -4.614296805193692256e-04
1.560000000000000000e+02 -1.277292693919684815e-07 -3.918839208906228062e-04
1.570000000000000000e+02 -1.269348075022046758e-07 -3.319429382213139003e-04
1.580000000000000000e+02 -1.101639828264796338e-07 -2.804397022515921125e-04
1.590000000000000000e+02 -8.344578100804788957e-08 -2.363379258042249331e-04
