0.000000000000000000e+00 -1.418615131885986747e-04 -1.223888359385974988e-04
1.000000000000000000e+00 -6.740360781971483065e-06 -1.229614139308612844e-07
2.000000000000000000e+00 -6.865555390316329671e-06 -1.485833251726188714e-07
3.000000000000000000e+00 -8.518116736280491953e-06 -1.992718139455281048e-07
4.000000000000000000e+00 -1.060855386854423847e-05 -2.657611339765656718e-07
5.000000000000000000e+00 -1.318211688790156273e-05 -3.516362671702449423e-07
6.000000000000000000e+00 -1.632096905223244962e-05 -4.619929229985598703e-07
7.000000000000000000e+00 -2.012084848003800659e-05 -6.044171322546054853e-07
8.000000000000000000e+00 -2.470255486748262360e-05 -7.899578174757783369e-07
9.000000000000000000e+00 -3.022673281551297833e-05 -1.033451610673194837e-06
1.000000000000000000e+01 -3.690487728151062421e-05 -1.352905379345547013e-06
1.100000000000000000e+01 -4.500044448447967509e-05 -1.768285870410490233e-06
1.200000000000000000e+01 -5.481776270470125597e-05 -2.300841149116330380e-06
1.300000000000000000e+01 -6.668323547173320197e-05 -2.974443651772458374e-06
1.400000000000000000e+01 -8.093017975418947854e-05 -3.819864023105186341e-06
1.500000000000000000e+01 -9.790127073133941588e-05 -4.881283136818936850e-06
1.600000000000000000e+01 -1.179776318339172570e-04 -6.222425292700241054e-06
1.700000000000000000e+01 -1.416312648201317520e-04 -7.928773137501515155e-06
1.800000000000000000e+01 -1.694825934729427604e-04 -1.010366315218907436e-05
1.900000000000000000e+01 -2.023355341198910498e-04 -1.285985345205387429e-05
2.000000000000000000e+01 -2.411663599508439941e-04 -1.631278010708186728e-05
2.100000000000000000e+01 -2.870621318706833560e-04 -2.058399951113597273e-05
2.200000000000000000e+01 -3.411334562356734554e-04 -2.582025909382327334e-05
2.300000000000000000e+01 -4.044505096690906689e-04 -3.222496353382792850e-05
2.400000000000000000e+01 -4.780541277832019891e-04 -4.008846088678487234e-05
2.500000000000000000e+01 -5.630662853146034107e-04 -4.979862162099889711e-05
2.600000000000000000e+01 -6.608733023230595714e-04 -6.181986808334991219e-05
2.700000000000000000e+01 -7.733038925731031349e-04 -7.664751622503920999e-05
2.800000000000000000e+01 -9.027031817890593174e-04 -9.476642882562436347e-05
2.900000000000000000e+01 -1.051834669266863038e-03 -1.166532817124311158e-04
3.000000000000000000e+01 -1.223622255805740687e-03 -1.428471365787943722e-04
3.100000000000000000e+01 -1.420841232039098600e-03 -1.740739023682300361e-04
3.200000000000000000e+01 -1.645927653235923407e-03 -2.113657915141324280e-04
3.300000000000000000e+01 -1.901052879285493021e-03 -2.560977503892162568e-04
3.400000000000000000e+01 -2.188494322700830497e-03 -3.098931221038892783e-04
3.500000000000000000e+01 -2.511168382324745901e-03 -3.744277008935275545e-04
3.600000000000000000e+01 -2.873061700660324569e-03 -4.512464338975230365e-04
3.700000000000000000e+01 -3.279287082353819164e-03 -5.417405449471010895e-04
3.800000000000000000e+01 -3.735636394123630945e-03 -6.473708216441384456e-04
3.900000000000000000e+01 -4.247758626220645567e-03 -7.700766395807571345e-04
4.000000000000000000e+01 -4.820335129349292806e-03 -9.126574524033440484e-04
4.100000000000000000e+01 -5.456709902007486623e-03 -1.078861856640787138e-03
4.200000000000000000e+01 -6.159272577212934058e-03 -1.273039110182062157e-03
4.300000000000000000e+01 -6.930523442311560707e-03 -1.499469242813493289e-03
4.400000000000000000e+01 -7.774343173217665437e-03 -1.761748829526290369e-03
4.500000000000000000e+01 -8.696772200356540569e-03 -2.062682271051808312e-03
4.600000000000000000e+01 -9.705738904859819230e-03 -2.404903395488676432e-03
4.700000000000000000e+01 -1.080965597404244874e-02 -2.792003632413855158e-03
4.800000000000000000e+01 -1.201542502899227358e-02 -3.229526842113582784e-03
4.900000000000000000e+01 -1.332682293927063381e-02 -3.725108441839694150e-03
5.000000000000000000e+01 -1.474420296676333744e-02 -4.287433463398247942e-03
5.100000000000000000e+01 -1.626586483898969510e-02 -4.924412639895833776e-03
5.200000000000000000e+01 -1.789056817453471560e-02 -5.641605222887546151e-03
5.300000000000000000e+01 -1.961993642730125789e-02 -6.441986944098152326e-03
5.400000000000000000e+01 -2.145936055284815291e-02 -7.327488040862839211e-03
5.500000000000000000e+01 -2.341663191043443643e-02 -8.301609891175773526e-03
5.600000000000000000e+01 -2.549868050214935261e-02 -9.371546350997054034e-03
5.700000000000000000e+01 -2.770790336621495320e-02 -1.054824164866491679e-02
5.800000000000000000e+01 -3.004000713145237728e-02 -1.184388651564355355e-02
5.900000000000000000e+01 -3.248471144245745207e-02 -1.326797111862419373e-02
6.000000000000000000e+01 -3.502925260430288928e-02 -1.482418082454756494e-02
6.100000000000000000e+01 -3.766307733572942656e-02 -1.651025582867846064e-02
6.200000000000000000e+01 -4.038127727956840329e-02 -1.832131260843494758e-02
6.300000000000000000e+01 -4.318473402592761662e-02 -2.025490469212079883e-02
6.400000000000000000e+01 -4.607652920537721325e-02 -2.231468928885779052e-02
6.500000000000000000e+01 -4.905617707929056659e-02 -2.451003092258497579e-02
6.600000000000000000e+01 -5.211459451740247523e-02 -2.685117190723411429e-02
6.700000000000000000e+01 -5.523261157404172478e-02 -2.934245829852903664e-02
6.800000000000000000e+01 -5.838415824264688025e-02 -3.197769883634155735e-02
6.900000000000000000e+01 -6.154282285772756655e-02 -3.474082709254218415e-02
7.000000000000000000e+01 -6.468855236668752395e-02 -3.761193909280838299e-02
7.100000000000000000e+01 -6.781095345635376748e-02 -4.057531127596506609e-02
7.200000000000000000e+01 -7.090724255093351636e-02 -4.362442063075955279e-02
7.300000000000000000e+01 -7.397565016234738944e-02 -4.676049930916327535e-02
7.400000000000000000e+01 -7.700759196960987873e-02 -4.998504053433613925e-02
7.500000000000000000e+01 -7.998279066021682371e-02 -5.329059727464169338e-02
7.600000000000000000e+01 -8.287018573282188549e-02 -5.665562188431834401e-02
7.700000000000000000e+01 -8.563451087290868680e-02 -6.004687932202201067e-02
7.800000000000000000e+01 -8.824538523430071335e-02 -6.342834488487893163e-02
7.900000000000000000e+01 -9.068430141861599791e-02 -6.677135129310221573e-02
8.000000000000000000e+01 -9.294584642193863544e-02 -7.005978227041580186e-02
8.100000000000000000e+01 -9.503243093578342404e-02 -7.328705519712823413e-02
8.200000000000000000e+01 -9.694521801014227558e-02 -7.644673231994125739e-02
8.300000000000000000e+01 -9.867602017748897114e-02 -7.952265368692859604e-02
8.400000000000000000e+01 -1.002045199329798936e-01 -8.248487477692047209e-02
8.500000000000000000e+01 -1.015024235746651848e-01 -8.529409782049283961e-02
8.600000000000000000e+01 -1.025425176949619765e-01 -8.791197449658982865e-02
8.700000000000000000e+01 -1.033080026217193803e-01 -9.031102718762823445e-02
8.800000000000000000e+01 -1.037973131169759311e-01 -9.247827688283563607e-02
8.900000000000000000e+01 -1.040219878067923653e-01 -9.441069383426872741e-02
9.000000000000000000e+01 -1.039987689481542549e-01 -9.610569113479694447e-02
9.100000000000000000e+01 -1.037400942876584853e-01 -9.755282948438079305e-02
9.200000000000000000e+01 -1.032479172600629103e-01 -9.873189473639820690e-02
9.300000000000000000e+01 -1.025139717280560414e-01 -9.961831388963134082e-02
9.400000000000000000e+01 -1.015261820147144861e-01 -1.001922773090343499e-01
9.500000000000000000e+01 -1.002777425518942833e-01 -1.004458586797133679e-01
9.600000000000000000e+01 -9.877411287880580315e-02 -1.003840197601560402e-01
9.700000000000000000e+01 -9.703439511743704171e-02 -1.000194112679197583e-01
9.800000000000000000e+01 -9.508655750650035765e-02 -9.936466157728365833e-02
9.900000000000000000e+01 -9.295912338670293817e-02 -9.842705079171011617e-02
1.000000000000000000e+02 -9.067362406870534131e-02 -9.720854162890225914e-02
1.010000000000000000e+02 -8.824150976430771010e-02 -9.571053972761922601e-02
1.020000000000000000e+02 -8.566674449297141669e-02 -9.393989461139704011e-02
1.030000000000000000e+02 -8.295235430568964619e-02 -9.191225353161890099e-02
1.040000000000000000e+02 -8.010730652000458418e-02 -8.965093067306215135e-02
1.050000000000000000e+02 -7.715017066872406626e-02 -8.718240291704580647e-02
1.060000000000000000e+02 -7.410787592031722881e-02 -8.453145996514022098e-02
1.070000000000000000e+02 -7.101046120192459898e-02 -8.171885299168213379e-02
1.080000000000000000e+02 -6.788465344813267299e-02 -7.876236307975979789e-02
1.090000000000000000e+02 -6.474947122068934469e-02 -7.567996494475784375e-02
1.100000000000000000e+02 -6.161577502521622257e-02 -7.249265025466047896e-02
1.110000000000000000e+02 -5.848955657033613059e-02 -6.922504666543846663e-02
1.120000000000000000e+02 -5.537693163251298373e-02 -6.590362321760739883e-02
1.130000000000000000e+02 -5.228816640111642877e-02 -6.255381280700449131e-02
1.140000000000000000e+02 -4.923882220913682051e-02 -5.919786265213029808e-02
1.150000000000000000e+02 -4.624772786720370010e-02 -5.585450032363671602e-02
1.160000000000000000e+02 -4.333308406682137570e-02 -5.254020645646494125e-02
1.170000000000000000e+02 -4.050878147326361645e-02 -4.927092040226756925e-02
1.180000000000000000e+02 -3.778267643761702710e-02 -4.606293664886573769e-02
1.190000000000000000e+02 -3.515741097494762962e-02 -4.293248193044019168e-02
1.200000000000000000e+02 -3.263306017848585650e-02 -3.989439963157605934e-02
1.210000000000000000e+02 -3.021010389504484583e-02 -3.696088144273119991e-02
1.220000000000000000e+02 -2.789126872616104133e-02 -3.414102231421772826e-02
1.230000000000000000e+02 -2.568153386496321855e-02 -3.144134685384698813e-02
1.240000000000000000e+02 -2.358657996075620711e-02 -2.886683263934566174e-02
1.250000000000000000e+02 -2.161067175924324957e-02 -2.642173105357059973e-02
1.260000000000000000e+02 -1.975509501567027787e-02 -2.410973854089606960e-02
1.270000000000000000e+02 -1.801783691079182625e-02 -2.193356277106889643e-02
1.280000000000000000e+02 -1.639450102734765768e-02 -1.989430817614150360e-02
1.290000000000000000e+02 -1.487986370924367086e-02 -1.799115482241255351e-02
1.300000000000000000e+02 -1.346927231637178035e-02 -1.622155079216057449e-02
1.310000000000000000e+02 -1.215929386346093106e-02 -1.458179062405784779e-02
1.320000000000000000e+02 -1.094747557662232272e-02 -1.306764036035318668e-02
1.330000000000000000e+02 -9.831519565503805611e-03 -1.167469982904618432e-02
1.340000000000000000e+02 -8.808394407302740786e-03 -1.039840444225350984e-02
1.350000000000000000e+02 -7.873840149452464299e-03 -9.233800387541891280e-03
1.360000000000000000e+02 -7.022452954265882667e-03 -8.175334379107784474e-03
1.370000000000000000e+02 -6.248227834586124463e-03 -7.216841562239282790e-03
1.380000000000000000e+02 -5.545246040231384399e-03 -6.351759743309726494e-03
1.390000000000000000e+02 -4.908185681435190198e-03 -5.573456321267945476e-03
1.400000000000000000e+02 -4.332477351791850367e-03 -4.875506588274176704e-03
1.410000000000000000e+02 -3.814123668619424576e-03 -4.251817327457851382e-03
1.420000000000000000e+02 -3.349350008871450519e-03 -3.696594632424513461e-03
1.430000000000000000e+02 -2.934294028190160327e-03 -3.204238228694525001e-03
1.440000000000000000e+02 -2.564877320732944672e-03 -2.769262848268711982e-03
1.450000000000000000e+02 -2.236885946119851823e-03 -2.386304588725175063e-03
1.460000000000000000e+02 -1.946183324541568734e-03 -2.050205072129527000e-03
1.470000000000000000e+02 -1.688934143140433976e-03 -1.756120702746051792e-03
1.480000000000000000e+02 -1.461738880580608834e-03 -1.499599265462522955e-03
1.490000000000000000e+02 -1.261640598972254028e-03 -1.276594611151835555e-03
1.500000000000000000e+02 -1.086030921592171915e-03 -1.083428213324042670e-03
1.510000000000000000e+02 -9.325200657941035056e-04 -9.167304576378657944e-04
1.520000000000000000e+02 -7.988354796868428909e-04 -7.733948478921881574e-04
1.530000000000000000e+02 -6.827842727466374231e-04 -6.505608862087135149e-04
1.540000000000000000e+02 -5.822767016156723055e-04 -5.456204712401162889e-04
1.550000000000000000e+02 -4.953808992567002630e-04 -4.562305310003736229e-04
1.560000000000000000e+02 -4.203723500970746145e-04 -3.803153475696828805e-04
1.570000000000000000e+02 -3.557530768327723972e-04 -3.160516193785106384e-04
1.580000000000000000e+02 -3.002352560202058368e-04 -2.618400844310199557e-04
1.590000000000000000e+02 -2.527010148028002940e-04 -2.162733675182061427e-04
