0.000000000000000000e+00 -5.183526807408508691e-06 -3.207205525924172241e-06
1.000000000000000000e+00 -2.878068896936924994e-10 -3.215430724395222357e-10
2.000000000000000000e+00 -4.190218180269208712e-10 -4.722248718899910985e-10
3.000000000000000000e+00 -6.478213401472884163e-10 -7.316449186372257986e-10
4.000000000000000000e+00 -9.969542315396496577e-10 -1.127391458842927415e-09
5.000000000000000000e+00 -1.527454301272986356e-09 -1.728857694578383078e-09
6.000000000000000000e+00 -2.331096013736399802e-09 -2.640880098201156083e-09
7.000000000000000000e+00 -3.542327723673408480e-09 -4.017979392516740220e-09
8.000000000000000000e+00 -5.355084731656808705e-09 -6.083410933926209047e-09
9.000000000000000000e+00 -8.048255255223981212e-09 -9.157224471039246355e-09
1.000000000000000000e+01 -1.202560455162804708e-08 -1.370084378679867841e-08
1.100000000000000000e+01 -1.787514558720129545e-08 -2.038575513315214599e-08
1.200000000000000000e+01 -2.644962195471476707e-08 -3.018954743323741304e-08
1.300000000000000000e+01 -3.896793451100072383e-08 -4.451765105333374047e-08
1.400000000000000000e+01 -5.714315212542479380e-08 -6.535255936202622733e-08
1.500000000000000000e+01 -8.335820478278525656e-08 -9.545050434185532379e-08
1.600000000000000000e+01 -1.209271215556659718e-07 -1.386316292642289875e-07
1.700000000000000000e+01 -1.744816648672591534e-07 -2.002214898391604414e-07
1.800000000000000000e+01 -2.505019125737516639e-07 -2.876789516843313108e-07
1.900000000000000000e+01 -3.579815191846064744e-07 -4.113989244399532066e-07
2.000000000000000000e+01 -5.092244328154278580e-07 -5.856608272212324593e-07
2.100000000000000000e+01 -7.208397111317113985e-07 -8.297645291653967928e-07
2.200000000000000000e+01 -1.015107971603183425e-06 -1.169548078521878707e-06
2.300000000000000000e+01 -1.421946538119187421e-06 -1.639602489157359631e-06
2.400000000000000000e+01 -1.981616690660331629e-06 -2.286436600364059452e-06
2.500000000000000000e+01 -2.748128875991906737e-06 -3.172576546616883258e-06
2.600000000000000000e+01 -3.793198218077070734e-06 -4.381333888556597195e-06
2.700000000000000000e+01 -5.210794727164049295e-06 -6.022101309578552192e-06
2.800000000000000000e+01 -7.122810680085963261e-06 -8.236667661835056492e-06
2.900000000000000000e+01 -9.686775204068900620e-06 -1.120778407017781900e-05
3.000000000000000000e+01 -1.310640046076457172e-05 -1.517128358339241275e-05
3.100000000000000000e+01 -1.764493748252754022e-05 -2.043202235854626531e-05
3.200000000000000000e+01 -2.364045804793455689e-05 -2.738239771618114515e-05
3.300000000000000000e+01 -3.152226433171271473e-05 -3.652175703766150625e-05
3.400000000000000000e+01 -4.182910983515446247e-05 -4.847679187812692890e-05
3.500000000000000000e+01 -5.523188054034577053e-05 -6.402619218201693657e-05
3.600000000000000000e+01 -7.256389976476316009e-05 -8.413452998649989501e-05
3.700000000000000000e+01 -9.485979359479332221e-05 -1.099978638754943975e-04
3.800000000000000000e+01 -1.233999836410064040e-04 -1.430975834447319693e-04
3.900000000000000000e+01 -1.597557662731183942e-04 -1.852544652112970416e-04
4.000000000000000000e+01 -2.058326526234796215e-04 -2.386774404713089140e-04
4.100000000000000000e+01 -2.639163906377790672e-04 -3.060115799988232963e-04
4.200000000000000000e+01 -3.367313139092663094e-04 -3.903995435103814362e-04
4.300000000000000000e+01 -4.275178702195276022e-04 -4.955692138032010124e-04
4.400000000000000000e+01 -5.401244893314374653e-04 -6.259437808196719475e-04
4.500000000000000000e+01 -6.790965477113802828e-04 -7.867500807907921480e-04
4.600000000000000000e+01 -8.497446667476944238e-04 -9.840964846107613014e-04
4.700000000000000000e+01 -1.058191366364350308e-03 -1.225014243975159050e-03
4.800000000000000000e+01 -1.311418367540238437e-03 -1.517492450035965151e-03
4.900000000000000000e+01 -1.617343962928827639e-03 -1.870552750959576576e-03
5.000000000000000000e+01 -1.984935693236871725e-03 -2.294379690459031999e-03
5.100000000000000000e+01 -2.424320234021578365e-03 -2.800459267923195716e-03
5.200000000000000000e+01 -2.946828172144605289e-03 -3.401636374864021751e-03
5.300000000000000000e+01 -3.564939888480142365e-03 -4.112033935020796213e-03
5.400000000000000000e+01 -4.292170003652272595e-03 -4.946876066768053117e-03
5.500000000000000000e+01 -5.142980961910394340e-03 -5.922342333864349072e-03
5.600000000000000000e+01 -6.132786482219965661e-03 -7.055553790934452479e-03
5.700000000000000000e+01 -7.277994295812236988e-03 -8.364643229179995892e-03
5.800000000000000000e+01 -8.595936690022095220e-03 -9.868709426720502498e-03
5.900000000000000000e+01 -1.010456076089800113e-02 -1.158746121768833987e-02
6.000000000000000000e+01 -1.182191512743286516e-02 -1.354056733267892249e-02
6.100000000000000000e+01 -1.376564429410661629e-02 -1.574698211730357275e-02
6.200000000000000000e+01 -1.595270156070128717e-02 -1.822455910380274546e-02
6.300000000000000000e+01 -1.839926654106669585e-02 -2.098999087706606217e-02
6.400000000000000000e+01 -2.112058452218539342e-02 -2.405873158472469214e-02
6.500000000000000000e+01 -2.413041113872600035e-02 -2.744444702207087666e-02
6.600000000000000000e+01 -2.744004554618031944e-02 -3.115788363685097900e-02
6.700000000000000000e+01 -3.105733160931620218e-02 -3.520559703658183992e-02
6.800000000000000000e+01 -3.498610276014242626e-02 -3.958920394521735914e-02
6.900000000000000000e+01 -3.922617813800140935e-02 -4.430542023798978574e-02
7.000000000000000000e+01 -4.377348241320998951e-02 -4.934641985588895940e-02
7.100000000000000000e+01 -4.861969217040226776e-02 -5.469969214477430480e-02
7.200000000000000000e+01 -5.375125004212350649e-02 -6.034702051665145200e-02
7.300000000000000000e+01 -5.914827532962031731e-02 -6.626312009369764167e-02
7.400000000000000000e+01 -6.478415978341187098e-02 -7.241498657653726301e-02
7.500000000000000000e+01 -7.062614203965328352e-02 -7.876254586039302397e-02
7.600000000000000000e+01 -7.663631931227340988e-02 -8.526010659569471795e-02
7.700000000000000000e+01 -8.277219650016416630e-02 -9.185743453366040923e-02
7.800000000000000000e+01 -8.898640008562871961e-02 -9.849970602784655083e-02
7.900000000000000000e+01 -9.522613289354321664e-02 -1.051268032475165676e-01
8.000000000000000000e+01 -1.014333823589867178e-01 -1.116732343507773895e-01
8.100000000000000000e+01 -1.075463429221061723e-01 -1.180695623446486597e-01
8.200000000000000000e+01 -1.135014723342488430e-01 -1.242449441266279542e-01
8.300000000000000000e+01 -1.192350893849376536e-01 -1.301294381493571517e-01
8.400000000000000000e+01 -1.246839566052418552e-01 -1.356550504007942581e-01
8.500000000000000000e+01 -1.297853558234279281e-01 -1.407557521915668297e-01
8.600000000000000000e+01 -1.344777035219213435e-01 -1.453676949729674761e-01
8.700000000000000000e+01 -1.387022358225183105e-01 -1.494306254646348697e-01
8.800000000000000000e+01 -1.424052429005805975e-01 -1.528903192084171137e-01
8.900000000000000000e+01 -1.455397911733852245e-01 -1.557008627069093876e-01
9.000000000000000000e+01 -1.480663481676002258e-01 -1.578257365800840861e-01
9.100000000000000000e+01 -1.499527085180339392e-01 -1.592376935397243898e-01
9.200000000000000000e+01 -1.511741290505628499e-01 -1.599183514833298903e-01
9.300000000000000000e+01 -1.517141584389410103e-01 -1.598584015139618009e-01
9.400000000000000000e+01 -1.515657761767210954e-01 -1.590584911456623951e-01
9.500000000000000000e+01 -1.507320198973005621e-01 -1.575300478703740847e-01
9.600000000000000000e+01 -1.492256636499009748e-01 -1.552952688733038877e-01
9.700000000000000000e+01 -1.470682654444596393e-01 -1.523861472915296889e-01
9.800000000000000000e+01 -1.442892691049571241e-01 -1.488430628091209074e-01
9.900000000000000000e+01 -1.409255231727606084e-01 -1.447135666949401767e-01
1.000000000000000000e+02 -1.370209697951642602e-01 -1.400515620112005311e-01
1.010000000000000000e+02 -1.326259878124218250e-01 -1.349165978200408123e-01
1.020000000000000000e+02 -1.277961614992606521e-01 -1.293728809775551158e-01
1.030000000000000000e+02 -1.225907361167246634e-01 -1.234878700460776413e-01
1.040000000000000000e+02 -1.170712141198550216e-01 -1.173306453726979393e-01
1.050000000000000000e+02 -1.113003026758759978e-01 -1.109703659308341334e-01
1.060000000000000000e+02 -1.053410473785911933e-01 -1.044749977067046115e-01
1.070000000000000000e+02 -9.925586190290723587e-02 -9.791029939459267029e-02
1.080000000000000000e+02 -9.310536660641795248e-02 -9.133894569295253341e-02
1.090000000000000000e+02 -8.694722635258611554e-02 -8.481969318183454898e-02
1.100000000000000000e+02 -8.083524447051457229e-02 -7.840658057937482939e-02
1.110000000000000000e+02 -7.481879273961189458e-02 -7.214822541414998847e-02
1.120000000000000000e+02 -6.894244494771790965e-02 -6.608729846637026450e-02
1.130000000000000000e+02 -6.324564061916236601e-02 -6.026022997220925603e-02
1.140000000000000000e+02 -5.776234136112096129e-02 -5.469714748133201743e-02
1.150000000000000000e+02 -5.252078931921946164e-02 -4.942199171229235549e-02
1.160000000000000000e+02 -4.754348890060058203e-02 -4.445273401611429809e-02
1.170000000000000000e+02 -4.284741890304413769e-02 -3.980164239215902566e-02
1.180000000000000000e+02 -3.844437050133097528e-02 -3.547559435173230219e-02
1.190000000000000000e+02 -3.434129985071943808e-02 -3.147647167695767634e-02
1.200000000000000000e+02 -3.054066750221528029e-02 -2.780166305023093476e-02
1.210000000000000000e+02 -2.704081479079199768e-02 -2.444465510537981168e-02
1.220000000000000000e+02 -2.383642885832214578e-02 -2.139565227860341923e-02
1.230000000000000000e+02 -2.091908742535972254e-02 -1.864216550067980538e-02
1.240000000000000000e+02 -1.827782047060826087e-02 -1.616954603023913750e-02
1.250000000000000000e+02 -1.589962697009476150e-02 -1.396147919436521029e-02
1.260000000000000000e+02 -1.376992926690384644e-02 -1.200046233025973963e-02
1.270000000000000000e+02 -1.187298788754277863e-02 -1.026827076497696667e-02
1.280000000000000000e+02 -1.019230295472372920e-02 -8.746390111039722276e-03
1.290000000000000000e+02 -8.711002429410360376e-03 -7.416386831846916508e-03
1.300000000000000000e+02 -7.412193609409404096e-03 -6.260204748658118254e-03
1.310000000000000000e+02 -6.279254151828139209e-03 -5.260396331880928637e-03
1.320000000000000000e+02 -5.296057781088356169e-03 -4.400306781056385896e-03
1.330000000000000000e+02 -4.447147902626922243e-03 -3.664222704012342312e-03
1.340000000000000000e+02 -3.717875606962789316e-03 -3.037485707130400600e-03
1.350000000000000000e+02 -3.094509280494845728e-03 -2.506565909222632175e-03
1.360000000000000000e+02 -2.564313202659048319e-03 -2.059094265091888573e-03
1.370000000000000000e+02 -2.115590858024311849e-03 -1.683860035787130768e-03
1.380000000000000000e+02 -1.737694389323151106e-03 -1.370783759088991085e-03
1.390000000000000000e+02 -1.421007852599799528e-03 -1.110874450688797022e-03
1.400000000000000000e+02 -1.156913450039475169e-03 -8.961754394131199626e-04
1.410000000000000000e+02 -9.377468771145925893e-04 -7.197002772440263315e-04
1.420000000000000000e+02 -7.567440564918374163e-04 -5.753601202102310045e-04
1.430000000000000000e+02 -6.079799481151987924e-04 -4.578855017011646054e-04
1.440000000000000000e+02 -4.863010031601498404e-04 -3.627463757728449146e-04
1.450000000000000000e+02 -3.872542985527696537e-04 -2.860737728071702777e-04
1.460000000000000000e+02 -3.070167517259636113e-04 -2.245849959014264605e-04
1.470000000000000000e+02 -2.423268630486556099e-04 -1.755130892918451021e-04
1.480000000000000000e+02 -1.904200868238874991e-04 -1.365408738966676942e-04
1.490000000000000000e+02 -1.489681110719784927e-04 -1.057399369911596950e-04
1.500000000000000000e+02 -1.160222248458575985e-04 -8.151507225729984240e-05
1.510000000000000000e+02 -8.996116375651717759e-05 -6.255450897985707893e-05
1.520000000000000000e+02 -6.944388383745875206e-05 -4.778592695739381570e-05
1.530000000000000000e+02 -5.336748726884666300e-05 -3.633794776888171502e-05
1.540000000000000000e+02 -4.083017920253221509e-05 -2.750665812668469775e-05
1.550000000000000000e+02 -3.109889155001008704e-05 -2.072672086910256755e-05
1.560000000000000000e+02 -2.358114785527092762e-05 -1.554666914470118281e-05
1.570000000000000000e+02 -1.780078996648799529e-05 -1.160798623903622106e-05
1.580000000000000000e+02 -1.337723652275057764e-05 -8.627554750845098071e-06
1.590000000000000000e+02 -1.000794391567720929e-05 -6.383046950744043031e-06
