0.000000000000000000e+00 -1.039251230195131496e-08 -3.484301682066264657e-07
1.000000000000000000e+00 -3.623400258057809682e-16 -1.011888554761266403e-11
2.000000000000000000e+00 -7.702625225429469252e-16 -1.651617138149124077e-11
3.000000000000000000e+00 -1.635454085638919583e-15 -2.767154512497981725e-11
4.000000000000000000e+00 -3.436095346655959470e-15 -4.606945182970621017e-11
5.000000000000000000e+00 -7.149963185924743128e-15 -7.630651624170898427e-11
6.000000000000000000e+00 -1.475496702796952623e-14 -1.257874472001667924e-10
7.000000000000000000e+00 -3.020387994966457363e-14 -2.062036162530825415e-10
8.000000000000000000e+00 -6.127334541254504439e-14 -3.357848304957353502e-10
9.000000000000000000e+00 -1.230882504044136028e-13 -5.429401979602956012e-10
1.000000000000000000e+01 -2.449043741156692525e-13 -8.721681806324867572e-10
1.100000000000000000e+01 -4.830206178168860958e-13 -1.393127248129286665e-09
1.200000000000000000e+01 -9.446787725265402069e-13 -2.213642580546723510e-09
1.300000000000000000e+01 -1.831368497488776639e-12 -3.497871573747140792e-09
1.400000000000000000e+01 -3.517255530990734560e-12 -5.492660932896299855e-09
1.500000000000000000e+01 -6.692159396775948138e-12 -8.568048971325291161e-09
1.600000000000000000e+01 -1.261996080464233221e-11 -1.327997834999768656e-08
1.700000000000000000e+01 -2.359440904152224215e-11 -2.046262531846536523e-08
1.800000000000000000e+01 -4.372696769556788036e-11 -3.135583432527352898e-08
1.900000000000000000e+01 -8.030430422248083664e-11 -4.777634239782085596e-08
2.000000000000000000e+01 -1.461358088674029249e-10 -7.235570340949406568e-08
2.100000000000000000e+01 -2.635781436637185082e-10 -1.088887699390463338e-07
2.200000000000000000e+01 -4.712848429835286990e-10 -1.628475261951470782e-07
2.300000000000000000e+01 -8.353171214808133128e-10 -2.421031095666467039e-07
2.400000000000000000e+01 -1.467358260628603179e-09 -3.578800256805077096e-07
2.500000000000000000e+01 -2.554605338455434236e-09 -5.259864905847189532e-07
2.600000000000000000e+01 -4.408344210377617087e-09 -7.684527958493260804e-07
2.700000000000000000e+01 -7.541264747759497286e-09 -1.115820185714289575e-06
2.800000000000000000e+01 -1.278847042989691080e-08 -1.610348019198052480e-06
2.900000000000000000e+01 -2.149607085789730140e-08 -2.310295580503302943e-06
3.000000000000000000e+01 -3.581474751390639899e-08 -3.295313351318679488e-06
3.100000000000000000e+01 -5.915140970405726596e-08 -4.673088516578628160e-06
3.200000000000000000e+01 -9.685018251384374499e-08 -6.587806277252499312e-06
3.300000000000000000e+01 -1.572039189199194207e-07 -9.231399534629020683e-06
3.400000000000000000e+01 -2.529506363887052487e-07 -1.285847422488219190e-05
3.500000000000000000e+01 -4.034795779478592607e-07 -1.780514720963979579e-05
3.600000000000000000e+01 -6.380380031670873833e-07 -2.451150960553518578e-05
3.700000000000000000e+01 -1.000300021897215362e-06 -3.354791876339541007e-05
3.800000000000000000e+01 -1.554790844213315671e-06 -4.564676962619721416e-05
3.900000000000000000e+01 -2.395885675238319526e-06 -6.174240501671586381e-05
4.000000000000000000e+01 -3.660336473694292138e-06 -8.302092277311654608e-05
4.100000000000000000e+01 -5.544414686423444402e-06 -1.109791913189266122e-04
4.200000000000000000e+01 -8.326899076850205391e-06 -1.474908275764295711e-04
4.300000000000000000e+01 -1.239955055582508562e-05 -1.948783333729073503e-04
4.400000000000000000e+01 -1.830735050851592849e-05 -2.559940591312788688e-04
4.500000000000000000e+01 -2.680109778546186318e-05 -3.343144087368596774e-04
4.600000000000000000e+01 -3.890471349696138855e-05 -4.340489069083838152e-04
4.700000000000000000e+01 -5.599955843293492105e-05 -5.602599062377252876e-04
4.800000000000000000e+01 -7.992900579474051474e-05 -7.189846295292369937e-04
4.900000000000000000e+01 -1.131274275519572473e-04 -9.173525749065841121e-04
5.000000000000000000e+01 -1.587766610687782356e-04 -1.163697145175679850e-03
5.100000000000000000e+01 -2.209904296807781371e-04 -1.467665793613130666e-03
5.200000000000000000e+01 -3.050264847041270579e-04 -1.840332255391031752e-03
5.300000000000000000e+01 -4.175281512244624952e-04 -2.294304592296940275e-03
5.400000000000000000e+01 -5.667962599975973981e-04 -2.843807581168206720e-03
5.500000000000000000e+01 -7.630852403936852534e-04 -3.504709834890198591e-03
5.600000000000000000e+01 -1.018909632564806225e-03 -4.294478762625517435e-03
5.700000000000000000e+01 -1.349348461284615103e-03 -5.232077507171417619e-03
5.800000000000000000e+01 -1.772339804853447940e-03 -6.337838103905271692e-03
5.900000000000000000e+01 -2.308950817478190760e-03 -7.633320101661460362e-03
6.000000000000000000e+01 -2.983589770774914413e-03 -9.141101051055453702e-03
6.100000000000000000e+01 -3.824119910180357254e-03 -1.088440999887979946e-02
6.200000000000000000e+01 -4.861851171905639396e-03 -1.288657186732024805e-02
6.300000000000000000e+01 -6.131397573783904306e-03 -1.517035077908663113e-02
6.400000000000000000e+01 -7.670368129500131429e-03 -1.775733551335992658e-02
6.500000000000000000e+01 -9.518833899115423589e-03 -2.066740381488051115e-02
6.600000000000000000e+01 -1.171853315440850828e-02 -2.391811636577937522e-02
6.700000000000000000e+01 -1.431182819068765703e-02 -2.752384634589276347e-02
6.800000000000000000e+01 -1.734044002180825522e-02 -3.149465920176153233e-02
6.900000000000000000e+01 -2.084394590541662970e-02 -3.583523627668940698e-02
7.000000000000000000e+01 -2.485801370859853573e-02 -4.054415413474855845e-02
7.100000000000000000e+01 -2.941242187897426252e-02 -4.561349994397381757e-02
7.200000000000000000e+01 -3.452899177114204798e-02 -5.102845672120467913e-02
7.300000000000000000e+01 -4.021953488516857161e-02 -5.676656286139337287e-02
7.400000000000000000e+01 -4.648384371237056223e-02 -6.279683818613815416e-02
7.500000000000000000e+01 -5.330777714095889103e-02 -6.907935125216155270e-02
7.600000000000000000e+01 -6.066160735866696352e-02 -7.556559196520612476e-02
7.700000000000000000e+01 -6.849883279009288950e-02 -8.219936958824956841e-02
7.800000000000000000e+01 -7.675554938061594779e-02 -8.891758750038249171e-02
7.900000000000000000e+01 -8.535037217949208166e-02 -9.565061520364163961e-02
8.000000000000000000e+01 -9.418495554899854183e-02 -1.023227115890861377e-01
8.100000000000000000e+01 -1.031452574750477136e-01 -1.088532094048427490e-01
8.200000000000000000e+01 -1.121036303346597124e-01 -1.151586072787989107e-01
8.300000000000000000e+01 -1.209216392995924455e-01 -1.211549299890962439e-01
8.400000000000000000e+01 -1.294534379122980194e-01 -1.267595914240749466e-01
8.500000000000000000e+01 -1.375496202934644585e-01 -1.318926744108192828e-01
8.600000000000000000e+01 -1.450615185494453507e-01 -1.364782559299995701e-01
8.700000000000000000e+01 -1.518457950139195933e-01 -1.404463495076355706e-01
8.800000000000000000e+01 -1.577690406856575023e-01 -1.437352882434979051e-01
8.900000000000000000e+01 -1.627121159604417722e-01 -1.462937836665534896e-01
9.000000000000000000e+01 -1.665740933659212164e-01 -1.480821038094099207e-01
9.100000000000000000e+01 -1.692756945987152206e-01 -1.490725434248227343e-01
9.200000000000000000e+01 -1.707620394084934934e-01 -1.492497914480667986e-01
9.300000000000000000e+01 -1.710045012162264566e-01 -1.486115154948139117e-01
9.400000000000000000e+01 -1.700015677708529294e-01 -1.471688744359886392e-01
9.500000000000000000e+01 -1.677787257901673934e-01 -1.449464283383437024e-01
9.600000000000000000e+01 -1.643874189400987840e-01 -1.419812519300200915e-01
9.700000000000000000e+01 -1.599031105094813887e-01 -1.383215509758405626e-01
9.800000000000000000e+01 -1.544225131282244701e-01 -1.340252163875173541e-01
9.900000000000000000e+01 -1.480601301857135677e-01 -1.291584703406236656e-01
1.000000000000000000e+02 -1.409443109580166831e-01 -1.237944323953010656e-01
1.010000000000000000e+02 -1.332130184102043313e-01 -1.180113966903737210e-01
1.020000000000000000e+02 -1.250094841345698038e-01 -1.118908358729423097e-01
1.030000000000000000e+02 -1.164779201733150277e-01 -1.055153570344634917e-01
1.040000000000000000e+02 -1.077594642387950108e-01 -9.896683719272693358e-02
1.050000000000000000e+02 -9.898852238552628691e-02 -9.232481358937176530e-02
1.060000000000000000e+02 -9.028963407006347641e-02 -8.566507373340709330e-02
1.070000000000000000e+02 -8.177493777170247169e-02 -7.905838131433587379e-02
1.080000000000000000e+02 -7.354227891760689584e-02 -7.256934698468638090e-02
1.090000000000000000e+02 -6.567397572752950441e-02 -6.625551323954252669e-02
1.100000000000000000e+02 -5.823623220469137385e-02 -6.016672049322722982e-02
1.110000000000000000e+02 -5.127915611215284886e-02 -5.434477291328064508e-02
1.120000000000000000e+02 -4.483731032757765078e-02 -4.882337051093797731e-02
1.130000000000000000e+02 -3.893070806798983041e-02 -4.362824944944267147e-02
1.140000000000000000e+02 -3.356615706195714699e-02 -3.877748137220858593e-02
1.150000000000000000e+02 -2.873885759582726213e-02 -3.428190902088305153e-02
1.160000000000000000e+02 -2.443415943037577365e-02 -3.014571418762510696e-02
1.170000000000000000e+02 -2.062938539176573105e-02 -2.636710848555005871e-02
1.180000000000000000e+02 -1.729563917817991681e-02 -2.293911354132627603e-02
1.190000000000000000e+02 -1.439953028862426057e-02 -1.985037840556606176e-02
1.200000000000000000e+02 -1.190476475587056056e-02 -1.708598631546528676e-02
1.210000000000000000e+02 -9.773563831053967699e-03 -1.462822571800776079e-02
1.220000000000000000e+02 -7.967885297992322730e-03 -1.245732059534919098e-02
1.230000000000000000e+02 -6.450435135592624825e-03 -1.055211766190394113e-02
1.240000000000000000e+02 -5.185469583900036671e-03 -8.890717701088689945e-03
1.250000000000000000e+02 -4.139397236484206738e-03 -7.451031443076166355e-03
1.260000000000000000e+02 -3.281197215078450729e-03 -6.211246415823748826e-03
1.270000000000000000e+02 -2.582673864713581294e-03 -5.150204832361801252e-03
1.280000000000000000e+02 -2.018571447377226231e-03 -4.247702141359745859e-03
1.290000000000000000e+02 -1.566573805722017024e-03 -3.484716056301552511e-03
1.300000000000000000e+02 -1.207213699301808250e-03 -2.843571161414281279e-03
1.310000000000000000e+02 -9.237148848011881132e-04 -2.308041884176972782e-03
1.320000000000000000e+02 -7.017876684414736622e-04 -1.863399149594839946e-03
1.330000000000000000e+02 -5.293959837251193713e-04 -1.496410130802852158e-03
1.340000000000000000e+02 -3.965111444756833146e-04 -1.195302114717245118e-03
1.350000000000000000e+02 -2.948644058275579072e-04 -9.496998567497334700e-04
1.360000000000000000e+02 -2.177075507039619867e-04 -7.505431335795760030e-04
1.370000000000000000e+02 -1.595880946218099575e-04 -5.899897168229443914e-04
1.380000000000000000e+02 -1.161434467940170018e-04 -4.613088946959928655e-04
1.390000000000000000e+02 -8.391647564383527289e-05 -3.587707712315712908e-04
1.400000000000000000e+02 -6.019340014051601548e-05 -2.775359270305216607e-04
1.410000000000000000e+02 -4.286375279084338684e-05 -2.135487411961200870e-04
1.420000000000000000e+02 -3.030131816902871108e-05 -1.634364324820311294e-04
1.430000000000000000e+02 -2.126439388566882041e-05 -1.244151140848801949e-04
1.440000000000000000e+02 -1.481339529713773402e-05 -9.420378000231160662e-05
1.450000000000000000e+02 -1.024368299516597791e-05 -7.094683656852130587e-05
1.460000000000000000e+02 -7.031487541646663863e-06 -5.314540404972396332e-05
1.470000000000000000e+02 -4.790903065390379433e-06 -3.959720296631743922e-05
1.480000000000000000e+02 -3.240082526990987511e-06 -2.934454260848182663e-05
1.490000000000000000e+02 -2.174966711381983041e-06 -2.162978116442857904e-05
1.500000000000000000e+02 -1.449093060183778247e-06 -1.585757862306871690e-05
1.510000000000000000e+02 -9.582443447794466181e-07 -1.156324231277816224e-05
1.520000000000000000e+02 -6.289002198287821140e-07 -8.386451752266444782e-06
1.530000000000000000e+02 -4.096395437183793800e-07 -6.049651744286812282e-06
1.540000000000000000e+02 -2.648047461697595371e-07 -4.340437449289733322e-06
1.550000000000000000e+02 -1.698801254204036408e-07 -3.097313867722059573e-06
1.560000000000000000e+02 -1.081537096996166765e-07 -2.198280979574137903e-06
1.570000000000000000e+02 -6.833000965872235255e-08 -1.551761830546534603e-06
1.580000000000000000e+02 -4.283925816802559505e-08 -1.089452108527173641e-06
1.590000000000000000e+02 -2.665152364054788048e-08 -7.607282585389687490e-07
