0.000000000000000000e+00 -1.500898625718513537e-05 -6.160417638353756528e-05
1.000000000000000000e+00 -4.960502158371121903e-08 -1.213452800104657905e-06
2.000000000000000000e+00 -6.281637566503890084e-08 -1.347645262315669161e-06
3.000000000000000000e+00 -8.711129326775981588e-08 -1.734185974176493291e-06
4.000000000000000000e+00 -1.205679789108181257e-07 -2.234750494091966141e-06
5.000000000000000000e+00 -1.662590117959017970e-07 -2.871788816182213154e-06
6.000000000000000000e+00 -2.284077418926709002e-07 -3.679644896401027443e-06
7.000000000000000000e+00 -3.126106361574000255e-07 -4.700979234157588176e-06
8.000000000000000000e+00 -4.262467337497093408e-07 -5.988268335769597965e-06
9.000000000000000000e+00 -5.790069449684667404e-07 -7.605820602940957964e-06
1.000000000000000000e+01 -7.835669403451194834e-07 -9.632153280095588312e-06
1.100000000000000000e+01 -1.056434890375929204e-06 -1.216277082489026030e-05
1.200000000000000000e+01 -1.419012508165261572e-06 -1.531340732291216203e-05
1.300000000000000000e+01 -1.898918707720395944e-06 -1.922381174409167173e-05
1.400000000000000000e+01 -2.531638354590478144e-06 -2.406216460835347546e-05
1.500000000000000000e+01 -3.362570406365433529e-06 -3.003020878959981502e-05
1.600000000000000000e+01 -4.449557229755318226e-06 -3.736915132173731374e-05
1.700000000000000000e+01 -5.865981334048323742e-06 -4.636635529221807335e-05
1.800000000000000000e+01 -7.704523623030259748e-06 -5.736281411118240934e-05
1.900000000000000000e+01 -1.008169576220195219e-05 -7.076141427258800427e-05
2.000000000000000000e+01 -1.314328873858107183e-05 -8.703606519077860897e-05
2.100000000000000000e+01 -1.707090939379733412e-05 -1.067418895020863674e-04
2.200000000000000000e+01 -2.208979043427572241e-05 -1.305267600526999259e-04
2.300000000000000000e+01 -2.847805006013710735e-05 -1.591444433791298582e-04
2.400000000000000000e+01 -3.657755869118954948e-05 -1.934693901551380558e-04
2.500000000000000000e+01 -4.680657130485856970e-05 -2.345128300164988440e-04
2.600000000000000000e+01 -5.967432307450833346e-05 -2.834394592872854714e-04
2.700000000000000000e+01 -7.579784413627745879e-05 -3.415839350323863284e-04
2.800000000000000000e+01 -9.592127136218329899e-05 -4.104668333114171674e-04
2.900000000000000000e+01 -1.209378732892363057e-04 -4.918106533723032780e-04
3.000000000000000000e+01 -1.519148751537348905e-04 -5.875574020116990483e-04
3.100000000000000000e+01 -1.901210659631284239e-04 -6.998895044234343171e-04
3.200000000000000000e+01 -2.370571844270040409e-04 -8.312546012171408713e-04
3.300000000000000000e+01 -2.944892011742145403e-04 -9.843922721671852227e-04
3.400000000000000000e+01 -3.644846729486145190e-04 -1.162358034242659327e-03
3.500000000000000000e+01 -4.494521354341487378e-04 -1.368539027141321956e-03
3.600000000000000000e+01 -5.521830105530398146e-04 -1.606658245394567905e-03
3.700000000000000000e+01 -6.758950363924152646e-04 -1.880769898914397579e-03
3.800000000000000000e+01 -8.242762267311419793e-04 -2.195254791445559045e-03
3.900000000000000000e+01 -1.001528956686182541e-03 -2.554826911197471701e-03
4.000000000000000000e+01 -1.212414404619197505e-03 -2.964556890053572646e-03
4.100000000000000000e+01 -1.462297281502052126e-03 -3.429904976423174198e-03
4.200000000000000000e+01 -1.757189044604626129e-03 -3.956742004139863871e-03
4.300000000000000000e+01 -2.103785490041898062e-03 -4.551331625265614064e-03
4.400000000000000000e+01 -2.509493831020089775e-03 -5.220258707298036302e-03
4.500000000000000000e+01 -2.982446752112805771e-03 -5.970316090682766669e-03
4.600000000000000000e+01 -3.531505582005844447e-03 -6.808391401299335351e-03
4.700000000000000000e+01 -4.166257678403386885e-03 -7.741406267254754073e-03
4.800000000000000000e+01 -4.897009957970874412e-03 -8.776336345917972251e-03
4.900000000000000000e+01 -5.734770981605130657e-03 -9.920286039840575665e-03
5.000000000000000000e+01 -6.691204627979705638e-03 -1.118053523444160688e-02
5.100000000000000000e+01 -7.778539133449880599e-03 -1.256445758508949011e-02
5.200000000000000000e+01 -9.009430908586186018e-03 -1.407925807658615830e-02
5.300000000000000000e+01 -1.039680495614281851e-02 -1.573158082949694531e-02
5.400000000000000000e+01 -1.195370383445595527e-02 -1.752714130331821038e-02
5.500000000000000000e+01 -1.369315908680544466e-02 -1.947056522252167340e-02
5.600000000000000000e+01 -1.562805797464576762e-02 -2.156552400388140125e-02
5.700000000000000000e+01 -1.777094477821166904e-02 -2.381507131228253332e-02
5.800000000000000000e+01 -2.013370678403157005e-02 -2.622191237458746868e-02
5.900000000000000000e+01 -2.272715987636025892e-02 -2.878830422110775430e-02
6.000000000000000000e+01 -2.556062851883734305e-02 -3.151545588179279628e-02
6.100000000000000000e+01 -2.864164045638366990e-02 -3.440261101097362439e-02
6.200000000000000000e+01 -3.197578276053394952e-02 -3.744627012112855535e-02
6.300000000000000000e+01 -3.556662531341996114e-02 -4.064003963279257114e-02
6.400000000000000000e+01 -3.941551830733419637e-02 -4.397529313702214226e-02
6.500000000000000000e+01 -4.352111993985335880e-02 -4.744232549633678464e-02
6.600000000000000000e+01 -4.787871575142631231e-02 -5.103127855184366735e-02
6.700000000000000000e+01 -5.247961611929796016e-02 -5.473212275119448272e-02
6.800000000000000000e+01 -5.731096424629169434e-02 -5.853348052640428012e-02
6.900000000000000000e+01 -6.235605569975113255e-02 -6.242083845070617310e-02
7.000000000000000000e+01 -6.759488749351752479e-02 -6.637524539073949570e-02
7.100000000000000000e+01 -7.300441997853956977e-02 -7.037350456959705347e-02
7.200000000000000000e+01 -7.855819941936076356e-02 -7.439006860484428940e-02
7.300000000000000000e+01 -8.422551377388248772e-02 -7.839975447577336720e-02
7.400000000000000000e+01 -8.997076714069746073e-02 -8.237970904634087099e-02
7.500000000000000000e+01 -9.575380316764491029e-02 -8.630931424800719620e-02
7.600000000000000000e+01 -1.015313307021684236e-01 -9.016790641015880181e-02
7.700000000000000000e+01 -1.072587650205797244e-01 -9.393164485844003597e-02
7.800000000000000000e+01 -1.128913654270364275e-01 -9.757165217710120353e-02
7.900000000000000000e+01 -1.183839828079766704e-01 -1.010550188660304660e-01
8.000000000000000000e+01 -1.236898286642026806e-01 -1.043485838013101102e-01
8.100000000000000000e+01 -1.287596254598958878e-01 -1.074235551143508105e-01
8.200000000000000000e+01 -1.335424580461983812e-01 -1.102582516470869689e-01
8.300000000000000000e+01 -1.379884775040459977e-01 -1.128371739543574670e-01
8.400000000000000000e+01 -1.420521139213462292e-01 -1.151468299615264618e-01
8.500000000000000000e+01 -1.456938416354872090e-01 -1.171709115308660620e-01
8.600000000000000000e+01 -1.488794521928109849e-01 -1.188880905191594117e-01
8.700000000000000000e+01 -1.515776752738703936e-01 -1.202742691145715637e-01
8.800000000000000000e+01 -1.537584041725995887e-01 -1.213083381881194245e-01
8.900000000000000000e+01 -1.553934993449831437e-01 -1.219781141244128397e-01
9.000000000000000000e+01 -1.564602034568370881e-01 -1.222827522005677514e-01
9.100000000000000000e+01 -1.569450288076821021e-01 -1.222299535215135291e-01
9.200000000000000000e+01 -1.568453323151898782e-01 -1.218295220909528104e-01
9.300000000000000000e+01 -1.561673364778359829e-01 -1.210872466683032000e-01
9.400000000000000000e+01 -1.549220094227919120e-01 -1.200030440433665080e-01
9.500000000000000000e+01 -1.531219169754837739e-01 -1.185746932210147708e-01
9.600000000000000000e+01 -1.507814747141306144e-01 -1.168049084879670130e-01
9.700000000000000000e+01 -1.479203767264482827e-01 -1.147072607316706599e-01
9.800000000000000000e+01 -1.445673904963162282e-01 -1.123070592703886428e-01
9.900000000000000000e+01 -1.407612518411253955e-01 -1.096364196450303058e-01
1.000000000000000000e+02 -1.365475028723482642e-01 -1.067264081296187272e-01
1.010000000000000000e+02 -1.319731873577651704e-01 -1.036010271231433549e-01
1.020000000000000000e+02 -1.270829496749317777e-01 -1.002766527968374233e-01
1.030000000000000000e+02 -1.219189796031286133e-01 -9.676706676536370177e-02
1.040000000000000000e+02 -1.165242608964245780e-01 -9.309067379286410648e-02
1.050000000000000000e+02 -1.109460521240636793e-01 -8.927515884619588449e-02
1.060000000000000000e+02 -1.052364128612303662e-01 -8.535653187757197280e-02
1.070000000000000000e+02 -9.944893006708871441e-02 -8.137309310710524879e-02
1.080000000000000000e+02 -9.363372948072409829e-02 -7.735801618223905884e-02
1.090000000000000000e+02 -8.783410498019905699e-02 -7.333500875658127693e-02
1.100000000000000000e+02 -8.208677466261450617e-02 -6.931945069442868590e-02
1.110000000000000000e+02 -7.642500304113332421e-02 -6.532391820245760095e-02
1.120000000000000000e+02 -7.088179380557582676e-02 -6.136434715902396725e-02
1.130000000000000000e+02 -6.549055142689089171e-02 -5.746291024213339566e-02
1.140000000000000000e+02 -6.028273525754694606e-02 -5.364595173561639840e-02
1.150000000000000000e+02 -5.528434665673598314e-02 -4.993847533866004745e-02
1.160000000000000000e+02 -5.051384739428595866e-02 -4.635870932111347403e-02
1.170000000000000000e+02 -4.598287427082296819e-02 -4.291600232785770797e-02
1.180000000000000000e+02 -4.169899071798465612e-02 -3.961305075957418514e-02
1.190000000000000000e+02 -3.766836176084229632e-02 -3.645075920881737930e-02
1.200000000000000000e+02 -3.389657106805990527e-02 -3.343259900232223997e-02
1.210000000000000000e+02 -3.038738360587445869e-02 -3.056593526793001392e-02
1.220000000000000000e+02 -2.714078568313495199e-02 -2.785987278996508373e-02
1.230000000000000000e+02 -2.415199823164749723e-02 -2.532131082814652323e-02
1.240000000000000000e+02 -2.141224662575903770e-02 -2.295179973096321546e-02
1.250000000000000000e+02 -1.891071701684659059e-02 -2.074704327054551628e-02
1.260000000000000000e+02 -1.663637526536951641e-02 -1.869911486286844268e-02
1.270000000000000000e+02 -1.457862337474714887e-02 -1.679983936066931083e-02
1.280000000000000000e+02 -1.272674304032861935e-02 -1.504329594794152208e-02
1.290000000000000000e+02 -1.106892282577026307e-02 -1.342618102092085763e-02
1.300000000000000000e+02 -9.591804612227741375e-03 -1.194619231837208695e-02
1.310000000000000000e+02 -8.280940637487336012e-03 -1.059972459910505510e-02
1.320000000000000000e+02 -7.121831419785205203e-03 -9.380380821422127161e-03
1.330000000000000000e+02 -6.100857497880752579e-03 -8.279106299477149294e-03
1.340000000000000000e+02 -5.205606145546166040e-03 -7.285686315898516965e-03
1.350000000000000000e+02 -4.424590284113334368e-03 -6.390593877694798752e-03
1.360000000000000000e+02 -3.746754173043452540e-03 -5.586130623974303565e-03
1.370000000000000000e+02 -3.161204639409284124e-03 -4.866380189234959311e-03
1.380000000000000000e+02 -2.657342394205095687e-03 -4.226247034518583121e-03
1.390000000000000000e+02 -2.225244469985099803e-03 -3.660318410618485473e-03
1.400000000000000000e+02 -1.856001150643646347e-03 -3.162248792608940602e-03
1.410000000000000000e+02 -1.541799636546809134e-03 -2.724937376375663467e-03
1.420000000000000000e+02 -1.275756188705966503e-03 -2.341265928304552511e-03
1.430000000000000000e+02 -1.051657670680431009e-03 -2.004889140769993468e-03
1.440000000000000000e+02 -8.637870543254586031e-04 -1.710637127746098083e-03
1.450000000000000000e+02 -7.069026891657561760e-04 -1.454392419054830864e-03
1.460000000000000000e+02 -5.763182888841059072e-04 -1.232620692948041856e-03
1.470000000000000000e+02 -4.679763158743576422e-04 -1.041884409002706135e-03
1.480000000000000000e+02 -3.784395151769241240e-04 -8.786041311634577595e-04
1.490000000000000000e+02 -3.047989356710042227e-04 -7.391359283759172966e-04
1.500000000000000000e+02 -2.445516472087028333e-04 -6.200428482183663239e-04
1.510000000000000000e+02 -1.955065308859677497e-04 -5.183590889906656684e-04
1.520000000000000000e+02 -1.557426906815859266e-04 -4.316961836698601047e-04
1.530000000000000000e+02 -1.236055500668499182e-04 -3.581621062253720626e-04
1.540000000000000000e+02 -9.770785688291146014e-05 -2.961720267781101481e-04
1.550000000000000000e+02 -7.691160916123765661e-05 -2.442678980686987774e-04
1.560000000000000000e+02 -6.028842714890434416e-05 -2.010298073203216265e-04
1.570000000000000000e+02 -4.707225199286740181e-05 -1.650919726838658745e-04
1.580000000000000000e+02 -3.662053157315838707e-05 -1.352174086051653040e-04
1.590000000000000000e+02 -2.839127415623077775e-05 -1.103667384587606732e-04
