0.000000000000000000e+00 -5.892600986476950807e-05 -4.066924653341042082e-06
1.000000000000000000e+00 -1.976595375204417382e-07 -1.997022004522267560e-08
2.000000000000000000e+00 -2.322714871623379363e-07 -2.619134415986806859e-08
3.000000000000000000e+00 -3.116227653495111042e-07 -3.684018516361686820e-08
4.000000000000000000e+00 -4.179583380712123079e-07 -5.164747271296166475e-08
5.000000000000000000e+00 -5.590149772917523220e-07 -7.211519506683469813e-08
6.000000000000000000e+00 -7.459684446725638759e-07 -1.002813446713214948e-07
7.000000000000000000e+00 -9.931074370627031464e-07 -1.388796565922580691e-07
8.000000000000000000e+00 -1.318161521271917062e-06 -1.915675737065833683e-07
9.000000000000000000e+00 -1.742925561281218692e-06 -2.632165857590199743e-07
1.000000000000000000e+01 -2.294550775397356571e-06 -3.602747416287480323e-07
1.100000000000000000e+01 -3.007752658323754869e-06 -4.912186825550877531e-07
1.200000000000000000e+01 -3.927774835274798864e-06 -6.671252546396330736e-07
1.300000000000000000e+01 -5.113471462146381975e-06 -9.024061628599016470e-07
1.400000000000000000e+01 -6.639706828333431055e-06 -1.215756107663545906e-06
1.500000000000000000e+01 -8.598745745662635321e-06 -1.631360824400270650e-06
1.600000000000000000e+01 -1.110138525377604555e-05 -2.180399500728788209e-06
1.700000000000000000e+01 -1.427968463162958995e-05 -2.902867907257328958e-06
1.800000000000000000e+01 -1.829337808526543648e-05 -3.849759081002403964e-06
1.900000000000000000e+01 -2.334075365513944906e-05 -5.085675192922108096e-06
2.000000000000000000e+01 -2.967224950209511805e-05 -6.691998640077139064e-06
2.100000000000000000e+01 -3.760273845605050321e-05 -8.770796529089716417e-06
2.200000000000000000e+01 -4.751847116345012144e-05 -1.144963837819026532e-05
2.300000000000000000e+01 -5.987805952732791655e-05 -1.488745384559873153e-05
2.400000000000000000e+01 -7.521254384017203077e-05 -1.928146196184628622e-05
2.500000000000000000e+01 -9.413391462876992606e-05 -2.487512409239304341e-05
2.600000000000000000e+01 -1.173602932943374128e-04 -3.196709035452695492e-05
2.700000000000000000e+01 -1.457577520581898058e-04 -4.092127480330026305e-05
2.800000000000000000e+01 -1.803869783661882394e-04 -5.217846542869002840e-05
2.900000000000000000e+01 -2.225356222360628015e-04 -6.627008279599773334e-05
3.000000000000000000e+01 -2.737220286422309542e-04 -8.383461344019266942e-05
3.100000000000000000e+01 -3.356743394333592937e-04 -1.056367325100021886e-04
3.200000000000000000e+01 -4.103114641938962210e-04 -1.325883665102209341e-04
3.300000000000000000e+01 -4.997628572684025905e-04 -1.657704489447774381e-04
3.400000000000000000e+01 -6.064492987019192176e-04 -2.064544868349029697e-04
3.500000000000000000e+01 -7.332088689059016069e-04 -2.561244317358113702e-04
3.600000000000000000e+01 -8.834122299495581788e-04 -3.165009944057611802e-04
3.700000000000000000e+01 -1.060999947424431846e-03 -3.895709914633540150e-04
3.800000000000000000e+01 -1.270411057324133224e-03 -4.776223607026750060e-04
3.900000000000000000e+01 -1.516444482080859862e-03 -5.832815191339382581e-04
4.000000000000000000e+01 -1.804158969730537340e-03 -7.095462895484246513e-04
4.100000000000000000e+01 -2.138920374700700039e-03 -8.598080884710803881e-04
4.200000000000000000e+01 -2.526624943209954469e-03 -1.037862913083029614e-03
4.300000000000000000e+01 -2.973999135304503452e-03 -1.247918990590246319e-03
4.400000000000000000e+01 -3.488784205828787590e-03 -1.494613070229431316e-03
4.500000000000000000e+01 -4.079638831965834780e-03 -1.783041282493889575e-03
4.600000000000000000e+01 -4.755750405007396972e-03 -2.118795057086893079e-03
4.700000000000000000e+01 -5.526352749865915022e-03 -2.507977732419076553e-03
4.800000000000000000e+01 -6.400461675818485893e-03 -2.957177058727231481e-03
4.900000000000000000e+01 -7.387049034472528697e-03 -3.473389254128930043e-03
5.000000000000000000e+01 -8.495596166079869699e-03 -4.063921525195282949e-03
5.100000000000000000e+01 -9.736661714363017278e-03 -4.736317939855480205e-03
5.200000000000000000e+01 -1.112198995528792742e-02 -5.498336888289624518e-03
5.300000000000000000e+01 -1.266390146002722983e-02 -6.357959217901963667e-03
5.400000000000000000e+01 -1.437416111601186146e-02 -7.323357019386288538e-03
5.500000000000000000e+01 -1.626292602895460307e-02 -8.402748277599597637e-03
5.600000000000000000e+01 -1.833842792578063013e-02 -9.604122069673717843e-03
5.700000000000000000e+01 -2.060763097041174233e-02 -1.093491172484783482e-02
5.800000000000000000e+01 -2.307743898088241569e-02 -1.240174848336969560e-02
5.900000000000000000e+01 -2.575554654764352497e-02 -1.401038569904282209e-02
6.000000000000000000e+01 -2.865011928405633221e-02 -1.576575162009944894e-02
6.100000000000000000e+01 -3.176818076612718256e-02 -1.767195708715304722e-02
6.200000000000000000e+01 -3.511347671892685318e-02 -1.973206886740127772e-02
6.300000000000000000e+01 -3.868507128091220465e-02 -2.194760619002434146e-02
6.400000000000000000e+01 -4.247759846858829846e-02 -2.431794410357047270e-02
6.500000000000000000e+01 -4.648306567690786706e-02 -2.683993802159122949e-02
6.600000000000000000e+01 -5.069302291451846521e-02 -2.950798279845838479e-02
6.700000000000000000e+01 -5.509953155004082559e-02 -3.231441762043814336e-02
6.800000000000000000e+01 -5.969403894276528039e-02 -3.524989693878585045e-02
6.900000000000000000e+01 -6.446463398185875437e-02 -3.830331899591983558e-02
7.000000000000000000e+01 -6.939334022979257166e-02 -4.146121861896438776e-02
7.100000000000000000e+01 -7.445525844995851128e-02 -4.470699374083581673e-02
7.200000000000000000e+01 -7.962029850686687393e-02 -4.802058243680615984e-02
7.300000000000000000e+01 -8.485658041467053492e-02 -5.137898736695958174e-02
7.400000000000000000e+01 -9.013343210796764815e-02 -5.475745506307286986e-02
7.500000000000000000e+01 -9.542208713508616713e-02 -5.813058777460975574e-02
7.600000000000000000e+01 -1.006936475702823186e-01 -6.147264917162988118e-02
7.700000000000000000e+01 -1.059157063414137429e-01 -6.475691766772267988e-02
7.800000000000000000e+01 -1.110500051126883936e-01 -6.795474054759498284e-02
7.900000000000000000e+01 -1.160529437353423621e-01 -7.103531190086945224e-02
8.000000000000000000e+01 -1.208789736948207016e-01 -7.396676939409879692e-02
8.100000000000000000e+01 -1.254850512280314689e-01 -7.671822809766949691e-02
8.200000000000000000e+01 -1.298336202783297311e-01 -7.926158295253285524e-02
8.300000000000000000e+01 -1.338925210502474872e-01 -8.157198471123687511e-02
8.400000000000000000e+01 -1.376321881854886409e-01 -8.362685887769413795e-02
8.500000000000000000e+01 -1.410222392982392325e-01 -8.540449094530519480e-02
8.600000000000000000e+01 -1.440299340091766578e-01 -8.688361757998304402e-02
8.700000000000000000e+01 -1.466217666970745515e-01 -8.804473982850372082e-02
8.800000000000000000e+01 -1.487674414814205703e-01 -8.887251236872903415e-02
8.900000000000000000e+01 -1.504439658162556037e-01 -8.935762489387052976e-02
9.000000000000000000e+01 -1.516375401979604409e-01 -8.949686482534942311e-02
9.100000000000000000e+01 -1.523423182810951515e-01 -8.929138111008606826e-02
9.200000000000000000e+01 -1.525570451170138453e-01 -8.874453636171514281e-02
9.300000000000000000e+01 -1.522818211557481760e-01 -8.786104327583375839e-02
9.400000000000000000e+01 -1.515170343267525088e-01 -8.664805063907470017e-02
9.500000000000000000e+01 -1.502650375025663121e-01 -8.511726632252969438e-02
9.600000000000000000e+01 -1.485333903482006224e-01 -8.328632956630337147e-02
9.700000000000000000e+01 -1.463375367825789086e-01 -8.117817686520018006e-02
9.800000000000000000e+01 -1.437011984962652811e-01 -7.881866860957326137e-02
9.900000000000000000e+01 -1.406542101828998637e-01 -7.623405088697780829e-02
1.000000000000000000e+02 -1.372290585715399414e-01 -7.344989125025208621e-02
1.010000000000000000e+02 -1.334580655604215016e-01 -7.049192111753987966e-02
1.020000000000000000e+02 -1.293726118606523812e-01 -6.738771908876184380e-02
1.030000000000000000e+02 -1.250044439702112931e-01 -6.416756012474489346e-02
1.040000000000000000e+02 -1.203878275020692917e-01 -6.086347496153955705e-02
1.050000000000000000e+02 -1.155608814933810485e-01 -5.750699143524761608e-02
1.060000000000000000e+02 -1.105650509814867510e-01 -5.412702081331778603e-02
1.070000000000000000e+02 -1.054428878348732251e-01 -5.074916688135255871e-02
1.080000000000000000e+02 -1.002353237313721446e-01 -4.739659304104552884e-02
1.090000000000000000e+02 -9.497983101545182105e-02 -4.409142961381237735e-02
1.100000000000000000e+02 -8.971021788356663140e-02 -4.085542276646965398e-02
1.110000000000000000e+02 -8.445776922773268192e-02 -3.770925567693390879e-02
1.120000000000000000e+02 -7.925269159289413667e-02 -3.467106197973127829e-02
1.130000000000000000e+02 -7.412477998728589368e-02 -3.175523811725775719e-02
1.140000000000000000e+02 -6.910284460730235778e-02 -2.897235322723137191e-02
1.150000000000000000e+02 -6.421326519135647781e-02 -2.633008371059473302e-02
1.160000000000000000e+02 -5.947854967457350678e-02 -2.383438549669038287e-02
1.170000000000000000e+02 -5.491669032555960422e-02 -2.149007505355075148e-02
1.180000000000000000e+02 -5.054155893979821179e-02 -1.930056334236332841e-02
1.190000000000000000e+02 -4.636395837902394790e-02 -1.726716440341113240e-02
1.200000000000000000e+02 -4.239263875887638866e-02 -1.538866474700150040e-02
1.210000000000000000e+02 -3.863473497128033091e-02 -1.366155694072947353e-02
1.220000000000000000e+02 -3.509553071843846822e-02 -1.208080361732177810e-02
1.230000000000000000e+02 -3.177788624413376006e-02 -1.064064206566535387e-02
1.240000000000000000e+02 -2.868182471650382662e-02 -9.334995304611999264e-03
1.250000000000000000e+02 -2.580460555255889576e-02 -8.157411874801855783e-03
1.260000000000000000e+02 -2.314127673925513856e-02 -7.100801733116826261e-03
1.270000000000000000e+02 -2.068542361032198879e-02 -6.157322400159704646e-03
1.280000000000000000e+02 -1.842977177794961896e-02 -5.318584598711612738e-03
1.290000000000000000e+02 -1.636645282917548530e-02 -4.576076221572309213e-03
1.300000000000000000e+02 -1.448697315759015294e-02 -3.921558773355936917e-03
1.310000000000000000e+02 -1.278208589401398643e-02 -3.347249179728078831e-03
1.320000000000000000e+02 -1.124177384265147295e-02 -2.845777673061035580e-03
1.330000000000000000e+02 -9.855434779674088902e-03 -2.410058075247421220e-03
1.340000000000000000e+02 -8.612214975795694227e-03 -2.033225012092517141e-03
1.350000000000000000e+02 -7.501354423868272954e-03 -1.708699764590983564e-03
1.360000000000000000e+02 -6.512422221319744131e-03 -1.430333503792990610e-03
1.370000000000000000e+02 -5.635401939634926242e-03 -1.192527196220570691e-03
1.380000000000000000e+02 -4.860671923707788646e-03 -9.902604606871253518e-04
1.390000000000000000e+02 -4.178964326735741183e-03 -8.190338522971414353e-04
1.400000000000000000e+02 -3.581368407195063396e-03 -6.747808331048338586e-04
1.410000000000000000e+02 -3.059393237306236822e-03 -5.538068100307782420e-04
1.420000000000000000e+02 -2.605059781764190556e-03 -4.527755839149134247e-04
1.430000000000000000e+02 -2.210976836305643574e-03 -3.687236969742422633e-04
1.440000000000000000e+02 -1.870370434601755297e-03 -2.990681691810185769e-04
1.450000000000000000e+02 -1.577065126507567984e-03 -2.415860753745574670e-04
1.460000000000000000e+02 -1.325437937155411056e-03 -1.943686172397271505e-04
1.470000000000000000e+02 -1.110371001847632478e-03 -1.557682773850096862e-04
1.480000000000000000e+02 -9.272188446404153878e-04 -1.243570284159797900e-04
1.490000000000000000e+02 -7.717910552557436356e-04 -9.890164402704876615e-05
1.500000000000000000e+02 -6.403406880262071726e-04 -7.835013447253364707e-05
1.510000000000000000e+02 -5.295473230307107997e-04 -6.181907620986994297e-05
1.520000000000000000e+02 -4.364892964835160975e-04 -4.857543071182551418e-05
1.530000000000000000e+02 -3.586068251108614460e-04 -3.801325253603908094e-05
1.540000000000000000e+02 -2.936620790988637248e-04 -2.963005815120002068e-05
1.550000000000000000e+02 -2.397022057409871028e-04 -2.300749468391504189e-05
1.560000000000000000e+02 -1.950282765065350116e-04 -1.779785341789008360e-05
1.570000000000000000e+02 -1.581697042819801976e-04 -1.371487023724416498e-05
1.580000000000000000e+02 -1.278617862540017938e-04 -1.052611746575461407e-05
1.590000000000000000e+02 -1.030241190246568652e-04 -8.045162016753788098e-06
