0.000000000000000000e+00 -3.680549944020727817e-06 -2.276731685731670663e-06
1.000000000000000000e+00 -1.185936120940676654e-12 -3.865877868235343433e-11
2.000000000000000000e+00 -1.987900970741406220e-12 -5.981730379212833700e-11
3.000000000000000000e+00 -3.436838404675851680e-12 -9.594381093048044863e-11
4.000000000000000000e+00 -5.905940553111164103e-12 -1.533957256284026384e-10
5.000000000000000000e+00 -1.007428635960469277e-11 -2.443334344773256351e-10
6.000000000000000000e+00 -1.706160107038422367e-11 -3.871249789209924271e-10
7.000000000000000000e+00 -2.871679650403869417e-11 -6.092609136049925347e-10
8.000000000000000000e+00 -4.807396937947150234e-11 -9.522517577968464978e-10
9.000000000000000000e+00 -8.004147095215337083e-11 -1.479585424560928855e-09
1.000000000000000000e+01 -1.324447032235167039e-10 -2.288416886625898274e-09
1.100000000000000000e+01 -2.176660537548789774e-10 -3.525083264664960375e-09
1.200000000000000000e+01 -3.552932727839037607e-10 -5.405041918185676161e-09
1.300000000000000000e+01 -5.763188707404213220e-10 -8.240597199275741950e-09
1.400000000000000000e+01 -9.294892967198002334e-10 -1.248413014221528459e-08
1.500000000000000000e+01 -1.490549035683290818e-09 -1.879708685237489003e-08
1.600000000000000000e+01 -2.375724895764500310e-09 -2.815203786556830928e-08
1.700000000000000000e+01 -3.762052439243183054e-09 -4.196805485179082364e-08
1.800000000000000000e+01 -5.918638574252388482e-09 -6.227800276504775895e-08
1.900000000000000000e+01 -9.253805778634853518e-09 -9.194195116773213562e-08
2.000000000000000000e+01 -1.438315926476753880e-08 -1.349531060481939693e-07
2.100000000000000000e+01 -2.222483184136600026e-08 -1.969081110870130322e-07
2.200000000000000000e+01 -3.413341802955119899e-08 -2.856998276960025044e-07
2.300000000000000000e+01 -5.209371915190351675e-08 -4.124348943141174697e-07
2.400000000000000000e+01 -7.900440930565935503e-08 -5.925368387330782716e-07
2.500000000000000000e+01 -1.190838360697880737e-07 -8.470546560181096238e-07
2.600000000000000000e+01 -1.784279203786485716e-07 -1.204377839467388583e-06
2.700000000000000000e+01 -2.657592400946249239e-07 -1.702737994082275475e-06
2.800000000000000000e+01 -3.934418893756893186e-07 -2.393844201217996204e-06
2.900000000000000000e+01 -5.788884946383760758e-07 -3.347679000247656548e-06
3.000000000000000000e+01 -8.465160567304732456e-07 -4.658133049323403378e-06
3.100000000000000000e+01 -1.230391924564946874e-06 -6.449262672691125878e-06
3.200000000000000000e+01 -1.777690357583678125e-06 -8.882738253425929935e-06
3.300000000000000000e+01 -2.553141508046185287e-06 -1.216800813251338293e-05
3.400000000000000000e+01 -3.644827495555281475e-06 -1.657678516216472462e-05
3.500000000000000000e+01 -5.171850682499672377e-06 -2.246208923466291526e-05
3.600000000000000000e+01 -7.294398835950939431e-06 -3.028015547835622126e-05
3.700000000000000000e+01 -1.022656825269514478e-05 -4.061316877026807767e-05
3.800000000000000000e+01 -1.425225240700330824e-05 -5.419338322196384073e-05
3.900000000000000000e+01 -1.974471866665008146e-05 -7.193321864229303597e-05
4.000000000000000000e+01 -2.719100913247264850e-05 -9.496729584885942228e-05
4.100000000000000000e+01 -3.722245727121795800e-05 -1.247080354047523307e-04
4.200000000000000000e+01 -5.065213748322062461e-05 -1.629086202652014982e-04
4.300000000000000000e+01 -6.851951448938181503e-05 -2.117232285134358269e-04
4.400000000000000000e+01 -9.214279046157985824e-05 -2.737607714390145105e-04
4.500000000000000000e+01 -1.231803701038545692e-04 -3.521421394474841629e-04
4.600000000000000000e+01 -1.637031752126850872e-04 -4.505793973095537433e-04
4.700000000000000000e+01 -2.162783444409125376e-04 -5.734860864705386332e-04
4.800000000000000000e+01 -2.840633182947228073e-04 -7.261031770170234051e-04
4.900000000000000000e+01 -3.709095429882741852e-04 -9.146060231933388421e-04
5.000000000000000000e+01 -4.814767591076084740e-04 -1.146167185986002660e-03
5.100000000000000000e+01 -6.213586381632440602e-04 -1.428988713926793511e-03
5.200000000000000000e+01 -7.972163234717061318e-04 -1.772353333247240516e-03
5.300000000000000000e+01 -1.016912193206554512e-03 -2.186735213749465591e-03
5.400000000000000000e+01 -1.289638388558043232e-03 -2.683948981899427887e-03
5.500000000000000000e+01 -1.626042117631043647e-03 -3.277247778410899599e-03
5.600000000000000000e+01 -2.038350773247435670e-03 -3.981279675178709711e-03
5.700000000000000000e+01 -2.540486379077191298e-03 -4.811902804257899707e-03
5.800000000000000000e+01 -3.148142561061351066e-03 -5.785976294895268761e-03
5.900000000000000000e+01 -3.878801807387670473e-03 -6.921266703732399314e-03
6.000000000000000000e+01 -4.751699548389085731e-03 -8.236479809601597243e-03
6.100000000000000000e+01 -5.787761168941174192e-03 -9.751236606013707897e-03
6.200000000000000000e+01 -7.009512655197520231e-03 -1.148575168272473156e-02
6.300000000000000000e+01 -8.440911954594950556e-03 -1.346015345057087476e-02
6.400000000000000000e+01 -1.010703450564066561e-02 -1.569368756102201487e-02
6.500000000000000000e+01 -1.203361183202030123e-02 -1.820417346286585039e-02
6.600000000000000000e+01 -1.424650603765106535e-02 -2.100784839889513131e-02
6.700000000000000000e+01 -1.677119535065198924e-02 -2.411929145526794244e-02
6.800000000000000000e+01 -1.963222867269544258e-02 -2.755090508840954758e-02
6.900000000000000000e+01 -2.285251266978960416e-02 -3.131174195339855165e-02
7.000000000000000000e+01 -2.645236696978137819e-02 -3.540609571612225726e-02
7.100000000000000000e+01 -3.044847812445362206e-02 -3.983261638367022184e-02
7.200000000000000000e+01 -3.485297699781469277e-02 -4.458432929087988855e-02
7.300000000000000000e+01 -3.967271170557962190e-02 -4.964909482581297134e-02
7.400000000000000000e+01 -4.490853961201118211e-02 -5.500956325237546518e-02
7.500000000000000000e+01 -5.055442859526940169e-02 -6.064214269680778813e-02
7.600000000000000000e+01 -5.659643030877493930e-02 -6.651557460325266402e-02
7.700000000000000000e+01 -6.301187305010122475e-02 -7.259034758879449878e-02
7.800000000000000000e+01 -6.976905771358858643e-02 -7.881963363527992594e-02
7.900000000000000000e+01 -7.682735586044181497e-02 -8.515111507992662032e-02
8.000000000000000000e+01 -8.413734219045063134e-02 -9.152827298390740773e-02
8.100000000000000000e+01 -9.164078554637813956e-02 -9.789031378875673317e-02
8.200000000000000000e+01 -9.927077479228177403e-02 -1.041714198177793177e-01
8.300000000000000000e+01 -1.069524275795572937e-01 -1.103009261487038761e-01
8.400000000000000000e+01 -1.146042822908308473e-01 -1.162053557554346139e-01
8.500000000000000000e+01 -1.221399845731842848e-01 -1.218115701616572094e-01
8.600000000000000000e+01 -1.294698155764328895e-01 -1.270492662653209259e-01
8.700000000000000000e+01 -1.365020444700172919e-01 -1.318517314357715298e-01
8.800000000000000000e+01 -1.431445063216193747e-01 -1.361555115230036472e-01
8.900000000000000000e+01 -1.493067099422014932e-01 -1.399007157206442753e-01
9.000000000000000000e+01 -1.549022782856847857e-01 -1.430330077680549983e-01
9.100000000000000000e+01 -1.598511951136301623e-01 -1.455065949106099099e-01
9.200000000000000000e+01 -1.640815380027906834e-01 -1.472864572189069021e-01
9.300000000000000000e+01 -1.675308581309443157e-01 -1.483486915916111815e-01
9.400000000000000000e+01 -1.701475704284196033e-01 -1.486795016519495138e-01
9.500000000000000000e+01 -1.718924451656302088e-01 -1.482744003510261810e-01
9.600000000000000000e+01 -1.727398911755423927e-01 -1.471386540800882492e-01
9.700000000000000000e+01 -1.726786483979939890e-01 -1.452885149087996264e-01
9.800000000000000000e+01 -1.717118163883001869e-01 -1.427518509693196380e-01
9.900000000000000000e+01 -1.698564745600733283e-01 -1.395672389350596232e-01
1.000000000000000000e+02 -1.671431642395770079e-01 -1.357818753302040826e-01
1.010000000000000000e+02 -1.636152449739095571e-01 -1.314495089815087003e-01
1.020000000000000000e+02 -1.593279266174611464e-01 -1.266292688775786102e-01
1.030000000000000000e+02 -1.543468336997790569e-01 -1.213852104584446367e-01
1.040000000000000000e+02 -1.487461904525987089e-01 -1.157856889213983165e-01
1.050000000000000000e+02 -1.426068703113490266e-01 -1.099018956414896941e-01
1.060000000000000000e+02 -1.360144982882040554e-01 -1.038057202484621161e-01
1.070000000000000000e+02 -1.290576233890296798e-01 -9.756769046475810558e-02
1.080000000000000000e+02 -1.218258788756708677e-01 -9.125560342657661195e-02
1.090000000000000000e+02 -1.144081014908633481e-01 -8.493383753701772010e-02
1.100000000000000000e+02 -1.068905041073871659e-01 -7.866285527530859911e-02
1.110000000000000000e+02 -9.935505380744330539e-02 -7.249846349391475542e-02
1.120000000000000000e+02 -9.187814917375014545e-02 -6.649083337947270245e-02
1.130000000000000000e+02 -8.452958427335691138e-02 -6.068363926505475348e-02
1.140000000000000000e+02 -7.737173313623307846e-02 -5.511365509264083695e-02
1.150000000000000000e+02 -7.045892041842137521e-02 -4.981083955927190221e-02
1.160000000000000000e+02 -6.383700715186908792e-02 -4.479866574991795553e-02
1.170000000000000000e+02 -5.754324049980977240e-02 -4.009443205953952538e-02
1.180000000000000000e+02 -5.160637402967394732e-02 -3.570948412482509438e-02
1.190000000000000000e+02 -4.604700599115940651e-02 -3.164946814676777159e-02
1.200000000000000000e+02 -4.087806271475378367e-02 -2.791476255489770686e-02
1.210000000000000000e+02 -3.610538139670067814e-02 -2.450111371554522521e-02
1.220000000000000000e+02 -3.172838319422125603e-02 -2.140037017594795948e-02
1.230000000000000000e+02 -2.774083508311310856e-02 -1.860118152814258310e-02
1.240000000000000000e+02 -2.413167643268891369e-02 -1.608960096364361186e-02
1.250000000000000000e+02 -2.088586372218268969e-02 -1.384961959513836618e-02
1.260000000000000000e+02 -1.798518864068873041e-02 -1.186368979362861439e-02
1.270000000000000000e+02 -1.540904654635000606e-02 -1.011325869691498923e-02
1.280000000000000000e+02 -1.313515142704361691e-02 -8.579281950107700214e-03
1.290000000000000000e+02 -1.114019592707046237e-02 -7.242670099872158818e-03
1.300000000000000000e+02 -9.400446550856393288e-03 -6.084642680309908583e-03
1.310000000000000000e+02 -7.892259621330744226e-03 -5.086999415960818775e-03
1.320000000000000000e+02 -6.592509631946865366e-03 -4.232334322494201405e-03
1.330000000000000000e+02 -5.478932469113666909e-03 -3.504210625937355557e-03
1.340000000000000000e+02 -4.530392461574600863e-03 -2.887297546358290681e-03
1.350000000000000000e+02 -3.727081679960679052e-03 -2.367461459643285197e-03
1.360000000000000000e+02 -3.050656746801233381e-03 -1.931808412052101343e-03
1.370000000000000000e+02 -2.484317630796498578e-03 -1.568684786244440091e-03
1.380000000000000000e+02 -2.012835162282631055e-03 -1.267648556772331056e-03
1.390000000000000000e+02 -1.622536517912293941e-03 -1.019421970688991815e-03
1.400000000000000000e+02 -1.301258298451383631e-03 -8.158313033644507906e-04
1.410000000000000000e+02 -1.038275250571036755e-03 -6.497356275394971722e-04
1.420000000000000000e+02 -8.242108741232748734e-04 -5.149462436176430527e-04
1.430000000000000000e+02 -6.509352459538716908e-04 -4.061400221628612113e-04
1.440000000000000000e+02 -5.114551675464992049e-04 -3.187709709478818410e-04
1.450000000000000000e+02 -3.998014049933976805e-04 -2.489838034701046692e-04
1.460000000000000000e+02 -3.109169576640022467e-04 -1.935317766835575166e-04
1.470000000000000000e+02 -2.405492060180387326e-04 -1.496997354360529221e-04
1.480000000000000000e+02 -1.851478627014909004e-04 -1.152327220788971064e-04
1.490000000000000000e+02 -1.417700375252460327e-04 -8.827049189573859872e-05
1.500000000000000000e+02 -1.079933125399838912e-04 -6.728833112875078569e-05
1.510000000000000000e+02 -8.183734611171576744e-05 -5.104442477174214797e-05
1.520000000000000000e+02 -6.169414134805697981e-05 -3.853370812035424936e-05
1.530000000000000000e+02 -4.626677770299851078e-05 -2.894783933908856379e-05
1.540000000000000000e+02 -3.451616768531709479e-05 -2.164077084133385123e-05
1.550000000000000000e+02 -2.561526259510855165e-05 -1.609936598820890569e-05
1.560000000000000000e+02 -1.891005874520513546e-05 -1.191853590556725078e-05
1.570000000000000000e+02 -1.388671861521876218e-05 -8.780399488986598226e-06
1.580000000000000000e+02 -1.014410860703756463e-05 -6.436981846312755857e-06
1.590000000000000000e+02 -7.371066677250738445e-06 -4.695978992460920221e-06
