0.000000000000000000e+00 -1.036585946122020813e-03 -5.584322416495521099e-06
1.000000000000000000e+00 -2.876250003862456262e-04 -1.170154952009793355e-09
2.000000000000000000e+00 -2.404815920351618789e-04 -1.632100339555096817e-09
3.000000000000000000e+00 -2.716483872292923987e-04 -2.413462294858333786e-09
4.000000000000000000e+00 -3.101577961414864822e-04 -3.563681666916218189e-09
5.000000000000000000e+00 -3.542793136360072891e-04 -5.247537120749734430e-09
6.000000000000000000e+00 -4.052954369167953473e-04 -7.690645721389364063e-09
7.000000000000000000e+00 -4.646299424513562542e-04 -1.120055375926511243e-08
8.000000000000000000e+00 -5.334555546554408875e-04 -1.620722975526355580e-08
9.000000000000000000e+00 -6.124730152917979816e-04 -2.332876025421000901e-08
1.000000000000000000e+01 -7.018448754526740831e-04 -3.345813000296536571e-08
1.100000000000000000e+01 -8.013406111425885707e-04 -4.785655992147986879e-08
1.200000000000000000e+01 -9.106881565261921736e-04 -6.824244378932844604e-08
1.300000000000000000e+01 -1.030049988498067800e-03 -9.689203333055064276e-08
1.400000000000000000e+01 -1.160480032867979797e-03 -1.368087325775582808e-07
1.500000000000000000e+01 -1.304193765484176412e-03 -1.920383495073710257e-07
1.600000000000000000e+01 -1.464512819340112746e-03 -2.681710399989118927e-07
1.700000000000000000e+01 -1.645430915288432312e-03 -3.729782641467363328e-07
1.800000000000000000e+01 -1.850876211507867207e-03 -5.170528680030324991e-07
1.900000000000000000e+01 -2.083878888056324603e-03 -7.143595511878289321e-07
2.000000000000000000e+01 -2.345936640341706597e-03 -9.828131437615957680e-07
2.100000000000000000e+01 -2.636854916645576825e-03 -1.345278199531260194e-06
2.200000000000000000e+01 -2.955209313921153703e-03 -1.831470588698538109e-06
2.300000000000000000e+01 -3.299370779571000455e-03 -2.480921021674217640e-06
2.400000000000000000e+01 -3.668821238337135245e-03 -3.346522024848193715e-06
2.500000000000000000e+01 -4.065341815253609506e-03 -4.497731782376332961e-06
2.600000000000000000e+01 -4.493630625557696115e-03 -6.022885209801470615e-06
2.700000000000000000e+01 -4.961026683368596410e-03 -8.031398636566754417e-06
2.800000000000000000e+01 -5.476273001822420938e-03 -1.065811073552014446e-05
2.900000000000000000e+01 -6.047591167859291302e-03 -1.407208793402778943e-05
3.000000000000000000e+01 -6.680651390861712044e-03 -1.849003775897910059e-05
3.100000000000000000e+01 -7.377166425850277889e-03 -2.419104417616889697e-05
3.200000000000000000e+01 -8.134714958930288828e-03 -3.152762575052447426e-05
3.300000000000000000e+01 -8.948020438167565704e-03 -4.093092004188523658e-05
3.400000000000000000e+01 -9.811405557178463563e-03 -5.291463901598218684e-05
3.500000000000000000e+01 -1.072169615714459699e-02 -6.808827954505098268e-05
3.600000000000000000e+01 -1.168061518968142344e-02 -8.718825621019816443e-05
3.700000000000000000e+01 -1.269576693161294893e-02 -1.111241033883248131e-04
3.800000000000000000e+01 -1.377967265318888815e-02 -1.410227255466133824e-04
3.900000000000000000e+01 -1.494692189132398007e-02 -1.782501432078492480e-04
4.000000000000000000e+01 -1.621019618835420339e-02 -2.244059319754969427e-04
4.100000000000000000e+01 -1.757645528788260442e-02 -2.813133491338719815e-04
4.200000000000000000e+01 -1.904468509575240817e-02 -3.510450275820672429e-04
4.300000000000000000e+01 -2.060616907055404234e-02 -4.360080305452112073e-04
4.400000000000000000e+01 -2.224738926062962141e-02 -5.390648683570887232e-04
4.500000000000000000e+01 -2.395472333860916916e-02 -6.636229364902337729e-04
4.600000000000000000e+01 -2.571943540291060995e-02 -8.136289925762651542e-04
4.700000000000000000e+01 -2.754127566707140901e-02 -9.934726907519829744e-04
4.800000000000000000e+01 -2.942934899386199371e-02 -1.207891258006579425e-03
4.900000000000000000e+01 -3.139970815804877385e-02 -1.461996691947253747e-03
5.000000000000000000e+01 -3.347020188480033520e-02 -1.761466797154550212e-03
5.100000000000000000e+01 -3.565415409220090703e-02 -2.112791178064311708e-03
5.200000000000000000e+01 -3.795505115811708546e-02 -2.523365152267916661e-03
5.300000000000000000e+01 -4.036421976473963946e-02 -3.001291427452206124e-03
5.400000000000000000e+01 -4.286246593934899679e-02 -3.554970301308273649e-03
5.500000000000000000e+01 -4.542521057616548397e-02 -4.192769465173801224e-03
5.600000000000000000e+01 -4.802940332243887250e-02 -4.923058764814103663e-03
5.700000000000000000e+01 -5.065989311601475781e-02 -5.754614991704324473e-03
5.800000000000000000e+01 -5.331311494021849506e-02 -6.697035952031403852e-03
5.900000000000000000e+01 -5.599678911343688309e-02 -7.760676653903658857e-03
6.000000000000000000e+01 -5.872558677367857582e-02 -8.955918113023229876e-03
6.100000000000000000e+01 -6.151409103724872485e-02 -1.029212954062696389e-02
6.200000000000000000e+01 -6.436944951435748241e-02 -1.177703268386122437e-02
6.300000000000000000e+01 -6.728638026265208738e-02 -1.341694873605325800e-02
6.400000000000000000e+01 -7.024639586640318845e-02 -1.521768546434612915e-02
6.500000000000000000e+01 -7.322150252968696871e-02 -1.718517088291809936e-02
6.600000000000000000e+01 -7.618093432522457520e-02 -1.932498147248979531e-02
6.700000000000000000e+01 -7.909845207680760160e-02 -2.164074931896989296e-02
6.800000000000000000e+01 -8.195770716925825095e-02 -2.413244480179268375e-02
6.900000000000000000e+01 -8.475397674456028319e-02 -2.679582172036001214e-02
7.000000000000000000e+01 -8.749182395840365833e-02 -2.962348935077334031e-02
7.100000000000000000e+01 -9.017956896680867640e-02 -3.260670948833469668e-02
7.200000000000000000e+01 -9.282256225310164810e-02 -3.573626630932213305e-02
7.300000000000000000e+01 -9.541775874234757759e-02 -3.900139366462033325e-02
7.400000000000000000e+01 -9.795165685012888201e-02 -4.238738120543479593e-02
7.500000000000000000e+01 -1.004023077681200082e-01 -4.587376987455533961e-02
7.600000000000000000e+01 -1.027443904342329184e-01 -4.943478957205277302e-02
7.700000000000000000e+01 -1.049551471762816823e-01 -5.304194638626529013e-02
7.800000000000000000e+01 -1.070188470813181608e-01 -5.666683839278242873e-02
7.900000000000000000e+01 -1.089282949262495165e-01 -6.028198369096587905e-02
8.000000000000000000e+01 -1.106831682210949880e-01 -6.385906905454713511e-02
8.100000000000000000e+01 -1.122860886226378918e-01 -6.736627966926181377e-02
8.200000000000000000e+01 -1.137380457339128986e-01 -7.076731020171661557e-02
8.300000000000000000e+01 -1.150349982145807415e-01 -7.402338448353815159e-02
8.400000000000000000e+01 -1.161670785742791451e-01 -7.709712584950940972e-02
8.500000000000000000e+01 -1.171207951026321525e-01 -7.995553390173619490e-02
8.600000000000000000e+01 -1.178832650479980926e-01 -8.257003845697170885e-02
8.700000000000000000e+01 -1.184465000818649000e-01 -8.491405323469783384e-02
8.800000000000000000e+01 -1.188097209301095664e-01 -8.696055807039314300e-02
8.900000000000000000e+01 -1.189786623716052177e-01 -8.868219177315612989e-02
9.000000000000000000e+01 -1.189622606642015690e-01 -9.005417883562580328e-02
9.100000000000000000e+01 -1.187682216868590906e-01 -9.105799734423682124e-02
9.200000000000000000e+01 -1.183993208592887120e-01 -9.168307627273619698e-02
9.300000000000000000e+01 -1.178519315743220136e-01 -9.192546803973253300e-02
9.400000000000000000e+01 -1.171174760008848875e-01 -9.178491062240523579e-02
9.500000000000000000e+01 -1.161864586874859356e-01 -9.126287436096416905e-02
9.600000000000000000e+01 -1.150536966132733041e-01 -9.036315880384683530e-02
9.700000000000000000e+01 -1.137226739442397105e-01 -8.909434389342711647e-02
9.800000000000000000e+01 -1.122070688051298726e-01 -8.747186065227152696e-02
9.900000000000000000e+01 -1.105285617057421149e-01 -8.551785239734643884e-02
1.000000000000000000e+02 -1.087116134454138294e-01 -8.325886697307688378e-02
1.010000000000000000e+02 -1.067772013259430108e-01 -8.072310118948029800e-02
1.020000000000000000e+02 -1.047378989528447990e-01 -7.793905782657301051e-02
1.030000000000000000e+02 -1.025960952889147099e-01 -7.493611180564976881e-02
1.040000000000000000e+02 -1.003459626745966671e-01 -7.174587862719392084e-02
1.050000000000000000e+02 -9.797850081266731848e-02 -6.840275664015862955e-02
1.060000000000000000e+02 -9.548796158555164504e-02 -6.494286606614402269e-02
1.070000000000000000e+02 -9.287743361684136501e-02 -6.140197780238985936e-02
1.080000000000000000e+02 -9.016153762067463662e-02 -5.781375211373446232e-02
1.090000000000000000e+02 -8.736513138746433704e-02 -5.420920144107947702e-02
1.100000000000000000e+02 -8.451839540410988061e-02 -5.061723658860053932e-02
1.110000000000000000e+02 -8.165006745723001058e-02 -4.706538040302231385e-02
1.120000000000000000e+02 -7.878127469586977683e-02 -4.357980107156278482e-02
1.130000000000000000e+02 -7.592209163292221175e-02 -4.018453505394125463e-02
1.140000000000000000e+02 -7.307185825816447933e-02 -3.690046564307545435e-02
1.150000000000000000e+02 -7.022295044334934955e-02 -3.374475912667573851e-02
1.160000000000000000e+02 -6.736659607013653628e-02 -3.073103179796317364e-02
1.170000000000000000e+02 -6.449875288952976182e-02 -2.786996304080858328e-02
1.180000000000000000e+02 -6.162410639367719989e-02 -2.516983482057302129e-02
1.190000000000000000e+02 -5.875689428610379739e-02 -2.263668000622198404e-02
1.200000000000000000e+02 -5.591836036100274188e-02 -2.027411622552125967e-02
1.210000000000000000e+02 -5.313182828094436400e-02 -1.808318816216375816e-02
1.220000000000000000e+02 -5.041719841218793990e-02 -1.606248532507612362e-02
1.230000000000000000e+02 -4.778677153529012345e-02 -1.420855390206575766e-02
1.240000000000000000e+02 -4.524368893268713998e-02 -1.251641096559178053e-02
1.250000000000000000e+02 -4.278326852579572570e-02 -1.097994550089702835e-02
1.260000000000000000e+02 -4.039654203349114098e-02 -9.592126691014137702e-03
1.270000000000000000e+02 -3.807467568026710186e-02 -8.345096108103336810e-03
1.280000000000000000e+02 -3.581280847154293817e-02 -7.230277210956486018e-03
1.290000000000000000e+02 -3.361214179883084685e-02 -6.238577370416295217e-03
1.300000000000000000e+02 -3.147974884115597310e-02 -5.360657999719698960e-03
1.310000000000000000e+02 -2.942635054335267231e-02 -4.587191696567124305e-03
1.320000000000000000e+02 -2.746296913011397195e-02 -3.909041605578492118e-03
1.330000000000000000e+02 -2.559767729423450058e-02 -3.317355878656629356e-03
1.340000000000000000e+02 -2.383350759496664223e-02 -2.803616354555229020e-03
1.350000000000000000e+02 -2.216807157508767639e-02 -2.359685964447774936e-03
1.360000000000000000e+02 -2.059480391277509342e-02 -1.977872442576092404e-03
1.370000000000000000e+02 -1.910524016493625118e-02 -1.650995809786880500e-03
1.380000000000000000e+02 -1.769149867219649980e-02 -1.372436301718881532e-03
1.390000000000000000e+02 -1.634818525284969376e-02 -1.136149672597654798e-03
1.400000000000000000e+02 -1.507321039464392005e-02 -9.366543251940935306e-04
1.410000000000000000e+02 -1.386740185613675319e-02 -7.690049229100527411e-04
1.420000000000000000e+02 -1.273318928800554195e-02 -6.287652663672764226e-04
1.430000000000000000e+02 -1.167290706894858789e-02 -5.119844858483967205e-04
1.440000000000000000e+02 -1.068732025576687138e-02 -4.151732502284903982e-04
1.450000000000000000e+02 -9.774821741592670463e-03 -3.352751924282539454e-04
1.460000000000000000e+02 -8.931460061767869038e-03 -2.696319804255510144e-04
1.470000000000000000e+02 -8.151663175389631602e-03 -2.159444302452663122e-04
1.480000000000000000e+02 -7.429327811748032834e-03 -1.722336741037958573e-04
1.490000000000000000e+02 -6.758888884738748631e-03 -1.368052881016835034e-04
1.500000000000000000e+02 -6.136053831835922880e-03 -1.082170705677955959e-04
1.510000000000000000e+02 -5.558036847557161313e-03 -8.524963149657295276e-05
1.520000000000000000e+02 -5.023303868585828925e-03 -6.687877843898810699e-05
1.530000000000000000e+02 -4.530988391761529149e-03 -5.224938950365017954e-05
1.540000000000000000e+02 -4.080217985307254755e-03 -4.065117648894775188e-05
1.550000000000000000e+02 -3.669581860722359590e-03 -3.149693182193762233e-05
1.560000000000000000e+02 -3.296884630434652758e-03 -2.430355522182160735e-05
1.570000000000000000e+02 -2.959212122291742832e-03 -1.867572326962361551e-05
1.580000000000000000e+02 -2.653230653968644340e-03 -1.429181018013202214e-05
1.590000000000000000e+02 -2.375584309203630611e-03 -1.089166779796335197e-05
