0.000000000000000000e+00 -8.694562023345807059e-07 -8.871781379394973392e-07
1.000000000000000000e+00 -3.127967874161364021e-11 -8.611645709557058587e-11
2.000000000000000000e+00 -4.925096661050825064e-11 -1.321584262645323809e-10
3.000000000000000000e+00 -8.020487579308103023e-11 -2.089504457783586078e-10
4.000000000000000000e+00 -1.301091294339878160e-10 -3.285919953790547347e-10
5.000000000000000000e+00 -2.101413336189078286e-10 -5.139608143165268843e-10
6.000000000000000000e+00 -3.374746689816611467e-10 -7.997662241032965694e-10
7.000000000000000000e+00 -5.382870625873675438e-10 -1.238270885763339452e-09
8.000000000000000000e+00 -8.527357046846488582e-10 -1.907516522233576926e-09
9.000000000000000000e+00 -1.342908742060105144e-09 -2.923155918011487676e-09
1.000000000000000000e+01 -2.104505063186376773e-09 -4.455649642149766790e-09
1.100000000000000000e+01 -3.282736198828928774e-09 -6.755307769243747751e-09
1.200000000000000000e+01 -5.093788150296862171e-09 -1.018828670602198608e-08
1.300000000000000000e+01 -7.855931051125681667e-09 -1.528725985071333487e-08
1.400000000000000000e+01 -1.203802790610212523e-08 -2.282159875072425399e-08
1.500000000000000000e+01 -1.833474653828645698e-08 -3.389427858883735489e-08
1.600000000000000000e+01 -2.777498066697704514e-08 -5.007658250392474695e-08
1.700000000000000000e+01 -4.186590766875448106e-08 -7.359612534145533558e-08
1.800000000000000000e+01 -6.277892174769898527e-08 -1.075972808469771131e-07
1.900000000000000000e+01 -9.360273435048714154e-08 -1.564956028963206160e-07
2.000000000000000000e+01 -1.387161204752783606e-07 -2.264519541833263190e-07
2.100000000000000000e+01 -2.043444078039853703e-07 -3.260020781107418302e-07
2.200000000000000000e+01 -2.993409172142403843e-07 -4.668947584789341023e-07
2.300000000000000000e+01 -4.361961523102037602e-07 -6.652115368501832999e-07
2.400000000000000000e+01 -6.322854134530626665e-07 -9.428546113075624274e-07
2.500000000000000000e+01 -9.114696720444774583e-07 -1.329494733713997098e-06
2.600000000000000000e+01 -1.306321477870052310e-06 -1.865079460761687359e-06
2.700000000000000000e+01 -1.861310947812898237e-06 -2.603033021875976628e-06
2.800000000000000000e+01 -2.637139724280316045e-06 -3.614337047020242485e-06
2.900000000000000000e+01 -3.716154389188394236e-06 -4.992741701303443665e-06
3.000000000000000000e+01 -5.208737677194553282e-06 -6.861382031149451132e-06
3.100000000000000000e+01 -7.261026187493878483e-06 -9.381059127342601453e-06
3.200000000000000000e+01 -1.006501760271132587e-05 -1.276044196973892352e-05
3.300000000000000000e+01 -1.387239934508610344e-05 -1.726852063194333372e-05
3.400000000000000000e+01 -1.901270793900822743e-05 -2.324978771438578862e-05
3.500000000000000000e+01 -2.591515619495291184e-05 -3.114272588155147538e-05
3.600000000000000000e+01 -3.513305516227953329e-05 -4.150211214267052618e-05
3.700000000000000000e+01 -4.737127867572499051e-05 -5.502545669912067594e-05
3.800000000000000000e+01 -6.351982710495448548e-05 -7.258381343415264272e-05
3.900000000000000000e+01 -8.469757605343000619e-05 -9.525742003506388613e-05
4.000000000000000000e+01 -1.123077067602845002e-04 -1.243769697818000741e-04
4.100000000000000000e+01 -1.481015154716462537e-04 -1.615712675832708912e-04
4.200000000000000000e+01 -1.942449624418965707e-04 -2.088212733536107279e-04
4.300000000000000000e+01 -2.533861507718663760e-04 -2.685195635840925297e-04
4.400000000000000000e+01 -3.287298326426626527e-04 -3.435340845270607466e-04
4.500000000000000000e+01 -4.241292502794071482e-04 -4.372761552535138810e-04
4.600000000000000000e+01 -5.441994202446117724e-04 -5.537738352151605134e-04
4.700000000000000000e+01 -6.944417393773588860e-04 -6.977509388110977829e-04
4.800000000000000000e+01 -8.813597062164437931e-04 -8.747085781299912283e-04
4.900000000000000000e+01 -1.112551736110977980e-03 -1.091002686056257581e-03
5.000000000000000000e+01 -1.396788251106831228e-03 -1.353911438913033699e-03
5.100000000000000000e+01 -1.744098143677858589e-03 -1.671691640850464381e-03
5.200000000000000000e+01 -2.165882352647837197e-03 -2.053627957840963372e-03
5.300000000000000000e+01 -2.675036552172477440e-03 -2.510076334492041244e-03
5.400000000000000000e+01 -3.286027942846082416e-03 -3.052492041611011044e-03
5.500000000000000000e+01 -4.014873009696164410e-03 -3.693422824553933836e-03
5.600000000000000000e+01 -4.879017539233027403e-03 -4.446450888232375900e-03
5.700000000000000000e+01 -5.897186832652074467e-03 -5.326085393667368169e-03
5.800000000000000000e+01 -7.089281130700477579e-03 -6.347624113589172418e-03
5.900000000000000000e+01 -8.476305856897325616e-03 -7.526998598356010595e-03
6.000000000000000000e+01 -1.008021085378655798e-02 -8.880589392690674613e-03
6.100000000000000000e+01 -1.192349203615388452e-02 -1.042497149433371448e-02
6.200000000000000000e+01 -1.402854580548537622e-02 -1.217655751893596990e-02
6.300000000000000000e+01 -1.641696099661109007e-02 -1.415115124655412157e-02
6.400000000000000000e+01 -1.910897908186487415e-02 -1.636347021306541402e-02
6.500000000000000000e+01 -2.212314895497156930e-02 -1.882669405073060520e-02
6.600000000000000000e+01 -2.547591077141676125e-02 -2.155203653550694792e-02
6.700000000000000000e+01 -2.918078468080859134e-02 -2.454827527205344709e-02
6.800000000000000000e+01 -3.324715693602323108e-02 -2.782117420192308649e-02
6.900000000000000000e+01 -3.767908622712126676e-02 -3.137281803580849876e-02
7.000000000000000000e+01 -4.247462968188515237e-02 -3.520097725677199391e-02
7.100000000000000000e+01 -4.762573899702546298e-02 -3.929863857685594875e-02
7.200000000000000000e+01 -5.311820393124323109e-02 -4.365373525545488548e-02
7.300000000000000000e+01 -5.893105698651837643e-02 -4.824897487202499391e-02
7.400000000000000000e+01 -6.503547233134601702e-02 -5.306162225285531581e-02
7.500000000000000000e+01 -7.139391219479777895e-02 -5.806321148212813948e-02
7.600000000000000000e+01 -7.796029564378016696e-02 -6.321934399634666912e-02
7.700000000000000000e+01 -8.468115548265930936e-02 -6.848980521861697257e-02
7.800000000000000000e+01 -9.149689585115812485e-02 -7.382910130370991253e-02
7.900000000000000000e+01 -9.834230065044585745e-02 -7.918727037184597473e-02
8.000000000000000000e+01 -1.051464146567567676e-01 -8.451068108553026759e-02
8.100000000000000000e+01 -1.118328356704561266e-01 -8.974265004507755994e-02
8.200000000000000000e+01 -1.183213062568237717e-01 -9.482400840511656659e-02
8.300000000000000000e+01 -1.245303641807304906e-01 -9.969395294003997876e-02
8.400000000000000000e+01 -1.303798585757337536e-01 -1.042914017342237848e-01
8.500000000000000000e+01 -1.357923777895220785e-01 -1.085566989965759399e-01
8.600000000000000000e+01 -1.406938299371616741e-01 -1.124332090202237039e-01
8.700000000000000000e+01 -1.450143138796311792e-01 -1.158684179752835497e-01
8.800000000000000000e+01 -1.486900781581388109e-01 -1.188145960788209998e-01
8.900000000000000000e+01 -1.516661615061576651e-01 -1.212294719143758859e-01
9.000000000000000000e+01 -1.538985072532987053e-01 -1.230773301041163670e-01
9.100000000000000000e+01 -1.553547502170970762e-01 -1.243304542984828565e-01
9.200000000000000000e+01 -1.560140163662769586e-01 -1.249703454241487821e-01
9.300000000000000000e+01 -1.558667626940858641e-01 -1.249881478288544651e-01
9.400000000000000000e+01 -1.549152758573049682e-01 -1.243842598710017400e-01
9.500000000000000000e+01 -1.531744562435644330e-01 -1.231676955606525597e-01
9.600000000000000000e+01 -1.506719827887334218e-01 -1.213558214005496794e-01
9.700000000000000000e+01 -1.474473596779687923e-01 -1.189745369505307571e-01
9.800000000000000000e+01 -1.435501926460827082e-01 -1.160583292652903331e-01
9.900000000000000000e+01 -1.390384706477594823e-01 -1.126495469024171026e-01
1.000000000000000000e+02 -1.339773004463625794e-01 -1.087968134186934610e-01
1.010000000000000000e+02 -1.284378881777885062e-01 -1.045531840337014795e-01
1.020000000000000000e+02 -1.224962493642729744e-01 -9.997477647202215878e-02
1.030000000000000000e+02 -1.162313897067084184e-01 -9.512005897809941435e-02
1.040000000000000000e+02 -1.097231925012343984e-01 -9.004930082289580584e-02
1.050000000000000000e+02 -1.030504834260021485e-01 -8.482354466656034930e-02
1.060000000000000000e+02 -9.628955696745886139e-02 -7.950296730846925786e-02
1.070000000000000000e+02 -8.951308717503994594e-02 -7.414513545142600859e-02
1.080000000000000000e+02 -8.278915744712356251e-02 -6.880381142398991900e-02
1.090000000000000000e+02 -7.618025004825272617e-02 -6.352850609048071862e-02
1.100000000000000000e+02 -6.974227380117402342e-02 -5.836438779343075534e-02
1.110000000000000000e+02 -6.352383803560067432e-02 -5.335199990231487277e-02
1.120000000000000000e+02 -5.756590918754191794e-02 -4.852661690018212487e-02
1.130000000000000000e+02 -5.190181281746885505e-02 -4.391756555995085520e-02
1.140000000000000000e+02 -4.655743177898245821e-02 -3.954797116918050415e-02
1.150000000000000000e+02 -4.155147613243587168e-02 -3.543507429475878379e-02
1.160000000000000000e+02 -3.689580639385862948e-02 -3.159084694478594274e-02
1.170000000000000000e+02 -3.259586866715316611e-02 -2.802251352437156243e-02
1.180000000000000000e+02 -2.865128832792809832e-02 -2.473281953295692823e-02
1.190000000000000000e+02 -2.505659773432363652e-02 -2.172021468510224734e-02
1.200000000000000000e+02 -2.180201673806949139e-02 -1.897921789199384646e-02
1.210000000000000000e+02 -1.887420805529435239e-02 -1.650105702242392683e-02
1.220000000000000000e+02 -1.625697755794889079e-02 -1.427443479223684461e-02
1.230000000000000000e+02 -1.393193303362402768e-02 -1.228619431061859189e-02
1.240000000000000000e+02 -1.187912076330256694e-02 -1.052178243872204343e-02
1.250000000000000000e+02 -1.007763486540937461e-02 -8.965585606274868724e-03
1.260000000000000000e+02 -8.506171341921758139e-03 -7.601276049378023932e-03
1.270000000000000000e+02 -7.143499296659343994e-03 -6.412228343581984763e-03
1.280000000000000000e+02 -5.968841704477880448e-03 -5.381949888584757445e-03
1.290000000000000000e+02 -4.962177422933885737e-03 -4.494427107865824403e-03
1.300000000000000000e+02 -4.104480702333865305e-03 -3.734341322862533112e-03
1.310000000000000000e+02 -3.377906527549102891e-03 -3.087187020350592656e-03
1.320000000000000000e+02 -2.765921635461463576e-03 -2.539357176415568251e-03
1.330000000000000000e+02 -2.253380357798114193e-03 -2.078231801726833621e-03
1.340000000000000000e+02 -1.826550237606410811e-03 -1.692258741245246910e-03
1.350000000000000000e+02 -1.473097930489910418e-03 -1.370995680312713351e-03
1.360000000000000000e+02 -1.182046668490226897e-03 -1.105098434225111051e-03
1.370000000000000000e+02 -9.437133915956237616e-04 -8.862685003192770621e-04
1.380000000000000000e+02 -7.496302425197667917e-04 -7.071854904235644291e-04
1.390000000000000000e+02 -5.924539233354243414e-04 -5.614415569980963890e-04
1.400000000000000000e+02 -4.658670253948611444e-04 -4.434788231055689718e-04
1.410000000000000000e+02 -3.644760647240929182e-04 -3.485224441495271422e-04
1.420000000000000000e+02 -2.837104589006237245e-04 -2.725050161447456227e-04
1.430000000000000000e+02 -2.197253403393709581e-04 -2.119856462348487119e-04
1.440000000000000000e+02 -1.693098121918233732e-04 -1.640709573650293135e-04
1.450000000000000000e+02 -1.298015522439585428e-04 -1.263433844818589004e-04
1.460000000000000000e+02 -9.900844230496463829e-05 -9.679769172592849152e-05
1.470000000000000000e+02 -7.513775613124936499e-05 -7.378384010327262792e-05
1.480000000000000000e+02 -5.673315738928898683e-05 -5.595445328848302916e-05
1.490000000000000000e+02 -4.261939266841877630e-05 -4.221669426663044952e-05
1.500000000000000000e+02 -3.185426822200310376e-05 -3.168941308137952805e-05
1.510000000000000000e+02 -2.368734634935101604e-05 -2.366624501919458679e-05
1.520000000000000000e+02 -1.752475446534242472e-05 -1.758449620093661486e-05
1.530000000000000000e+02 -1.289949394623534363e-05 -1.299900570237703904e-05
1.540000000000000000e+02 -9.446633787904500069e-06 -9.560078105124383236e-06
1.550000000000000000e+02 -6.882774972960586859e-06 -6.994842707789124215e-06
1.560000000000000000e+02 -4.989194850081227258e-06 -5.091665054476072714e-06
1.570000000000000000e+02 -3.598122919686743962e-06 -3.687331728440913835e-06
1.580000000000000000e+02 -2.581655475459736179e-06 -2.656687323109042130e-06
1.590000000000000000e+02 -1.842872521656687197e-06 -1.904341507228739585e-06
