0.000000000000000000e+00 -1.786734399749634252e-06 -6.022976617182804071e-06
1.000000000000000000e+00 -5.009260066222555893e-10 -1.116487787318165700e-09
2.000000000000000000e+00 -7.326358107607637101e-10 -1.561980353982842726e-09
3.000000000000000000e+00 -1.130899327096392984e-09 -2.346600550328632563e-09
4.000000000000000000e+00 -1.738643313102883896e-09 -3.513873793816926206e-09
5.000000000000000000e+00 -2.659577253822834623e-09 -5.234923042887283699e-09
6.000000000000000000e+00 -4.046792584018656164e-09 -7.758453024080049382e-09
7.000000000000000000e+00 -6.124541341307710304e-09 -1.144225173695280989e-08
8.000000000000000000e+00 -9.220631709742369843e-09 -1.679903993076785463e-08
9.000000000000000000e+00 -1.381224907044659020e-08 -2.455679311203261059e-08
1.000000000000000000e+01 -2.058895527205068933e-08 -3.573733205071738574e-08
1.100000000000000000e+01 -3.053854482179858498e-08 -5.176227044587080858e-08
1.200000000000000000e+01 -4.506550268391714718e-08 -7.460202383248098671e-08
1.300000000000000000e+01 -6.615711249809766909e-08 -1.069871900987227535e-07
1.400000000000000000e+01 -9.661631566233399937e-08 -1.526988240646301556e-07
1.500000000000000000e+01 -1.403815516216582374e-07 -2.169476466362690257e-07
1.600000000000000000e+01 -2.029543577555149052e-07 -3.068521643275114165e-07
1.700000000000000000e+01 -2.919619592445572990e-07 -4.320427964439468296e-07
1.800000000000000000e+01 -4.178996702403384228e-07 -6.054526379048080012e-07
1.900000000000000000e+01 -5.951231390202469488e-07 -8.443865702962361193e-07
2.000000000000000000e+01 -8.431802357366679581e-07 -1.171962843562803587e-06
2.100000000000000000e+01 -1.188575638396442838e-06 -1.618987413245924217e-06
2.200000000000000000e+01 -1.667055141676958158e-06 -2.226282339753452498e-06
2.300000000000000000e+01 -2.326508847249066748e-06 -3.047502562236553665e-06
2.400000000000000000e+01 -3.230646617344573900e-06 -4.152574356850832312e-06
2.500000000000000000e+01 -4.463683271836246107e-06 -5.632034867017447172e-06
2.600000000000000000e+01 -6.136333816341478655e-06 -7.602638109745130568e-06
2.700000000000000000e+01 -8.393416998673576703e-06 -1.021452410851559572e-05
2.800000000000000000e+01 -1.142332189077622942e-05 -1.366004672905088219e-05
2.900000000000000000e+01 -1.546959526183253571e-05 -1.818419088392814097e-05
3.000000000000000000e+01 -2.084502190720367273e-05 -2.409658783996802172e-05
3.100000000000000000e+01 -2.794874181711006953e-05 -3.178551396557399331e-05
3.200000000000000000e+01 -3.728703019045755980e-05 -4.173472118015422749e-05
3.300000000000000000e+01 -4.949828100630051711e-05 -5.454410997867225838e-05
3.400000000000000000e+01 -6.538259985285931118e-05 -7.095484455308667063e-05
3.500000000000000000e+01 -8.593643224398292793e-05 -9.187865319921728027e-05
3.600000000000000000e+01 -1.123928365573510920e-04 -1.184303342200461321e-04
3.700000000000000000e+01 -1.462680558915915830e-04 -1.519626040683633161e-04
3.800000000000000000e+01 -1.894146763982135890e-04 -1.941036378487212370e-04
3.900000000000000000e+01 -2.440811165928243672e-04 -2.467993047811866368e-04
4.000000000000000000e+01 -3.129771504030077383e-04 -3.123627354154513572e-04
4.100000000000000000e+01 -3.993458822168319288e-04 -3.935321607585162392e-04
4.200000000000000000e+01 -5.070431221403969620e-04 -4.935341684137656889e-04
4.300000000000000000e+01 -6.406239421336880086e-04 -6.161461249567246881e-04
4.400000000000000000e+01 -8.054332450125063075e-04 -7.657520410232258011e-04
4.500000000000000000e+01 -1.007694963054216620e-03 -9.473919670711384569e-04
4.600000000000000000e+01 -1.254596144821371658e-03 -1.166812494248436159e-03
4.700000000000000000e+01 -1.554367231841987957e-03 -1.430527591179283275e-03
4.800000000000000000e+01 -1.916362632722309672e-03 -1.745889596317677130e-03
4.900000000000000000e+01 -2.351140280924061618e-03 -2.121153897300642396e-03
5.000000000000000000e+01 -2.870526979563330604e-03 -2.565511623434927301e-03
5.100000000000000000e+01 -3.487649408683404176e-03 -3.089075588072615931e-03
5.200000000000000000e+01 -4.216919585089011491e-03 -3.702832762972914100e-03
5.300000000000000000e+01 -5.073984112865333532e-03 -4.418598581129921238e-03
5.400000000000000000e+01 -6.075657795180909766e-03 -5.248997797947726161e-03
5.500000000000000000e+01 -7.239845806671631363e-03 -6.207451703376070176e-03
5.600000000000000000e+01 -8.585423473722769358e-03 -7.308107416101205893e-03
5.700000000000000000e+01 -1.013202481717708284e-02 -8.565649764608407671e-03
5.800000000000000000e+01 -1.189971944977084514e-02 -9.995002546817061476e-03
5.900000000000000000e+01 -1.390861584022221736e-02 -1.161100460614561576e-02
6.000000000000000000e+01 -1.617845945929340112e-02 -1.342815855405806759e-02
6.100000000000000000e+01 -1.872825366847210779e-02 -1.546046369550914575e-02
6.200000000000000000e+01 -2.157584760140121918e-02 -1.772122301979836209e-02
6.300000000000000000e+01 -2.473739647471185840e-02 -2.022267623504519704e-02
6.400000000000000000e+01 -2.822666608249140702e-02 -2.297542000481083910e-02
6.500000000000000000e+01 -3.205427875932354703e-02 -2.598775770102277824e-02
6.600000000000000000e+01 -3.622705659880720575e-02 -2.926520524848168561e-02
6.700000000000000000e+01 -4.074752971057721274e-02 -3.281026001763122368e-02
6.800000000000000000e+01 -4.561351301650413970e-02 -3.662229756623272547e-02
6.900000000000000000e+01 -5.081758653057838471e-02 -4.069732112469694879e-02
7.000000000000000000e+01 -5.634643885923600742e-02 -4.502741375691140385e-02
7.100000000000000000e+01 -6.218024880462745541e-02 -4.960005308289152509e-02
7.200000000000000000e+01 -6.829236150181863807e-02 -5.439766027229218925e-02
7.300000000000000000e+01 -7.464935067119257694e-02 -5.939764013530222930e-02
7.400000000000000000e+01 -8.121129086121875451e-02 -6.457279613340199953e-02
7.500000000000000000e+01 -8.793197109906462916e-02 -6.989171150847284242e-02
7.600000000000000000e+01 -9.475898525096475289e-02 -7.531877533799438695e-02
7.700000000000000000e+01 -1.016339429207483852e-01 -8.081395261851233303e-02
7.800000000000000000e+01 -1.084931273265177520e-01 -8.633276453552184149e-02
7.900000000000000000e+01 -1.152686635832339268e-01 -9.182688820122224260e-02
8.000000000000000000e+01 -1.218898980925981201e-01 -9.724532223995377422e-02
8.100000000000000000e+01 -1.282846049739990446e-01 -1.025356174519681390e-01
8.200000000000000000e+01 -1.343799365592503736e-01 -1.076446762291848880e-01
8.300000000000000000e+01 -1.401034200364558724e-01 -1.125190980531881185e-01
8.400000000000000000e+01 -1.453843575969249180e-01 -1.171055488133314892e-01
8.500000000000000000e+01 -1.501556289322321658e-01 -1.213516702017612275e-01
8.600000000000000000e+01 -1.543554799450758686e-01 -1.252075667824709415e-01
8.700000000000000000e+01 -1.579288477221938436e-01 -1.286273606988395379e-01
8.800000000000000000e+01 -1.608281706654263177e-01 -1.315702143339452790e-01
8.900000000000000000e+01 -1.630140583796799714e-01 -1.340006817703593978e-01
9.000000000000000000e+01 -1.644562025577381570e-01 -1.358888218307892082e-01
9.100000000000000000e+01 -1.651344847432432705e-01 -1.372106413454470819e-01
9.200000000000000000e+01 -1.650398227249103011e-01 -1.379490114334998574e-01
9.300000000000000000e+01 -1.641743329075667779e-01 -1.380946279190997938e-01
9.400000000000000000e+01 -1.625508438122294508e-01 -1.376464202676912774e-01
9.500000000000000000e+01 -1.601922097892366503e-01 -1.366112050066685402e-01
9.600000000000000000e+01 -1.571308267106397705e-01 -1.350029470508067875e-01
9.700000000000000000e+01 -1.534083062476625792e-01 -1.328421979603489622e-01
9.800000000000000000e+01 -1.490748920090326224e-01 -1.301559484497919472e-01
9.900000000000000000e+01 -1.441882820401279575e-01 -1.269776027014232755e-01
1.000000000000000000e+02 -1.388119649381667209e-01 -1.233465637902940587e-01
1.010000000000000000e+02 -1.330135258148095190e-01 -1.193072027758215747e-01
1.020000000000000000e+02 -1.268632938301117452e-01 -1.149074781226415709e-01
1.030000000000000000e+02 -1.204332965298042235e-01 -1.101977078560695128e-01
1.040000000000000000e+02 -1.137961803960694795e-01 -1.052297765602200619e-01
1.050000000000000000e+02 -1.070238425421012052e-01 -1.000566209405018142e-01
1.060000000000000000e+02 -1.001858764301569171e-01 -9.473160000456896934e-02
1.070000000000000000e+02 -9.334818937888021695e-02 -8.930751668461835158e-02
1.080000000000000000e+02 -8.657206214735660432e-02 -8.383543186338407449e-02
1.090000000000000000e+02 -7.991360745101615259e-02 -7.836363803636639536e-02
1.100000000000000000e+02 -7.342336457831685759e-02 -7.293704834700445727e-02
1.110000000000000000e+02 -6.714583164759720113e-02 -6.759694267293288317e-02
1.120000000000000000e+02 -6.111898065000185426e-02 -6.238079656817641788e-02
1.130000000000000000e+02 -5.537396414954513790e-02 -5.732197679551118141e-02
1.140000000000000000e+02 -4.993516166696781305e-02 -5.244932825024892220e-02
1.150000000000000000e+02 -4.482051720445261872e-02 -4.778686127971963626e-02
1.160000000000000000e+02 -4.004198794542235262e-02 -4.335372070747632589e-02
1.170000000000000000e+02 -3.560596382029004164e-02 -3.916443267235329706e-02
1.180000000000000000e+02 -3.151365807195601054e-02 -3.522926625413580481e-02
1.190000000000000000e+02 -2.776156212985156357e-02 -3.155454485367148454e-02
1.200000000000000000e+02 -2.434202983968754980e-02 -2.814287057482824095e-02
1.210000000000000000e+02 -2.124395861371149857e-02 -2.499334972122566056e-02
1.220000000000000000e+02 -1.845347195703945023e-02 -2.210192346999934401e-02
1.230000000000000000e+02 -1.595452845037472617e-02 -1.946182289439341365e-02
1.240000000000000000e+02 -1.372944982483602708e-02 -1.706407415314709075e-02
1.250000000000000000e+02 -1.175940618675224564e-02 -1.489795852203822275e-02
1.260000000000000000e+02 -1.002488815266638737e-02 -1.295138585495135553e-02
1.270000000000000000e+02 -8.506157710103984596e-03 -1.121120851392647111e-02
1.280000000000000000e+02 -7.183645297232011361e-03 -9.663527071243818017e-03
1.290000000000000000e+02 -6.038268782631587422e-03 -8.294010999141714774e-03
1.300000000000000000e+02 -5.051675657921636704e-03 -7.088214249957160672e-03
1.310000000000000000e+02 -4.206427083185852733e-03 -6.031847458929503678e-03
1.320000000000000000e+02 -3.486140681404187834e-03 -5.110984764003496592e-03
1.330000000000000000e+02 -2.875596931202866347e-03 -4.312212506073187859e-03
1.340000000000000000e+02 -2.360805995007968054e-03 -3.622742986569013526e-03
1.350000000000000000e+02 -1.929033558007629389e-03 -3.030510665588399214e-03
1.360000000000000000e+02 -1.568790964842715300e-03 -2.524252119054338703e-03
1.370000000000000000e+02 -1.269799224678117965e-03 -2.093560991269085431e-03
1.380000000000000000e+02 -1.022935598992647356e-03 -1.728911557688233127e-03
1.390000000000000000e+02 -8.201680024097137301e-04 -1.421653755665355096e-03
1.400000000000000000e+02 -6.544799399494044632e-04 -1.163989209875964303e-03
1.410000000000000000e+02 -5.197883926452775971e-04 -9.489373946311159373e-04
1.420000000000000000e+02 -4.108577837551503388e-04 -7.702961437000543097e-04
1.430000000000000000e+02 -3.232133939602436427e-04 -6.225964602298829581e-04
1.440000000000000000e+02 -2.530569479079436369e-04 -5.010508853683709116e-04
1.450000000000000000e+02 -1.971861236709639240e-04 -4.014966118616896166e-04
1.460000000000000000e+02 -1.529190290583907618e-04 -3.203363957965190442e-04
1.470000000000000000e+02 -1.180243390589381458e-04 -2.544804439255501992e-04
1.480000000000000000e+02 -9.065757047217020412e-05 -2.012911435867108885e-04
1.490000000000000000e+02 -6.930371773754354916e-05 -1.585310857603962386e-04
1.500000000000000000e+02 -5.272621270775755889e-05 -1.243142431947018875e-04
1.510000000000000000e+02 -3.992198838229572583e-05 -9.706035578238686435e-05
1.520000000000000000e+02 -3.008233154960204386e-05 -7.545293087899498940e-05
1.530000000000000000e+02 -2.255914407399833572e-05 -5.840130987834363263e-05
1.540000000000000000e+02 -1.683615947320131316e-05 -4.500696796689797650e-05
1.550000000000000000e+02 -1.250459664688953240e-05 -3.453386854883524614e-05
1.560000000000000000e+02 -9.242715177174657277e-06 -2.638251609393192944e-05
1.570000000000000000e+02 -6.798769948153317902e-06 -2.006735813011152023e-05
1.580000000000000000e+02 -4.976917618967091299e-06 -1.519726217700198849e-05
1.590000000000000000e+02 -3.625670843358546162e-06 -1.145882718982180125e-05
