0.000000000000000000e+00 -1.873849816842193883e-08 -2.004082464283020999e-07
1.000000000000000000e+00 5.362208708149533207e-07 2.076346722089380347e-07
2.000000000000000000e+00 6.782928314032132726e-07 2.751559146104856408e-07
3.000000000000000000e+00 9.027593395223511925e-07 3.706331260352587933e-07
4.000000000000000000e+00 1.197282369282527683e-06 4.974679866938769168e-07
5.000000000000000000e+00 1.582138122080009324e-06 6.654165165460781176e-07
6.000000000000000000e+00 2.083147590806096330e-06 8.869099247516515659e-07
7.000000000000000000e+00 2.732983704642019734e-06 1.177621737469106891e-06
8.000000000000000000e+00 3.572813970027570476e-06 1.557247439812340938e-06
9.000000000000000000e+00 4.654234072816719525e-06 2.050615728609308693e-06
1.000000000000000000e+01 6.041529446960670858e-06 2.689190162696398421e-06
1.100000000000000000e+01 7.814350099987496870e-06 3.512898305679912879e-06
1.200000000000000000e+01 1.007094339722068955e-05 4.572113114716025488e-06
1.300000000000000000e+01 1.293211953390138520e-05 5.929603622817597448e-06
1.400000000000000000e+01 1.654607655152817505e-05 7.662442333747038843e-06
1.500000000000000000e+01 2.109408193302393184e-05 9.864169677589374363e-06
1.600000000000000000e+01 2.679685364921775601e-05 1.264780648879846586e-05
1.700000000000000000e+01 3.392144115016909801e-05 1.615032972747960628e-05
1.800000000000000000e+01 4.278859284279929061e-05 2.053881040008570047e-05
1.900000000000000000e+01 5.378099868448868004e-05 2.601763497741456659e-05
2.000000000000000000e+01 6.735318480746082875e-05 3.283550750495048556e-05
2.100000000000000000e+01 8.404383157830425837e-05 4.129087261678439261e-05
2.200000000000000000e+01 1.044906218599633824e-04 5.173544153645620613e-05
2.300000000000000000e+01 1.294465706512460583e-04 6.457742293074957354e-05
2.400000000000000000e+01 1.597958688448299146e-04 8.028778201979967777e-05
2.500000000000000000e+01 1.965675528226181986e-04 9.941281552274406491e-05
2.600000000000000000e+01 2.409472326970390826e-04 1.225935245152356848e-04
2.700000000000000000e+01 2.942898736939521883e-04 1.505874154407800709e-04
2.800000000000000000e+01 3.581381709505408652e-04 1.842843447975910586e-04
2.900000000000000000e+01 4.342492487939111955e-04 2.247086722115687748e-04
3.000000000000000000e+01 5.246269388437954997e-04 2.730073239860928607e-04
3.100000000000000000e+01 6.315505575033095046e-04 3.304348201990117370e-04
3.200000000000000000e+01 7.575889982288209036e-04 3.983543389528225844e-04
3.300000000000000000e+01 9.055950813286221465e-04 4.782697576482016345e-04
3.400000000000000000e+01 1.078688234859112799e-03 5.718844127265376677e-04
3.500000000000000000e+01 1.280245652164941792e-03 6.811566481086726681e-04
3.600000000000000000e+01 1.513921970989432842e-03 8.083086885418900485e-04
3.700000000000000000e+01 1.783699472807214956e-03 9.557615000178536864e-04
3.800000000000000000e+01 2.093941968448717258e-03 1.126014692232199781e-03
3.900000000000000000e+01 2.449405688899462200e-03 1.321541989821316352e-03
4.000000000000000000e+01 2.855170548916899538e-03 1.544787845547643777e-03
4.100000000000000000e+01 3.316499595327167434e-03 1.798300070808639840e-03
4.200000000000000000e+01 3.838690318760238328e-03 2.084930949610138383e-03
4.300000000000000000e+01 4.427006474668275862e-03 2.407949748984493724e-03
4.400000000000000000e+01 5.086739843638520865e-03 2.770914032549958144e-03
4.500000000000000000e+01 5.823355674218965924e-03 3.177280606043223626e-03
4.600000000000000000e+01 6.642581308671228167e-03 3.629938631045081729e-03
4.700000000000000000e+01 7.550283111176210246e-03 4.130974619170290490e-03
4.800000000000000000e+01 8.552083438735667842e-03 4.681896893583562674e-03
4.900000000000000000e+01 9.652853018627059398e-03 5.284247546151095432e-03
5.000000000000000000e+01 1.085635185180668094e-02 5.940185244679250555e-03
5.100000000000000000e+01 1.216525678056618043e-02 6.652503440357874880e-03
5.200000000000000000e+01 1.358157868097794804e-02 7.423830404190452995e-03
5.300000000000000000e+01 1.510716274040653506e-02 8.255338510581973488e-03
5.400000000000000000e+01 1.674380580656012474e-02 9.145786296120412412e-03
5.500000000000000000e+01 1.849268727805516294e-02 1.009169398877708332e-02
5.600000000000000000e+01 2.035326003912159634e-02 1.108877617345368008e-02
5.700000000000000000e+01 2.232221182475558480e-02 1.213378966160771032e-02
5.800000000000000000e+01 2.439322423770642900e-02 1.322540658727122329e-02
5.900000000000000000e+01 2.655784353680765847e-02 1.436314887717584851e-02
6.000000000000000000e+01 2.880702032885242708e-02 1.554472787112268044e-02
6.100000000000000000e+01 3.113227460816027359e-02 1.676348634453824621e-02
6.200000000000000000e+01 3.352549861054798797e-02 1.800796089342527814e-02
6.300000000000000000e+01 3.597723387283949248e-02 1.926437555966819745e-02
6.400000000000000000e+01 3.847439353729270595e-02 2.052077024370513661e-02
6.500000000000000000e+01 4.099904676939261639e-02 2.176994684220377382e-02
6.600000000000000000e+01 4.352944474612836789e-02 2.300880727634863412e-02
6.700000000000000000e+01 4.604305884136155463e-02 2.423402208401576399e-02
6.800000000000000000e+01 4.851989175106720398e-02 2.543680575722302023e-02
6.900000000000000000e+01 5.094382411635237778e-02 2.660073620249552018e-02
7.000000000000000000e+01 5.330083140610500370e-02 2.770485017667076444e-02
7.100000000000000000e+01 5.557502532195881390e-02 2.873055305985019320e-02
7.200000000000000000e+01 5.774523723973306460e-02 2.966777549498973710e-02
7.300000000000000000e+01 5.978490023947651000e-02 3.051578181899057204e-02
7.400000000000000000e+01 6.166600740472161224e-02 3.127751739465881031e-02
7.500000000000000000e+01 6.336508662658373037e-02 3.195112816329671868e-02
7.600000000000000000e+01 6.486739573031911898e-02 3.252479558591291064e-02
7.700000000000000000e+01 6.616632934109333009e-02 3.297914170830268388e-02
7.800000000000000000e+01 6.725809480772881876e-02 3.329617751380381518e-02
7.900000000000000000e+01 6.813509919681384752e-02 3.346879707963900524e-02
8.000000000000000000e+01 6.878276342688892375e-02 3.350395044513486409e-02
8.100000000000000000e+01 6.918249244133230225e-02 3.341682778052382230e-02
8.200000000000000000e+01 6.931938868313451685e-02 3.321983955886249201e-02
8.300000000000000000e+01 6.918977763944082759e-02 3.291417450907482140e-02
8.400000000000000000e+01 6.880330867308641352e-02 3.249014467808578055e-02
8.500000000000000000e+01 6.817779691134856490e-02 3.193631496691476390e-02
8.600000000000000000e+01 6.732992734091816645e-02 3.125100603846685948e-02
8.700000000000000000e+01 6.626800775601725257e-02 3.044788877255068249e-02
8.800000000000000000e+01 6.499182905068992544e-02 2.955153396047020820e-02
8.900000000000000000e+01 6.349994157257039806e-02 2.858598000731294234e-02
9.000000000000000000e+01 6.179947207935257425e-02 2.756437658949535338e-02
9.100000000000000000e+01 5.991163916963418434e-02 2.648690901315248550e-02
9.200000000000000000e+01 5.786889451704069209e-02 2.534818022829090495e-02
9.300000000000000000e+01 5.570531470378427968e-02 2.414847680807215291e-02
9.400000000000000000e+01 5.344654317657281800e-02 2.290076472900317434e-02
9.500000000000000000e+01 5.110593421434599104e-02 2.162858615408738000e-02
9.600000000000000000e+01 4.868929875496302850e-02 2.035665419296826123e-02
9.700000000000000000e+01 4.620474790224624040e-02 1.910097841638715155e-02
9.800000000000000000e+01 4.367068905464086687e-02 1.786528874169404646e-02
9.900000000000000000e+01 4.111642719493447534e-02 1.664570447859878635e-02
1.000000000000000000e+02 3.857501355572146712e-02 1.543974217661244624e-02
1.010000000000000000e+02 3.607327519867533500e-02 1.425307498458948385e-02
1.020000000000000000e+02 3.362569252460347047e-02 1.309958655446823508e-02
1.030000000000000000e+02 3.123591293738878921e-02 1.199530041498738687e-02
1.040000000000000000e+02 2.890437531161664519e-02 1.095091871248930412e-02
1.050000000000000000e+02 2.663652643374068638e-02 9.968164498869587845e-03
1.060000000000000000e+02 2.444609401904243237e-02 9.041959881646771668e-03
1.070000000000000000e+02 2.235160496213844245e-02 8.166281298760961344e-03
1.080000000000000000e+02 2.036900170613574479e-02 7.339324813157469679e-03
1.090000000000000000e+02 1.850557539066502444e-02 6.564661630847382426e-03
1.100000000000000000e+02 1.675910048135376487e-02 5.848223615189572511e-03
1.110000000000000000e+02 1.512225588661456760e-02 5.193779739606894756e-03
1.120000000000000000e+02 1.358893843202828994e-02 4.600173756840179005e-03
1.130000000000000000e+02 1.215821587979810416e-02 4.061910079868426282e-03
1.140000000000000000e+02 1.083372059478184164e-02 3.572195855007808708e-03
1.150000000000000000e+02 9.619541941773206845e-03 3.126072852499397169e-03
1.160000000000000000e+02 8.515819452704360970e-03 2.721626053829028901e-03
1.170000000000000000e+02 7.516995854929255268e-03 2.358882000499635135e-03
1.180000000000000000e+02 6.613545136863028043e-03 2.037592372695374958e-03
1.190000000000000000e+02 5.795624005047433046e-03 1.755591128445669388e-03
1.200000000000000000e+02 5.056092412917048522e-03 1.508700192139334146e-03
1.210000000000000000e+02 4.391160684081228151e-03 1.291950463566870263e-03
1.220000000000000000e+02 3.798726243918408574e-03 1.101079322953759689e-03
1.230000000000000000e+02 3.275918723607816087e-03 9.333082699871108907e-04
1.240000000000000000e+02 2.817594947218280462e-03 7.870844961398250393e-04
1.250000000000000000e+02 2.416593292261037286e-03 6.612021966722830086e-04
1.260000000000000000e+02 2.065283237962610777e-03 5.540146790493983339e-04
1.270000000000000000e+02 1.757213909359151872e-03 4.632172413016122977e-04
1.280000000000000000e+02 1.487839810066275258e-03 3.861985362416608079e-04
1.290000000000000000e+02 1.254088359326819375e-03 3.205968684061476963e-04
1.300000000000000000e+02 1.053302232185795865e-03 2.646597298879734537e-04
1.310000000000000000e+02 8.823555608831817280e-04 2.172320030280058616e-04
1.320000000000000000e+02 7.374498983002224489e-04 1.774762438610836494e-04
1.330000000000000000e+02 6.145544486424070908e-04 1.445665898423939468e-04
1.340000000000000000e+02 5.100628899890707587e-04 1.175464633155636244e-04
1.350000000000000000e+02 4.212073760721832087e-04 9.538437240174443138e-05
1.360000000000000000e+02 3.460318487526889072e-04 7.712946718032732811e-05
1.370000000000000000e+02 2.830451374476114501e-04 6.203580971930812188e-05
1.380000000000000000e+02 2.308368433554312501e-04 4.958282629624191976e-05
1.390000000000000000e+02 1.878857661203304726e-04 3.940531765341329096e-05
1.400000000000000000e+02 1.526116457513331903e-04 3.119780398798583949e-05
1.410000000000000000e+02 1.235600885921231558e-04 2.465359497301135874e-05
1.420000000000000000e+02 9.956154872253327663e-05 1.945901074263605373e-05
1.430000000000000000e+02 7.976689774039884674e-05 1.532360221771692616e-05
1.440000000000000000e+02 6.356499255318371635e-05 1.201223587435386862e-05
1.450000000000000000e+02 5.045695813970178773e-05 9.355631097092068551e-06
1.460000000000000000e+02 3.996564671902993289e-05 7.237219769460381848e-06
1.470000000000000000e+02 3.161449775740133574e-05 5.569467883115223863e-06
1.480000000000000000e+02 2.495907664347829294e-05 4.274842740474862508e-06
1.490000000000000000e+02 1.962956409970271755e-05 3.278803016877685574e-06
1.500000000000000000e+02 1.535021099764632678e-05 2.512722246119337742e-06
1.510000000000000000e+02 1.192708059602663922e-05 1.919819935566438272e-06
1.520000000000000000e+02 9.217399091908105957e-06 1.458194944414251148e-06
1.530000000000000000e+02 7.100576244706531409e-06 1.099170567425692138e-06
1.540000000000000000e+02 5.463630523032291814e-06 8.227612309056795549e-07
1.550000000000000000e+02 4.201476289716374930e-06 6.132116688380350077e-07
1.560000000000000000e+02 3.224217926572936046e-06 4.565079666622359640e-07
1.570000000000000000e+02 2.462739088580633107e-06 3.399867503827102697e-07
1.580000000000000000e+02 1.868329473553009649e-06 2.530021765621667751e-07
1.590000000000000000e+02 1.407335726983676575e-06 1.874981422895764124e-07
