0.000000000000000000e+00 -6.263230855486223666e-09 -4.672266272140278611e-13
1.000000000000000000e+00 1.614522106766399378e-08 8.125732374637945822e-13
2.000000000000000000e+00 2.269717578381946823e-08 1.575337321226319752e-12
3.000000000000000000e+00 3.361446073058191815e-08 3.052519048430911341e-12
4.000000000000000000e+00 4.955845085317734144e-08 5.811725744125152341e-12
5.000000000000000000e+00 7.269390264619629123e-08 1.103293776496321983e-11
6.000000000000000000e+00 1.060876426931370681e-07 2.072492586707948862e-11
7.000000000000000000e+00 1.540357617126095302e-07 3.857646199510263572e-11
8.000000000000000000e+00 2.225216665000610859e-07 7.115537714556053947e-11
9.000000000000000000e+00 3.198311521513621630e-07 1.300547606941835029e-10
1.000000000000000000e+01 4.573723558490040905e-07 2.355538981310532665e-10
1.100000000000000000e+01 6.507621813092712197e-07 4.227812072486999597e-10
1.200000000000000000e+01 9.212563154611695287e-07 7.519736127909025194e-10
1.300000000000000000e+01 1.297619619336314633e-06 1.325432209744578583e-09
1.400000000000000000e+01 1.818554889407169574e-06 2.315204372695822825e-09
1.500000000000000000e+01 2.535834255004342943e-06 4.007779751304017471e-09
1.600000000000000000e+01 3.518307431942431100e-06 6.875548316590920962e-09
1.700000000000000000e+01 4.856996802164710938e-06 1.168979795611017315e-08
1.800000000000000000e+01 6.671529512796846988e-06 1.969742006463758630e-08
1.900000000000000000e+01 9.118199644250893894e-06 3.289435099511337362e-08
2.000000000000000000e+01 1.239999761875232821e-05 5.444387504918078850e-08
2.100000000000000000e+01 1.677898814597523591e-05 8.930976947762303858e-08
2.200000000000000000e+01 2.259146211743847014e-05 1.452036921105141378e-07
2.300000000000000000e+01 3.026633306481446526e-05 2.339870022115516899e-07
2.400000000000000000e+01 4.034729238835889787e-05 3.737210291902604491e-07
2.500000000000000000e+01 5.351927151414801137e-05 5.916313555965575785e-07
2.600000000000000000e+01 7.063977636728053513e-05 9.283437726523242508e-07
2.700000000000000000e+01 9.277564445782554342e-05 1.443865196495444621e-06
2.800000000000000000e+01 1.212457267507045875e-04 2.225926026110300112e-06
2.900000000000000000e+01 1.576699138967684131e-04 3.401472563819965226e-06
3.000000000000000000e+01 2.040248244378591513e-04 5.152299888447671534e-06
3.100000000000000000e+01 2.627063517249282371e-04 7.736043132052462996e-06
3.200000000000000000e+01 3.365991019541504517e-04 1.151398925237491857e-05
3.300000000000000000e+01 4.291524882852673899e-04 1.698741947336448590e-05
3.400000000000000000e+01 5.444628171915481601e-04 2.484442509103142763e-05
3.500000000000000000e+01 6.873601423461543191e-04 3.601932557538361715e-05
3.600000000000000000e+01 8.634981110249232827e-04 5.176691500908930899e-05
3.700000000000000000e+01 1.079444657065773902e-03 7.375372026644161968e-05
3.800000000000000000e+01 1.342771174681245796e-03 1.041682118872618419e-04
3.900000000000000000e+01 1.662137395406327418e-03 1.458514064568196007e-04
4.000000000000000000e+01 2.047368155531786166e-03 2.024484636489671846e-04
4.100000000000000000e+01 2.509516649704795870e-03 2.785806436565133482e-04
4.200000000000000000e+01 3.060907502860417233e-03 3.800352933418064418e-04
4.300000000000000000e+01 3.715153220369784605e-03 5.139693479255283111e-04
4.400000000000000000e+01 4.487139325288747559e-03 6.891191904352194329e-04
4.500000000000000000e+01 5.392974863533576274e-03 9.160066604466622284e-04
4.600000000000000000e+01 6.449903433119854104e-03 1.207127648212956948e-03
4.700000000000000000e+01 7.676165491600836846e-03 1.577106217180879828e-03
4.800000000000000000e+01 9.090799739433042675e-03 2.042793868073952343e-03
4.900000000000000000e+01 1.071337542774857855e-02 2.623290805585136269e-03
5.000000000000000000e+01 1.256365851094665143e-02 3.339864275201282883e-03
5.100000000000000000e+01 1.466122368173892673e-02 4.215738496712072639e-03
5.200000000000000000e+01 1.702502031852737643e-02 5.275731848074500033e-03
5.300000000000000000e+01 1.967288369578158724e-02 6.545720457974120096e-03
5.400000000000000000e+01 2.262097151053803906e-02 8.051913770358392480e-03
5.500000000000000000e+01 2.588312098839245026e-02 9.819936630477994061e-03
5.600000000000000000e+01 2.947016116977631967e-02 1.187372332693405544e-02
5.700000000000000000e+01 3.338924341850235677e-02 1.423424209793103246e-02
5.800000000000000000e+01 3.764323269886203638e-02 1.691808469414033539e-02
5.900000000000000000e+01 4.223013987301704741e-02 1.993597332094606753e-02
6.000000000000000000e+01 4.714253515239808651e-02 2.329125273162389181e-02
6.100000000000000000e+01 5.236692830323017023e-02 2.697844657654040190e-02
6.200000000000000000e+01 5.788321291081196390e-02 3.098196728156718885e-02
6.300000000000000000e+01 6.366433756798418886e-02 3.527507890089544990e-02
6.400000000000000000e+01 6.967628613773663160e-02 3.981921508021596390e-02
6.500000000000000000e+01 7.587826597918653770e-02 4.456374156865759023e-02
6.600000000000000000e+01 8.222290377660038119e-02 4.944623087075428886e-02
6.700000000000000000e+01 8.865638046582687004e-02 5.439329919746239278e-02
6.800000000000000000e+01 9.511871022912464502e-02 5.932203900727826829e-02
6.900000000000000000e+01 1.015444897694929849e-01 6.414204378141349916e-02
7.000000000000000000e+01 1.078642122232752881e-01 6.875796537239163564e-02
7.100000000000000000e+01 1.140058224197114806e-01 7.307250135354727283e-02
7.200000000000000000e+01 1.198960259449176891e-01 7.698969806699967888e-02
7.300000000000000000e+01 1.254612078452307378e-01 8.041844158609602611e-02
7.400000000000000000e+01 1.306283815193170217e-01 8.327596266228134980e-02
7.500000000000000000e+01 1.353267552188704981e-01 8.549114009769021028e-02
7.600000000000000000e+01 1.394899805293019490e-01 8.700740825453139038e-02
7.700000000000000000e+01 1.430583907500010965e-01 8.778513553994310437e-02
7.800000000000000000e+01 1.459803737063318785e-01 8.780336127766336096e-02
7.900000000000000000e+01 1.482127533928871699e-01 8.706075705723895219e-02
8.000000000000000000e+01 1.497210014040944448e-01 8.557570946346093610e-02
8.100000000000000000e+01 1.504802222772725073e-01 8.338553416819292907e-02
8.200000000000000000e+01 1.504768956943978442e-01 8.054492179470230939e-02
8.300000000000000000e+01 1.497102508400678655e-01 7.712370692215410328e-02
8.400000000000000000e+01 1.481921273513196469e-01 7.320402865844784224e-02
8.500000000000000000e+01 1.459454060978888079e-01 6.887702169658865836e-02
8.600000000000000000e+01 1.430023517926073406e-01 6.423927793632661087e-02
8.700000000000000000e+01 1.394041207088629331e-01 5.938931203710861445e-02
8.800000000000000000e+01 1.352012435304046911e-01 5.442416914841793907e-02
8.900000000000000000e+01 1.304535831198574414e-01 4.943627846609603693e-02
9.000000000000000000e+01 1.252285325515990477e-01 4.451071080866654539e-02
9.100000000000000000e+01 1.195978628817140760e-01 3.972300602072707104e-02
9.200000000000000000e+01 1.136349453380814806e-01 3.513763149628484905e-02
9.300000000000000000e+01 1.074136424737267004e-01 3.080703237779989362e-02
9.400000000000000000e+01 1.010084100671264640e-01 2.677123798500348484e-02
9.500000000000000000e+01 9.449391954141235506e-02 2.305802462440170036e-02
9.600000000000000000e+01 8.794309626585740391e-02 1.968359291912901918e-02
9.700000000000000000e+01 8.142423518528188464e-02 1.665363522841381907e-02
9.800000000000000000e+01 7.499892827131750261e-02 1.396465366610252605e-02
9.900000000000000000e+01 6.872181751577136066e-02 1.160544030386880150e-02
1.000000000000000000e+02 6.264148115881854051e-02 9.558655889393197214e-03
1.010000000000000000e+02 5.680086403162922654e-02 7.802416589121687583e-03
1.020000000000000000e+02 5.123643621496995482e-02 6.311786709812245225e-03
1.030000000000000000e+02 4.597679811897321944e-02 5.060114472436348827e-03
1.040000000000000000e+02 4.104212605854185014e-02 4.020191754854814288e-03
1.050000000000000000e+02 3.644506032493252667e-02 3.165225962098339608e-03
1.060000000000000000e+02 3.219230950767843630e-02 2.469605479729967273e-03
1.070000000000000000e+02 2.828575709551554504e-02 1.909454367943448378e-03
1.080000000000000000e+02 2.472259252214228931e-02 1.462997809390269603e-03
1.090000000000000000e+02 2.149506931061599679e-02 1.110769547777220017e-03
1.100000000000000000e+02 1.859081316239230910e-02 8.356861758243183018e-04
1.110000000000000000e+02 1.599396110307407456e-02 6.230101740580491288e-04
1.120000000000000000e+02 1.368657965943195429e-02 4.602288245440545877e-04
1.130000000000000000e+02 1.164962208468308009e-02 3.368781069207531578e-04
1.140000000000000000e+02 9.863215635309239074e-03 2.443346277839890954e-04
1.150000000000000000e+02 8.306688646868619005e-03 1.755916751316624960e-04
1.160000000000000000e+02 6.958853926153980851e-03 1.250327249936002746e-04
1.170000000000000000e+02 5.798662181263588775e-03 8.821416140612035471e-05
1.180000000000000000e+02 4.805911092534314796e-03 6.166529149135459970e-05
1.190000000000000000e+02 3.961649416047620213e-03 4.270947453749655127e-05
1.200000000000000000e+02 3.248212486309904560e-03 2.930777977695862648e-05
1.210000000000000000e+02 2.649115521545739385e-03 1.992560205881165229e-05
1.220000000000000000e+02 2.149051228696091491e-03 1.342156154833648407e-05
1.230000000000000000e+02 1.734036491257216111e-03 8.956744134803991338e-06
1.240000000000000000e+02 1.391568429948317979e-03 5.921706725400555240e-06
1.250000000000000000e+02 1.110645086055241223e-03 3.878724810396888958e-06
1.260000000000000000e+02 8.816373031372882769e-04 2.516927214443617232e-06
1.270000000000000000e+02 6.961114825583276239e-04 1.618018339183749970e-06
1.280000000000000000e+02 5.467020014383857989e-04 1.030432764572166697e-06
1.290000000000000000e+02 4.270499974995378679e-04 6.500936596310720555e-07
1.300000000000000000e+02 3.317571480295819887e-04 4.063027841286298602e-07
1.310000000000000000e+02 2.563036119410430744e-04 2.515553332797280998e-07
1.320000000000000000e+02 1.969263312973712553e-04 1.542820915816474835e-07
1.330000000000000000e+02 1.504915797236973168e-04 9.373231792995916054e-08
1.340000000000000000e+02 1.143939661519083556e-04 5.641008150997353971e-08
1.350000000000000000e+02 8.648677022603018429e-05 3.362922303096538498e-08
1.360000000000000000e+02 6.502685071608284859e-05 1.985897104285880176e-08
1.370000000000000000e+02 4.861750382147824259e-05 1.161609064912570106e-08
1.380000000000000000e+02 3.614668394751054082e-05 6.730143114781235135e-09
1.390000000000000000e+02 2.672906788590034933e-05 3.862428853056058803e-09
1.400000000000000000e+02 1.966017492129959408e-05 2.195677734245969815e-09
1.410000000000000000e+02 1.438335326899226659e-05 1.236302922294240169e-09
1.420000000000000000e+02 1.046459946351311392e-05 6.894540157221714092e-10
1.430000000000000000e+02 7.570113204126449093e-06 3.808173037654566379e-10
1.440000000000000000e+02 5.445073755056909975e-06 2.083463898863412544e-10
1.450000000000000000e+02 3.895037405976041180e-06 1.129049404955254679e-10
1.460000000000000000e+02 2.771512208142422538e-06 6.059733893941099578e-11
1.470000000000000000e+02 1.961667342977226685e-06 3.220848923756676109e-11
1.480000000000000000e+02 1.380824351293427360e-06 1.695457170261607450e-11
1.490000000000000000e+02 9.663438098367914282e-07 8.840140371290456589e-12
1.500000000000000000e+02 6.723115220375387847e-07 4.565493578987523310e-12
1.510000000000000000e+02 4.651087666834270884e-07 2.335030037937511920e-12
1.520000000000000000e+02 3.200643241625281895e-07 1.182519667448002473e-12
1.530000000000000000e+02 2.191204326769041015e-07 5.930398889057642706e-13
1.540000000000000000e+02 1.492067237925998522e-07 2.945979844138073364e-13
1.550000000000000000e+02 1.010083536445973373e-07 1.449632173253820664e-13
1.560000000000000000e+02 6.796314576210106719e-08 7.063644421845979216e-14
1.570000000000000000e+02 4.545926474546700175e-08 3.407337440560999865e-14
1.580000000000000000e+02 3.024380348323755341e-08 1.627383405439067878e-14
1.590000000000000000e+02 2.002124367870767058e-08 7.699524508863743787e-15
