0.000000000000000000e+00 -8.857662357326434349e-09 -1.313413908075303447e-07
1.000000000000000000e+00 1.100969284918565344e-08 1.499738332671031246e-07
2.000000000000000000e+00 1.590282269129665202e-08 1.965145550002557082e-07
3.000000000000000000e+00 2.403417198545832754e-08 2.784671823346155746e-07
4.000000000000000000e+00 3.614009564219543800e-08 3.933346946842844832e-07
5.000000000000000000e+00 5.403864898630549785e-08 5.530349780659252905e-07
6.000000000000000000e+00 8.034776151544688421e-08 7.739789731019748057e-07
7.000000000000000000e+00 1.187962726413545354e-07 1.078186778012972105e-06
8.000000000000000000e+00 1.746614433141362475e-07 1.495031208356901358e-06
9.000000000000000000e+00 2.553654092074374278e-07 2.063484863030842651e-06
1.000000000000000000e+01 3.712816988647715033e-07 2.834981449417889535e-06
1.100000000000000000e+01 5.368181491281577468e-07 3.877035693992619369e-06
1.200000000000000000e+01 7.718604857478400853e-07 5.277794228012820186e-06
1.300000000000000000e+01 1.103682403474348961e-06 7.151721281530340113e-06
1.400000000000000000e+01 1.569454502001922858e-06 9.646654782900802581e-06
1.500000000000000000e+01 2.219515448099940799e-06 1.295250147050376915e-05
1.600000000000000000e+01 3.121605176907817761e-06 1.731187370486555725e-05
1.700000000000000000e+01 4.366300886365161892e-06 2.303300646180605010e-05
1.800000000000000000e+01 6.073943539015266980e-06 3.050532863501983219e-05
1.900000000000000000e+01 8.403393171701864826e-06 4.021809631504552531e-05
2.000000000000000000e+01 1.156300702323841335e-05 5.278252068146060451e-05
2.100000000000000000e+01 1.582429221856423637e-05 6.895783761086567414e-05
2.200000000000000000e+01 2.153874228312338760e-05 8.968176426701734559e-05
2.300000000000000000e+01 2.915842107247363244e-05 1.161057668910944383e-04
2.400000000000000000e+01 3.926090311144441998e-05 1.496355121188321904e-04
2.500000000000000000e+01 5.257921286466929722e-05 1.919767962836770232e-04
2.600000000000000000e+01 7.003741980299949899e-05 2.451871455320010643e-04
2.700000000000000000e+01 9.279253717666710946e-05 3.117331704773669424e-04
2.800000000000000000e+01 1.222833296525390389e-04 3.945536245876348283e-04
2.900000000000000000e+01 1.602865465561891043e-04 4.971279021555889341e-04
3.000000000000000000e+01 2.089809466657770675e-04 6.235493484612875375e-04
3.100000000000000000e+01 2.710192611741891024e-04 7.786022501992274220e-04
3.200000000000000000e+01 3.496079548730714973e-04 9.678408796132083108e-04
3.300000000000000000e+01 4.485942992067608976e-04 1.197668692271592738e-03
3.400000000000000000e+01 5.725598522189944209e-04 1.475415762818102407e-03
3.500000000000000000e+01 7.269189089499541578e-04 1.809412432045024582e-03
3.600000000000000000e+01 9.180198084586786451e-04 2.209056365231297069e-03
3.700000000000000000e+01 1.153246199984698205e-03 2.684868630697547116e-03
3.800000000000000000e+01 1.441114600631131486e-03 3.248532817825798558e-03
3.900000000000000000e+01 1.791363918719449501e-03 3.912911109130156120e-03
4.000000000000000000e+01 2.215031986466134591e-03 4.692033276229887889e-03
4.100000000000000000e+01 2.724513309773479892e-03 5.601057206228558100e-03
4.200000000000000000e+01 3.333591135789893550e-03 6.656199479700512615e-03
4.300000000000000000e+01 4.057435975061070808e-03 7.874629894180723566e-03
4.400000000000000000e+01 4.912562596480654457e-03 9.274317731642082660e-03
4.500000000000000000e+01 5.916738390311928122e-03 1.087381719328401296e-02
4.600000000000000000e+01 7.088836927017870722e-03 1.269198942453101178e-02
4.700000000000000000e+01 8.448630277673676095e-03 1.474767358426397681e-02
4.800000000000000000e+01 1.001651252785461244e-02 1.705932503931612693e-02
4.900000000000000000e+01 1.181314746330680739e-02 1.964462451985337851e-02
5.000000000000000000e+01 1.385903800114024649e-02 2.252003679399601499e-02
5.100000000000000000e+01 1.617402199289561318e-02 2.570028858759874218e-02
5.200000000000000000e+01 1.877670295276038029e-02 2.919776473605889544e-02
5.300000000000000000e+01 2.168382156009073664e-02 3.302187498827192924e-02
5.400000000000000000e+01 2.490956951905465983e-02 3.717847159296201742e-02
5.500000000000000000e+01 2.846485227109830582e-02 4.166935763293938555e-02
5.600000000000000000e+01 3.235652440026956511e-02 4.649183823200558202e-02
5.700000000000000000e+01 3.658663805641156064e-02 5.163821693208896224e-02
5.800000000000000000e+01 4.115174140963045318e-02 5.709520397343244291e-02
5.900000000000000000e+01 4.604224113449946476e-02 6.284335369578854247e-02
6.000000000000000000e+01 5.124182784394833851e-02 6.885674372871805615e-02
6.100000000000000000e+01 5.672698369718209843e-02 7.510301795776447298e-02
6.200000000000000000e+01 6.246663466578479540e-02 8.154367487717426033e-02
6.300000000000000000e+01 6.842202472683425740e-02 8.813431424609026454e-02
6.400000000000000000e+01 7.454684193621825827e-02 9.482467085978048271e-02
6.500000000000000000e+01 8.078755466434309196e-02 1.015586205284147170e-01
6.600000000000000000e+01 8.708390264738985476e-02 1.082746077504504467e-01
6.700000000000000000e+01 9.336956105969473896e-02 1.149067884975985415e-01
6.800000000000000000e+01 9.957307575710989955e-02 1.213866548988047217e-01
6.900000000000000000e+01 1.056191393311485677e-01 1.276444896301259790e-01
7.000000000000000000e+01 1.114301361260360695e-01 1.336101699853155245e-01
7.100000000000000000e+01 1.169277721661365899e-01 1.392135544559502947e-01
7.200000000000000000e+01 1.220346628710020781e-01 1.443852801095777127e-01
7.300000000000000000e+01 1.266759326239946803e-01 1.490585994310379414e-01
7.400000000000000000e+01 1.307809735329908685e-01 1.531719359365897870e-01
7.500000000000000000e+01 1.342853741235192910e-01 1.566710085079872916e-01
7.600000000000000000e+01 1.371327847296545388e-01 1.595095733479345856e-01
7.700000000000000000e+01 1.392764155311867480e-01 1.616490286031567747e-01
7.800000000000000000e+01 1.406800807532989639e-01 1.630582186828207492e-01
7.900000000000000000e+01 1.413189910615140765e-01 1.637145989047407713e-01
8.000000000000000000e+01 1.411805252303554026e-01 1.636064842475981329e-01
8.100000000000000000e+01 1.402649247603875438e-01 1.627347472040508169e-01
8.200000000000000000e+01 1.385855680006707613e-01 1.611124766919388440e-01
8.300000000000000000e+01 1.361685450187766211e-01 1.587627864751611217e-01
8.400000000000000000e+01 1.330516433036138813e-01 1.557166056917464181e-01
8.500000000000000000e+01 1.292831586416948175e-01 1.520122169839282500e-01
8.600000000000000000e+01 1.249208217261240095e-01 1.476964661452549454e-01
8.700000000000000000e+01 1.200307047822121720e-01 1.428256995009691832e-01
8.800000000000000000e+01 1.146857238987664257e-01 1.374644817438157030e-01
8.900000000000000000e+01 1.089635843458778286e-01 1.316821134066508969e-01
9.000000000000000000e+01 1.029444950935495540e-01 1.255490238668692249e-01
9.100000000000000000e+01 9.670917660451830433e-02 1.191352202293275153e-01
9.200000000000000000e+01 9.033736976059171531e-02 1.125109766160902608e-01
9.300000000000000000e+01 8.390656309360192133e-02 1.057477913855412038e-01
9.400000000000000000e+01 7.749053363566256458e-02 9.891743713741991961e-02
9.500000000000000000e+01 7.115767757491087142e-02 9.208886644328691251e-02
9.600000000000000000e+01 6.496955606453638787e-02 8.532489584838624797e-02
9.700000000000000000e+01 5.898008517191821037e-02 7.868086996638674890e-02
9.800000000000000000e+01 5.323534778115866090e-02 7.220569153466446788e-02
9.900000000000000000e+01 4.777360126726798439e-02 6.594351439707908658e-02
1.000000000000000000e+02 4.262513433607183905e-02 5.993403784355402775e-02
1.010000000000000000e+02 3.781206984199217414e-02 5.421094709711194587e-02
1.020000000000000000e+02 3.334849882697134282e-02 4.879995817590958296e-02
1.030000000000000000e+02 2.924115003667001125e-02 4.371831482559399712e-02
1.040000000000000000e+02 2.549037861386447765e-02 3.897621025240051440e-02
1.050000000000000000e+02 2.209107532890846465e-02 3.457891157261470255e-02
1.060000000000000000e+02 1.903332694209818737e-02 3.052795556970361660e-02
1.070000000000000000e+02 1.630300525360935116e-02 2.682089690739342114e-02
1.080000000000000000e+02 1.388254048342779309e-02 2.345051962648073141e-02
1.090000000000000000e+02 1.175189957318845818e-02 2.040481940435904390e-02
1.100000000000000000e+02 9.889542521947276496e-03 1.766820596782626290e-02
1.110000000000000000e+02 8.273139162326213769e-03 1.522322190256202024e-02
1.120000000000000000e+02 6.880046577846061703e-03 1.305171449805873733e-02
1.130000000000000000e+02 5.687712660225589627e-03 1.113503105296925581e-02
1.140000000000000000e+02 4.674126676005667044e-03 9.453704583031248554e-03
1.150000000000000000e+02 3.818276123300307252e-03 7.987413815203526710e-03
1.160000000000000000e+02 3.100485364586483446e-03 6.715565690948348612e-03
1.170000000000000000e+02 2.502576673656388764e-03 5.618190002499815795e-03
1.180000000000000000e+02 2.007909765715566470e-03 4.676578892238335977e-03
1.190000000000000000e+02 1.601394720810550044e-03 3.873392812210808833e-03
1.200000000000000000e+02 1.269517161567429095e-03 3.192423206308193408e-03
1.210000000000000000e+02 1.000344733182745001e-03 2.618406289270165319e-03
1.220000000000000000e+02 7.834728279294981895e-04 2.137106826966161076e-03
1.230000000000000000e+02 6.099089281173966735e-04 1.735575765467360122e-03
1.240000000000000000e+02 4.719327241178727537e-04 1.402333944629795574e-03
1.250000000000000000e+02 3.629671786740461628e-04 1.127334315638911077e-03
1.260000000000000000e+02 2.774671366997036315e-04 9.017578538575493283e-04
1.270000000000000000e+02 2.108113709688263886e-04 7.178057829627692340e-04
1.280000000000000000e+02 1.591870341757463045e-04 5.685980380674248835e-04
1.290000000000000000e+02 1.194706927977562627e-04 4.481627294633770686e-04
1.300000000000000000e+02 8.911845018426436103e-05 3.514276464896897117e-04
1.310000000000000000e+02 6.607309918967924555e-05 2.741481586144799403e-04
1.320000000000000000e+02 4.868683808384897060e-05 2.127778782819577535e-04
1.330000000000000000e+02 3.565359545005240984e-05 1.643349915649898951e-04
1.340000000000000000e+02 2.594734578038858928e-05 1.263076996632566751e-04
1.350000000000000000e+02 1.876710507341438074e-05 9.660165469107605642e-05
1.360000000000000000e+02 1.349081445545394708e-05 7.350305536150046300e-05
1.370000000000000000e+02 9.638618661343787976e-06 5.563274508995777543e-05
1.380000000000000000e+02 6.843783491624333540e-06 4.188738681721089908e-05
1.390000000000000000e+02 4.828871462676403742e-06 3.138040554490995824e-05
1.400000000000000000e+02 3.385751691955436263e-06 2.339597939957748635e-05
1.410000000000000000e+02 2.359150044921297249e-06 1.735898847819638212e-05
1.420000000000000000e+02 1.633750390295801442e-06 1.281452744587016225e-05
1.430000000000000000e+02 1.124466638918749417e-06 9.409243999280572564e-06
1.440000000000000000e+02 7.691110161969773158e-07 6.871496343380556819e-06
1.450000000000000000e+02 5.227020159789146991e-07 4.992183314947711776e-06
1.460000000000000000e+02 3.529656407625013653e-07 3.609292548879794038e-06
1.470000000000000000e+02 2.368534846196540916e-07 2.597255675806547670e-06
1.480000000000000000e+02 1.579664373622987789e-07 1.859863828581649950e-06
1.490000000000000000e+02 1.047108154444362760e-07 1.324757769783915882e-06
1.500000000000000000e+02 6.897287365853675724e-08 9.383220949442783380e-07
1.510000000000000000e+02 4.513645231554034629e-08 6.609621696968458435e-07
1.520000000000000000e+02 2.934443042301100606e-08 4.632479933955636397e-07
1.530000000000000000e+02 1.895709653982698785e-08 3.231872068331664358e-07
1.540000000000000000e+02 1.217267937699864786e-08 2.244408046158894564e-07
1.550000000000000000e+02 7.769254039422592398e-09 1.550755112559285215e-07
1.560000000000000000e+02 4.927377176491266775e-09 1.065395874702963535e-07
1.570000000000000000e+02 3.104064513041906825e-09 7.276356836579664118e-08
1.580000000000000000e+02 1.942226910448687900e-09 4.942411143844170903e-08
1.590000000000000000e+02 1.207506479581673811e-09 3.341321984381439062e-08
