0.000000000000000000e+00 -2.641133911883688707e-07 -3.126316674568491520e-07
1.000000000000000000e+00 3.150439637534445648e-07 3.104187971482574738e-07
2.000000000000000000e+00 3.981191874068474837e-07 3.962318881798459146e-07
3.000000000000000000e+00 5.516133372495228128e-07 5.500810357424063345e-07
4.000000000000000000e+00 7.624048390070897468e-07 7.609252798761008935e-07
5.000000000000000000e+00 1.049295986754804509e-06 1.047929319361705838e-06
6.000000000000000000e+00 1.437973828782544485e-06 1.436815245759986423e-06
7.000000000000000000e+00 1.962214560751288489e-06 1.961364986812900712e-06
8.000000000000000000e+00 2.666168275408799482e-06 2.665686368110524932e-06
9.000000000000000000e+00 3.607254568311933553e-06 3.607047199291946158e-06
1.000000000000000000e+01 4.859772998386065047e-06 4.859409181095177455e-06
1.100000000000000000e+01 6.519379511056678894e-06 6.517814737289976727e-06
1.200000000000000000e+01 8.708607517182389055e-06 8.703782055308058489e-06
1.300000000000000000e+01 1.158363689159566113e-05 1.157186994126541378e-05
1.400000000000000000e+01 1.534253521292601401e-05 1.531760401050113988e-05
1.500000000000000000e+01 2.023521258464657386e-05 2.018700299755819025e-05
1.600000000000000000e+01 2.657535269906386561e-05 2.648797023490277421e-05
1.700000000000000000e+01 3.475461173634997061e-05 3.460378978218428661e-05
1.800000000000000000e+01 4.525941377395540125e-05 4.500891173488673922e-05
1.900000000000000000e+01 5.869070181588839934e-05 5.828721379704516451e-05
2.000000000000000000e+01 7.578700704832946086e-05 7.515304343284559411e-05
2.100000000000000000e+01 9.745115973569866647e-05 9.647549854126672765e-05
2.200000000000000000e+01 1.247808912554104375e-04 1.233063753415038644e-04
2.300000000000000000e+01 1.591035059113092489e-04 1.569118382454459584e-04
2.400000000000000000e+01 2.020147784114217806e-04 1.988073012758263174e-04
2.500000000000000000e+01 2.554222593439629124e-04 2.507947516795528417e-04
2.600000000000000000e+01 3.215931752439056047e-04 3.150022300594350886e-04
2.700000000000000000e+01 4.032069564819031494e-04 3.939261910164932679e-04
2.800000000000000000e+01 5.034120247001472662e-04 4.904779696055874567e-04
2.900000000000000000e+01 6.258859121793073103e-04 6.080344623258668530e-04
3.000000000000000000e+01 7.748973655722199341e-04 7.504904780811742912e-04
3.100000000000000000e+01 9.553691225179339157e-04 9.223078925704762199e-04
3.200000000000000000e+01 1.172940522551415687e-03 1.128557248261589539e-03
3.300000000000000000e+01 1.434029443211433125e-03 1.374951431633514212e-03
3.400000000000000000e+01 1.745892383249248499e-03 1.667875673310434403e-03
3.500000000000000000e+01 2.116679540369781690e-03 2.014418431155826777e-03
3.600000000000000000e+01 2.555479447104151702e-03 2.422401113148098337e-03
3.700000000000000000e+01 3.072347164136080607e-03 2.900394624198335530e-03
3.800000000000000000e+01 3.678312561442946375e-03 3.457706018589518874e-03
3.900000000000000000e+01 4.385369540822742565e-03 4.104325960973572232e-03
4.000000000000000000e+01 5.206449021556303763e-03 4.850844531530544394e-03
4.100000000000000000e+01 6.155374252223839819e-03 5.708355989729760847e-03
4.200000000000000000e+01 7.246787642594209808e-03 6.688368251965735693e-03
4.300000000000000000e+01 8.496031652907801851e-03 7.802708652308700324e-03
4.400000000000000000e+01 9.918971685337361899e-03 9.063391238222730240e-03
4.500000000000000000e+01 1.153176733110437141e-02 1.048240754788178769e-02
4.600000000000000000e+01 1.335061653581278915e-02 1.207143382670900628e-02
4.700000000000000000e+01 1.539149548742617564e-02 1.384149525444838130e-02
4.800000000000000000e+01 1.766988816401238171e-02 1.580265329601816815e-02
4.900000000000000000e+01 2.020046363429281455e-02 1.796375639405279473e-02
5.000000000000000000e+01 2.299665445111053266e-02 2.033222697483975938e-02
5.100000000000000000e+01 2.607013735665275264e-02 2.291380042425219046e-02
5.200000000000000000e+01 2.943029093147347258e-02 2.571214080719224498e-02
5.300000000000000000e+01 3.308373613632854815e-02 2.872834476717671393e-02
5.400000000000000000e+01 3.703400427854941501e-02 3.196045241983146157e-02
5.500000000000000000e+01 4.128125283508077975e-02 3.540312102162428143e-02
5.600000000000000000e+01 4.582187395355900861e-02 3.904753230073187281e-02
5.700000000000000000e+01 5.064791566599069483e-02 4.288144317796936666e-02
5.800000000000000000e+01 5.574643932649018391e-02 4.688917877756933889e-02
5.900000000000000000e+01 6.109909811627069198e-02 5.105141917044921096e-02
6.000000000000000000e+01 6.668215342370520382e-02 5.534483963167345644e-02
6.100000000000000000e+01 7.246684155661479998e-02 5.974187624150598119e-02
6.200000000000000000e+01 7.841970559138135288e-02 6.421091123254979438e-02
6.300000000000000000e+01 8.450253085478026671e-02 6.871693910159122620e-02
6.400000000000000000e+01 9.067193987147467715e-02 7.322243757981912460e-02
6.500000000000000000e+01 9.687919172356844466e-02 7.768800920889862294e-02
6.600000000000000000e+01 1.030707998906095491e-01 8.207255952232132834e-02
6.700000000000000000e+01 1.091900410278148631e-01 8.633322487137054524e-02
6.800000000000000000e+01 1.151786687305368928e-01 9.042559474177869205e-02
6.900000000000000000e+01 1.209778914614425965e-01 9.430466288213121273e-02
7.000000000000000000e+01 1.265283006395633014e-01 9.792640754053603958e-02
7.100000000000000000e+01 1.317695045583221480e-01 1.012493559083714467e-01
7.200000000000000000e+01 1.366407456478930804e-01 1.042354243216788157e-01
7.300000000000000000e+01 1.410831077838996250e-01 1.068498734314656390e-01
7.400000000000000000e+01 1.450424909645008364e-01 1.090609655932268940e-01
7.500000000000000000e+01 1.484716280296854429e-01 1.108402090937915530e-01
7.600000000000000000e+01 1.513300341980490238e-01 1.121635969214000855e-01
7.700000000000000000e+01 1.535825590146363273e-01 1.130133403446270668e-01
7.800000000000000000e+01 1.551985798582399823e-01 1.133790332948817481e-01
7.900000000000000000e+01 1.561534311450458734e-01 1.132575029483614271e-01
8.000000000000000000e+01 1.564315912930701602e-01 1.126515958085401448e-01
8.100000000000000000e+01 1.560292645440500281e-01 1.115689835557771431e-01
8.200000000000000000e+01 1.549541524638322620e-01 1.100219995711260446e-01
8.300000000000000000e+01 1.532224852891568290e-01 1.080285538291492486e-01
8.400000000000000000e+01 1.508558032173521468e-01 1.056131347612868365e-01
8.500000000000000000e+01 1.478802429044652478e-01 1.028067071337463723e-01
8.600000000000000000e+01 1.443287731847517907e-01 9.964515536123376427e-02
8.700000000000000000e+01 1.402439515061969788e-01 9.616708809277174641e-02
8.800000000000000000e+01 1.356780240322184583e-01 9.241230109683945537e-02
8.900000000000000000e+01 1.306893893241319882e-01 8.842157547848662758e-02
9.000000000000000000e+01 1.253376621686846659e-01 8.423731445993659639e-02
9.100000000000000000e+01 1.196808473029236930e-01 7.990381613940913952e-02
9.200000000000000000e+01 1.137762299095748525e-01 7.546633474736627600e-02
9.300000000000000000e+01 1.076832153703420059e-01 7.096915688162949709e-02
9.400000000000000000e+01 1.014645992561725718e-01 6.645376451523207773e-02
9.500000000000000000e+01 9.518422547667836076e-02 6.195806625343881768e-02
9.600000000000000000e+01 8.890231826611125210e-02 5.751678325451421020e-02
9.700000000000000000e+01 8.267189304900371405e-02 5.316218298562962186e-02
9.800000000000000000e+01 7.653867135661482357e-02 4.892420889708110066e-02
9.900000000000000000e+01 7.054382917992912949e-02 4.482971222331206401e-02
1.000000000000000000e+02 6.472655882367600588e-02 4.090132914111298257e-02
1.010000000000000000e+02 5.912387945156444280e-02 3.715684889078386260e-02
1.020000000000000000e+02 5.376781918220199796e-02 3.360949268387794509e-02
1.030000000000000000e+02 4.868247970402975189e-02 3.026880195165464194e-02
1.040000000000000000e+02 4.388349656635338880e-02 2.714144304507045899e-02
1.050000000000000000e+02 3.938021630957105890e-02 2.423144838462054987e-02
1.060000000000000000e+02 3.517863675952795366e-02 2.153997394858684494e-02
1.070000000000000000e+02 3.128278556729988114e-02 1.906505645439605587e-02
1.080000000000000000e+02 2.769386389196314135e-02 1.680179993226149984e-02
1.090000000000000000e+02 2.440850172293192871e-02 1.474302723144803838e-02
1.100000000000000000e+02 2.141807970621623786e-02 1.288006939985597739e-02
1.110000000000000000e+02 1.870993144456304519e-02 1.120331800868286896e-02
1.120000000000000000e+02 1.626956015283361617e-02 9.702413785656923209e-03
1.130000000000000000e+02 1.408228697105762608e-02 8.366238895054051508e-03
1.140000000000000000e+02 1.213345603081229102e-02 7.182981450948047741e-03
1.150000000000000000e+02 1.040763472807856860e-02 6.140410353470102806e-03
1.160000000000000000e+02 8.887969239075770370e-03 5.226287156492244110e-03
1.170000000000000000e+02 7.556488166406662849e-03 4.428731309492190543e-03
1.180000000000000000e+02 6.395193017577101638e-03 3.736409104569338863e-03
1.190000000000000000e+02 5.387131821322418794e-03 3.138556706213031875e-03
1.200000000000000000e+02 4.516790562143319435e-03 2.624947247100032147e-03
1.210000000000000000e+02 3.769787251107612272e-03 2.185905768235501829e-03
1.220000000000000000e+02 3.132380144280065472e-03 1.812395098229036081e-03
1.230000000000000000e+02 2.591304917833920415e-03 1.496120531588361093e-03
1.240000000000000000e+02 2.134049226817704651e-03 1.229586455087394378e-03
1.250000000000000000e+02 1.749277508585713944e-03 1.006078764202970963e-03
1.260000000000000000e+02 1.427048572918422761e-03 8.195977073604955154e-04
1.270000000000000000e+02 1.158701114847807958e-03 6.647863242237699033e-04
1.280000000000000000e+02 9.365579822065736408e-04 5.368833272992823381e-04
1.290000000000000000e+02 7.536898206675593948e-04 4.316985803674348279e-04
1.300000000000000000e+02 6.038601800111284080e-04 3.455906418925524604e-04
1.310000000000000000e+02 4.815954795624451199e-04 2.754288550077002530e-04
1.320000000000000000e+02 3.822399432473144406e-04 2.185381362259643473e-04
1.330000000000000000e+02 3.019054679506169396e-04 1.726375705669415199e-04
1.340000000000000000e+02 2.373324308891147367e-04 1.357856168665840467e-04
1.350000000000000000e+02 1.857412550576369127e-04 1.063374358275002236e-04
1.360000000000000000e+02 1.447394796914017645e-04 8.291151488937167793e-05
1.370000000000000000e+02 1.122903462665072723e-04 6.435944041598415713e-05
1.380000000000000000e+02 8.670449406246036534e-05 4.973486624170341035e-05
1.390000000000000000e+02 6.661520947108128020e-05 3.826193552543509919e-05
1.400000000000000000e+02 5.092657863542771280e-05 2.930595510026490325e-05
1.410000000000000000e+02 3.875115092171924303e-05 2.234878459674130612e-05
1.420000000000000000e+02 2.935938039849957993e-05 1.696940299957495419e-05
1.430000000000000000e+02 2.215020592694762639e-05 1.282838371637101449e-05
1.440000000000000000e+02 1.663658783694783454e-05 9.654601090554557763e-06
1.450000000000000000e+02 1.243402804323921064e-05 7.233184282181162557e-06
1.460000000000000000e+02 9.244841906929534124e-06 5.394652925040813023e-06
1.470000000000000000e+02 6.838933379159547050e-06 4.005620452291438940e-06
1.480000000000000000e+02 5.036032212475779361e-06 2.961321796230128476e-06
1.490000000000000000e+02 3.693142853593477626e-06 2.179831257959729899e-06
1.500000000000000000e+02 2.697272363947062675e-06 1.597554550492670198e-06
1.510000000000000000e+02 1.960978481734645356e-06 1.165561469637114464e-06
1.520000000000000000e+02 1.418299922973457031e-06 8.464929336959870180e-07
1.530000000000000000e+02 1.020202805179588456e-06 6.119588913051401078e-07
1.540000000000000000e+02 7.300793510637993273e-07 4.404292546925025601e-07
1.550000000000000000e+02 5.201598042863374736e-07 3.156035293396682954e-07
1.560000000000000000e+02 3.691768595305245967e-07 2.251884401823997034e-07
1.570000000000000000e+02 2.609906971112581451e-07 1.599781830030514432e-07
1.580000000000000000e+02 1.836469347578264304e-07 1.131401055470550673e-07
1.590000000000000000e+02 1.285094914711588316e-07 7.964337505101378112e-08
