0.000000000000000000e+00 3.279442741869675722e-09 -1.720305770066052568e-08
1.000000000000000000e+00 1.304877896949369997e-09 3.133833342239552747e-08
2.000000000000000000e+00 1.780971401691762749e-09 4.271475288358911184e-08
3.000000000000000000e+00 2.468155503342365641e-09 6.219871085894938412e-08
4.000000000000000000e+00 3.424303719768082007e-09 9.024008399854490960e-08
5.000000000000000000e+00 4.681810887779287670e-09 1.302792084885614157e-07
6.000000000000000000e+00 6.253340670483112897e-09 1.871504086137147600e-07
7.000000000000000000e+00 8.178942186919026761e-09 2.675159998415090693e-07
8.000000000000000000e+00 1.060568138339790293e-08 3.805016116736813745e-07
9.000000000000000000e+00 1.385418567080322841e-08 5.385372910881393602e-07
1.000000000000000000e+01 1.840588708088638548e-08 7.584598619173450485e-07
1.100000000000000000e+01 2.477247198556807727e-08 1.062947774378208361e-06
1.200000000000000000e+01 3.329530112080863131e-08 1.482376448253910933e-06
1.300000000000000000e+01 4.402654916828757251e-08 2.057201772897191744e-06
1.400000000000000000e+01 5.687755407837030560e-08 2.841002211093964398e-06
1.500000000000000000e+01 7.210100336812287719e-08 3.904335530864255633e-06
1.600000000000000000e+01 9.090840108853390322e-08 5.339594361118531952e-06
1.700000000000000000e+01 1.157670210607382217e-07 7.267075417431866874e-06
1.800000000000000000e+01 1.499182283400633327e-07 9.842511205932328409e-06
1.900000000000000000e+01 1.960907548339914322e-07 1.326634909627621040e-05
2.000000000000000000e+01 2.551189486313224212e-07 1.779510068584889805e-05
2.100000000000000000e+01 3.257231355504652962e-07 2.375512061372934017e-05
2.200000000000000000e+01 4.064257106080614702e-07 3.155920446113193146e-05
2.300000000000000000e+01 4.992177776430156674e-07 4.172641936317819628e-05
2.400000000000000000e+01 6.127657547920102729e-07 5.490559508916301596e-05
2.500000000000000000e+01 7.620713360325034829e-07 7.190291032571524384e-05
2.600000000000000000e+01 9.629434652237441119e-07 9.371400468114768573e-05
2.700000000000000000e+01 1.223422104328350352e-06 1.215610217409791719e-04
2.800000000000000000e+01 1.538250370385839090e-06 1.569349271479335804e-04
2.900000000000000000e+01 1.893080370777331321e-06 2.016433370112092434e-04
3.000000000000000000e+01 2.279949019650301518e-06 2.578639378365141168e-04
3.100000000000000000e+01 2.716310695719416934e-06 3.282034021654963276e-04
3.200000000000000000e+01 3.252798920667727835e-06 4.157615179569267038e-04
3.300000000000000000e+01 3.957420040873251438e-06 5.242000345312851145e-04
3.400000000000000000e+01 4.878649538199288316e-06 6.578154179283391420e-04
3.500000000000000000e+01 6.009686161222243148e-06 8.216142470049295557e-04
3.600000000000000000e+01 7.285588257444573113e-06 1.021389412062262067e-03
3.700000000000000000e+01 8.630844438076288092e-06 1.263794759933814169e-03
3.800000000000000000e+01 1.003888428551935083e-05 1.556415520956630060e-03
3.900000000000000000e+01 1.162918861694379690e-05 1.907831684597971218e-03
4.000000000000000000e+01 1.362361664691913485e-05 2.327671112334241208e-03
4.100000000000000000e+01 1.622856744164329938e-05 2.826648268565701543e-03
4.200000000000000000e+01 1.948496274547555698e-05 3.416583234312434852e-03
4.300000000000000000e+01 2.320040126028614187e-05 4.110395027414920355e-03
4.400000000000000000e+01 2.705225644545010869e-05 4.922063995603233495e-03
4.500000000000000000e+01 3.083885824783736014e-05 5.866559755994647449e-03
4.600000000000000000e+01 3.472211866366449695e-05 6.959731983449563356e-03
4.700000000000000000e+01 3.925568255847024360e-05 8.218159712358622665e-03
4.800000000000000000e+01 4.510039241977549924e-05 9.658951817670759915e-03
4.900000000000000000e+01 5.255706681472568659e-05 1.129949098904164950e-02
5.000000000000000000e+01 6.124242955815928694e-05 1.315711900842635868e-02
5.100000000000000000e+01 7.022001948823688609e-05 1.524877001920655825e-02
5.200000000000000000e+01 7.861809308121696762e-05 1.759056267466978241e-02
5.300000000000000000e+01 8.637417039834157880e-05 2.019735570088260213e-02
5.400000000000000000e+01 9.453593389480423759e-05 2.308225990142258668e-02
5.500000000000000000e+01 1.047488988219311162e-04 2.625609831277136985e-02
5.600000000000000000e+01 1.181230656787110394e-04 2.972682493653831456e-02
5.700000000000000000e+01 1.342281718929562114e-04 3.349893969779339092e-02
5.800000000000000000e+01 1.510568103830008829e-04 3.757294494079389813e-02
5.900000000000000000e+01 1.662206341565230746e-04 4.194486119269268121e-02
6.000000000000000000e+01 1.787150227717899595e-04 4.660577953091905867e-02
6.100000000000000000e+01 1.899787491196712052e-04 5.154142239950586929e-02
6.200000000000000000e+01 2.032558749619616119e-04 5.673173618645155347e-02
6.300000000000000000e+01 2.214066670033152653e-04 6.215060536608135733e-02
6.400000000000000000e+01 2.445766246384699469e-04 6.776578233627719716e-02
6.500000000000000000e+01 2.695237065011806660e-04 7.353904083366781530e-02
6.600000000000000000e+01 2.914339143052227998e-04 7.942645657928479319e-02
6.700000000000000000e+01 3.072475615539918049e-04 8.537871356764130393e-02
6.800000000000000000e+01 3.181701744297427289e-04 9.134145975387250593e-02
6.900000000000000000e+01 3.293015654821524743e-04 9.725587424080808785e-02
7.000000000000000000e+01 3.462364277848874660e-04 1.030595930330993060e-01
7.100000000000000000e+01 3.708141219524803043e-04 1.086879438000146469e-01
7.200000000000000000e+01 3.991555094538825049e-04 1.140752405421937149e-01
7.300000000000000000e+01 4.237722353382562552e-04 1.191559100568251733e-01
7.400000000000000000e+01 4.386252526267788669e-04 1.238654799771579385e-01
7.500000000000000000e+01 4.436296795772887744e-04 1.281417005292388445e-01
7.600000000000000000e+01 4.451587142537682951e-04 1.319260174473583513e-01
7.700000000000000000e+01 4.517962522166838130e-04 1.351652683542284017e-01
7.800000000000000000e+01 4.681093183571289349e-04 1.378131747870145196e-01
7.900000000000000000e+01 4.909334625030241980e-04 1.398312838437904271e-01
8.000000000000000000e+01 5.111128181484998843e-04 1.411894398801989414e-01
8.100000000000000000e+01 5.197460930353471880e-04 1.418662200843532617e-01
8.200000000000000000e+01 5.145734507279196629e-04 1.418496639345884491e-01
8.300000000000000000e+01 5.018170022901653413e-04 1.411381360632445181e-01
8.400000000000000000e+01 4.919491463255715484e-04 1.397407762851521074e-01
8.500000000000000000e+01 4.922821222606114933e-04 1.376771307994371363e-01
8.600000000000000000e+01 5.016935084774331146e-04 1.349761243471873096e-01
8.700000000000000000e+01 5.113542729735967400e-04 1.316749740255573065e-01
8.800000000000000000e+01 5.109921911519804639e-04 1.278185095138641425e-01
8.900000000000000000e+01 4.961887617300590747e-04 1.234587706044798783e-01
9.000000000000000000e+01 4.714675326515399990e-04 1.186542921297889380e-01
9.100000000000000000e+01 4.470172943094466791e-04 1.134686342660043978e-01
9.200000000000000000e+01 4.315032112078182893e-04 1.079683464785388125e-01
9.300000000000000000e+01 4.261704706230176284e-04 1.022210496230948340e-01
9.400000000000000000e+01 4.243737637491537887e-04 9.629418630295089043e-02
9.500000000000000000e+01 4.166471001652684650e-04 9.025434880631541534e-02
9.600000000000000000e+01 3.974831322091584591e-04 8.416657616040212897e-02
9.700000000000000000e+01 3.689775424968156324e-04 7.809312743164853465e-02
9.800000000000000000e+01 3.389869084892526275e-04 7.209186840731271473e-02
9.900000000000000000e+01 3.154505750661982166e-04 6.621492182281291106e-02
1.000000000000000000e+02 3.010939759096629216e-04 6.050811565316257384e-02
1.010000000000000000e+02 2.921429868388024159e-04 5.501113880946253282e-02
1.020000000000000000e+02 2.815843694221769646e-04 4.975780177258122550e-02
1.030000000000000000e+02 2.643019351052610082e-04 4.477589603001350810e-02
1.040000000000000000e+02 2.403831675287765963e-04 4.008672622015005405e-02
1.050000000000000000e+02 2.145412115654524990e-04 3.570485392682377218e-02
1.060000000000000000e+02 1.924878944049517417e-04 3.163848750452200043e-02
1.070000000000000000e+02 1.770767713194016020e-04 2.789041439416280882e-02
1.080000000000000000e+02 1.668472210855177285e-04 2.445895722990477569e-02
1.090000000000000000e+02 1.576315098583913827e-04 2.133853668689698543e-02
1.100000000000000000e+02 1.457203132059966275e-04 1.851989561188809030e-02
1.110000000000000000e+02 1.302438720505175109e-04 1.599038549239817364e-02
1.120000000000000000e+02 1.133049247346299868e-04 1.373461780732191176e-02
1.130000000000000000e+02 9.813262475302173818e-05 1.173539032557323336e-02
1.140000000000000000e+02 8.680159555158505546e-05 9.974530023441910420e-03
1.150000000000000000e+02 7.909246803773355042e-05 8.433392127705528069e-03
1.160000000000000000e+02 7.304301720505423359e-05 7.093073302675309381e-03
1.170000000000000000e+02 6.652211175777586927e-05 5.934601334071492110e-03
1.180000000000000000e+02 5.860682091328048239e-05 4.939282865461727158e-03
1.190000000000000000e+02 4.990676820394699428e-05 4.089154295768527951e-03
1.200000000000000000e+02 4.183811258965396444e-05 3.367341548091343402e-03
1.210000000000000000e+02 3.553225144249880512e-05 2.758204483247275306e-03
1.220000000000000000e+02 3.115832733516447607e-05 2.247314412275356037e-03
1.230000000000000000e+02 2.800506243499685662e-05 1.821408178413953154e-03
1.240000000000000000e+02 2.510124026963319162e-05 1.468410652286210143e-03
1.250000000000000000e+02 2.185624040782601361e-05 1.177500850131531522e-03
1.260000000000000000e+02 1.830943459091705959e-05 9.391368567532885686e-04
1.270000000000000000e+02 1.492542841426297855e-05 7.449912126956362464e-04
1.280000000000000000e+02 1.217609759920809022e-05 5.878234424368784881e-04
1.290000000000000000e+02 1.022529390132293720e-05 4.613522925332733723e-04
1.300000000000000000e+02 8.887518418921463992e-06 3.601653317713389901e-04
1.310000000000000000e+02 7.815032130012990956e-06 2.796563673372274563e-04
1.320000000000000000e+02 6.735859902538460308e-06 2.159589575051586651e-04
1.330000000000000000e+02 5.581019796129743250e-06 1.658585486489146132e-04
1.340000000000000000e+02 4.453301008401141725e-06 1.266924689874411667e-04
1.350000000000000000e+02 3.501831161782169640e-06 9.625873701387547882e-05
1.360000000000000000e+02 2.806413719869524464e-06 7.274562335321645222e-05
1.370000000000000000e+02 2.339380573620190895e-06 5.467820729772651786e-05
1.380000000000000000e+02 2.005096303885116724e-06 4.087107308106674024e-05
1.390000000000000000e+02 1.709436465474755748e-06 3.038068660830281010e-05
1.400000000000000000e+02 1.407697521311669048e-06 2.245905986424143565e-05
1.410000000000000000e+02 1.108700947529498734e-06 1.651386871764710978e-05
1.420000000000000000e+02 8.465902324144970620e-07 1.207778075538598484e-05
1.430000000000000000e+02 6.476088314496833411e-07 8.785482413686751063e-06
1.440000000000000000e+02 5.132387480155004580e-07 6.354969475430618477e-06
1.450000000000000000e+02 4.242209838482850624e-07 4.570803365215646711e-06
1.460000000000000000e+02 3.559475343119935837e-07 3.269163340611698791e-06
1.470000000000000000e+02 2.921167034364745449e-07 2.325550140668468443e-06
1.480000000000000000e+02 2.291235131262506457e-07 1.645549320026221106e-06
1.490000000000000000e+02 1.718405163175488415e-07 1.158128192060959652e-06
1.500000000000000000e+02 1.263050935457050641e-07 8.105123178635631232e-07
1.510000000000000000e+02 9.465135174324400941e-08 5.639455804832009277e-07
1.520000000000000000e+02 7.437123515948560042e-08 3.901293608455395963e-07
1.530000000000000000e+02 6.069833447824136575e-08 2.684040356650444977e-07
1.540000000000000000e+02 4.953050275274294888e-08 1.836913086544751796e-07
1.550000000000000000e+02 3.896985375813572143e-08 1.250550365297558477e-07
1.560000000000000000e+02 2.910859040512897103e-08 8.466220925753226567e-08
1.570000000000000000e+02 2.085464406191359813e-08 5.697659090169960292e-08
1.580000000000000000e+02 1.483100517365485725e-08 3.811459174579167122e-08
1.590000000000000000e+02 1.093097131850514322e-08 2.535227669561249324e-08
