0.000000000000000000e+00 -1.863583556885264915e-08 -1.013479244996153803e-08
1.000000000000000000e+00 2.258176265428661000e-08 1.206066149065674772e-08
2.000000000000000000e+00 3.182347942379423125e-08 1.754341043759522860e-08
3.000000000000000000e+00 4.730684927673611566e-08 2.673600533596454780e-08
4.000000000000000000e+00 7.000161325690535046e-08 4.053104381240693974e-08
5.000000000000000000e+00 1.030276517109513131e-07 6.108411501127911704e-08
6.000000000000000000e+00 1.508189591719989129e-07 9.152013575615524718e-08
7.000000000000000000e+00 2.195933141613366689e-07 1.363197551492019192e-07
8.000000000000000000e+00 3.180156304421188671e-07 2.018648369870067849e-07
9.000000000000000000e+00 4.580883449532222610e-07 2.971854342338086584e-07
1.000000000000000000e+01 6.563369479713058650e-07 4.349747741868926744e-07
1.100000000000000000e+01 9.353771669970714322e-07 6.329586357157456955e-07
1.200000000000000000e+01 1.325971796161005992e-06 9.157285939210683249e-07
1.300000000000000000e+01 1.869711692283742195e-06 1.317177249151583977e-06
1.400000000000000000e+01 2.622484581437783641e-06 1.883706882102897605e-06
1.500000000000000000e+01 3.658931855825827756e-06 2.678424310769134651e-06
1.600000000000000000e+01 5.078131540027648200e-06 3.786582614981475415e-06
1.700000000000000000e+01 7.010790268286315479e-06 5.322585414756525258e-06
1.800000000000000000e+01 9.628275017929470539e-06 7.438927998778233720e-06
1.900000000000000000e+01 1.315386668187601514e-05 1.033751284744148144e-05
2.000000000000000000e+01 1.787667148328285933e-05 1.428384511153341920e-05
2.100000000000000000e+01 2.416867959124197076e-05 1.962468584733794108e-05
2.200000000000000000e+01 3.250550771378779509e-05 2.680981406636903652e-05
2.300000000000000000e+01 4.349140277116951927e-05 3.641861211236758399e-05
2.400000000000000000e+01 5.788911014579001843e-05 4.919223305040484699e-05
2.500000000000000000e+01 7.665522117956299051e-05 6.607212822006104734e-05
2.600000000000000000e+01 1.009816041192875550e-04 8.824570981732230346e-05
2.700000000000000000e+01 1.323434816657820105e-04 1.171998913286664335e-04
2.800000000000000000e+01 1.725546316456609075e-04 1.547831708731905141e-04
2.900000000000000000e+01 2.238300402758837328e-04 2.032767684012918240e-04
3.000000000000000000e+01 2.888561265451814928e-04 2.654750749435189896e-04
3.100000000000000000e+01 3.708683921224064858e-04 3.447753278443144317e-04
3.200000000000000000e+01 4.737360412288227568e-04 4.452760132716959002e-04
3.300000000000000000e+01 6.020527436031667280e-04 5.718830170576951269e-04
3.400000000000000000e+01 7.612322235484955029e-04 7.304219535572155884e-04
3.500000000000000000e+01 9.576067141792480274e-04 9.277543338294190044e-04
3.600000000000000000e+01 1.198525568590832167e-03 1.171894307863679359e-03
3.700000000000000000e+01 1.492450618488756070e-03 1.472121755408173794e-03
3.800000000000000000e+01 1.849044323171253855e-03 1.839086640949686964e-03
3.900000000000000000e+01 2.279246244434777503e-03 2.284898757585409387e-03
4.000000000000000000e+01 2.795332610657552501e-03 2.823196054563408518e-03
4.100000000000000000e+01 3.410952575716773381e-03 3.469183592903832616e-03
4.200000000000000000e+01 4.141133693154530268e-03 4.239634162029258871e-03
4.300000000000000000e+01 5.002248957766625495e-03 5.152841340367936979e-03
4.400000000000000000e+01 6.011938802281354723e-03 6.228516437900208196e-03
4.500000000000000000e+01 7.188982642124410946e-03 7.487621538112863157e-03
4.600000000000000000e+01 8.553114296549018530e-03 8.952130835072404438e-03
4.700000000000000000e+01 1.012477380627149932e-02 1.064471212854242559e-02
4.800000000000000000e+01 1.192478755449421710e-02 1.258832186141043905e-02
4.900000000000000000e+01 1.397397252998404740e-02 1.480571194602163174e-02
5.000000000000000000e+01 1.629266842934899706e-02 1.731885283463860739e-02
5.100000000000000000e+01 1.890020696665904373e-02 2.014828038166793095e-02
5.200000000000000000e+01 2.181432533055886053e-02 2.331237264139282561e-02
5.300000000000000000e+01 2.505052321632238177e-02 2.682656244008983087e-02
5.400000000000000000e+01 2.862136274111067025e-02 3.070249996931116720e-02
5.500000000000000000e+01 3.253572673054996173e-02 3.494719544277114648e-02
5.600000000000000000e+01 3.679807385197107761e-02 3.956218175387531816e-02
5.700000000000000000e+01 4.140773497833735717e-02 4.454272960798780212e-02
5.800000000000000000e+01 4.635827223734553804e-02 4.987713100894351076e-02
5.900000000000000000e+01 5.163689269780497720e-02 5.554606572992798474e-02
6.000000000000000000e+01 5.722391284923952076e-02 6.152209078083847871e-02
6.100000000000000000e+01 6.309231803081614964e-02 6.776932029295251736e-02
6.200000000000000000e+01 6.920750613113432759e-02 7.424335304642089295e-02
6.300000000000000000e+01 7.552728475593198376e-02 8.089145374368938990e-02
6.400000000000000000e+01 8.200210562461990316e-02 8.765295329830888327e-02
6.500000000000000000e+01 8.857545402996565287e-02 9.445985493221711882e-02
6.600000000000000000e+01 9.518435067831350349e-02 1.012376965372168425e-01
6.700000000000000000e+01 1.017600422661568554e-01 1.079067389032566104e-01
6.800000000000000000e+01 1.082290177555933486e-01 1.143834721300052704e-01
6.900000000000000000e+01 1.145143860365269994e-01 1.205823233549687956e-01
7.000000000000000000e+01 1.205374616453176589e-01 1.264174314378865294e-01
7.100000000000000000e+01 1.262193320628570148e-01 1.318044585980072680e-01
7.200000000000000000e+01 1.314823302555717111e-01 1.366625115297925297e-01
7.300000000000000000e+01 1.362515645830223165e-01 1.409162017669910449e-01
7.400000000000000000e+01 1.404566946582750664e-01 1.444977098919523195e-01
7.500000000000000000e+01 1.440338994931391614e-01 1.473486180921140809e-01
7.600000000000000000e+01 1.469277005514219581e-01 1.494213747973780204e-01
7.700000000000000000e+01 1.490923064389365615e-01 1.506804559505176555e-01
7.800000000000000000e+01 1.504924781529926037e-01 1.511033582342917181e-01
7.900000000000000000e+01 1.511042355559687189e-01 1.506814129003446745e-01
8.000000000000000000e+01 1.509156690222263897e-01 1.494202207076456013e-01
8.100000000000000000e+01 1.499277149101181095e-01 1.473395167195530875e-01
8.200000000000000000e+01 1.481544364879985309e-01 1.444724908628548798e-01
8.300000000000000000e+01 1.456225038508510150e-01 1.408647825615996774e-01
8.400000000000000000e+01 1.423700704500146519e-01 1.365733303898637452e-01
8.500000000000000000e+01 1.384455767849231411e-01 1.316650526213982708e-01
8.600000000000000000e+01 1.339068032865744218e-01 1.262152107563152270e-01
8.700000000000000000e+01 1.288199526050266552e-01 1.203054095443190502e-01
8.800000000000000000e+01 1.232582551291074996e-01 1.140213980602375887e-01
8.900000000000000000e+01 1.172998960561772441e-01 1.074509285292469252e-01
9.000000000000000000e+01 1.110256560887928207e-01 1.006818175794660514e-01
9.100000000000000000e+01 1.045169072477401817e-01 9.380017133196420775e-02
9.200000000000000000e+01 9.785422941370637562e-02 8.688867027202908100e-02
9.300000000000000000e+01 9.111630338844020627e-02 8.002490978629278606e-02
9.400000000000000000e+01 8.437854445870247855e-02 7.327993433653842703e-02
9.500000000000000000e+01 7.771137116696671954e-02 6.671713398988486643e-02
9.600000000000000000e+01 7.117858539970248200e-02 6.039155912662556858e-02
9.700000000000000000e+01 6.483643568797055334e-02 5.434956195559505210e-02
9.800000000000000000e+01 5.873344019597766252e-02 4.862862843892825498e-02
9.900000000000000000e+01 5.291049442364334499e-02 4.325735115400907577e-02
1.000000000000000000e+02 4.740076310847149421e-02 3.825560959225141056e-02
1.010000000000000000e+02 4.222935189998359984e-02 3.363504092377866267e-02
1.020000000000000000e+02 3.741320852946668218e-02 2.939978140549388136e-02
1.030000000000000000e+02 3.296162930566072513e-02 2.554734524253398850e-02
1.040000000000000000e+02 2.887725650429215710e-02 2.206950235503239710e-02
1.050000000000000000e+02 2.515709388493314949e-02 1.895311795311410696e-02
1.060000000000000000e+02 2.179320356018155450e-02 1.618100987851789352e-02
1.070000000000000000e+02 1.877318364472030029e-02 1.373286793113219668e-02
1.080000000000000000e+02 1.608077464661485448e-02 1.158619007715995693e-02
1.090000000000000000e+02 1.369677179518172250e-02 9.717133283526904405e-03
1.100000000000000000e+02 1.160006747181313580e-02 8.101214208325369787e-03
1.110000000000000000e+02 9.768506090757522742e-03 6.713878964048588735e-03
1.120000000000000000e+02 8.179418972517213393e-03 5.531000395448298565e-03
1.130000000000000000e+02 6.809979904946225453e-03 4.529327153687203247e-03
1.140000000000000000e+02 5.637595644540879455e-03 3.686855584405165052e-03
1.150000000000000000e+02 4.640387546944992059e-03 2.983086408410133214e-03
1.160000000000000000e+02 3.797638581701695375e-03 2.399166086691156309e-03
1.170000000000000000e+02 3.090062850443626302e-03 1.917949822549203185e-03
1.180000000000000000e+02 2.499885479704190734e-03 1.524023085236821074e-03
1.190000000000000000e+02 2.010839036543666906e-03 1.203691836316900287e-03
1.200000000000000000e+02 1.608177414145581892e-03 9.449326818422828286e-04
1.210000000000000000e+02 1.278715875294286850e-03 7.372993982774067850e-04
1.220000000000000000e+02 1.010837995874507098e-03 5.717986217459185196e-04
1.230000000000000000e+02 7.944249107258160051e-04 4.407545544166640693e-04
1.240000000000000000e+02 6.207224640267525531e-04 3.376754497375356870e-04
1.250000000000000000e+02 4.821973031491169929e-04 2.571238732275518430e-04
1.260000000000000000e+02 3.724168593924126816e-04 1.945886827907229288e-04
1.270000000000000000e+02 2.859500183460569715e-04 1.463596285270438461e-04
1.280000000000000000e+02 2.182661815536262727e-04 1.094091137717764057e-04
1.290000000000000000e+02 1.656210379099899992e-04 8.128557564105894063e-05
1.300000000000000000e+02 1.249376667476055993e-04 6.002000014917521900e-05
1.310000000000000000e+02 9.369928250609293975e-05 4.404448002389739492e-05
1.320000000000000000e+02 6.986165121565964507e-05 3.212112252225584968e-05
1.330000000000000000e+02 5.178126619460654339e-05 2.328035090634139273e-05
1.340000000000000000e+02 3.815123608349188858e-05 1.676831408047045255e-05
1.350000000000000000e+02 2.794110047736971290e-05 1.200307672913860008e-05
1.360000000000000000e+02 2.034245257369368977e-05 8.538774524128171127e-06
1.370000000000000000e+02 1.472367120366447447e-05 6.036524874061721548e-06
1.380000000000000000e+02 1.059445553159039520e-05 4.240855023728583360e-06
1.390000000000000000e+02 7.577931933556396050e-06 2.960659525669083091e-06
1.400000000000000000e+02 5.387505589978477564e-06 2.053984386424276740e-06
1.410000000000000000e+02 3.807005048655549110e-06 1.416083878914807068e-06
1.420000000000000000e+02 2.674109138789268958e-06 9.702067022205517139e-07
1.430000000000000000e+02 1.867343343105953334e-06 6.605514570285321594e-07
1.440000000000000000e+02 1.296347284851997810e-06 4.468815074177462231e-07
1.450000000000000000e+02 8.945651500132811376e-07 3.004074132110044442e-07
1.460000000000000000e+02 6.135128271902037666e-07 2.006665673149718720e-07
1.470000000000000000e+02 4.181586045922499352e-07 1.332018800772859781e-07
1.480000000000000000e+02 2.832883365846661229e-07 8.786646098827766503e-08
1.490000000000000000e+02 1.907978456687902747e-07 5.759501251573296160e-08
1.500000000000000000e+02 1.277594394500628075e-07 3.751035551176791696e-08
1.510000000000000000e+02 8.503567307189204008e-08 2.427191527589692809e-08
1.520000000000000000e+02 5.624411328321073029e-08 1.560540344459314402e-08
1.530000000000000000e+02 3.696434981763410926e-08 9.970515857576066929e-09
1.540000000000000000e+02 2.414437394542857337e-08 6.330648614853433506e-09
1.550000000000000000e+02 1.567928185616884400e-08 3.994056845904991907e-09
1.560000000000000000e+02 1.012432709161588615e-08 2.503417866926967206e-09
1.570000000000000000e+02 6.498524156578639058e-09 1.558744694085970866e-09
1.580000000000000000e+02 4.144479783658888677e-09 9.642794613867800605e-10
1.590000000000000000e+02 2.625684419778516412e-09 5.928187066060128770e-10
