0.000000000000000000e+00 -5.441747295777399846e-10 -2.390223614389967655e-09
1.000000000000000000e+00 1.179495287180363202e-09 7.754349508535479927e-09
2.000000000000000000e+00 1.822813657301539563e-09 1.110281953855357703e-08
3.000000000000000000e+00 2.917145011078626049e-09 1.652848270023167097e-08
4.000000000000000000e+00 4.638013103218724320e-09 2.448565126894649635e-08
5.000000000000000000e+00 7.323032878975351212e-09 3.608969379155406167e-08
6.000000000000000000e+00 1.148608822666061124e-08 5.292350444837015938e-08
7.000000000000000000e+00 1.790566676560243339e-08 7.721624255660378494e-08
8.000000000000000000e+00 2.774762119127973930e-08 1.120893447015702016e-07
9.000000000000000000e+00 4.273429967239758709e-08 1.618890271428610202e-07
1.000000000000000000e+01 6.538583507552255375e-08 2.326325557078061845e-07
1.100000000000000000e+01 9.937868430288129803e-08 3.326029830000245855e-07
1.200000000000000000e+01 1.500690946371598771e-07 4.731362731781291693e-07
1.300000000000000000e+01 2.252171973029421782e-07 6.696564673355787549e-07
1.400000000000000000e+01 3.359425202394865603e-07 9.430282293808265713e-07
1.500000000000000000e+01 4.979871891633288584e-07 1.321312372202547540e-06
1.600000000000000000e+01 7.334566436287193139e-07 1.842028389077265992e-06
1.700000000000000000e+01 1.073278388930367981e-06 2.555047926850438542e-06
1.800000000000000000e+01 1.560582160045933342e-06 3.526268035209980952e-06
1.900000000000000000e+01 2.255094609617429469e-06 4.842240423525269463e-06
2.000000000000000000e+01 3.238647512379122399e-06 6.615964671879825948e-06
2.100000000000000000e+01 4.622172028586270619e-06 8.994084636476603161e-06
2.200000000000000000e+01 6.554945503830625193e-06 1.216575552111638864e-05
2.300000000000000000e+01 9.236943546395796279e-06 1.637347625708447012e-05
2.400000000000000000e+01 1.293471645159692071e-05 2.192620849101661944e-05
2.500000000000000000e+01 1.800070435734687599e-05 2.921513371259352565e-05
2.600000000000000000e+01 2.489614630319888534e-05 3.873242373031505798e-05
2.700000000000000000e+01 3.421887568846819342e-05 5.109340221142990641e-05
2.800000000000000000e+01 4.673822182384546433e-05 6.706244269033782705e-05
2.900000000000000000e+01 6.343859400765165823e-05 8.758289224187701004e-05
3.000000000000000000e+01 8.557132747874866537e-05 1.138112560377152656e-04
3.100000000000000000e+01 1.147131733406680295e-04 1.471558360974661059e-04
3.200000000000000000e+01 1.528312050061921717e-04 1.893199452023980344e-04
3.300000000000000000e+01 2.023566911944263999e-04 2.423496293963471539e-04
3.400000000000000000e+01 2.662711368795730505e-04 3.086854918284133399e-04
3.500000000000000000e+01 3.482044372583352411e-04 3.912178183642948601e-04
3.600000000000000000e+01 4.525405551190191935e-04 4.933439569228571797e-04
3.700000000000000000e+01 5.845247362647028539e-04 6.190268724788454153e-04
3.800000000000000000e+01 7.503690139992716564e-04 7.728537297943967842e-04
3.900000000000000000e+01 9.573560281434887603e-04 9.600927812258917664e-04
4.000000000000000000e+01 1.213941185268366252e-03 1.186745622923895526e-03
4.100000000000000000e+01 1.529849660774621010e-03 1.459590688954821988e-03
4.200000000000000000e+01 1.916159477046689222e-03 1.786213796800214170e-03
4.300000000000000000e+01 2.385356236338917121e-03 2.175022954971067481e-03
4.400000000000000000e+01 2.951342146741524775e-03 2.635246018966904379e-03
4.500000000000000000e+01 3.629388099208525394e-03 3.176908753395494851e-03
4.600000000000000000e+01 4.436033600536411214e-03 3.810786950811781339e-03
4.700000000000000000e+01 5.388949700236602726e-03 4.548322880631384263e-03
4.800000000000000000e+01 6.506762973562583985e-03 5.401498588393975273e-03
4.900000000000000000e+01 7.808799946184616717e-03 6.382667222318100415e-03
5.000000000000000000e+01 9.314697460150799663e-03 7.504351410266407903e-03
5.100000000000000000e+01 1.104387508604028761e-02 8.779014694421423057e-03
5.200000000000000000e+01 1.301494579141076156e-02 1.021879739101440483e-02
5.300000000000000000e+01 1.524515254964101119e-02 1.183519680256059706e-02
5.400000000000000000e+01 1.774981727462995179e-02 1.363868235196740060e-02
5.500000000000000000e+01 2.054167623431259193e-02 1.563826859408102427e-02
5.600000000000000000e+01 2.363001378928458740e-02 1.784109409307930647e-02
5.700000000000000000e+01 2.701970302366674820e-02 2.025203821134842139e-02
5.800000000000000000e+01 3.071040568556807765e-02 2.287335499632284219e-02
5.900000000000000000e+01 3.469606697876469886e-02 2.570426756573509705e-02
6.000000000000000000e+01 3.896455099514687520e-02 2.874050342794797624e-02
6.100000000000000000e+01 4.349714564128160516e-02 3.197384650390233674e-02
6.200000000000000000e+01 4.826791916006249739e-02 3.539183929220168778e-02
6.300000000000000000e+01 5.324328049068469820e-02 3.897770147813026109e-02
6.400000000000000000e+01 5.838212114653312801e-02 4.271037619352457959e-02
6.500000000000000000e+01 6.363649860921341550e-02 4.656453317184627849e-02
6.600000000000000000e+01 6.895241724177850196e-02 5.051047539458000668e-02
6.700000000000000000e+01 7.427037587131873897e-02 5.451413184761640107e-02
6.800000000000000000e+01 7.952588981077463037e-02 5.853741742462172798e-02
6.900000000000000000e+01 8.465052069096895559e-02 6.253903342027658518e-02
7.000000000000000000e+01 8.957362876378777150e-02 6.647542539600873046e-02
7.100000000000000000e+01 9.422443313653641739e-02 7.030149514455724669e-02
7.200000000000000000e+01 9.853376001432244402e-02 7.397098448700281659e-02
7.300000000000000000e+01 1.024353282649810154e-01 7.743693352416909648e-02
7.400000000000000000e+01 1.058670119962496214e-01 8.065271875463386753e-02
7.500000000000000000e+01 1.087725303713807795e-01 8.357367910295701585e-02
7.600000000000000000e+01 1.111034376240734034e-01 8.615869194261709108e-02
7.700000000000000000e+01 1.128208061625558256e-01 8.837099524704639109e-02
7.800000000000000000e+01 1.138961640683856247e-01 9.017825823143332808e-02
7.900000000000000000e+01 1.143118450531951102e-01 9.155270074456683949e-02
8.000000000000000000e+01 1.140612412821202237e-01 9.247204008856765856e-02
8.100000000000000000e+01 1.131491794285924696e-01 9.292109440928481012e-02
8.200000000000000000e+01 1.115921376400755283e-01 9.289294860220437267e-02
8.300000000000000000e+01 1.094178765646249135e-01 9.238875865655393760e-02
8.400000000000000000e+01 1.066643991130296204e-01 9.141648985903169655e-02
8.500000000000000000e+01 1.033785622942396537e-01 8.998990389949422519e-02
8.600000000000000000e+01 9.961470703764412071e-02 8.812876488387422214e-02
8.700000000000000000e+01 9.543337106310118001e-02 8.585978389204390604e-02
8.800000000000000000e+01 9.089988527921924466e-02 8.321679414780719375e-02
8.900000000000000000e+01 8.608269781018587641e-02 8.023922364105914862e-02
9.000000000000000000e+01 8.105152070400137299e-02 7.696958679246909685e-02
9.100000000000000000e+01 7.587555689216229915e-02 7.345170005249079814e-02
9.200000000000000000e+01 7.062199182704638478e-02 6.973053754929026127e-02
9.300000000000000000e+01 6.535474377383931888e-02 6.585287766371658580e-02
9.400000000000000000e+01 6.013336484179802877e-02 6.186703125410683568e-02
9.500000000000000000e+01 5.501204142776808248e-02 5.782092251248464876e-02
9.600000000000000000e+01 5.003875691980844143e-02 5.375957363256336774e-02
9.700000000000000000e+01 4.525471969482214307e-02 4.972372805222338016e-02
9.800000000000000000e+01 4.069409706968741408e-02 4.575022617046202444e-02
9.900000000000000000e+01 3.638400639986703183e-02 4.187303918190463103e-02
1.000000000000000000e+02 3.234468047383652622e-02 3.812336805570319676e-02
1.010000000000000000e+02 2.858975719919590319e-02 3.452838249515048641e-02
1.020000000000000000e+02 2.512669160955148182e-02 3.110970854492959084e-02
1.030000000000000000e+02 2.195730028364690015e-02 2.788307372478739804e-02
1.040000000000000000e+02 1.907842057635572922e-02 2.485936674102988408e-02
1.050000000000000000e+02 1.648263472111627381e-02 2.204604897044455669e-02
1.060000000000000000e+02 1.415900369120089153e-02 1.944770851508650575e-02
1.070000000000000000e+02 1.209377741781575075e-02 1.706559934477687446e-02
1.080000000000000000e+02 1.027107220452948798e-02 1.489707716135123261e-02
1.090000000000000000e+02 8.673513091362529404e-03 1.293587061618309622e-02
1.100000000000000000e+02 7.282830406035942401e-03 1.117322001274190062e-02
1.110000000000000000e+02 6.080391787026356507e-03 9.599091504601970151e-03
1.120000000000000000e+02 5.047654586472159408e-03 8.202723145064325441e-03
1.130000000000000000e+02 4.166535540242080095e-03 6.972499161264565995e-03
1.140000000000000000e+02 3.419704399636621511e-03 5.895758256689113616e-03
1.150000000000000000e+02 2.790810053508449746e-03 4.959063510496015785e-03
1.160000000000000000e+02 2.264644511936812939e-03 4.148896447077055939e-03
1.170000000000000000e+02 1.827248186149058040e-03 3.452313492642832167e-03
1.180000000000000000e+02 1.465961722777387203e-03 2.857191562789723922e-03
1.190000000000000000e+02 1.169432931371854403e-03 2.352104395783411947e-03
1.200000000000000000e+02 9.275887984860039029e-04 1.926159182557605955e-03
1.210000000000000000e+02 7.315814452723485347e-04 1.569047660203772357e-03
1.220000000000000000e+02 5.737148061023427704e-04 1.271280409525568688e-03
1.230000000000000000e+02 4.473574881618266690e-04 1.024388342283527684e-03
1.240000000000000000e+02 3.468469309864889022e-04 8.209345564232724182e-04
1.250000000000000000e+02 2.673897776704242430e-04 6.543679966042224242e-04
1.260000000000000000e+02 2.049626449033283785e-04 5.188651357217440377e-04
1.270000000000000000e+02 1.562163433311965449e-04 4.092641497840337041e-04
1.280000000000000000e+02 1.183855371610393215e-04 3.210774614604936395e-04
1.290000000000000000e+02 8.920512177828335027e-05 2.504990709257232497e-04
1.300000000000000000e+02 6.683416037289560457e-05 1.943492044908990053e-04
1.310000000000000000e+02 4.978785302090874698e-05 1.499689854792252673e-04
1.320000000000000000e+02 3.687762946306402190e-05 1.151172967155886522e-04
1.330000000000000000e+02 2.715911166149396715e-05 8.790572550114947867e-05
1.340000000000000000e+02 1.988745414758587190e-05 6.676674575355938737e-05
1.350000000000000000e+02 1.447944575443268854e-05 5.042758785084432030e-05
1.360000000000000000e+02 1.048170309225773915e-05 3.787072728659507864e-05
1.370000000000000000e+02 7.544265081300643956e-06 2.828369454422397970e-05
1.380000000000000000e+02 5.398897472086347629e-06 2.101286450673336262e-05
1.390000000000000000e+02 3.841439924816841895e-06 1.553127840156725263e-05
1.400000000000000000e+02 2.717575114819845490e-06 1.141903707952435384e-05
1.410000000000000000e+02 1.911460382311855403e-06 8.348410777638958459e-06
1.420000000000000000e+02 1.336727451734360622e-06 6.067916513937977219e-06
1.430000000000000000e+02 9.294192894996187133e-07 4.385284359929735425e-06
1.440000000000000000e+02 6.424939792719835093e-07 3.152456406007840493e-06
1.450000000000000000e+02 4.415830234661125115e-07 2.254864658789702917e-06
1.460000000000000000e+02 3.017443103150583697e-07 1.604589824646493444e-06
1.470000000000000000e+02 2.049966295341702871e-07 1.135479247870073483e-06
1.480000000000000000e+02 1.384626086822088536e-07 7.987026845861945183e-07
1.490000000000000000e+02 9.298081456078238882e-08 5.584643596626117682e-07
1.500000000000000000e+02 6.207632248809517496e-08 3.883548334901788819e-07
1.510000000000000000e+02 4.120286553018414835e-08 2.687348561299810548e-07
1.520000000000000000e+02 2.718911736881238635e-08 1.850600297995885309e-07
1.530000000000000000e+02 1.783719676488935875e-08 1.267533630481946296e-07
1.540000000000000000e+02 1.163373017995444270e-08 8.628816435584186060e-08
1.550000000000000000e+02 7.543425609620699600e-09 5.836888114070288274e-08
1.560000000000000000e+02 4.862633537708693408e-09 3.925327862051401332e-08
1.570000000000000000e+02 3.116193404030866033e-09 2.626773533676284195e-08
1.580000000000000000e+02 1.985293949464861184e-09 1.749947054258121264e-08
1.590000000000000000e+02 1.257392347730154218e-09 1.160071281827770067e-08
