0.000000000000000000e+00 -1.458170840122176810e-10 -1.734536724644335098e-06
1.000000000000000000e+00 2.358920991665515262e-10 2.617249919759545916e-06
2.000000000000000000e+00 3.853226699086181237e-10 2.951511761636748362e-06
3.000000000000000000e+00 6.389441550272418173e-10 3.882344710260868209e-06
4.000000000000000000e+00 1.052289910252633682e-09 5.115639344322376700e-06
5.000000000000000000e+00 1.721111321853283637e-09 6.718468290860252681e-06
6.000000000000000000e+00 2.795692982231573573e-09 8.791282406493624468e-06
7.000000000000000000e+00 4.510080591595703101e-09 1.145988913409654051e-05
8.000000000000000000e+00 7.226057374554771023e-09 1.488096553909268568e-05
9.000000000000000000e+00 1.149870292479343905e-08 1.924993141481121949e-05
1.000000000000000000e+01 1.817333942848343401e-08 2.481013145282080120e-05
1.100000000000000000e+01 2.852769671590970406e-08 3.186253542884256702e-05
1.200000000000000000e+01 4.447879431412160398e-08 4.077552415925984810e-05
1.300000000000000000e+01 6.888142118549292142e-08 5.199533233852074340e-05
1.400000000000000000e+01 1.059550797304495230e-07 6.605887840064442770e-05
1.500000000000000000e+01 1.618900848172465732e-07 8.361110736644748883e-05
1.600000000000000000e+01 2.457002249179295008e-07 1.054279089648968459e-04
1.700000000000000000e+01 3.704127438813471953e-07 1.324433618345470444e-04
1.800000000000000000e+01 5.547144332206663854e-07 1.657778768191979046e-04
1.900000000000000000e+01 8.252097132630446327e-07 2.067636624965995705e-04
2.000000000000000000e+01 1.219491026771396279e-06 2.569668177242581176e-04
2.100000000000000000e+01 1.790277362045759129e-06 3.182101109441120559e-04
2.200000000000000000e+01 2.610943577871883899e-06 3.926038681689890592e-04
2.300000000000000000e+01 3.782840890480832132e-06 4.825908647078692992e-04
2.400000000000000000e+01 5.444900960661053570e-06 5.910038710453249453e-04
2.500000000000000000e+01 7.786118734213600813e-06 7.211252285750948104e-04
2.600000000000000000e+01 1.106162435026887423e-05 8.767334297710451235e-04
2.700000000000000000e+01 1.561317588359444660e-05 1.062127643452878386e-03
2.800000000000000000e+01 2.189503103083628973e-05 1.282136260813549269e-03
2.900000000000000000e+01 3.050627756355483164e-05 1.542130421263472953e-03
3.000000000000000000e+01 4.223081230892519625e-05 1.848065404480976788e-03
3.100000000000000000e+01 5.808624319106433820e-05 2.206555379484210350e-03
3.200000000000000000e+01 7.938303081859695090e-05 2.624957985713054828e-03
3.300000000000000000e+01 1.077951711721286568e-04 3.111424775399513482e-03
3.400000000000000000e+01 1.454436221115262850e-04 3.674881359295938989e-03
3.500000000000000000e+01 1.949934777313063318e-04 4.324939439259900022e-03
3.600000000000000000e+01 2.597655604491441966e-04 5.071789199622166178e-03
3.700000000000000000e+01 3.438626095966768569e-04 5.926138781340757784e-03
3.800000000000000000e+01 4.523095717113923887e-04 6.899234732187164813e-03
3.900000000000000000e+01 5.912066365569792646e-04 8.002926521454928332e-03
4.000000000000000000e+01 7.678926000612281907e-04 9.249677828630061688e-03
4.100000000000000000e+01 9.911148569830031951e-04 1.065242969604509107e-02
4.200000000000000000e+01 1.271200824151284001e-03 1.222429908313805817e-02
4.300000000000000000e+01 1.620223922057157685e-03 1.397820458624652283e-02
4.400000000000000000e+01 2.052155507495686919e-03 1.592656798723663530e-02
4.500000000000000000e+01 2.582992447274092430e-03 1.808118955441298872e-02
4.600000000000000000e+01 3.230848358940018473e-03 2.045325720995115268e-02
4.700000000000000000e+01 4.015994921213403464e-03 2.305332078236924445e-02
4.800000000000000000e+01 4.960838290252832586e-03 2.589104860727206928e-02
4.900000000000000000e+01 6.089815018469535955e-03 2.897471473558529964e-02
5.000000000000000000e+01 7.429192278172482705e-03 3.231055787994835393e-02
5.100000000000000000e+01 9.006758379631114864e-03 3.590226292456608764e-02
5.200000000000000000e+01 1.085139103702142081e-02 3.975074534427030376e-02
5.300000000000000000e+01 1.299249289986677269e-02 4.385420511518637460e-02
5.400000000000000000e+01 1.545928796398519933e-02 4.820821640943104280e-02
5.500000000000000000e+01 1.827997944434991279e-02 5.280559324787305331e-02
5.600000000000000000e+01 2.148077782824661663e-02 5.763595218220615712e-02
5.700000000000000000e+01 2.508481416817874912e-02 6.268514881253134385e-02
5.800000000000000000e+01 2.911095835353001010e-02 6.793489553415943405e-02
5.900000000000000000e+01 3.357256971873265328e-02 7.336276569204727704e-02
6.000000000000000000e+01 3.847622087678331110e-02 7.894253224041271333e-02
6.100000000000000000e+01 4.382044941722448850e-02 8.464458332915852923e-02
6.200000000000000000e+01 4.959459594153663858e-02 9.043616833016400458e-02
6.300000000000000000e+01 5.577778061580777186e-02 9.628143924649107399e-02
6.400000000000000000e+01 6.233806826678406354e-02 1.021414786036783928e-01
6.500000000000000000e+01 6.923188446343547797e-02 1.079745513577552440e-01
6.600000000000000000e+01 7.640375814806109334e-02 1.137366521664559399e-01
6.700000000000000000e+01 8.378645382172240919e-02 1.193821990221575757e-01
6.800000000000000000e+01 9.130151738883288126e-02 1.248646571397720451e-01
6.900000000000000000e+01 9.886023087590754821e-02 1.301370262418166668e-01
7.000000000000000000e+01 1.063649805785416430e-01 1.351523422225619497e-01
7.100000000000000000e+01 1.137110630658853816e-01 1.398644043215824251e-01
7.200000000000000000e+01 1.207889270145351412e-01 1.442287549691426418e-01
7.300000000000000000e+01 1.274867721121320518e-01 1.482036651852801090e-01
7.400000000000000000e+01 1.336933711949891412e-01 1.517507844287369900e-01
7.500000000000000000e+01 1.393010072827251256e-01 1.548353365661581660e-01
7.600000000000000000e+01 1.442084781957895800e-01 1.574261306108238612e-01
7.700000000000000000e+01 1.483241151299248273e-01 1.594958647519693073e-01
7.800000000000000000e+01 1.515686695972947307e-01 1.610219999184941408e-01
7.900000000000000000e+01 1.538778557515111667e-01 1.619879730987557886e-01
8.000000000000000000e+01 1.552043944601474712e-01 1.623841135671363067e-01
8.100000000000000000e+01 1.555195387513357008e-01 1.622076918293121617e-01
8.200000000000000000e+01 1.548141117322211491e-01 1.614620841492955539e-01
8.300000000000000000e+01 1.530990020898420345e-01 1.601556717870890600e-01
8.400000000000000000e+01 1.504049711159798353e-01 1.583012947523046443e-01
8.500000000000000000e+01 1.467816881078330971e-01 1.559166388025201577e-01
8.600000000000000000e+01 1.422960987940782018e-01 1.530251572949631877e-01
8.700000000000000000e+01 1.370303432724984394e-01 1.496566171485747276e-01
8.800000000000000000e+01 1.310793533449013670e-01 1.458465329467598937e-01
8.900000000000000000e+01 1.245481012246905383e-01 1.416345106492852557e-01
9.000000000000000000e+01 1.175484725765014032e-01 1.370622956456131747e-01
9.100000000000000000e+01 1.101959283720975180e-01 1.321725151652136943e-01
9.200000000000000000e+01 1.026062707396098866e-01 1.270085672783462516e-01
9.300000000000000000e+01 9.489273196830526336e-02 1.216152456453011288e-01
9.400000000000000000e+01 8.716336686672535028e-02 1.160391531475932769e-01
9.500000000000000000e+01 7.951864511274478464e-02 1.103281410551435471e-01
9.600000000000000000e+01 7.204931070300318874e-02 1.045297549113573810e-01
9.700000000000000000e+01 6.483475218996403999e-02 9.868940332944210747e-02
9.800000000000000000e+01 5.794204173953165782e-02 9.284915364473755872e-02
9.900000000000000000e+01 5.142553492880087146e-02 8.704759293991769231e-02
1.000000000000000000e+02 4.532680482987636039e-02 8.132045332455198339e-02
1.010000000000000000e+02 3.967484070921407924e-02 7.570123720849611382e-02
1.020000000000000000e+02 3.448663047623327926e-02 7.022119701683555981e-02
1.030000000000000000e+02 2.976819612633232331e-02 6.490858437730495645e-02
1.040000000000000000e+02 2.551593270474152714e-02 5.978764508964833080e-02
1.050000000000000000e+02 2.171800815554638525e-02 5.487800329209165801e-02
1.060000000000000000e+02 1.835572022029754655e-02 5.019477958887925972e-02
1.070000000000000000e+02 1.540487247910772226e-02 4.574928823478112416e-02
1.080000000000000000e+02 1.283721464246925792e-02 4.154982877669129854e-02
1.090000000000000000e+02 1.062185232166193774e-02 3.760212938211723865e-02
1.100000000000000000e+02 8.726479105635374239e-03 3.390932817956650303e-02
1.110000000000000000e+02 7.118381589658222437e-03 3.047172704196885601e-02
1.120000000000000000e+02 5.765276770623359130e-03 2.728668114754791152e-02
1.130000000000000000e+02 4.636036451677007057e-03 2.434884797594067188e-02
1.140000000000000000e+02 3.701278660150067977e-03 2.165075232577926695e-02
1.150000000000000000e+02 2.933779316004220695e-03 1.918343090450946517e-02
1.160000000000000000e+02 2.308705486235160080e-03 1.693691477861601277e-02
1.170000000000000000e+02 1.803721405571855497e-03 1.490045705070318707e-02
1.180000000000000000e+02 1.399014096911502334e-03 1.306258798914812502e-02
1.190000000000000000e+02 1.077250804094296221e-03 1.141116186229958543e-02
1.200000000000000000e+02 8.234659530886901139e-04 9.933516587906044901e-03
1.210000000000000000e+02 6.248896900701042490e-04 8.616755421169663628e-03
1.220000000000000000e+02 4.707447443909104482e-04 7.448067313642386424e-03
1.230000000000000000e+02 3.520346185995720497e-04 6.414984020684562881e-03
1.240000000000000000e+02 2.613328764962711496e-04 5.505521546934061608e-03
1.250000000000000000e+02 1.925762517831619948e-04 4.708223327746102055e-03
1.260000000000000000e+02 1.408656789217509046e-04 4.012164141481849161e-03
1.270000000000000000e+02 1.022815821671697694e-04 3.406968896237308128e-03
1.280000000000000000e+02 7.371828007218252880e-05 2.882864770529520570e-03
1.290000000000000000e+02 5.273897642118442123e-05 2.430749216807099027e-03
1.300000000000000000e+02 3.745050985831065691e-05 2.042242182590439832e-03
1.310000000000000000e+02 2.639637430362816120e-05 1.709700953809679003e-03
1.320000000000000000e+02 1.846655172172604703e-05 1.426197205343376776e-03
1.330000000000000000e+02 1.282274189753211701e-05 1.185472167625678877e-03
1.340000000000000000e+02 8.837471035623465111e-06 9.818889759616829856e-04
1.350000000000000000e+02 6.045323204520679895e-06 8.103933478114856313e-04
1.360000000000000000e+02 4.104324150496275301e-06 6.664827520810839671e-04
1.370000000000000000e+02 2.765559095122063161e-06 5.461774687912188554e-04
1.380000000000000000e+02 1.849453246309401710e-06 4.459868478310268424e-04
1.390000000000000000e+02 1.227526366383178469e-06 3.628684450978867933e-04
1.400000000000000000e+02 8.086212070789048595e-07 2.941824859456695918e-04
1.410000000000000000e+02 5.286489820968860889e-07 2.376463429180270307e-04
1.420000000000000000e+02 3.429830934187233405e-07 1.912929212636917413e-04
1.430000000000000000e+02 2.208288425382612817e-07 1.534344207924336480e-04
1.440000000000000000e+02 1.411034492920786428e-07 1.226307251921020442e-04
1.450000000000000000e+02 8.948227803679374417e-08 9.766074752648570877e-05
1.460000000000000000e+02 5.631659128728603320e-08 7.749543178947547440e-05
1.470000000000000000e+02 3.517127011827773965e-08 6.127207399257635382e-05
1.480000000000000000e+02 2.179541321885004688e-08 4.827041581029829949e-05
1.490000000000000000e+02 1.340286841586616991e-08 3.789119002277283315e-05
1.500000000000000000e+02 8.179774551636726950e-09 2.963752227184154205e-05
1.510000000000000000e+02 4.954509851460796453e-09 2.309913072359585825e-05
1.520000000000000000e+02 2.977854254366347020e-09 1.793891585179831701e-05
1.530000000000000000e+02 1.775708052590421617e-09 1.388143172356341982e-05
1.540000000000000000e+02 1.050556496121141514e-09 1.070283702838438726e-05
1.550000000000000000e+02 6.168109902122342050e-10 8.222107785595846375e-06
1.560000000000000000e+02 3.594527520419711142e-10 6.293434242859240469e-06
1.570000000000000000e+02 2.078823471004990854e-10 4.799770450051726968e-06
1.580000000000000000e+02 1.192666026259532463e-10 3.647473406447145838e-06
1.590000000000000000e+02 6.787026153790728963e-11 2.761910041623202456e-06
