0.000000000000000000e+00 -5.404411626460389420e-06 2.075561596048810807e-07
1.000000000000000000e+00 6.602552919661936872e-06 2.342006960799167144e-07
2.000000000000000000e+00 7.192774294526122774e-06 2.927942254742189031e-07
3.000000000000000000e+00 9.209477771074255591e-06 4.001963562756252225e-07
4.000000000000000000e+00 1.181091035298330799e-05 5.453660959851812037e-07
5.000000000000000000e+00 1.510078158707887203e-05 7.402858342092202042e-07
6.000000000000000000e+00 1.924453215387962105e-05 1.000782393846741982e-06
7.000000000000000000e+00 2.444580147855674403e-05 1.347350420746585156e-06
8.000000000000000000e+00 3.095211626410123589e-05 1.806518385869473468e-06
9.000000000000000000e+00 3.906302752227792241e-05 2.412550192582565275e-06
1.000000000000000000e+01 4.913958465584690710e-05 3.209452674749482699e-06
1.100000000000000000e+01 6.161521569000688299e-05 4.253277663793185765e-06
1.200000000000000000e+01 7.700812728714790897e-05 5.614803743928912800e-06
1.300000000000000000e+01 9.593530355215482966e-05 7.382824432041257672e-06
1.400000000000000000e+01 1.191281534204965509e-04 9.668364128681291409e-06
1.500000000000000000e+01 1.474498724631026221e-04 1.261009234497673058e-05
1.600000000000000000e+01 1.819146630916623688e-04 1.638098270832885790e-05
1.700000000000000000e+01 2.237090420909794604e-04 2.119598389452952882e-05
1.800000000000000000e+01 2.742154387851147585e-04 2.732035544093736680e-05
1.900000000000000000e+01 3.350380412182964217e-04 3.507856780758717476e-05
2.000000000000000000e+01 4.080304190659450126e-04 4.486424997005180161e-05
2.100000000000000000e+01 4.953240867188422880e-04 5.715225492873587422e-05
2.200000000000000000e+01 5.993572331424920890e-04 7.251398658971178396e-05
2.300000000000000000e+01 7.229035253283034278e-04 9.163634979734931784e-05
2.400000000000000000e+01 8.691018796036794431e-04 1.153432761387366699e-04
2.500000000000000000e+01 1.041488542532098809e-03 1.446176387947130772e-04
2.600000000000000000e+01 1.244031824605929155e-03 1.806216178354597178e-04
2.700000000000000000e+01 1.481167291262571383e-03 2.247156618699695362e-04
2.800000000000000000e+01 1.757828450405134104e-03 2.784791386050599802e-04
2.900000000000000000e+01 2.079467321685292761e-03 3.437373136595365955e-04
3.000000000000000000e+01 2.452062496290546498e-03 4.225972867560446699e-04
3.100000000000000000e+01 2.882118619142762152e-03 5.174899121613048139e-04
3.200000000000000000e+01 3.376666567112416879e-03 6.312087337623969443e-04
3.300000000000000000e+01 3.943272487291179032e-03 7.669356781737832456e-04
3.400000000000000000e+01 4.590053744806200410e-03 9.282499145989602830e-04
3.500000000000000000e+01 5.325684951974590103e-03 1.119128423511648110e-03
3.600000000000000000e+01 6.159368281401374559e-03 1.343955806669231822e-03
3.700000000000000000e+01 7.100749955337498295e-03 1.607557097325649619e-03
3.800000000000000000e+01 8.159790575645285010e-03 1.915248565095198320e-03
3.900000000000000000e+01 9.346627201752926578e-03 2.272878236526358706e-03
4.000000000000000000e+01 1.067147599964312320e-02 2.686819069443669578e-03
4.100000000000000000e+01 1.214459805618924720e-02 3.163897052889321545e-03
4.200000000000000000e+01 1.377629400404782774e-02 3.711277564247466264e-03
4.300000000000000000e+01 1.557684086736270922e-02 4.336367644831124954e-03
4.400000000000000000e+01 1.755628298131464357e-02 5.046786389606841734e-03
4.500000000000000000e+01 1.972405971278813966e-02 5.850401061319675765e-03
4.600000000000000000e+01 2.208856582617912262e-02 6.755354365413221256e-03
4.700000000000000000e+01 2.465681876168769257e-02 7.769976807829252763e-03
4.800000000000000000e+01 2.743437388777953886e-02 8.902528720589268640e-03
4.900000000000000000e+01 3.042547171395012032e-02 1.016083133411326347e-02
5.000000000000000000e+01 3.363320590150657707e-02 1.155194466477589034e-02
5.100000000000000000e+01 3.705941354346704852e-02 1.308204139903240346e-02
5.200000000000000000e+01 4.070411516394364243e-02 1.475648737373979127e-02
5.300000000000000000e+01 4.456463780374439465e-02 1.657995540366421355e-02
5.400000000000000000e+01 4.863485168127865133e-02 1.855631791852933865e-02
5.500000000000000000e+01 5.290499996027107910e-02 2.068818284110330100e-02
5.600000000000000000e+01 5.736229128395561871e-02 2.297620497408959031e-02
5.700000000000000000e+01 6.199190126354840735e-02 2.541852859166193745e-02
5.800000000000000000e+01 6.677764721575230045e-02 2.801069454749845894e-02
5.900000000000000000e+01 7.170169558507562269e-02 3.074604069667285708e-02
6.000000000000000000e+01 7.674327822309794100e-02 3.361623568623763741e-02
6.100000000000000000e+01 8.187717920057549503e-02 3.661142546170358808e-02
6.200000000000000000e+01 8.707313858888658664e-02 3.971972074457747609e-02
6.300000000000000000e+01 9.229691384528064535e-02 4.292628109845231937e-02
6.400000000000000000e+01 9.751268249260577892e-02 4.621266486813828400e-02
6.500000000000000000e+01 1.026854374682930754e-01 4.955704687528143110e-02
6.600000000000000000e+01 1.077818121580467470e-01 5.293533146791715160e-02
6.700000000000000000e+01 1.127686933681499581e-01 5.632250321594050452e-02
6.800000000000000000e+01 1.176105467232708979e-01 5.969331230659109810e-02
6.900000000000000000e+01 1.222675202439232334e-01 6.302185225145169600e-02
7.000000000000000000e+01 1.266961737426851864e-01 6.628046964760386794e-02
7.100000000000000000e+01 1.308530463185928194e-01 6.943907710493953112e-02
7.200000000000000000e+01 1.346992312952393078e-01 7.246577072165762134e-02
7.300000000000000000e+01 1.382031456739111486e-01 7.532872789082512011e-02
7.400000000000000000e+01 1.413396337362183564e-01 7.799835280445652219e-02
7.500000000000000000e+01 1.440859749646464794e-01 8.044835745621033152e-02
7.600000000000000000e+01 1.464176623253973519e-01 8.265520913950921700e-02
7.700000000000000000e+01 1.483072710970726460e-01 8.459662721694044540e-02
7.800000000000000000e+01 1.497278136782016489e-01 8.625060183875285502e-02
7.900000000000000000e+01 1.506588424269716953e-01 8.759606628265155515e-02
8.000000000000000000e+01 1.510914013089854069e-01 8.861508385954641742e-02
8.100000000000000000e+01 1.510283960893637478e-01 8.929517503072210982e-02
8.200000000000000000e+01 1.504799177525578124e-01 8.963019959731088893e-02
8.300000000000000000e+01 1.494565543620923753e-01 8.961923519198200516e-02
8.400000000000000000e+01 1.479652781031488284e-01 8.926438746139926661e-02
8.500000000000000000e+01 1.460108629135368208e-01 8.856926104194492999e-02
8.600000000000000000e+01 1.436019740627602348e-01 8.753927276001405300e-02
8.700000000000000000e+01 1.407577070838036126e-01 8.618351235421853329e-02
8.800000000000000000e+01 1.375098589495640788e-01 8.451660557715651167e-02
8.900000000000000000e+01 1.338990297223402459e-01 8.255899108240820350e-02
9.000000000000000000e+01 1.299668692557251759e-01 8.033521387302776373e-02
9.100000000000000000e+01 1.257494570754534857e-01 7.787132169990740316e-02
9.200000000000000000e+01 1.212760317834518653e-01 7.519306958389949946e-02
9.300000000000000000e+01 1.165735816141185016e-01 7.232593571918938258e-02
9.400000000000000000e+01 1.116737631681949117e-01 6.929651615129331366e-02
9.500000000000000000e+01 1.066170609270227498e-01 6.613383186172938633e-02
9.600000000000000000e+01 1.014510847844312114e-01 6.286922530543058441e-02
9.700000000000000000e+01 9.622398102511156570e-02 5.953467068926313055e-02
9.800000000000000000e+01 9.097723697568405044e-02 5.616053662437538174e-02
9.900000000000000000e+01 8.574243924341715117e-02 5.277419166198348000e-02
1.000000000000000000e+02 8.054371167766538608e-02 4.940012779124218489e-02
1.010000000000000000e+02 7.540368129678477749e-02 4.606112015224265305e-02
1.020000000000000000e+02 7.034860169996375034e-02 4.277925320535367476e-02
1.030000000000000000e+02 6.540912564834970577e-02 3.957589703261769898e-02
1.040000000000000000e+02 6.061638612440595208e-02 3.647062728640245582e-02
1.050000000000000000e+02 5.599622265945115862e-02 3.347989787672018408e-02
1.060000000000000000e+02 5.156543668403252428e-02 3.061639852783095556e-02
1.070000000000000000e+02 4.733233415549134571e-02 2.788944943068917548e-02
1.080000000000000000e+02 4.330082170190845126e-02 2.530601885380032862e-02
1.090000000000000000e+02 3.947508582082380479e-02 2.287158635990872713e-02
1.100000000000000000e+02 3.586182538061950115e-02 2.059032542203380681e-02
1.110000000000000000e+02 3.246894553015738927e-02 1.846467191674048061e-02
1.120000000000000000e+02 2.930206072893385902e-02 1.649479471052312657e-02
1.130000000000000000e+02 2.636143335552709396e-02 1.467848581738240635e-02
1.140000000000000000e+02 2.364138736608970698e-02 1.301161193715855667e-02
1.150000000000000000e+02 2.113239247827154374e-02 1.148885187766480846e-02
1.160000000000000000e+02 1.882427744271630149e-02 1.010429394468939299e-02
1.170000000000000000e+02 1.670852143124613998e-02 8.851644335600091645e-03
1.180000000000000000e+02 1.477845271362336968e-02 7.724114870942816805e-03
1.190000000000000000e+02 1.302768323741960305e-02 6.714263261599535265e-03
1.200000000000000000e+02 1.144816810958349841e-02 5.814028422686893897e-03
1.210000000000000000e+02 1.002928818552869042e-02 5.015007000230661122e-03
1.220000000000000000e+02 8.758472594403867925e-03 4.308828899906727052e-03
1.230000000000000000e+02 7.622814001888491425e-03 3.687440477910639176e-03
1.240000000000000000e+02 6.610592401436850979e-03 3.143198421509133846e-03
1.250000000000000000e+02 5.711863525030244290e-03 2.668817387073971377e-03
1.260000000000000000e+02 4.917993366753447768e-03 2.257292553768994788e-03
1.270000000000000000e+02 4.220683563039290785e-03 1.901895112618867591e-03
1.280000000000000000e+02 3.611229718023111976e-03 1.596254906277620733e-03
1.290000000000000000e+02 3.080453882001571528e-03 1.334472707163903349e-03
1.300000000000000000e+02 2.619239874273086421e-03 1.111191167349998097e-03
1.310000000000000000e+02 2.219238108367461385e-03 9.215925371010989971e-04
1.320000000000000000e+02 1.873288706369347642e-03 7.613425289993941240e-04
1.330000000000000000e+02 1.575375137304538785e-03 6.265252158786126842e-04
1.340000000000000000e+02 1.320240790393487290e-03 5.136033629118735757e-04
1.350000000000000000e+02 1.102968648956801669e-03 4.194090602906584068e-04
1.360000000000000000e+02 9.187723011717587474e-04 3.411459894487625069e-04
1.370000000000000000e+02 7.630578188916121085e-04 2.763809801965108788e-04
1.380000000000000000e+02 6.316375749862953356e-04 2.230152376501516923e-04
1.390000000000000000e+02 5.209145544272351675e-04 1.792413758123903903e-04
1.400000000000000000e+02 4.279181585772654189e-04 1.434998249270325293e-04
1.410000000000000000e+02 3.501904038991085553e-04 1.144448806164290384e-04
1.420000000000000000e+02 2.856095627163519586e-04 9.092203775400850498e-05
1.430000000000000000e+02 2.322519141734928692e-04 7.195150682202301902e-05
1.440000000000000000e+02 1.883432022619858286e-04 5.671163892380438648e-05
1.450000000000000000e+02 1.522856536582560723e-04 4.451927791332876885e-05
1.460000000000000000e+02 1.227074242136930930e-04 3.480819259680201455e-05
1.470000000000000000e+02 9.848461645417457304e-05 2.710876527444704492e-05
1.480000000000000000e+02 7.871748060481173806e-05 2.103142290837878680e-05
1.490000000000000000e+02 6.267533164174660890e-05 1.625423392876047083e-05
1.500000000000000000e+02 4.973940972366290830e-05 1.251341479022751219e-05
1.510000000000000000e+02 3.936632141256236601e-05 9.595103477374295023e-06
1.520000000000000000e+02 3.107709701430908287e-05 7.327440706311639932e-06
1.530000000000000000e+02 2.446181660909339020e-05 5.572943774613418942e-06
1.540000000000000000e+02 1.918509920657137730e-05 4.221685075877469304e-06
1.550000000000000000e+02 1.498289281300690186e-05 3.185727343523779793e-06
1.560000000000000000e+02 1.164982772444321764e-05 2.394878175501649611e-06
1.570000000000000000e+02 9.022647132030138382e-06 1.793473584677925529e-06
1.580000000000000000e+02 6.966214946148586635e-06 1.337791290602376465e-06
1.590000000000000000e+02 5.365539261144262133e-06 9.938090287910256972e-07
