0.000000000000000000e+00 -2.547895367022415768e-08 1.344696126625781741e-06
1.000000000000000000e+00 2.508432684083675187e-08 4.507025657679294994e-08
2.000000000000000000e+00 3.513898321599521380e-08 6.056981576137452659e-08
3.000000000000000000e+00 5.040776344708802845e-08 8.322355263668758201e-08
4.000000000000000000e+00 7.201684221559964855e-08 1.132237810992192507e-07
5.000000000000000000e+00 1.021719117544109315e-07 1.518393001448029461e-07
6.000000000000000000e+00 1.437980376545047176e-07 2.010659186234912668e-07
7.000000000000000000e+00 2.010622235860063962e-07 2.646920792874230489e-07
8.000000000000000000e+00 2.800446801294661218e-07 3.491781779179240051e-07
9.000000000000000000e+00 3.892670954757056557e-07 4.636087546102677436e-07
1.000000000000000000e+01 5.398413443937021317e-07 6.183550236977103407e-07
1.100000000000000000e+01 7.454139315446018665e-07 8.230584669767874961e-07
1.200000000000000000e+01 1.022634492888724685e-06 1.085625377620286541e-06
1.300000000000000000e+01 1.393019531714872999e-06 1.414188543826201861e-06
1.400000000000000000e+01 1.886349096529400942e-06 1.822671579683492761e-06
1.500000000000000000e+01 2.544371932426478104e-06 2.337881662813274728e-06
1.600000000000000000e+01 3.422777978264574154e-06 3.003552756435883648e-06
1.700000000000000000e+01 4.590471506904323828e-06 3.876836624516144358e-06
1.800000000000000000e+01 6.128176466866358016e-06 5.016861472980279897e-06
1.900000000000000000e+01 8.131121578989216838e-06 6.471877414306310245e-06
2.000000000000000000e+01 1.071967280424481207e-05 8.276666888390151050e-06
2.100000000000000000e+01 1.405606366501329990e-05 1.046973472052585124e-05
2.200000000000000000e+01 1.835838774024380854e-05 1.312812279817091393e-05
2.300000000000000000e+01 2.390194518004019574e-05 1.640163578349234860e-05
2.400000000000000000e+01 3.100753607540309928e-05 2.051953027379810899e-05
2.500000000000000000e+01 4.003171287928535753e-05 2.575267995617212352e-05
2.600000000000000000e+01 5.138136623097088482e-05 3.234383115900101843e-05
2.700000000000000000e+01 6.556175290260891518e-05 4.045219660572753931e-05
2.800000000000000000e+01 8.323695887281152889e-05 5.016929720089770170e-05
2.900000000000000000e+01 1.052592551578990850e-04 6.163029988567734390e-05
3.000000000000000000e+01 1.326372170817236473e-04 7.517665093224464262e-05
3.100000000000000000e+01 1.664646365969585351e-04 9.146345777321975023e-05
3.200000000000000000e+01 2.078849198962895710e-04 1.114042072954292954e-04
3.300000000000000000e+01 2.581622698593510510e-04 1.359336165909671144e-04
3.400000000000000000e+01 3.188500957964991223e-04 1.657111820426089327e-04
3.500000000000000000e+01 3.919413106731104812e-04 2.009874129457145614e-04
3.600000000000000000e+01 4.798559178839805796e-04 2.418111111830678855e-04
3.700000000000000000e+01 5.852303297465814456e-04 2.885480726519626415e-04
3.800000000000000000e+01 7.106602314052078238e-04 3.424175134907361221e-04
3.900000000000000000e+01 8.586488708840973091e-04 4.056284756337644160e-04
4.000000000000000000e+01 1.031889402921180171e-03 4.808673980968918796e-04
4.100000000000000000e+01 1.233710994577305337e-03 5.703181885705209571e-04
4.200000000000000000e+01 1.468290131303974554e-03 6.748306451948690634e-04
4.300000000000000000e+01 1.740327324195317139e-03 7.939408018704636159e-04
4.400000000000000000e+01 2.054319484760556980e-03 9.269998445368796310e-04
4.500000000000000000e+01 2.413987149510167518e-03 1.074873326373041067e-03
4.600000000000000000e+01 2.822412201822414521e-03 1.241057558443039045e-03
4.700000000000000000e+01 3.282886699891801249e-03 1.431169423934727965e-03
4.800000000000000000e+01 3.799769005458879592e-03 1.650726891453006395e-03
4.900000000000000000e+01 4.378447972136502095e-03 1.902437507384038308e-03
5.000000000000000000e+01 5.024149437476204023e-03 2.184921783858544304e-03
5.100000000000000000e+01 5.740359385418755504e-03 2.494197689943118343e-03
5.200000000000000000e+01 6.528164130018306380e-03 2.827468079928372596e-03
5.300000000000000000e+01 7.387198999473554469e-03 3.186879047381534560e-03
5.400000000000000000e+01 8.317508224514616466e-03 3.580385356754723584e-03
5.500000000000000000e+01 9.320631800858666938e-03 4.018393257575223615e-03
5.600000000000000000e+01 1.039866667073536741e-02 4.507742185417430887e-03
5.700000000000000000e+01 1.155173550980159378e-02 5.046918702428521662e-03
5.800000000000000000e+01 1.277584696017048868e-02 5.626265129057941503e-03
5.900000000000000000e+01 1.406306733232460561e-02 6.233949638237489682e-03
6.000000000000000000e+01 1.540407690512416924e-02 6.864325164501658069e-03
6.100000000000000000e+01 1.679103972851286181e-02 7.522937517432663063e-03
6.200000000000000000e+01 1.821822446273935886e-02 8.223937238204742997e-03
6.300000000000000000e+01 1.967961078889921694e-02 8.980539551502457474e-03
6.400000000000000000e+01 2.116538302278608841e-02 9.794368720817542284e-03
6.500000000000000000e+01 2.266039402137176584e-02 1.065120083703371273e-02
6.600000000000000000e+01 2.414618469940078838e-02 1.152701891396189227e-02
6.700000000000000000e+01 2.560512966560942252e-02 1.240134958303787741e-02
6.800000000000000000e+01 2.702336343541170138e-02 1.326923996411009943e-02
6.900000000000000000e+01 2.839009279171670480e-02 1.414322121880890945e-02
7.000000000000000000e+01 2.969399162338562381e-02 1.504283583677551439e-02
7.100000000000000000e+01 3.091993752188305564e-02 1.597792881438513113e-02
7.200000000000000000e+01 3.204911501620447134e-02 1.693691790153688953e-02
7.300000000000000000e+01 3.306264608598645516e-02 1.788870416775930824e-02
7.400000000000000000e+01 3.394589973590346477e-02 1.879795468106781886e-02
7.500000000000000000e+01 3.469008749917136536e-02 1.964409590865732330e-02
7.600000000000000000e+01 3.529010456577732352e-02 2.043116240662593702e-02
7.700000000000000000e+01 3.574074052047765404e-02 2.118129442663660780e-02
7.800000000000000000e+01 3.603463367980724169e-02 2.191566759669348954e-02
7.900000000000000000e+01 3.616369821705113508e-02 2.263548828814413924e-02
8.000000000000000000e+01 3.612274932756363854e-02 2.331608648257215907e-02
8.100000000000000000e+01 3.591229223433421019e-02 2.391850967530532307e-02
8.200000000000000000e+01 3.553831116705781501e-02 2.441114969756273331e-02
8.300000000000000000e+01 3.500947166494267765e-02 2.478700401094470832e-02
8.400000000000000000e+01 3.433416168644193994e-02 2.506503009057760301e-02
8.500000000000000000e+01 3.351964583241359708e-02 2.527478593205157581e-02
8.600000000000000000e+01 3.257363760821999077e-02 2.543479891685370559e-02
8.700000000000000000e+01 3.150660754879355818e-02 2.553916753556260272e-02
8.800000000000000000e+01 3.033274717363332318e-02 2.556109640548716311e-02
8.900000000000000000e+01 2.906881935249324908e-02 2.547054651847858314e-02
9.000000000000000000e+01 2.773187040192904781e-02 2.525390890854802700e-02
9.100000000000000000e+01 2.633751256743575853e-02 2.492274725478219044e-02
9.200000000000000000e+01 2.489978018021601902e-02 2.450643513054513029e-02
9.300000000000000000e+01 2.343219750257562184e-02 2.403433593394596265e-02
9.400000000000000000e+01 2.194884319539693041e-02 2.351966676145993140e-02
9.500000000000000000e+01 2.046442780029530950e-02 2.295528839394338910e-02
9.600000000000000000e+01 1.899334413420346312e-02 2.232318204974927806e-02
9.700000000000000000e+01 1.754845100167486127e-02 2.161038648573610985e-02
9.800000000000000000e+01 1.614042534495182049e-02 2.082061721093035264e-02
9.900000000000000000e+01 1.477795346201683270e-02 1.997452817154062379e-02
1.000000000000000000e+02 1.346838284513179364e-02 1.909950848668056853e-02
1.010000000000000000e+02 1.221822483449352265e-02 1.821647979579149590e-02
1.020000000000000000e+02 1.103316541519951642e-02 1.733225493764338140e-02
1.030000000000000000e+02 9.917698203242597196e-03 1.644152284836964545e-02
1.040000000000000000e+02 8.874760345360830846e-03 1.553597470612399015e-02
1.050000000000000000e+02 7.905677446152083870e-03 1.461392625789393988e-02
1.060000000000000000e+02 7.010443068576587000e-03 1.368436569099075462e-02
1.070000000000000000e+02 6.188124937440878971e-03 1.276367080324181807e-02
1.080000000000000000e+02 5.437160259838652240e-03 1.186804818405422755e-02
1.090000000000000000e+02 4.755446630581516669e-03 1.100694481556491883e-02
1.100000000000000000e+02 4.140305430327183116e-03 1.018127507063685752e-02
1.110000000000000000e+02 3.588463424348624885e-03 9.386737321626037467e-03
1.120000000000000000e+02 3.096143897328692239e-03 8.619342915578007830e-03
1.130000000000000000e+02 2.659253119895259830e-03 7.879434322592242246e-03
1.140000000000000000e+02 2.273579997480425479e-03 7.172053189666249134e-03
1.150000000000000000e+02 1.934934085997491813e-03 6.504124192682185328e-03
1.160000000000000000e+02 1.639203745572275026e-03 5.880758146436129534e-03
1.170000000000000000e+02 1.382368660391220579e-03 5.303064645081461900e-03
1.180000000000000000e+02 1.160514151189664380e-03 4.768487131825472486e-03
1.190000000000000000e+02 9.698713124778946589e-04 4.272963886738726132e-03
1.200000000000000000e+02 8.068744766609087281e-04 3.813281789968745762e-03
1.210000000000000000e+02 6.682113658239517955e-04 3.388228090987994556e-03
1.220000000000000000e+02 5.508477703236789019e-04 2.998162176616375567e-03
1.230000000000000000e+02 4.520261735495149404e-04 2.643643584313045639e-03
1.240000000000000000e+02 3.692507799672819536e-04 2.324158224314882854e-03
1.250000000000000000e+02 3.002724063341225729e-04 2.037680359004785582e-03
1.260000000000000000e+02 2.430789377885866193e-04 1.781142265882485615e-03
1.270000000000000000e+02 1.958887603202411933e-04 1.551338051741492363e-03
1.280000000000000000e+02 1.571415629989465540e-04 1.345654381066171837e-03
1.290000000000000000e+02 1.254833233028484324e-04 1.162273766270571860e-03
1.300000000000000000e+02 9.974650497607091761e-05 9.998888028105745208e-04
1.310000000000000000e+02 7.892892388823235746e-05 8.572329153677985761e-04
1.320000000000000000e+02 6.217430691929414291e-05 7.327527865314056865e-04
1.330000000000000000e+02 4.875556014851031557e-05 6.245754609980697309e-04
1.340000000000000000e+02 3.806005793375447153e-05 5.307116709661936381e-04
1.350000000000000000e+02 2.957583440467136137e-05 4.493188364617671298e-04
1.360000000000000000e+02 2.287814538187778760e-05 3.788633294655481673e-04
1.370000000000000000e+02 1.761663587377936690e-05 3.181237926182414570e-04
1.380000000000000000e+02 1.350367733330335281e-05 2.660821186863919366e-04
1.390000000000000000e+02 1.030426037136461729e-05 2.217958900357210679e-04
1.400000000000000000e+02 7.827446780985990060e-06 1.843264811413513802e-04
1.410000000000000000e+02 5.919119049516986312e-06 1.527423542093551880e-04
1.420000000000000000e+02 4.455729895925975663e-06 1.261690281232675267e-04
1.430000000000000000e+02 3.338866955618447559e-06 1.038404773375777170e-04
1.440000000000000000e+02 2.490568150842723885e-06 8.512047667105153252e-05
1.450000000000000000e+02 1.849369873354711046e-06 6.948903206284606944e-05
1.460000000000000000e+02 1.367047200505576082e-06 5.650952487540569541e-05
1.470000000000000000e+02 1.005961789201989373e-06 4.579729578013407747e-05
1.480000000000000000e+02 7.369100103459733426e-07 3.700253733544443206e-05
1.490000000000000000e+02 5.373712680150754866e-07 2.980832653746979977e-05
1.500000000000000000e+02 3.900806014120380846e-07 2.393642428086942601e-05
1.510000000000000000e+02 2.818726555161656965e-07 1.915217581454784897e-05
1.520000000000000000e+02 2.027569198811345907e-07 1.526367393899983449e-05
1.530000000000000000e+02 1.451880657620671653e-07 1.211536749897126020e-05
1.540000000000000000e+02 1.034961051933772243e-07 9.579368972071074348e-06
1.550000000000000000e+02 7.344350744137336158e-08 7.547910249620378357e-06
1.560000000000000000e+02 5.188138201106964446e-08 5.928690045709002023e-06
1.570000000000000000e+02 3.648294364820378979e-08 4.642878160852950766e-06
1.580000000000000000e+02 2.553788732232155709e-08 3.624439954803951436e-06
1.590000000000000000e+02 1.779512719735090020e-08 2.819456045609375377e-06
