0.000000000000000000e+00 -3.311083077373031158e-07 -3.836285298204153687e-03
1.000000000000000000e+00 3.515645922750339149e-07 2.118194919359342454e-03
2.000000000000000000e+00 4.435248879326867550e-07 1.744209631382897174e-03
3.000000000000000000e+00 6.169687462327857262e-07 1.940095980753333334e-03
4.000000000000000000e+00 8.570432477156622428e-07 2.176607646364691912e-03
5.000000000000000000e+00 1.185316031110318766e-06 2.436944387393384214e-03
6.000000000000000000e+00 1.631877707728241572e-06 2.721622489221578543e-03
7.000000000000000000e+00 2.236463541381647090e-06 3.032615607255662211e-03
8.000000000000000000e+00 3.051127871883525970e-06 3.372881159945655995e-03
9.000000000000000000e+00 4.143693287115967838e-06 3.746291140510600668e-03
1.000000000000000000e+01 5.602062476716465306e-06 4.157288279724479126e-03
1.100000000000000000e+01 7.539561579260892348e-06 4.610284348809781489e-03
1.200000000000000000e+01 1.010151512641655450e-05 5.108957211807324192e-03
1.300000000000000000e+01 1.347328273146431335e-05 5.655677824719101618e-03
1.400000000000000000e+01 1.789001890152244704e-05 6.251299163206104972e-03
1.500000000000000000e+01 2.364844700239351590e-05 6.895458022361127849e-03
1.600000000000000000e+01 3.112096175272752001e-05 7.587394054769881248e-03
1.700000000000000000e+01 4.077238979176154638e-05 8.327112172066254703e-03
1.800000000000000000e+01 5.317974729976117582e-05 9.116551713446916644e-03
1.900000000000000000e+01 6.905534163878011378e-05 9.960337761621701133e-03
2.000000000000000000e+01 8.927356926078881393e-05 1.086573573721268983e-02
2.100000000000000000e+01 1.149017569216842695e-04 1.184163732157710210e-02
2.200000000000000000e+01 1.472353563296317715e-04 1.289673387342906395e-02
2.300000000000000000e+01 1.878377220613163619e-04 1.403737047460740586e-02
2.400000000000000000e+01 2.385845787147257901e-04 1.526578040656195213e-02
2.500000000000000000e+01 3.017131433170889936e-04 1.657938034098632718e-02
2.600000000000000000e+01 3.798757425624649177e-04 1.797154970889069600e-02
2.700000000000000000e+01 4.761976492081593259e-04 1.943388694423428195e-02
2.800000000000000000e+01 5.943386976170599587e-04 2.095943627480080507e-02
2.900000000000000000e+01 7.385579383459562035e-04 2.254594454805054771e-02
3.000000000000000000e+01 9.137801230140879527e-04 2.419799592337495628e-02
3.100000000000000000e+01 1.125662287418412568e-03 2.592703109868109770e-02
3.200000000000000000e+01 1.380658339151102053e-03 2.774883794401364345e-02
3.300000000000000000e+01 1.686079491225799670e-03 2.967896696839723500e-02
3.400000000000000000e+01 2.050148436955423568e-03 3.172736450864629965e-02
3.500000000000000000e+01 2.482044862949533536e-03 3.389397870554529402e-02
3.600000000000000000e+01 2.991938895793946375e-03 3.616697394443389030e-02
3.700000000000000000e+01 3.591007706992889372e-03 3.852451026872755202e-02
3.800000000000000000e+01 4.291429840757066648e-03 4.093999544444570926e-02
3.900000000000000000e+01 5.106352844735869562e-03 4.338956372170512527e-02
4.000000000000000000e+01 6.049832027627313411e-03 4.585958458225367074e-02
4.100000000000000000e+01 7.136739476181980582e-03 4.835160547556461436e-02
4.200000000000000000e+01 8.382640683987930760e-03 5.088258787723119042e-02
4.300000000000000000e+01 9.803631941531250685e-03 5.347965892477276467e-02
4.400000000000000000e+01 1.141612938079935961e-02 5.617049937601863163e-02
4.500000000000000000e+01 1.323660495308006356e-02 5.897220182997744281e-02
4.600000000000000000e+01 1.528127490675934737e-02 6.188224926767627032e-02
4.700000000000000000e+01 1.756575425375000651e-02 6.487485568846512729e-02
4.800000000000000000e+01 2.010468680840804545e-02 6.790442852344052982e-02
4.900000000000000000e+01 2.291134521491971360e-02 7.091579856748542188e-02
5.000000000000000000e+01 2.599718393338755831e-02 7.385865097408030044e-02
5.100000000000000000e+01 2.937133829246284591e-02 7.670186834642597762e-02
5.200000000000000000e+01 3.304009441311196726e-02 7.944291027118970117e-02
5.300000000000000000e+01 3.700638183106387535e-02 8.210841207113571405e-02
5.400000000000000000e+01 4.126933080811506782e-02 8.474485816985982689e-02
5.500000000000000000e+01 4.582388794373578461e-02 8.740164017945420416e-02
5.600000000000000000e+01 5.066044023525344275e-02 9.011168551613915612e-02
5.700000000000000000e+01 5.576441348954513239e-02 9.287597503876211802e-02
5.800000000000000000e+01 6.111589025583056417e-02 9.565728766118525295e-02
5.900000000000000000e+01 6.668936589151536198e-02 9.838584294829183508e-02
6.000000000000000000e+01 7.245374174601429407e-02 1.009759663829465914e-01
6.100000000000000000e+01 7.837253283161192685e-02 1.033493526508573457e-01
6.200000000000000000e+01 8.440414890367417544e-02 1.054578968827987462e-01
6.300000000000000000e+01 9.050212507976131138e-02 1.072984180607175070e-01
6.400000000000000000e+01 9.661534623110847042e-02 1.089136082632754798e-01
6.500000000000000000e+01 1.026884765222795814e-01 1.103779249602188373e-01
6.600000000000000000e+01 1.086627813947614735e-01 1.117723834725199289e-01
6.700000000000000000e+01 1.144772906018650532e-01 1.131561950414309570e-01
6.800000000000000000e+01 1.200700065447915799e-01 1.145444080558555150e-01
6.900000000000000000e+01 1.253788717063207270e-01 1.158989138345200287e-01
7.000000000000000000e+01 1.303425061501499449e-01 1.171361898145237695e-01
7.100000000000000000e+01 1.349010394184912975e-01 1.181501541534472344e-01
7.200000000000000000e+01 1.389973566004170658e-01 1.188437003559628946e-01
7.300000000000000000e+01 1.425787101294185844e-01 1.191591801868992634e-01
7.400000000000000000e+01 1.455982510844874289e-01 1.190976626497298740e-01
7.500000000000000000e+01 1.480160147883055055e-01 1.187199574325290830e-01
7.600000000000000000e+01 1.497993158106851741e-01 1.181284262667466889e-01
7.700000000000000000e+01 1.509229812698117124e-01 1.174352477330250499e-01
7.800000000000000000e+01 1.513699068290745575e-01 1.167273767422786490e-01
7.900000000000000000e+01 1.511319769803337598e-01 1.160393665273103253e-01
8.000000000000000000e+01 1.502108667957436916e-01 1.153425884878453433e-01
8.100000000000000000e+01 1.486181526898323890e-01 1.145543712753648025e-01
8.200000000000000000e+01 1.463746094514885576e-01 1.135646127417962448e-01
8.300000000000000000e+01 1.435091427139546238e-01 1.122719174859846958e-01
8.400000000000000000e+01 1.400579642549597548e-01 1.106178474033705228e-01
8.500000000000000000e+01 1.360642226297815449e-01 1.086079461396317752e-01
8.600000000000000000e+01 1.315777345885081051e-01 1.063123541815118034e-01
8.700000000000000000e+01 1.266542508993664662e-01 1.038458076619634962e-01
8.800000000000000000e+01 1.213540149431016901e-01 1.013338393434014134e-01
8.900000000000000000e+01 1.157399243819759588e-01 9.887631346741790339e-02
9.000000000000000000e+01 1.098758916621419279e-01 9.651976141662763076e-02
9.100000000000000000e+01 1.038257852174299112e-01 9.424680685463271423e-02
9.200000000000000000e+01 9.765283009805908465e-02 9.198563278019272760e-02
9.300000000000000000e+01 9.141899558579949514e-02 8.963640769362063443e-02
9.400000000000000000e+01 8.518398422480938370e-02 8.710630874823417635e-02
9.500000000000000000e+01 7.900386651310600805e-02 8.434184377869088922e-02
9.600000000000000000e+01 7.292980133671003729e-02 8.134791613464242843e-02
9.700000000000000000e+01 6.700730787025575841e-02 7.818763391753820458e-02
9.800000000000000000e+01 6.127619296709663904e-02 7.496359791443632514e-02
9.900000000000000000e+01 5.577080010781342023e-02 7.178755844993561785e-02
1.000000000000000000e+02 5.052010553304031593e-02 6.874861417093552918e-02
1.010000000000000000e+02 4.554745917972155556e-02 6.588981334357271735e-02
1.020000000000000000e+02 4.087020499539732732e-02 6.319982290819953219e-02
1.030000000000000000e+02 3.649962406624436551e-02 6.062153467797211370e-02
1.040000000000000000e+02 3.244144034288143352e-02 5.807435661990911768e-02
1.050000000000000000e+02 2.869670449372374588e-02 5.548276040978999263e-02
1.060000000000000000e+02 2.526261551163285282e-02 5.280173623527886773e-02
1.070000000000000000e+02 2.213297596163504855e-02 5.003103985382719582e-02
1.080000000000000000e+02 1.929836068543017841e-02 4.721423811978722740e-02
1.090000000000000000e+02 1.674634653109240146e-02 4.442392823364371690e-02
1.100000000000000000e+02 1.446206917693908592e-02 4.173892585896633867e-02
1.110000000000000000e+02 1.242904775268596426e-02 3.922117583698209176e-02
1.120000000000000000e+02 1.062996856579409219e-02 3.689942007570969074e-02
1.130000000000000000e+02 9.047165009718496215e-03 3.476399533246937040e-02
1.140000000000000000e+02 7.662797559601000792e-03 3.277353588288497988e-02
1.150000000000000000e+02 6.458959441551341725e-03 3.087076425467854060e-02
1.160000000000000000e+02 5.417920042537531337e-03 2.900188094418239965e-02
1.170000000000000000e+02 4.522518580933941254e-03 2.713316521812937643e-02
1.180000000000000000e+02 3.756543513765885512e-03 2.525969210180935981e-02
1.190000000000000000e+02 3.104932693893663366e-03 2.340410102840370654e-02
1.200000000000000000e+02 2.553775078596179793e-03 2.160685155823814999e-02
1.210000000000000000e+02 2.090232098578823083e-03 1.991197338968373615e-02
1.220000000000000000e+02 1.702508147805719416e-03 1.835319064573066178e-02
1.230000000000000000e+02 1.379901763729821356e-03 1.694454390133629321e-02
1.240000000000000000e+02 1.112870322202641916e-03 1.567781914230086462e-02
1.250000000000000000e+02 8.930265150018405415e-04 1.452687309591561664e-02
1.260000000000000000e+02 7.130470247403558875e-04 1.345689245984361959e-02
1.270000000000000000e+02 5.665408220680471325e-04 1.243526401331238040e-02
1.280000000000000000e+02 4.479380600437750121e-04 1.144048766678996271e-02
1.290000000000000000e+02 3.524226534184407957e-04 1.046653794565905252e-02
1.300000000000000000e+02 2.758873559609047914e-04 9.521872621645874335e-03
1.310000000000000000e+02 2.148777493282024429e-04 8.624138186982110293e-03
1.320000000000000000e+02 1.665119195904873819e-04 7.792825582541297938e-03
1.330000000000000000e+02 1.283890318979218244e-04 7.042391527408270110e-03
1.340000000000000000e+02 9.850865200237532058e-05 6.377818928505937443e-03
1.350000000000000000e+02 7.521154259693424318e-05 5.793590224227896171e-03
1.360000000000000000e+02 5.713671146492537475e-05 5.275934503187267380e-03
1.370000000000000000e+02 4.318295614815605344e-05 4.807263292364043553e-03
1.380000000000000000e+02 3.246809006999875637e-05 4.371164159839841315e-03
1.390000000000000000e+02 2.428756721744688713e-05 3.956331518327526296e-03
1.400000000000000000e+02 1.807823211432028963e-05 3.558363147478609771e-03
1.410000000000000000e+02 1.339071141627285841e-05 3.179200727873415268e-03
1.420000000000000000e+02 9.869419696680541195e-06 2.824785044429004976e-03
1.430000000000000000e+02 7.236673200024501993e-06 2.501949240481985293e-03
1.440000000000000000e+02 5.278194361517830953e-06 2.215607307309429719e-03
1.450000000000000000e+02 3.829543679937733318e-06 1.967008278429217306e-03
1.460000000000000000e+02 2.764454909050001389e-06 1.753384562054417090e-03
1.470000000000000000e+02 1.985893538607775336e-06 1.568872125553040855e-03
1.480000000000000000e+02 1.419670345749947130e-06 1.406229198203053738e-03
1.490000000000000000e+02 1.009737016265483700e-06 1.258707977656379215e-03
1.500000000000000000e+02 7.143275119289132288e-07 1.121480666144708408e-03
1.510000000000000000e+02 5.025896599287306876e-07 9.922580481092372826e-04
1.520000000000000000e+02 3.517560120104560466e-07 8.710613316643364169e-04
1.530000000000000000e+02 2.449797308479428068e-07 7.593834603963938367e-04
1.540000000000000000e+02 1.698100416943401969e-07 6.591141383199857059e-04
1.550000000000000000e+02 1.171311023358927859e-07 5.715908323454831942e-04
1.560000000000000000e+02 8.036625725165295823e-08 4.970223975437875613e-04
1.570000000000000000e+02 5.482999500797249613e-08 4.343753714831116068e-04
1.580000000000000000e+02 3.719859765820388076e-08 3.816656087396284739e-04
1.590000000000000000e+02 2.510692589113303639e-08 3.364925798215344030e-04
