0.000000000000000000e+00 3.528472803115169793e-07 5.910990446624830082e-04
1.000000000000000000e+00 1.697466697334430116e-08 4.203422831680522133e-06
2.000000000000000000e+00 2.318023073377510015e-08 4.093980286807728032e-06
3.000000000000000000e+00 3.285353260744468257e-08 5.013816953694650182e-06
4.000000000000000000e+00 4.650448359732566488e-08 6.237876390645746721e-06
5.000000000000000000e+00 6.577119662137938316e-08 7.775677484045615266e-06
6.000000000000000000e+00 9.276447348947762048e-08 9.692773958194087809e-06
7.000000000000000000e+00 1.301152299554145262e-07 1.206078680146745004e-05
8.000000000000000000e+00 1.811879007464990324e-07 1.495174803666029660e-05
9.000000000000000000e+00 2.505827288763706817e-07 1.844396356135944456e-05
1.000000000000000000e+01 3.448975882409661134e-07 2.263677383132166446e-05
1.100000000000000000e+01 4.734984016744028892e-07 2.767012731903127848e-05
1.200000000000000000e+01 6.489568412341067622e-07 3.374099814166214270e-05
1.300000000000000000e+01 8.870587114916795306e-07 4.110755238884788396e-05
1.400000000000000000e+01 1.206848859502355469e-06 5.007578243621036346e-05
1.500000000000000000e+01 1.631675698322609566e-06 6.097195047229763120e-05
1.600000000000000000e+01 2.192046346936362019e-06 7.411444899858294483e-05
1.700000000000000000e+01 2.930027856376595233e-06 8.980488597145014438e-05
1.800000000000000000e+01 3.903476112385182028e-06 1.083546974431079456e-04
1.900000000000000000e+01 5.187871680029537408e-06 1.301487773587564547e-04
2.000000000000000000e+01 6.875150030494747757e-06 1.557265113852551524e-04
2.100000000000000000e+01 9.072278231320490865e-06 1.858436946085895755e-04
2.200000000000000000e+01 1.190497592998986195e-05 2.214774072252359885e-04
2.300000000000000000e+01 1.553068110642394177e-05 2.637562012315793872e-04
2.400000000000000000e+01 2.015865062785411960e-05 3.138359085210471779e-04
2.500000000000000000e+01 2.606760975267759914e-05 3.727809287761099134e-04
2.600000000000000000e+01 3.360968074562221535e-05 4.415284335366720077e-04
2.700000000000000000e+01 4.319838445514286702e-05 5.209898924890167407e-04
2.800000000000000000e+01 5.529480323549254664e-05 6.122814046465490170e-04
2.900000000000000000e+01 7.041661485229815587e-05 7.169971290451309515e-04
3.000000000000000000e+01 8.918586275792562881e-05 8.373896778333966319e-04
3.100000000000000000e+01 1.124021942548699874e-04 9.763340411632659725e-04
3.200000000000000000e+01 1.410983236393288881e-04 1.137038595886161966e-03
3.300000000000000000e+01 1.765333299805919355e-04 1.322600767782041451e-03
3.400000000000000000e+01 2.201215958617868209e-04 1.535622330911058479e-03
3.500000000000000000e+01 2.733583064937381252e-04 1.778125064853255770e-03
3.600000000000000000e+01 3.378330195512198580e-04 2.051899301594876501e-03
3.700000000000000000e+01 4.153766436075971374e-04 2.359204207079651332e-03
3.800000000000000000e+01 5.082774588614372493e-04 2.703518235536565319e-03
3.900000000000000000e+01 6.194098757448364759e-04 3.089935013844942804e-03
4.000000000000000000e+01 7.521416964603195449e-04 3.524898448796124663e-03
4.100000000000000000e+01 9.100438425749016961e-04 4.015264308118394673e-03
4.200000000000000000e+01 1.096618790085798810e-03 4.567047824934274830e-03
4.300000000000000000e+01 1.315317980263130959e-03 5.184475182611767742e-03
4.400000000000000000e+01 1.569934484663926223e-03 5.869922466749300308e-03
4.500000000000000000e+01 1.865129843292981544e-03 6.624950852952620969e-03
4.600000000000000000e+01 2.206646091108813677e-03 7.452076826506444200e-03
4.700000000000000000e+01 2.600898805432350080e-03 8.356437377636994138e-03
4.800000000000000000e+01 3.054116082568841470e-03 9.346404073681030891e-03
4.900000000000000000e+01 3.571639107110133847e-03 1.043259104271392936e-02
5.000000000000000000e+01 4.158008631049990404e-03 1.162547075344512806e-02
5.100000000000000000e+01 4.817900481656821159e-03 1.293260989472020187e-02
5.200000000000000000e+01 5.557210445178336830e-03 1.435692467736832643e-02
5.300000000000000000e+01 6.383273291745829824e-03 1.589703175845310831e-02
5.400000000000000000e+01 7.303727861877577429e-03 1.754979724025505089e-02
5.500000000000000000e+01 8.324625186293099430e-03 1.931400911369900164e-02
5.600000000000000000e+01 9.449161104304921663e-03 2.119333869069999626e-02
5.700000000000000000e+01 1.067813012155571437e-02 2.319687697054978459e-02
5.800000000000000000e+01 1.201188661697330691e-02 2.533658331719044338e-02
5.900000000000000000e+01 1.345223971969899956e-02 2.762253722221724717e-02
6.000000000000000000e+01 1.500249910103835724e-02 3.005817705948914814e-02
6.100000000000000000e+01 1.666520992200084747e-02 3.263799603541151645e-02
6.200000000000000000e+01 1.843904585742054195e-02 3.534914786052357344e-02
6.300000000000000000e+01 2.031726722092757481e-02 3.817649934984565507e-02
6.400000000000000000e+01 2.228913973064416271e-02 4.110880859996231262e-02
6.500000000000000000e+01 2.434337615459064227e-02 4.414290285002809427e-02
6.600000000000000000e+01 2.647087011122885303e-02 4.728348565423021871e-02
6.700000000000000000e+01 2.866434294114546949e-02 5.053826008360806643e-02
6.800000000000000000e+01 3.091493282677657689e-02 5.391046696075657563e-02
6.900000000000000000e+01 3.320834782976701122e-02 5.739246903978940245e-02
7.000000000000000000e+01 3.552378976688513185e-02 6.096375800785058807e-02
7.100000000000000000e+01 3.783679381262823604e-02 6.459470595279995231e-02
7.200000000000000000e+01 4.012399421524298626e-02 6.825450796634863204e-02
7.300000000000000000e+01 4.236619502194639841e-02 7.191954462215290056e-02
7.400000000000000000e+01 4.454742316437999144e-02 7.557800327996902490e-02
7.500000000000000000e+01 4.665088510236661823e-02 7.922830031208823176e-02
7.600000000000000000e+01 4.865529500125054946e-02 8.287187371997323249e-02
7.700000000000000000e+01 5.053477943408603290e-02 8.650379864008320152e-02
7.800000000000000000e+01 5.226269088234775789e-02 9.010592390449234657e-02
7.900000000000000000e+01 5.381654000362506851e-02 9.364610577978219053e-02
8.000000000000000000e+01 5.518043025461608075e-02 9.708412999039058022e-02
8.100000000000000000e+01 5.634346435485781956e-02 1.003815818367947282e-01
8.200000000000000000e+01 5.729581331502286989e-02 1.035109431542603070e-01
8.300000000000000000e+01 5.802586169064737065e-02 1.064595461336709376e-01
8.400000000000000000e+01 5.852076611340362167e-02 1.092265178593532782e-01
8.500000000000000000e+01 5.876991403595002716e-02 1.118142872229503371e-01
8.600000000000000000e+01 5.876852915196398297e-02 1.142189050960971397e-01
8.700000000000000000e+01 5.851875836211894999e-02 1.164239936864245178e-01
8.800000000000000000e+01 5.802771711120019438e-02 1.184012988630548935e-01
8.900000000000000000e+01 5.730429313255211432e-02 1.201175327504522827e-01
9.000000000000000000e+01 5.635719021723967215e-02 1.215441483951195112e-01
9.100000000000000000e+01 5.519539996436639145e-02 1.226653689837769179e-01
9.200000000000000000e+01 5.383026821525120631e-02 1.234807637264054014e-01
9.300000000000000000e+01 5.227722237263427579e-02 1.240013737652038706e-01
9.400000000000000000e+01 5.055574893515296653e-02 1.242414975686829265e-01
9.500000000000000000e+01 4.868770660877082268e-02 1.242102344634385958e-01
9.600000000000000000e+01 4.669524142282360790e-02 1.239068149174345351e-01
9.700000000000000000e+01 4.459960872115710517e-02 1.233217322240077879e-01
9.800000000000000000e+01 4.242128920020442340e-02 1.224428223722646702e-01
9.900000000000000000e+01 4.018078205556972760e-02 1.212631557946908523e-01
1.000000000000000000e+02 3.789912360878258668e-02 1.197869429315047973e-01
1.010000000000000000e+02 3.559760851175060997e-02 1.180308070196186832e-01
1.020000000000000000e+02 3.329689217625286801e-02 1.160200900003375141e-01
1.030000000000000000e+02 3.101605534259187918e-02 1.137821829819972569e-01
1.040000000000000000e+02 2.877210515007318919e-02 1.113401115083112736e-01
1.050000000000000000e+02 2.657998606702131200e-02 1.087092366094956075e-01
1.060000000000000000e+02 2.445284386236893856e-02 1.058982526484423675e-01
1.070000000000000000e+02 2.240223166139721292e-02 1.029135812451367343e-01
1.080000000000000000e+02 2.043811461119044923e-02 9.976478439438836443e-02
1.090000000000000000e+02 1.856872903679908371e-02 9.646836623512416997e-02
1.100000000000000000e+02 1.680044003992348794e-02 9.304830164263308556e-02
1.110000000000000000e+02 1.513770555317600977e-02 8.953327204104857828e-02
1.120000000000000000e+02 1.358317008563547645e-02 8.595209320896653182e-02
1.130000000000000000e+02 1.213785034974708757e-02 8.232950044202780315e-02
1.140000000000000000e+02 1.080135818322559144e-02 7.868407382081156476e-02
1.150000000000000000e+02 9.572116138261851925e-03 7.502892961471717415e-02
1.160000000000000000e+02 8.447538541179232599e-03 7.137449315902071045e-02
1.170000000000000000e+02 7.424170400960135655e-03 6.773181763183321047e-02
1.180000000000000000e+02 6.497797625761873343e-03 6.411485070799194386e-02
1.190000000000000000e+02 5.663557000384959912e-03 6.054071465242343714e-02
1.200000000000000000e+02 4.916071898221904130e-03 5.702807471761181524e-02
1.210000000000000000e+02 4.249618093377691141e-03 5.359452812965426194e-02
1.220000000000000000e+02 3.658297604375877927e-03 5.025427638397016866e-02
1.230000000000000000e+02 3.136187136709345583e-03 4.701706008848529489e-02
1.240000000000000000e+02 2.677439743126051354e-03 4.388864783794979574e-02
1.250000000000000000e+02 2.276343614423549482e-03 4.087244558890988644e-02
1.260000000000000000e+02 1.927360934222774151e-03 3.797136192523617448e-02
1.270000000000000000e+02 1.625169785565876331e-03 3.518907912642933039e-02
1.280000000000000000e+02 1.364716337668793510e-03 3.253027146983170775e-02
1.290000000000000000e+02 1.141267290608752620e-03 2.999985232225250292e-02
1.300000000000000000e+02 9.504465911115908550e-04 2.760175541209064845e-02
1.310000000000000000e+02 7.882477155449534251e-04 2.533788813603196285e-02
1.320000000000000000e+02 6.510252906525460393e-04 2.320772009869589286e-02
1.330000000000000000e+02 5.354775274868495789e-04 2.120861586747126160e-02
1.340000000000000000e+02 4.386296792802595415e-04 1.933667584281487800e-02
1.350000000000000000e+02 3.578216830714032884e-04 1.758766617354142955e-02
1.360000000000000000e+02 2.906967066811036188e-04 1.595765206935945493e-02
1.370000000000000000e+02 2.351856882375797254e-04 1.444314694093948824e-02
1.380000000000000000e+02 1.894857622293164272e-04 1.304083582706774824e-02
1.390000000000000000e+02 1.520343822986761702e-04 1.174710718106822781e-02
1.400000000000000000e+02 1.214828950607106612e-04 1.055766625489179544e-02
1.410000000000000000e+02 9.667252383191104700e-05 9.467413631715226180e-03
1.420000000000000000e+02 7.661353672756540721e-05 8.470618532145750279e-03
1.430000000000000000e+02 6.046665531993239965e-05 7.561279639109310356e-03
1.440000000000000000e+02 4.752542898743386307e-05 6.733503888745766275e-03
1.450000000000000000e+02 3.719903442894338707e-05 5.981758473393813946e-03
1.460000000000000000e+02 2.899584755927540398e-05 5.300934367882140751e-03
1.470000000000000000e+02 2.250849842097407807e-05 4.686252297472105234e-03
1.480000000000000000e+02 1.740088418872742210e-05 4.133101377944911614e-03
1.490000000000000000e+02 1.339713592439880715e-05 3.636907606935515722e-03
1.500000000000000000e+02 1.027219778715022998e-05 3.193092328230270460e-03
1.510000000000000000e+02 7.843631703813220321e-06 2.797125971310739437e-03
1.520000000000000000e+02 5.964411364520190198e-06 2.444638090991088208e-03
1.530000000000000000e+02 4.516636887794129560e-06 2.131528020308655520e-03
1.540000000000000000e+02 3.406171337112177860e-06 1.854032031357212649e-03
1.550000000000000000e+02 2.558170283370858776e-06 1.608730868811094304e-03
1.560000000000000000e+02 1.913409861852985317e-06 1.392509725494568609e-03
1.570000000000000000e+02 1.425277917434060316e-06 1.202498869701550122e-03
1.580000000000000000e+02 1.057296347931339839e-06 1.036023191286675367e-03
1.590000000000000000e+02 7.810741875766645701e-07 8.905769400016133510e-04
