0.000000000000000000e+00 2.009803932267847336e-08 -5.545780545477532464e-08
1.000000000000000000e+00 2.822413922154487181e-08 7.180420364564013797e-08
2.000000000000000000e+00 3.799697118058266647e-08 9.587951736219460077e-08
3.000000000000000000e+00 5.533866855255612323e-08 1.381004796283753521e-07
4.000000000000000000e+00 8.029753605048838459e-08 1.981507508359210976e-07
5.000000000000000000e+00 1.159457889258200179e-07 2.829271988044727774e-07
6.000000000000000000e+00 1.666062346675823519e-07 4.019944046310805765e-07
7.000000000000000000e+00 2.382336325989289795e-07 5.683789982914712134e-07
8.000000000000000000e+00 3.389767635803786035e-07 7.997225649456261534e-07
9.000000000000000000e+00 4.799308049392922937e-07 1.119775040128633328e-06
1.000000000000000000e+01 6.761351819579800827e-07 1.560313966805169575e-06
1.100000000000000000e+01 9.478745943442987947e-07 2.163609419690690457e-06
1.200000000000000000e+01 1.322345944032678779e-06 2.985585136560544090e-06
1.300000000000000000e+01 1.835776102194643711e-06 4.099842781676588087e-06
1.400000000000000000e+01 2.536116647162360640e-06 5.602718883532331140e-06
1.500000000000000000e+01 3.486482785710471027e-06 7.619557946070160148e-06
1.600000000000000000e+01 4.769520112782667693e-06 1.031243841134632831e-05
1.700000000000000000e+01 6.492871982436839801e-06 1.388967505469066273e-05
1.800000000000000000e+01 8.795917987028577259e-06 1.861749209550039050e-05
1.900000000000000000e+01 1.185800263497620699e-05 2.483425387364628046e-05
2.000000000000000000e+01 1.590846861987915922e-05 3.296756066495758739e-05
2.100000000000000000e+01 2.123887997445988600e-05 4.355446707051151609e-05
2.200000000000000000e+01 2.821779680320679357e-05 5.726517203519324175e-05
2.300000000000000000e+01 3.730836976300392325e-05 7.493073862922100797e-05
2.400000000000000000e+01 4.908899325574703416e-05 9.757551754782618292e-05
2.500000000000000000e+01 6.427738432075556655e-05 1.264547419577701718e-04
2.600000000000000000e+01 8.375863067356735905e-05 1.630972769304097161e-04
2.700000000000000000e+01 1.086177012203745385e-04 2.093531407813804357e-04
2.800000000000000000e+01 1.401765104121262143e-04 2.674455773172969937e-04
2.900000000000000000e+01 1.800351753095329969e-04 3.400280336594229910e-04
3.000000000000000000e+01 2.301171386340335667e-04 4.302466240171595193e-04
3.100000000000000000e+01 2.927184639925983290e-04 5.418077911583290066e-04
3.200000000000000000e+01 3.705620824947736605e-04 6.790491548587999741e-04
3.300000000000000000e+01 4.668570115322697063e-04 8.470103468522864045e-04
3.400000000000000000e+01 5.853605324036252481e-04 1.051501266751135762e-03
3.500000000000000000e+01 7.304396718470349730e-04 1.299167156556361351e-03
3.600000000000000000e+01 9.071291480577517224e-04 1.597550752687835118e-03
3.700000000000000000e+01 1.121186065454794940e-03 1.955149427753926673e-03
3.800000000000000000e+01 1.379143717164660115e-03 2.381460721834636508e-03
3.900000000000000000e+01 1.688364106924186876e-03 2.887007187550607451e-03
4.000000000000000000e+01 2.057081819160562833e-03 3.483334419206420701e-03
4.100000000000000000e+01 2.494426998709087760e-03 4.182982523213178531e-03
4.200000000000000000e+01 3.010419127566794223e-03 4.999434229251246975e-03
4.300000000000000000e+01 3.615934692880446930e-03 5.947037335636222444e-03
4.400000000000000000e+01 4.322659633675016502e-03 7.040889112774067690e-03
4.500000000000000000e+01 5.143030565477462422e-03 8.296666841324486924e-03
4.600000000000000000e+01 6.090149917410254965e-03 9.730399026541117213e-03
4.700000000000000000e+01 7.177647746771557459e-03 1.135818884536883393e-02
4.800000000000000000e+01 8.419474681987426309e-03 1.319590749574665010e-02
4.900000000000000000e+01 9.829641288779267932e-03 1.525886066686432500e-02
5.000000000000000000e+01 1.142194013550709014e-02 1.756140924733701203e-02
5.100000000000000000e+01 1.320967166502074255e-02 2.011652259944295834e-02
5.200000000000000000e+01 1.520535214552422298e-02 2.293527143805904403e-02
5.300000000000000000e+01 1.742035493777240041e-02 2.602630496293161996e-02
5.400000000000000000e+01 1.986446231534802834e-02 2.939536258231564142e-02
5.500000000000000000e+01 2.254536985878814043e-02 3.304482961081963571e-02
5.600000000000000000e+01 2.546822654076447839e-02 3.697329630113329463e-02
5.700000000000000000e+01 2.863526078373238373e-02 4.117508057958721435e-02
5.800000000000000000e+01 3.204545875854341447e-02 4.563974318501515942e-02
5.900000000000000000e+01 3.569421185511068018e-02 5.035169902153359411e-02
6.000000000000000000e+01 3.957289950563923353e-02 5.529002317285730550e-02
6.100000000000000000e+01 4.366848569877783415e-02 6.042844682177749005e-02
6.200000000000000000e+01 4.796326844512092263e-02 6.573542998799931925e-02
6.300000000000000000e+01 5.243485356528289343e-02 7.117420781863570411e-02
6.400000000000000000e+01 5.705628093403902756e-02 7.670285248935745925e-02
6.500000000000000000e+01 6.179615908758734344e-02 8.227453776626242332e-02
6.600000000000000000e+01 6.661875213544257712e-02 8.783816824048780447e-02
6.700000000000000000e+01 7.148413395001423920e-02 9.333932346536884250e-02
6.800000000000000000e+01 7.634859679511249442e-02 9.872125897969122321e-02
6.900000000000000000e+01 8.116537733303127999e-02 1.039257287239450933e-01
7.000000000000000000e+01 8.588554971926998238e-02 1.088936636352627885e-01
7.100000000000000000e+01 9.045885293264122051e-02 1.135660059651147913e-01
7.200000000000000000e+01 9.483436973852610308e-02 1.178849646084358938e-01
7.300000000000000000e+01 9.896121552267941879e-02 1.217956052115438392e-01
7.400000000000000000e+01 1.027894695823145521e-01 1.252473425198956103e-01
7.500000000000000000e+01 1.062713877303298471e-01 1.281949280739505259e-01
7.600000000000000000e+01 1.093626540818347648e-01 1.305989472817445929e-01
7.700000000000000000e+01 1.120233546476937514e-01 1.324262657794175735e-01
7.800000000000000000e+01 1.142185833941133793e-01 1.336508552218090007e-01
7.900000000000000000e+01 1.159189039867250109e-01 1.342549504832047658e-01
8.000000000000000000e+01 1.171009638619769505e-01 1.342299939031348921e-01
8.100000000000000000e+01 1.177483012141862517e-01 1.335768163653813234e-01
8.200000000000000000e+01 1.178520523784659241e-01 1.323050365302040066e-01
8.300000000000000000e+01 1.174112033597704136e-01 1.304322337408282684e-01
8.400000000000000000e+01 1.164323162222525299e-01 1.279835025295091855e-01
8.500000000000000000e+01 1.149290208602551933e-01 1.249914603267379687e-01
8.600000000000000000e+01 1.129216361237111721e-01 1.214961712835682106e-01
8.700000000000000000e+01 1.104369984484102618e-01 1.175443677419797106e-01
8.800000000000000000e+01 1.075082213071490572e-01 1.131878860991208102e-01
8.900000000000000000e+01 1.041740436253582591e-01 1.084818725645592397e-01
9.000000000000000000e+01 1.004777143912192749e-01 1.034834450750208995e-01
9.100000000000000000e+01 9.646571501410131089e-02 9.825100689284690936e-02
9.200000000000000000e+01 9.218669504887710975e-02 9.284377885413269693e-02
9.300000000000000000e+01 8.769073230116664064e-02 8.732094797609919745e-02
9.400000000000000000e+01 8.302869793413542032e-02 8.174025544137700217e-02
9.500000000000000000e+01 7.825143052654701115e-02 7.615643476937718204e-02
9.600000000000000000e+01 7.340865346819193393e-02 7.062010312957499314e-02
9.700000000000000000e+01 6.854786338324399264e-02 6.517735371104038666e-02
9.800000000000000000e+01 6.371349039714616080e-02 5.986976069775701292e-02
9.900000000000000000e+01 5.894643498346185256e-02 5.473429080444576489e-02
1.000000000000000000e+02 5.428382819404573012e-02 4.980287714904201024e-02
1.010000000000000000e+02 4.975878269688251143e-02 4.510186103192764806e-02
1.020000000000000000e+02 4.540004667384425763e-02 4.065171691468225795e-02
1.030000000000000000e+02 4.123167558890763335e-02 3.646728532698331748e-02
1.040000000000000000e+02 3.727290376247009013e-02 3.255836622575183914e-02
1.050000000000000000e+02 3.353828757009567896e-02 2.893032228460059446e-02
1.060000000000000000e+02 3.003802993211065336e-02 2.558445899514553284e-02
1.070000000000000000e+02 2.677833164417862608e-02 2.251823355540014115e-02
1.080000000000000000e+02 2.376168527407617609e-02 1.972552280702048397e-02
1.090000000000000000e+02 2.098714363537494687e-02 1.719711671361829133e-02
1.100000000000000000e+02 1.845064726728035814e-02 1.492139644647707229e-02
1.110000000000000000e+02 1.614545303451298680e-02 1.288500980014999076e-02
1.120000000000000000e+02 1.406262669449720448e-02 1.107338546610407010e-02
1.130000000000000000e+02 1.219152230910246215e-02 9.471074167457977505e-03
1.140000000000000000e+02 1.052019559979744043e-02 8.062023132557619154e-03
1.150000000000000000e+02 9.035751757220378266e-03 6.829889407871347386e-03
1.160000000000000000e+02 7.724660731238069608e-03 5.758405923475611379e-03
1.170000000000000000e+02 6.573065284464510438e-03 4.831730207042347035e-03
1.180000000000000000e+02 5.567077986890559861e-03 4.034698254049655201e-03
1.190000000000000000e+02 4.693043563663502199e-03 3.352964167398886797e-03
1.200000000000000000e+02 3.937746613034167481e-03 2.773067040520431781e-03
1.210000000000000000e+02 3.288562777022178453e-03 2.282480729720319252e-03
1.220000000000000000e+02 2.733566342878259413e-03 1.869671004638625688e-03
1.230000000000000000e+02 2.261609278550701530e-03 1.524145815384124339e-03
1.240000000000000000e+02 1.862379033989100974e-03 1.236471478454855000e-03
1.250000000000000000e+02 1.526434376170532348e-03 9.982435183411564588e-04
1.260000000000000000e+02 1.245216369130389827e-03 8.020245624338023620e-04
1.270000000000000000e+02 1.011035011241117384e-03 6.412718708870761113e-04
1.280000000000000000e+02 8.170366174492143044e-04 5.102696240053786626e-04
1.290000000000000000e+02 6.571589983313331010e-04 4.040670087659602129e-04
1.300000000000000000e+02 5.260801707365478971e-04 3.184151518520335583e-04
1.310000000000000000e+02 4.191635693042432449e-04 2.496978625940141257e-04
1.320000000000000000e+02 3.324007001836218594e-04 1.948578358836896792e-04
1.330000000000000000e+02 2.623517978629524329e-04 1.513243559275906944e-04
1.340000000000000000e+02 2.060857644177201250e-04 1.169478044751155418e-04
1.350000000000000000e+02 1.611213592852914233e-04 8.994252021867776034e-05
1.360000000000000000e+02 1.253715452623743037e-04 6.883644513132675309e-05
1.370000000000000000e+02 9.709215144588472098e-05 5.242539693387994373e-05
1.380000000000000000e+02 7.483514737509122704e-05 3.973105767307673938e-05
1.390000000000000000e+02 5.740632839574117519e-05 2.996312622735271877e-05
1.400000000000000000e+02 4.382717774330518058e-05 2.248643667787264165e-05
1.410000000000000000e+02 3.330084256017088037e-05 1.679327542510579771e-05
1.420000000000000000e+02 2.518224405039896986e-05 1.248036777009256689e-05
1.430000000000000000e+02 1.895223428486368970e-05 9.229636848947254257e-06
1.440000000000000000e+02 1.419551388226031783e-05 6.791949154345175603e-06
1.450000000000000000e+02 1.058188727702594268e-05 4.973381910170309020e-06
1.460000000000000000e+02 7.850419432304125929e-06 3.623787170601258056e-06
1.470000000000000000e+02 5.796125347097322409e-06 2.627477125193626405e-06
1.480000000000000000e+02 4.258891701472245715e-06 1.895781054526023353e-06
1.490000000000000000e+02 3.114357322080414948e-06 1.361148020499642395e-06
1.500000000000000000e+02 2.266478516999439394e-06 9.724636058585532455e-07
1.510000000000000000e+02 1.641509409288586679e-06 6.913107931408788695e-07
1.520000000000000000e+02 1.183152713656728200e-06 4.889880622259616004e-07
1.530000000000000000e+02 8.486754595080226661e-07 3.441590319774856676e-07
1.540000000000000000e+02 6.058209715566552659e-07 2.410337001522179185e-07
1.550000000000000000e+02 4.303748009610193388e-07 1.679842716250245606e-07
1.560000000000000000e+02 3.042609276366815003e-07 1.164994662641526371e-07
1.570000000000000000e+02 2.140616391593846168e-07 8.039223836063647912e-08
1.580000000000000000e+02 1.498727244567599619e-07 5.519591631061207694e-08
1.590000000000000000e+02 1.044233214581461000e-07 3.770446858526957938e-08
