0.000000000000000000e+00 -1.904176331603203330e-04 -1.569702082487254501e-07
1.000000000000000000e+00 -2.074642738850988413e-06 -5.195345436001932757e-13
2.000000000000000000e+00 -2.171363214015167655e-06 -9.326722838816345347e-13
3.000000000000000000e+00 -2.737356134207280980e-06 -1.706391011434740551e-12
4.000000000000000000e+00 -3.495742054419602891e-06 -3.097579428330649487e-12
5.000000000000000000e+00 -4.460426904772078020e-06 -5.577516530661738132e-12
6.000000000000000000e+00 -5.677407620314540772e-06 -9.967436221257684284e-12
7.000000000000000000e+00 -7.205584017241523854e-06 -1.768739854295643583e-11
8.000000000000000000e+00 -9.116405154646010358e-06 -3.116352556644793077e-11
9.000000000000000000e+00 -1.149681873235966582e-05 -5.449199256328940515e-11
1.000000000000000000e+01 -1.445358478285213383e-05 -9.453731022404603267e-11
1.100000000000000000e+01 -1.811812016486267436e-05 -1.627550732793890225e-10
1.200000000000000000e+01 -2.265098469664150212e-05 -2.781550833284630144e-10
1.300000000000000000e+01 -2.824538990025812483e-05 -4.719810288196569981e-10
1.400000000000000000e+01 -3.512993294531618395e-05 -7.950044242508741240e-10
1.500000000000000000e+01 -4.357183983769165970e-05 -1.328979067459496613e-09
1.600000000000000000e+01 -5.388270535480874421e-05 -2.204766877220278769e-09
1.700000000000000000e+01 -6.642838814390407030e-05 -3.630676210718786441e-09
1.800000000000000000e+01 -8.164314738051502282e-05 -5.935615015587399612e-09
1.900000000000000000e+01 -1.000458691490564727e-04 -9.633574179985033682e-09
2.000000000000000000e+01 -1.222546145935015781e-04 -1.552004418408498566e-08
2.100000000000000000e+01 -1.489961024823635051e-04 -2.481729860771783569e-08
2.200000000000000000e+01 -1.811096328109551568e-04 -3.939193196860709728e-08
2.300000000000000000e+01 -2.195493248086430164e-04 -6.207325498255051373e-08
2.400000000000000000e+01 -2.653919173128382316e-04 -9.710939533563410849e-08
2.500000000000000000e+01 -3.198570488982227619e-04 -1.508175733041550860e-07
2.600000000000000000e+01 -3.843417362887939438e-04 -2.325169129807971201e-07
2.700000000000000000e+01 -4.604624912794608757e-04 -3.558623694767446881e-07
2.800000000000000000e+01 -5.500917382526740017e-04 -5.407147394543774451e-07
2.900000000000000000e+01 -6.553750678282267922e-04 -8.157033556994106416e-07
3.000000000000000000e+01 -7.787247004474442480e-04 -1.221708380796177088e-06
3.100000000000000000e+01 -9.227992541395434742e-04 -1.816613279724523497e-06
3.200000000000000000e+01 -1.090492386238785943e-03 -2.681780263462835714e-06
3.300000000000000000e+01 -1.284953870209081580e-03 -3.930712552167074830e-06
3.400000000000000000e+01 -1.509651820679192447e-03 -5.720367682770829395e-06
3.500000000000000000e+01 -1.768459224625649681e-03 -8.265768553544747512e-06
3.600000000000000000e+01 -2.065725749990222296e-03 -1.185893438328559915e-05
3.700000000000000000e+01 -2.406292974756750556e-03 -1.689338581026720659e-05
3.800000000000000000e+01 -2.795435138006283245e-03 -2.389527344228906922e-05
3.900000000000000000e+01 -3.238749615016114827e-03 -3.356187575596001856e-05
4.000000000000000000e+01 -3.742058251004395149e-03 -4.680855364097767060e-05
4.100000000000000000e+01 -4.311386225125506295e-03 -6.482620594525305804e-05
4.200000000000000000e+01 -4.953047150015567161e-03 -8.915155010349239497e-05
4.300000000000000000e+01 -5.673795823013493868e-03 -1.217512017297550864e-04
4.400000000000000000e+01 -6.480951206220770915e-03 -1.651189129430819316e-04
4.500000000000000000e+01 -7.382383343798271276e-03 -2.223859420355859238e-04
4.600000000000000000e+01 -8.386316917978446292e-03 -2.974469384312569491e-04
4.700000000000000000e+01 -9.501007600954652910e-03 -3.951036396962359794e-04
4.800000000000000000e+01 -1.073443673905011275e-02 -5.212236544969415814e-04
4.900000000000000000e+01 -1.209418267589088686e-02 -6.829065458208528677e-04
5.000000000000000000e+01 -1.358753785320484034e-02 -8.886515031135792941e-04
5.100000000000000000e+01 -1.522178727112276017e-02 -1.148527700107218391e-03
5.200000000000000000e+01 -1.700443480071120103e-02 -1.474347591228257308e-03
5.300000000000000000e+01 -1.894314997266447961e-02 -1.879829957820735881e-03
5.400000000000000000e+01 -2.104534113455518510e-02 -2.380728336367115509e-03
5.500000000000000000e+01 -2.331748167412659237e-02 -2.994909051296236815e-03
5.600000000000000000e+01 -2.576449540596573856e-02 -3.742382290630700322e-03
5.700000000000000000e+01 -2.838951936951844904e-02 -4.645288744000426392e-03
5.800000000000000000e+01 -3.119416904368151749e-02 -5.727815497760567823e-03
5.900000000000000000e+01 -3.417912402836793123e-02 -7.015995641877775454e-03
6.000000000000000000e+01 -3.734461489939310680e-02 -8.537372357377382565e-03
6.100000000000000000e+01 -4.069039188588639833e-02 -1.032055388739069532e-02
6.200000000000000000e+01 -4.421503112375475830e-02 -1.239468574508460069e-02
6.300000000000000000e+01 -4.791484736931225091e-02 -1.478881235802474714e-02
6.400000000000000000e+01 -5.178298422496298986e-02 -1.753107068118668621e-02
6.500000000000000000e+01 -5.580922974046563512e-02 -2.064771517601727419e-02
6.600000000000000000e+01 -5.998072414444726580e-02 -2.416205813072501082e-02
6.700000000000000000e+01 -6.428318615076848708e-02 -2.809340613455486510e-02
6.800000000000000000e+01 -6.870191602677298837e-02 -3.245597995085139353e-02
6.900000000000000000e+01 -7.322189949013396815e-02 -3.725775830829283070e-02
7.000000000000000000e+01 -7.782684835588582484e-02 -4.249927610302530606e-02
7.100000000000000000e+01 -8.249769508907775495e-02 -4.817252903589140656e-02
7.200000000000000000e+01 -8.721148858381416735e-02 -5.426011882960700417e-02
7.300000000000000000e+01 -9.194150906252351874e-02 -6.073462841478455970e-02
7.400000000000000000e+01 -9.665875009819915875e-02 -6.755814467773711696e-02
7.500000000000000000e+01 -1.013340789443074319e-01 -7.468195673217002672e-02
7.600000000000000000e+01 -1.059399044717226068e-01 -8.204659823801357943e-02
7.700000000000000000e+01 -1.104503989987612317e-01 -8.958236218394940997e-02
7.800000000000000000e+01 -1.148401628489141846e-01 -9.721022958527399116e-02
7.900000000000000000e+01 -1.190822081066698623e-01 -1.048430619713895673e-01
8.000000000000000000e+01 -1.231466541833276113e-01 -1.123870227447723164e-01
8.100000000000000000e+01 -1.270012025872254979e-01 -1.197433347760477051e-01
8.200000000000000000e+01 -1.306134295921408950e-01 -1.268104328384239976e-01
8.300000000000000000e+01 -1.339538035449586162e-01 -1.334863798916514910e-01
8.400000000000000000e+01 -1.369978079996019560e-01 -1.396713301779901883e-01
8.500000000000000000e+01 -1.397260026776696862e-01 -1.452699359010627411e-01
8.600000000000000000e+01 -1.421220568032927067e-01 -1.501937324218594327e-01
8.700000000000000000e+01 -1.441700342354018116e-01 -1.543635070579006952e-01
8.800000000000000000e+01 -1.458527219620213700e-01 -1.577115100460422525e-01
8.900000000000000000e+01 -1.471522162751383034e-01 -1.601833095170860366e-01
9.000000000000000000e+01 -1.480526252346290872e-01 -1.617391989294357235e-01
9.100000000000000000e+01 -1.485434259474169849e-01 -1.623551928872686567e-01
9.200000000000000000e+01 -1.486215506314375601e-01 -1.620236471258001965e-01
9.300000000000000000e+01 -1.482909752844802365e-01 -1.607534479585411569e-01
9.400000000000000000e+01 -1.475600448033859147e-01 -1.585696849817389842e-01
9.500000000000000000e+01 -1.464381101752986192e-01 -1.555128026346939418e-01
9.600000000000000000e+01 -1.449334565905971428e-01 -1.516373250557106478e-01
9.700000000000000000e+01 -1.430537102119029402e-01 -1.470102606321345151e-01
9.800000000000000000e+01 -1.408084026122523869e-01 -1.417092355479141752e-01
9.900000000000000000e+01 -1.382120651502147524e-01 -1.358203759071433259e-01
1.000000000000000000e+02 -1.352859104453694450e-01 -1.294359983696372896e-01
1.010000000000000000e+02 -1.320570088982811197e-01 -1.226522254897877834e-01
1.020000000000000000e+02 -1.285553517411829882e-01 -1.155666455480716670e-01
1.030000000000000000e+02 -1.248104085002026270e-01 -1.082760901121339048e-01
1.040000000000000000e+02 -1.208490189385958424e-01 -1.008745642210919918e-01
1.050000000000000000e+02 -1.166956005839661081e-01 -9.345136879412101194e-02
1.060000000000000000e+02 -1.123742554384426218e-01 -8.608947700658613200e-02
1.070000000000000000e+02 -1.079112774421571441e-01 -7.886422197799043687e-02
1.080000000000000000e+02 -1.033364179478936939e-01 -7.184231658929517150e-02
1.090000000000000000e+02 -9.868208830892104266e-02 -6.508119116934789339e-02
1.100000000000000000e+02 -9.398092430361536243e-02 -5.862862747480635656e-02
1.110000000000000000e+02 -8.926305301096319755e-02 -5.252267730076080887e-02
1.120000000000000000e+02 -8.455448017186698029e-02 -4.679185376186814627e-02
1.130000000000000000e+02 -7.987727342540847097e-02 -4.145556495659426938e-02
1.140000000000000000e+02 -7.525115253468867005e-02 -3.652474105623641082e-02
1.150000000000000000e+02 -7.069535673599816605e-02 -3.200260388198856998e-02
1.160000000000000000e+02 -6.622963630941704205e-02 -2.788553881772837945e-02
1.170000000000000000e+02 -6.187384778020386944e-02 -2.416403652640266783e-02
1.180000000000000000e+02 -5.764648782430596696e-02 -2.082366983200156785e-02
1.190000000000000000e+02 -5.356306943556555372e-02 -1.784606743270922627e-02
1.200000000000000000e+02 -4.963523650473880555e-02 -1.520985015740913653e-02
1.210000000000000000e+02 -4.587100333849441353e-02 -1.289150610079892005e-02
1.220000000000000000e+02 -4.227584634984830891e-02 -1.086619017079417868e-02
1.230000000000000000e+02 -3.885395864304986430e-02 -9.108437334077377351e-03
1.240000000000000000e+02 -3.560900322286308928e-02 -7.592780390929271955e-03
1.250000000000000000e+02 -3.254408630460177421e-02 -6.294266889572562931e-03
1.260000000000000000e+02 -2.966114864064544471e-02 -5.188875794452525378e-03
1.270000000000000000e+02 -2.696026246335782306e-02 -4.253839523344182805e-03
1.280000000000000000e+02 -2.443929511159113194e-02 -3.467879126307328412e-03
1.290000000000000000e+02 -2.209412518969408254e-02 -2.811360854065188090e-03
1.300000000000000000e+02 -1.991926852169809484e-02 -2.266383036601991689e-03
1.310000000000000000e+02 -1.790857998862106434e-02 -1.816803377254038203e-03
1.320000000000000000e+02 -1.605572203122934347e-02 -1.448217488735619590e-03
1.330000000000000000e+02 -1.435427500259769777e-02 -1.147899124423889562e-03
1.340000000000000000e+02 -1.279757682609486760e-02 -9.047114662411755420e-04
1.350000000000000000e+02 -1.137849991214376702e-02 -7.089977143821297881e-04
1.360000000000000000e+02 -1.008935673768654971e-02 -5.524583154017347064e-04
1.370000000000000000e+02 -8.922010406131108962e-03 -4.280212566016401102e-04
1.380000000000000000e+02 -7.868136882095862900e-03 -3.297107671722944271e-04
1.390000000000000000e+02 -6.919514523495821218e-03 -2.525185884333690039e-04
1.400000000000000000e+02 -6.068227896934714691e-03 -1.922809046573639355e-04
1.410000000000000000e+02 -5.306740171389781602e-03 -1.455631471956263766e-04
1.420000000000000000e+02 -4.627862146613617896e-03 -1.095541570051411083e-04
1.430000000000000000e+02 -4.024686105020038214e-03 -8.197055384697804828e-05
1.440000000000000000e+02 -3.490547146373587824e-03 -6.097161160956142704e-05
1.450000000000000000e+02 -3.019038674676334261e-03 -4.508450427138704832e-05
1.460000000000000000e+02 -2.604069602975205445e-03 -3.313947511811617125e-05
1.470000000000000000e+02 -2.239930009988510672e-03 -2.421427326602305940e-05
1.480000000000000000e+02 -1.921334766228916489e-03 -1.758706771577439354e-05
1.490000000000000000e+02 -1.643432262952599157e-03 -1.269697370637727341e-05
1.500000000000000000e+02 -1.401784115285086268e-03 -9.111299502111128612e-06
1.510000000000000000e+02 -1.192331731525647382e-03 -6.498636261071061041e-06
1.520000000000000000e+02 -1.011364752368168691e-03 -4.606959885621774025e-06
1.530000000000000000e+02 -8.554987050315837876e-04 -3.245976952766529415e-06
1.540000000000000000e+02 -7.216610573783253588e-04 -2.273022680230621014e-06
1.550000000000000000e+02 -6.070805176989402165e-04 -1.581896280154893212e-06
1.560000000000000000e+02 -5.092745753388857894e-04 -1.094099267923905659e-06
1.570000000000000000e+02 -4.260329458926884649e-04 -7.520185871206508862e-07
1.580000000000000000e+02 -3.553973237845307344e-04 -5.136677344361462697e-07
1.590000000000000000e+02 -2.956392606458272342e-04 -3.486636773784614122e-07
