0.000000000000000000e+00 -1.351812274596472709e-03 -1.305426449976617070e-05
1.000000000000000000e+00 -4.118700724889333116e-04 -3.869675601326726631e-09
2.000000000000000000e+00 -3.156986208289073786e-04 -5.148154106156133216e-09
3.000000000000000000e+00 -3.438921507643735265e-04 -7.506594097326995930e-09
4.000000000000000000e+00 -3.929845684225644737e-04 -1.090848227236875528e-08
5.000000000000000000e+00 -4.515550747196898224e-04 -1.577298293833100484e-08
6.000000000000000000e+00 -5.181533606347448698e-04 -2.271472547728010682e-08
7.000000000000000000e+00 -5.926288137616572260e-04 -3.260278934702408444e-08
8.000000000000000000e+00 -6.751089229174745418e-04 -4.663651961355884189e-08
9.000000000000000000e+00 -7.660808771579589354e-04 -6.643687106674027678e-08
1.000000000000000000e+01 -8.666098635747448726e-04 -9.417873759309338089e-08
1.100000000000000000e+01 -9.784623894052836644e-04 -1.328037355328434603e-07
1.200000000000000000e+01 -1.104038986905461761e-03 -1.863442598353911716e-07
1.300000000000000000e+01 -1.246091338865640144e-03 -2.603545999228307813e-07
1.400000000000000000e+01 -1.407276953348592617e-03 -3.624070928775924270e-07
1.500000000000000000e+01 -1.589680983337570007e-03 -5.026160884990483939e-07
1.600000000000000000e+01 -1.794479683131277106e-03 -6.942316457525768903e-07
1.700000000000000000e+01 -2.021905148062371448e-03 -9.544704100531957351e-07
1.800000000000000000e+01 -2.271588860521716550e-03 -1.305824639121984996e-06
1.900000000000000000e+01 -2.543233971261101706e-03 -1.778004863976089135e-06
2.000000000000000000e+01 -2.837436241836483602e-03 -2.410424794883729571e-06
2.100000000000000000e+01 -3.156387120306607640e-03 -3.254903223897117477e-06
2.200000000000000000e+01 -3.504183369280171236e-03 -4.378312438555391547e-06
2.300000000000000000e+01 -3.886551548866972079e-03 -5.865385721267471799e-06
2.400000000000000000e+01 -4.309965608175662412e-03 -7.822572849531156096e-06
2.500000000000000000e+01 -4.780354724460868579e-03 -1.038411771826569172e-05
2.600000000000000000e+01 -5.301795244548860100e-03 -1.372091254072138361e-05
2.700000000000000000e+01 -5.875667097961711875e-03 -1.805130378787004317e-05
2.800000000000000000e+01 -6.500667982225686106e-03 -2.365191465952229703e-05
2.900000000000000000e+01 -7.173821983649750558e-03 -3.086703195502459214e-05
3.000000000000000000e+01 -7.892273616915345194e-03 -4.011756633785166495e-05
3.100000000000000000e+01 -8.655345430829712236e-03 -5.191356149915307054e-05
3.200000000000000000e+01 -9.466168549037116617e-03 -6.687492644323153493e-05
3.300000000000000000e+01 -1.033223802284672158e-02 -8.576162309822154607e-05
3.400000000000000000e+01 -1.126451309053592455e-02 -1.095083657435476262e-04
3.500000000000000000e+01 -1.227513210543787134e-02 -1.392548619412464371e-04
3.600000000000000000e+01 -1.337432721596384759e-02 -1.763658105643123623e-04
3.700000000000000000e+01 -1.456752289714066326e-02 -2.224454132637675966e-04
3.800000000000000000e+01 -1.585369472978803707e-02 -2.793618149570310013e-04
3.900000000000000000e+01 -1.722575229078490006e-02 -3.492970125668078780e-04
4.000000000000000000e+01 -1.867306333978166824e-02 -4.348224746737392983e-04
4.100000000000000000e+01 -2.018547877250158676e-02 -5.389783212398003469e-04
4.200000000000000000e+01 -2.175762095534521101e-02 -6.653233680103600323e-04
4.300000000000000000e+01 -2.339197100950923119e-02 -8.179397555600092552e-04
4.400000000000000000e+01 -2.509952687498677795e-02 -1.001413811011370733e-03
4.500000000000000000e+01 -2.689747869645463599e-02 -1.220845377079308883e-03
4.600000000000000000e+01 -2.880431428253178022e-02 -1.481928230839606522e-03
4.700000000000000000e+01 -3.083374560746957038e-02 -1.791088409458629037e-03
4.800000000000000000e+01 -3.298946797430579725e-02 -2.155602241878059201e-03
4.900000000000000000e+01 -3.526270938990636733e-02 -2.583601147660891800e-03
5.000000000000000000e+01 -3.763372062018473935e-02 -3.083937286067721297e-03
5.100000000000000000e+01 -4.007704498611816546e-02 -3.665995673097280621e-03
5.200000000000000000e+01 -4.256906556428341482e-02 -4.339601784463895107e-03
5.300000000000000000e+01 -4.509543367417283288e-02 -5.115112945335830233e-03
5.400000000000000000e+01 -4.765583664761421923e-02 -6.003616802592951981e-03
5.500000000000000000e+01 -5.026423523068083987e-02 -7.017017318555903403e-03
5.600000000000000000e+01 -5.294405181059418791e-02 -8.167810582972277397e-03
5.700000000000000000e+01 -5.571947769904021797e-02 -9.468564434887503239e-03
5.800000000000000000e+01 -5.860556065033306616e-02 -1.093136822721422000e-02
5.900000000000000000e+01 -6.160043879990127758e-02 -1.256758533601672403e-02
6.000000000000000000e+01 -6.468261138742711913e-02 -1.438801381644391406e-02
6.100000000000000000e+01 -6.781454568656369863e-02 -1.640318439752749477e-02
6.200000000000000000e+01 -7.095176871925487627e-02 -1.862331901311691656e-02
6.300000000000000000e+01 -7.405466986630411530e-02 -2.105766690016360604e-02
6.400000000000000000e+01 -7.709920906852693601e-02 -2.371343125833376766e-02
6.500000000000000000e+01 -8.008290452845961971e-02 -2.659489792251483464e-02
6.600000000000000000e+01 -8.302382397441138151e-02 -2.970329393645851357e-02
6.700000000000000000e+01 -8.595248448936672336e-02 -3.303733234499019178e-02
6.800000000000000000e+01 -8.889897034215910043e-02 -3.659378561517848127e-02
6.900000000000000000e+01 -9.187940562049942694e-02 -4.036732985577221738e-02
7.000000000000000000e+01 -9.488641633316978463e-02 -4.434947991681620350e-02
7.100000000000000000e+01 -9.788705481585106838e-02 -4.852725573428230688e-02
7.200000000000000000e+01 -1.008291835489160404e-01 -5.288257006593158338e-02
7.300000000000000000e+01 -1.036544367261572896e-01 -5.739283853444582251e-02
7.400000000000000000e+01 -1.063136381097961186e-01 -6.203233856673530389e-02
7.500000000000000000e+01 -1.087796812650355105e-01 -6.677321315580221628e-02
7.600000000000000000e+01 -1.110535986996153274e-01 -7.158531875989852800e-02
7.700000000000000000e+01 -1.131616328142128619e-01 -7.643514805570009174e-02
7.800000000000000000e+01 -1.151439974399596222e-01 -8.128494485234107059e-02
7.900000000000000000e+01 -1.170388323398929564e-01 -8.609307659056192330e-02
8.000000000000000000e+01 -1.188666338838050424e-01 -9.081574344781215280e-02
8.100000000000000000e+01 -1.206204483319965187e-01 -9.540901767553844337e-02
8.200000000000000000e+01 -1.222652253715108273e-01 -9.982997071694432734e-02
8.300000000000000000e+01 -1.237466161235026701e-01 -1.040364739339664779e-01
8.400000000000000000e+01 -1.250063252482395693e-01 -1.079864304956463655e-01
8.500000000000000000e+01 -1.259990030599154875e-01 -1.116376890247613995e-01
8.600000000000000000e+01 -1.267052203708519398e-01 -1.149492850843108344e-01
8.700000000000000000e+01 -1.271363494731126420e-01 -1.178835028157126652e-01
8.800000000000000000e+01 -1.273297556268478958e-01 -1.204075607979524926e-01
8.900000000000000000e+01 -1.273358320453326087e-01 -1.224940775389870284e-01
9.000000000000000000e+01 -1.272011247389461808e-01 -1.241205079219818014e-01
9.100000000000000000e+01 -1.269531428205416812e-01 -1.252685331916737754e-01
9.200000000000000000e+01 -1.265918759605128285e-01 -1.259242732723166447e-01
9.300000000000000000e+01 -1.260907060154471127e-01 -1.260793387680241573e-01
9.400000000000000000e+01 -1.254061849679387886e-01 -1.257319438700519876e-01
9.500000000000000000e+01 -1.244932493937720985e-01 -1.248872399921136939e-01
9.600000000000000000e+01 -1.233208178157677165e-01 -1.235566856641275579e-01
9.700000000000000000e+01 -1.218827821763297792e-01 -1.217570061475686943e-01
9.800000000000000000e+01 -1.202010116991425737e-01 -1.195094779557759612e-01
9.900000000000000000e+01 -1.183195949308154388e-01 -1.168398116981937546e-01
1.000000000000000000e+02 -1.162923686298887593e-01 -1.137782802428239232e-01
1.010000000000000000e+02 -1.141679356153939423e-01 -1.103595108845623618e-01
1.020000000000000000e+02 -1.119771121682007209e-01 -1.066216752035531040e-01
1.030000000000000000e+02 -1.097267816537472046e-01 -1.026053219466809691e-01
1.040000000000000000e+02 -1.074018306435668285e-01 -9.835233603310553074e-02
1.050000000000000000e+02 -1.049740961809058071e-01 -9.390530427876686570e-02
1.060000000000000000e+02 -1.024150543790484924e-01 -8.930716667354712812e-02
1.070000000000000000e+02 -9.970800820780345575e-02 -8.460081123842375095e-02
1.080000000000000000e+02 -9.685595833827506662e-02 -7.982839638685818029e-02
1.090000000000000000e+02 -9.388290380041047767e-02 -7.503049365025693529e-02
1.100000000000000000e+02 -9.082848839840182431e-02 -7.024533510347280574e-02
1.110000000000000000e+02 -8.773802165807439990e-02 -6.550837134411635621e-02
1.120000000000000000e+02 -8.465129860568318398e-02 -6.085210457314192689e-02
1.130000000000000000e+02 -8.159385746160130459e-02 -5.630599090196583556e-02
1.140000000000000000e+02 -7.857329245226098158e-02 -5.189624307820479149e-02
1.150000000000000000e+02 -7.558139825355109087e-02 -4.764554426012772292e-02
1.160000000000000000e+02 -7.260097667829652768e-02 -4.357282633360001767e-02
1.170000000000000000e+02 -6.961476365428648228e-02 -3.969325312676860729e-02
1.180000000000000000e+02 -6.661351037119586649e-02 -3.601841355376968201e-02
1.190000000000000000e+02 -6.360078177110362052e-02 -3.255660538010790583e-02
1.200000000000000000e+02 -6.059324966493456061e-02 -2.931307942576698647e-02
1.210000000000000000e+02 -5.761674571890937346e-02 -2.629020654537296553e-02
1.220000000000000000e+02 -5.469964787437679721e-02 -2.348763080493479483e-02
1.230000000000000000e+02 -5.186590297992489662e-02 -2.090249676682706323e-02
1.240000000000000000e+02 -4.912991813139273162e-02 -1.852978043545027570e-02
1.250000000000000000e+02 -4.649474718422172415e-02 -1.636267526404215633e-02
1.260000000000000000e+02 -4.395379571062555529e-02 -1.439295396669150462e-02
1.270000000000000000e+02 -4.149512793250541287e-02 -1.261125951981234561e-02
1.280000000000000000e+02 -3.910675762455317200e-02 -1.100733657003674301e-02
1.290000000000000000e+02 -3.678119862476268709e-02 -9.570247322339501053e-03
1.300000000000000000e+02 -3.451797785734861401e-02 -8.288604287075410082e-03
1.310000000000000000e+02 -3.232357517007796582e-02 -7.150815806845495400e-03
1.320000000000000000e+02 -3.020909538167993597e-02 -6.145313647182402625e-03
1.330000000000000000e+02 -2.818664719938980545e-02 -5.260733930549430989e-03
1.340000000000000000e+02 -2.626570687200349002e-02 -4.486045465967616191e-03
1.350000000000000000e+02 -2.445060701012080617e-02 -3.810641174180466086e-03
1.360000000000000000e+02 -2.273979566379975489e-02 -3.224413258595792107e-03
1.370000000000000000e+02 -2.112686701764585756e-02 -2.717822070108625882e-03
1.380000000000000000e+02 -1.960281305380714989e-02 -2.281954733009311769e-03
1.390000000000000000e+02 -1.815865229221879165e-02 -1.908563909805207140e-03
1.400000000000000000e+02 -1.678760234381800401e-02 -1.590081607477055337e-03
1.410000000000000000e+02 -1.548621878774788206e-02 -1.319611471240375979e-03
1.420000000000000000e+02 -1.425431028585511829e-02 -1.090908166432408679e-03
1.430000000000000000e+02 -1.309383216536204320e-02 -8.983514474199528988e-04
1.440000000000000000e+02 -1.200724462280461022e-02 -7.369178866516997795e-04
1.450000000000000000e+02 -1.099592139280942786e-02 -6.021493434606384676e-04
1.460000000000000000e+02 -1.005909598967821492e-02 -4.901165211042078206e-04
1.470000000000000000e+02 -9.193590960894533828e-03 -3.973777498290632882e-04
1.480000000000000000e+02 -8.394292800139521726e-03 -3.209351933620781423e-04
1.490000000000000000e+02 -7.655112873701159538e-03 -2.581913118873004997e-04
1.500000000000000000e+02 -6.970073184703188748e-03 -2.069075209065915594e-04
1.510000000000000000e+02 -6.334181145385826134e-03 -1.651655880144348274e-04
1.520000000000000000e+02 -5.743875983501622873e-03 -1.313314422381292482e-04
1.530000000000000000e+02 -5.196990144112508675e-03 -1.040210406222469931e-04
1.540000000000000000e+02 -4.692320867589683947e-03 -8.206836512749757380e-05
1.550000000000000000e+02 -4.229008238110441333e-03 -6.449596135091334318e-05
1.560000000000000000e+02 -3.805942437132165627e-03 -5.048841075041314238e-05
1.570000000000000000e+02 -3.421375796543605317e-03 -3.936884199175571630e-05
1.580000000000000000e+02 -3.072820576713714523e-03 -3.057829056417583305e-05
1.590000000000000000e+02 -2.757210717249643749e-03 -2.365758379821432408e-05
