0.000000000000000000e+00 -2.022909461824947840e-04 -9.244444445429730308e-04
1.000000000000000000e+00 -4.417795466522392050e-06 -6.071651456757303482e-07
2.000000000000000000e+00 -4.435028570421901159e-06 -7.080668960874703694e-07
3.000000000000000000e+00 -5.504448509625050041e-06 -8.591890106901519782e-07
4.000000000000000000e+00 -6.906466155271812037e-06 -1.050837009586088838e-06
5.000000000000000000e+00 -8.672147208719656648e-06 -1.308611236684747946e-06
6.000000000000000000e+00 -1.087832242465568791e-05 -1.661355730932265231e-06
7.000000000000000000e+00 -1.360693413040789299e-05 -2.132790159420311853e-06
8.000000000000000000e+00 -1.694441146061232223e-05 -2.733000697297493868e-06
9.000000000000000000e+00 -2.099259815252029724e-05 -3.454700519438133736e-06
1.000000000000000000e+01 -2.588764376687482480e-05 -4.279022696869637064e-06
1.100000000000000000e+01 -3.182008944094020603e-05 -5.192637886721789441e-06
1.200000000000000000e+01 -3.904622982538206511e-05 -6.212503252897334596e-06
1.300000000000000000e+01 -4.788250020843629664e-05 -7.408510544069754446e-06
1.400000000000000000e+01 -5.868236377962436233e-05 -8.910956186210635061e-06
1.500000000000000000e+01 -7.180663053298752671e-05 -1.089225395446232449e-05
1.600000000000000000e+01 -8.760740229302456622e-05 -1.352185815510493130e-05
1.700000000000000000e+01 -1.064457654957997251e-04 -1.690778691766751533e-05
1.800000000000000000e+01 -1.287501418389439770e-04 -2.105162275241352626e-05
1.900000000000000000e+01 -1.550994415680083816e-04 -2.584847545778505486e-05
2.000000000000000000e+01 -1.862939973485245140e-04 -3.115247514285815971e-05
2.100000000000000000e+01 -2.233716789799771005e-04 -3.690113951603962884e-05
2.200000000000000000e+01 -2.675457757455321564e-04 -4.325681397587732217e-05
2.300000000000000000e+01 -3.200822930857278497e-04 -5.069688194456224570e-05
2.400000000000000000e+01 -3.821792754406649201e-04 -5.998488583226459702e-05
2.500000000000000000e+01 -4.549319925710884702e-04 -7.199242682324720824e-05
2.600000000000000000e+01 -5.394429117655467464e-04 -8.741065853697338418e-05
2.700000000000000000e+01 -6.370646899547022148e-04 -1.064650797813832190e-04
2.800000000000000000e+01 -7.496783244822919886e-04 -1.287896191010955062e-04
2.900000000000000000e+01 -8.798562606800838966e-04 -1.535895296365057507e-04
3.000000000000000000e+01 -1.030784183313334214e-03 -1.801152804159123660e-04
3.100000000000000000e+01 -1.205924092835953913e-03 -2.083104806987534424e-04
3.200000000000000000e+01 -1.408554331762946121e-03 -2.393549293760344632e-04
3.300000000000000000e+01 -1.641437554091964950e-03 -2.757825671570058451e-04
3.400000000000000000e+01 -1.906860647044954747e-03 -3.209697752198785751e-04
3.500000000000000000e+01 -2.207129866532170619e-03 -3.780530248893323965e-04
3.600000000000000000e+01 -2.545348657282502959e-03 -4.486558482063943967e-04
3.700000000000000000e+01 -2.926088395761851108e-03 -5.320314307111406651e-04
3.800000000000000000e+01 -3.355525277863259572e-03 -6.252049452347631549e-04
3.900000000000000000e+01 -3.840826612538704096e-03 -7.243583789102699469e-04
4.000000000000000000e+01 -4.388962760005651019e-03 -8.271224537493989618e-04
4.100000000000000000e+01 -5.005505322271431266e-03 -9.348639488164183073e-04
4.200000000000000000e+01 -5.694109996418854694e-03 -1.053789847817588558e-03
4.300000000000000000e+01 -6.457128390658529310e-03 -1.193961102588425062e-03
4.400000000000000000e+01 -7.297213970771139133e-03 -1.366129066256488358e-03
4.500000000000000000e+01 -8.219167007521496759e-03 -1.577405953414793335e-03
4.600000000000000000e+01 -9.230965545258816227e-03 -1.827662825228975729e-03
4.700000000000000000e+01 -1.034319242970697071e-02 -2.108688532807708165e-03
4.800000000000000000e+01 -1.156684719917161139e-02 -2.407259219194975240e-03
4.900000000000000000e+01 -1.291047006149593883e-02 -2.711553840435912497e-03
5.000000000000000000e+01 -1.437807699661927154e-02 -3.018497746892639510e-03
5.100000000000000000e+01 -1.596919522951571746e-02 -3.338554896941021977e-03
5.200000000000000000e+01 -1.768127988412381002e-02 -3.694950989472329389e-03
5.300000000000000000e+01 -1.951345488852328919e-02 -4.116412202288901624e-03
5.400000000000000000e+01 -2.146959320326841461e-02 -4.625561383210260655e-03
5.500000000000000000e+01 -2.355883165200374149e-02 -5.227789846055317866e-03
5.600000000000000000e+01 -2.579280145270001351e-02 -5.906251900428240165e-03
5.700000000000000000e+01 -2.818062724573048433e-02 -6.626758322059196973e-03
5.800000000000000000e+01 -3.072416864470463999e-02 -7.352154637075484014e-03
5.900000000000000000e+01 -3.341616852874317034e-02 -8.060943880594483718e-03
6.000000000000000000e+01 -3.624264902818361694e-02 -8.761786602801767410e-03
6.100000000000000000e+01 -3.918864528598200309e-02 -9.495968704381168440e-03
6.200000000000000000e+01 -4.224439160116410380e-02 -1.032439546544588159e-02
6.300000000000000000e+01 -4.540853058502654360e-02 -1.130266843183356379e-02
6.400000000000000000e+01 -4.868624471484344490e-02 -1.245431435910285267e-02
6.500000000000000000e+01 -5.208284482444339863e-02 -1.375489734950149229e-02
6.600000000000000000e+01 -5.559594051312470586e-02 -1.513651143323111944e-02
6.700000000000000000e+01 -5.921039132838951807e-02 -1.651365599375648197e-02
6.800000000000000000e+01 -6.289903765041104933e-02 -1.782119622471854334e-02
6.900000000000000000e+01 -6.662923225818301320e-02 -1.904787627469243030e-02
7.000000000000000000e+01 -7.037200647688149346e-02 -2.024866088037292899e-02
7.100000000000000000e+01 -7.410908533513535512e-02 -2.152707462824335685e-02
7.200000000000000000e+01 -7.783388806711763475e-02 -2.299196596446194049e-02
7.300000000000000000e+01 -8.154573200280409995e-02 -2.470604128833452096e-02
7.400000000000000000e+01 -8.524012557612611896e-02 -2.664970052919794080e-02
7.500000000000000000e+01 -8.890030375597199330e-02 -2.871918763464276561e-02
7.600000000000000000e+01 -9.249469513463484671e-02 -3.076375223101472309e-02
7.700000000000000000e+01 -9.598195252785376996e-02 -3.264837192409506678e-02
7.800000000000000000e+01 -9.932114664963793971e-02 -3.431507920258694555e-02
7.900000000000000000e+01 -1.024819164739310395e-01 -3.581399576445754018e-02
8.000000000000000000e+01 -1.054493245366443094e-01 -3.728675689452234238e-02
8.100000000000000000e+01 -1.082209218514714466e-01 -3.890586078004160120e-02
8.200000000000000000e+01 -1.107976379119529342e-01 -4.079456652366791891e-02
8.300000000000000000e+01 -1.131733935382804174e-01 -4.296319538237378804e-02
8.400000000000000000e+01 -1.153290099515962563e-01 -4.529273103583082716e-02
8.500000000000000000e+01 -1.172336745530372093e-01 -4.757655757235169924e-02
8.600000000000000000e+01 -1.188531916839572211e-01 -4.960467334912029014e-02
8.700000000000000000e+01 -1.201606973058919337e-01 -5.125407038608258137e-02
8.800000000000000000e+01 -1.211443256733144569e-01 -5.254418067246020840e-02
8.900000000000000000e+01 -1.218080333189756614e-01 -5.363031867983328316e-02
9.000000000000000000e+01 -1.221654245523414173e-01 -5.473530157120830297e-02
9.100000000000000000e+01 -1.222300343710539111e-01 -5.604792936327522568e-02
9.200000000000000000e+01 -1.220072192356405766e-01 -5.763346753878571815e-02
9.300000000000000000e+01 -1.214917478382574051e-01 -5.939732441936131091e-02
9.400000000000000000e+01 -1.206720385314350996e-01 -6.111982390183193919e-02
9.500000000000000000e+01 -1.195385184220728175e-01 -6.254783102766629799e-02
9.600000000000000000e+01 -1.180916114131577710e-01 -6.350289715552678849e-02
9.700000000000000000e+01 -1.163453122951779023e-01 -6.395763004036153498e-02
9.800000000000000000e+01 -1.143247793433591064e-01 -6.404586630431143013e-02
9.900000000000000000e+01 -1.120594901519474523e-01 -6.400178729098113251e-02
1.000000000000000000e+02 -1.095756288151620017e-01 -6.405511629949725561e-02
1.010000000000000000e+02 -1.068914807349057305e-01 -6.432934994983434407e-02
1.020000000000000000e+02 -1.040177891747158523e-01 -6.478835485389192184e-02
1.030000000000000000e+02 -1.009623667414907139e-01 -6.525436579232514467e-02
1.040000000000000000e+02 -9.773619048077442084e-02 -6.548803063149559456e-02
1.050000000000000000e+02 -9.435772729956742877e-02 -6.529374885765076852e-02
1.060000000000000000e+02 -9.085342114108808931e-02 -6.460336324005234998e-02
1.070000000000000000e+02 -8.725437226862281515e-02 -6.350222097982433089e-02
1.080000000000000000e+02 -8.359111997709482711e-02 -6.218815824050693414e-02
1.090000000000000000e+02 -7.988918240146054839e-02 -6.088384742165443841e-02
1.100000000000000000e+02 -7.616735015575690215e-02 -5.974272759303540098e-02
1.110000000000000000e+02 -7.243915480908950932e-02 -5.878979758145408407e-02
1.120000000000000000e+02 -6.871633582005984286e-02 -5.792113266816854844e-02
1.130000000000000000e+02 -6.501230756282207202e-02 -5.695890949302523376e-02
1.140000000000000000e+02 -6.134388697319166639e-02 -5.573474274673934081e-02
1.150000000000000000e+02 -5.773061662624959234e-02 -5.416365377104251366e-02
1.160000000000000000e+02 -5.419227968428769887e-02 -5.227759308994095466e-02
1.170000000000000000e+02 -5.074601032604406092e-02 -5.020703531896070909e-02
1.180000000000000000e+02 -4.740441659643862549e-02 -4.812237625705802213e-02
1.190000000000000000e+02 -4.417545164234542437e-02 -4.616331650724009306e-02
1.200000000000000000e+02 -4.106382829638947907e-02 -4.438731952405386427e-02
1.210000000000000000e+02 -3.807307122446318415e-02 -4.275731691756626263e-02
1.220000000000000000e+02 -3.520714379487254603e-02 -4.117013219853260519e-02
1.230000000000000000e+02 -3.247096355934813577e-02 -3.950959281712623089e-02
1.240000000000000000e+02 -2.986976555965413505e-02 -3.769946933423390378e-02
1.250000000000000000e+02 -2.740783393785324595e-02 -3.573404769817080384e-02
1.260000000000000000e+02 -2.508734168919705618e-02 -3.367592331658849497e-02
1.270000000000000000e+02 -2.290786481703421806e-02 -3.162555337341358547e-02
1.280000000000000000e+02 -2.086672103527530825e-02 -2.967851909552803383e-02
1.290000000000000000e+02 -1.895986856080899424e-02 -2.788978518547220384e-02
1.300000000000000000e+02 -1.718288659565104029e-02 -2.625894446953083716e-02
1.310000000000000000e+02 -1.553161056822281380e-02 -2.473984298448129310e-02
1.320000000000000000e+02 -1.400223775828715600e-02 -2.326735759936926495e-02
1.330000000000000000e+02 -1.259100172880216889e-02 -2.178797132344756360e-02
1.340000000000000000e+02 -1.129369534013278248e-02 -2.028108173517695345e-02
1.350000000000000000e+02 -1.010533522511983598e-02 -1.876363963177774680e-02
1.360000000000000000e+02 -9.020132363220701929e-03 -1.727864676067528832e-02
1.370000000000000000e+02 -8.031753795048389086e-03 -1.587462826137122848e-02
1.380000000000000000e+02 -7.133725775247084025e-03 -1.458585522624398015e-02
1.390000000000000000e+02 -6.319792773074987997e-03 -1.342126370947759571e-02
1.400000000000000000e+02 -5.584104895634154839e-03 -1.236516355531255135e-02
1.410000000000000000e+02 -4.921210650145263661e-03 -1.138749982477742229e-02
1.420000000000000000e+02 -4.325923658657949110e-03 -1.045792997182982964e-02
1.430000000000000000e+02 -3.793171049244874801e-03 -9.557426290462623514e-03
1.440000000000000000e+02 -3.317911428158561767e-03 -8.683206071105294133e-03
1.450000000000000000e+02 -2.895154605145594702e-03 -7.846220177654879627e-03
1.460000000000000000e+02 -2.520058311499513183e-03 -7.063571273895361512e-03
1.470000000000000000e+02 -2.188045869420809225e-03 -6.349847221247883339e-03
1.480000000000000000e+02 -1.894891203055164590e-03 -5.711044086637041481e-03
1.490000000000000000e+02 -1.636744058272324338e-03 -5.143001275913642104e-03
1.500000000000000000e+02 -1.410100555901375348e-03 -4.634084467202987355e-03
1.510000000000000000e+02 -1.211746000454305520e-03 -4.170214943701988294e-03
1.520000000000000000e+02 -1.038700909758361783e-03 -3.739802834516959412e-03
1.530000000000000000e+02 -8.881903168039605254e-04 -3.336681654131387273e-03
1.540000000000000000e+02 -7.576395477272225738e-04 -2.960323405044775879e-03
1.550000000000000000e+02 -6.446862508182578735e-04 -2.613836818890665804e-03
1.560000000000000000e+02 -5.471935884364861327e-04 -2.301018353848401261e-03
1.570000000000000000e+02 -4.632529395817124983e-04 -2.023821140253335288e-03
1.580000000000000000e+02 -3.911722344724216909e-04 -1.781136296006156656e-03
1.590000000000000000e+02 -3.294533948246703044e-04 -1.569061659118706729e-03
