0.000000000000000000e+00 -1.241126395635490361e-05 -3.236377992504399655e-05
1.000000000000000000e+00 -1.157965242063183741e-10 -5.776714383761079724e-08
2.000000000000000000e+00 -1.706749831174273396e-10 -6.979714928205319415e-08
3.000000000000000000e+00 -2.674111832990383818e-10 -9.596425450900973888e-08
4.000000000000000000e+00 -4.169549902277078723e-10 -1.318893368994996753e-07
5.000000000000000000e+00 -6.464998423210844134e-10 -1.804112688988225858e-07
6.000000000000000000e+00 -9.976865717593700642e-10 -2.457328436539620642e-07
7.000000000000000000e+00 -1.533119409972182985e-09 -3.335875712154636234e-07
8.000000000000000000e+00 -2.345299052476686147e-09 -4.516256749653319036e-07
9.000000000000000000e+00 -3.569058646960112140e-09 -6.097606175436306592e-07
1.000000000000000000e+01 -5.400166634877176064e-09 -8.205189709801744701e-07
1.100000000000000000e+01 -8.123932419749071569e-09 -1.099593316465325728e-06
1.200000000000000000e+01 -1.215745583359813987e-08 -1.466872710075654643e-06
1.300000000000000000e+01 -1.810766028183449667e-08 -1.948118908278923304e-06
1.400000000000000000e+01 -2.684673338547125067e-08 -2.577162044254659218e-06
1.500000000000000000e+01 -3.961053410918825129e-08 -3.398172133721583506e-06
1.600000000000000000e+01 -5.813489629294106810e-08 -4.467511775732938502e-06
1.700000000000000000e+01 -8.485469410514338051e-08 -5.855105211670020441e-06
1.800000000000000000e+01 -1.231922248153204581e-07 -7.646060929877894155e-06
1.900000000000000000e+01 -1.779511308411276435e-07 -9.943941371613622041e-06
2.000000000000000000e+01 -2.558203586794203723e-07 -1.287690938595407585e-05
2.100000000000000000e+01 -3.660018910350322758e-07 -1.660670349106037463e-05
2.200000000000000000e+01 -5.210198722637089397e-07 -2.133856864919587152e-05
2.300000000000000000e+01 -7.378283050214269978e-07 -2.732926678685970267e-05
2.400000000000000000e+01 -1.039359907537057102e-06 -3.489145559900074791e-05
2.500000000000000000e+01 -1.456612587429759297e-06 -4.439611970308303721e-05
2.600000000000000000e+01 -2.031283511706231024e-06 -5.627843838050860311e-05
2.700000000000000000e+01 -2.818938879660612350e-06 -7.105332962576823490e-05
2.800000000000000000e+01 -3.892844525319970791e-06 -8.934279683661317168e-05
2.900000000000000000e+01 -5.348839815364815021e-06 -1.119094139709481535e-04
3.000000000000000000e+01 -7.311813496750145786e-06 -1.396839793768661566e-04
3.100000000000000000e+01 -9.944221629426989325e-06 -1.737767509861799515e-04
3.200000000000000000e+01 -1.345669405877398789e-05 -2.154728981254058870e-04
3.300000000000000000e+01 -1.812045519383835421e-05 -2.662282631099036827e-04
3.400000000000000000e+01 -2.428147608269469048e-05 -3.276895224832815064e-04
3.500000000000000000e+01 -3.237705433203027415e-05 -4.017533347118909894e-04
3.600000000000000000e+01 -4.295634659912429956e-05 -4.906531368882779140e-04
3.700000000000000000e+01 -5.670641182129491583e-05 -5.970356701562344257e-04
3.800000000000000000e+01 -7.448418286916733263e-05 -7.239845748791198929e-04
3.900000000000000000e+01 -9.735314277805000424e-05 -8.749776513808715317e-04
4.000000000000000000e+01 -1.266228045409865748e-04 -1.053814960561615631e-03
4.100000000000000000e+01 -1.638904756294067141e-04 -1.264591376353034263e-03
4.200000000000000000e+01 -2.110876824007668821e-04 -1.511773704185847113e-03
4.300000000000000000e+01 -2.705356602049448830e-04 -1.800373423711610146e-03
4.400000000000000000e+01 -3.450128222637172484e-04 -2.136121172104613053e-03
4.500000000000000000e+01 -4.378317216763917856e-04 -2.525514404231547511e-03
4.600000000000000000e+01 -5.529171814108681986e-04 -2.975669772362272893e-03
4.700000000000000000e+01 -6.948767119860437772e-04 -3.494044894587850815e-03
4.800000000000000000e+01 -8.690620951852392291e-04 -4.088211045878832432e-03
4.900000000000000000e+01 -1.081632528552748567e-03 -4.765857727839635863e-03
5.000000000000000000e+01 -1.339633687819509695e-03 -5.535060311718996602e-03
5.100000000000000000e+01 -1.651094545260402453e-03 -6.404626623322841328e-03
5.200000000000000000e+01 -2.025119957732206179e-03 -7.384217595715406035e-03
5.300000000000000000e+01 -2.471942883909354106e-03 -8.484033230822371832e-03
5.400000000000000000e+01 -3.002916039732544951e-03 -9.714141106428753752e-03
5.500000000000000000e+01 -3.630464286843910950e-03 -1.108381185017892623e-02
5.600000000000000000e+01 -4.368049607316609045e-03 -1.260128283428143051e-02
5.700000000000000000e+01 -5.230179873756530401e-03 -1.427410371714360991e-02
5.800000000000000000e+01 -6.232422674135671380e-03 -1.610977542145471814e-02
5.900000000000000000e+01 -7.391326527134580056e-03 -1.811609948851640450e-02
6.000000000000000000e+01 -8.724175977077201077e-03 -2.030077068052817471e-02
6.100000000000000000e+01 -1.024861812462797214e-02 -2.267025112297481326e-02
6.200000000000000000e+01 -1.198230153501644683e-02 -2.522852252584848604e-02
6.300000000000000000e+01 -1.394264574140428870e-02 -2.797649171580967806e-02
6.400000000000000000e+01 -1.614669739273779520e-02 -3.091242729912861004e-02
6.500000000000000000e+01 -1.861086881480134014e-02 -3.403306450446184905e-02
6.600000000000000000e+01 -2.135037785370141189e-02 -3.733446838587466121e-02
6.700000000000000000e+01 -2.437844065549474998e-02 -4.081184362557202516e-02
6.800000000000000000e+01 -2.770551033134687272e-02 -4.445821625499117580e-02
6.900000000000000000e+01 -3.133884352904158649e-02 -4.826278159440309384e-02
7.000000000000000000e+01 -3.528237101687015098e-02 -5.221005488062067240e-02
7.100000000000000000e+01 -3.953651992958284039e-02 -5.628046820015533691e-02
7.200000000000000000e+01 -4.409763692516369821e-02 -6.045204462508222548e-02
7.300000000000000000e+01 -4.895705318031014219e-02 -6.470198970482463063e-02
7.400000000000000000e+01 -5.410026216124354942e-02 -6.900708751474972369e-02
7.500000000000000000e+01 -5.950669887829933280e-02 -7.334267447721470878e-02
7.600000000000000000e+01 -6.515013717478324029e-02 -7.768104781761955846e-02
7.700000000000000000e+01 -7.099919131833221098e-02 -8.199063421818392206e-02
7.800000000000000000e+01 -7.701736513744256163e-02 -8.623673218085189940e-02
7.900000000000000000e+01 -8.316262881821862019e-02 -9.038352174101280112e-02
8.000000000000000000e+01 -8.938711607941078607e-02 -9.439614561699415096e-02
8.100000000000000000e+01 -9.563759673911820247e-02 -9.824166794255032031e-02
8.200000000000000000e+01 -1.018567866995720439e-01 -1.018885891320637782e-01
8.300000000000000000e+01 -1.079848688321210087e-01 -1.053056645658441981e-01
8.400000000000000000e+01 -1.139604986293980965e-01 -1.084612432669585513e-01
8.500000000000000000e+01 -1.197211721932330830e-01 -1.113238939036391012e-01
8.600000000000000000e+01 -1.252035518650235491e-01 -1.138641024711669059e-01
8.700000000000000000e+01 -1.303444645645256139e-01 -1.160560687205082903e-01
8.800000000000000000e+01 -1.350826878039813050e-01 -1.178786345997319268e-01
8.900000000000000000e+01 -1.393609076423543980e-01 -1.193150723006918268e-01
9.000000000000000000e+01 -1.431270804273728769e-01 -1.203522640751351624e-01
9.100000000000000000e+01 -1.463349850847645017e-01 -1.209801227591833783e-01
9.200000000000000000e+01 -1.489444573110756120e-01 -1.211917615817528215e-01
9.300000000000000000e+01 -1.509219762242565710e-01 -1.209842634661620064e-01
9.400000000000000000e+01 -1.522417905852663789e-01 -1.203594556484247902e-01
9.500000000000000000e+01 -1.528871248840863173e-01 -1.193241593465096256e-01
9.600000000000000000e+01 -1.528508133502757826e-01 -1.178898204696207236e-01
9.700000000000000000e+01 -1.521351176919883419e-01 -1.160718412707796160e-01
9.800000000000000000e+01 -1.507510698715038566e-01 -1.138890184904321201e-01
9.900000000000000000e+01 -1.487178992436819502e-01 -1.113632556966068499e-01
1.000000000000000000e+02 -1.460627994552306241e-01 -1.085194143391412375e-01
1.010000000000000000e+02 -1.428207997966438603e-01 -1.053850604098830468e-01
1.020000000000000000e+02 -1.390342928956769808e-01 -1.019899992686528201e-01
1.030000000000000000e+02 -1.347519957401083490e-01 -9.836569970982093902e-02
1.040000000000000000e+02 -1.300275345169519814e-01 -9.454478471087240932e-02
1.050000000000000000e+02 -1.249180612800432355e-01 -9.056065763731027674e-02
1.060000000000000000e+02 -1.194831697789312808e-01 -8.644716500044788421e-02
1.070000000000000000e+02 -1.137840506873857294e-01 -8.223814117571376370e-02
1.080000000000000000e+02 -1.078826219718304058e-01 -7.796679259293079478e-02
1.090000000000000000e+02 -1.018404463648272251e-01 -7.366505374184484367e-02
1.100000000000000000e+02 -9.571749721263318744e-02 -6.936312048313422740e-02
1.110000000000000000e+02 -8.957101479708355629e-02 -6.508926500850004127e-02
1.120000000000000000e+02 -8.345465996102494066e-02 -6.086984374018438587e-02
1.130000000000000000e+02 -7.741797993648442955e-02 -5.672928627094633858e-02
1.140000000000000000e+02 -7.150603711961382725e-02 -5.268990154512186164e-02
1.150000000000000000e+02 -6.575904724039981220e-02 -4.877151592356362975e-02
1.160000000000000000e+02 -6.021200342085869517e-02 -4.499112191247476439e-02
1.170000000000000000e+02 -5.489439061176028950e-02 -4.136273833437079106e-02
1.180000000000000000e+02 -4.983010869246682489e-02 -3.789755200974166682e-02
1.190000000000000000e+02 -4.503762698552669919e-02 -3.460423503229966002e-02
1.200000000000000000e+02 -4.053028637368613629e-02 -3.148924387207539116e-02
1.210000000000000000e+02 -3.631663861170084107e-02 -2.855696270130250736e-02
1.220000000000000000e+02 -3.240077227771469975e-02 -2.580969801903848851e-02
1.230000000000000000e+02 -2.878265277377131670e-02 -2.324765117845132428e-02
1.240000000000000000e+02 -2.545852963183889775e-02 -2.086900784413426441e-02
1.250000000000000000e+02 -2.242142690460889598e-02 -1.867019407760357047e-02
1.260000000000000000e+02 -1.966167728499786105e-02 -1.664623473749845747e-02
1.270000000000000000e+02 -1.716743923532233068e-02 -1.479109430957213991e-02
1.280000000000000000e+02 -1.492516050662242785e-02 -1.309791229091877493e-02
1.290000000000000000e+02 -1.291999156498870212e-02 -1.155912839344789937e-02
1.300000000000000000e+02 -1.113617253994770434e-02 -1.016656182934962474e-02
1.310000000000000000e+02 -9.557406943560355778e-03 -8.911520099678618689e-03
1.320000000000000000e+02 -8.167212425596162562e-03 -7.784970047145602090e-03
1.330000000000000000e+02 -6.949227086028997823e-03 -6.777747227020751788e-03
1.340000000000000000e+02 -5.887457446353283781e-03 -5.880749978309006941e-03
1.350000000000000000e+02 -4.966470714434440166e-03 -5.085076064582852093e-03
1.360000000000000000e+02 -4.171544344768837731e-03 -4.382095883682625252e-03
1.370000000000000000e+02 -3.488784209403840170e-03 -3.763487879525724642e-03
1.380000000000000000e+02 -2.905214551552361656e-03 -3.221269545856988645e-03
1.390000000000000000e+02 -2.408837355531974998e-03 -2.747842258281707126e-03
1.400000000000000000e+02 -1.988659829170000715e-03 -2.336045833080376520e-03
1.410000000000000000e+02 -1.634693580574718723e-03 -1.979205584664626549e-03
1.420000000000000000e+02 -1.337932669239966840e-03 -1.671156810405552374e-03
1.430000000000000000e+02 -1.090317517265228416e-03 -1.406243579200366868e-03
1.440000000000000000e+02 -8.846889724420584208e-04 -1.179300112184243111e-03
1.450000000000000000e+02 -7.147343991526029696e-04 -9.856268124924672663e-04
1.460000000000000000e+02 -5.749270765453429058e-04 -8.209689244503856446e-04
1.470000000000000000e+02 -4.604609353811731174e-04 -6.814987317159212519e-04
1.480000000000000000e+02 -3.671833934395348420e-04 -5.637974379166183284e-04
1.490000000000000000e+02 -2.915289113400526219e-04 -4.648326254085115837e-04
1.500000000000000000e+02 -2.304550420969970191e-04 -3.819301184527058662e-04
1.510000000000000000e+02 -1.813818466697870318e-04 -3.127422706624239193e-04
1.520000000000000000e+02 -1.421350600307120572e-04 -2.552160142707403552e-04
1.530000000000000000e+02 -1.108933093649834431e-04 -2.075631883701778185e-04
1.540000000000000000e+02 -8.613972673694367775e-05 -1.682338680922734937e-04
1.550000000000000000e+02 -6.661823429344643807e-05 -1.358920248610958541e-04
1.560000000000000000e+02 -5.129458025372595506e-05 -1.093925188690753763e-04
1.570000000000000000e+02 -3.932197662196884093e-05 -8.775893270477565960e-05
1.580000000000000000e+02 -3.001103771991233202e-05 -7.016244520462449220e-05
1.590000000000000000e+02 -2.280366656448140115e-05 -5.590229660147247575e-05
