0.000000000000000000e+00 -5.762678910007732405e-06 -4.690211749679341342e-06
1.000000000000000000e+00 -2.005819776939156600e-07 -1.552227024979980169e-09
2.000000000000000000e+00 -2.436288237702685057e-07 -2.160103176171786739e-09
3.000000000000000000e+00 -3.336055789732830301e-07 -3.202289232290308635e-09
4.000000000000000000e+00 -4.575474006850147707e-07 -4.737283414457554409e-09
5.000000000000000000e+00 -6.252744038142013916e-07 -6.978549182727233221e-09
6.000000000000000000e+00 -8.511028705427281284e-07 -1.022029544545570190e-08
7.000000000000000000e+00 -1.153903300525935869e-06 -1.487265222108145085e-08
8.000000000000000000e+00 -1.558284851324461234e-06 -2.152201507724533232e-08
9.000000000000000000e+00 -2.096160537618408418e-06 -3.101554056078583586e-08
1.000000000000000000e+01 -2.808693301995269691e-06 -4.455922788606202689e-08
1.100000000000000000e+01 -3.748707506829289845e-06 -6.381795619885175291e-08
1.200000000000000000e+01 -4.983679485031324384e-06 -9.102564709018060739e-08
1.300000000000000000e+01 -6.599435935139808178e-06 -1.291508115196290297e-07
1.400000000000000000e+01 -8.704694539722661884e-06 -1.821902569187402099e-07
1.500000000000000000e+01 -1.143658257468911594e-05 -2.556449053686918261e-07
1.600000000000000000e+01 -1.496727193707490312e-05 -3.571560648833923321e-07
1.700000000000000000e+01 -1.951187714618052497e-05 -4.971973746890829899e-07
1.800000000000000000e+01 -2.533778350795198742e-05 -6.897243899275669316e-07
1.900000000000000000e+01 -3.277561801536092994e-05 -9.528481292988342841e-07
2.000000000000000000e+01 -4.223215105628066839e-05 -1.309857186861242204e-06
2.100000000000000000e+01 -5.420549555168863284e-05 -1.791048120220391988e-06
2.200000000000000000e+01 -6.930298100948989123e-05 -2.436607688087183020e-06
2.300000000000000000e+01 -8.826194931079518920e-05 -3.300238900816536635e-06
2.400000000000000000e+01 -1.119734609608766945e-04 -4.452744174446760005e-06
2.500000000000000000e+01 -1.415086833116941073e-04 -5.984973890470910746e-06
2.600000000000000000e+01 -1.781478100196475759e-04 -8.010656368357358469e-06
2.700000000000000000e+01 -2.234118439020620203e-04 -1.067101855461024081e-05
2.800000000000000000e+01 -2.790981912812906963e-04 -1.414345059853240587e-05
2.900000000000000000e+01 -3.473211396178037453e-04 -1.865477195199267613e-05
3.000000000000000000e+01 -4.305573930336714498e-04 -2.449657675779016536e-05
3.100000000000000000e+01 -5.316951262035687518e-04 -3.203821698538233313e-05
3.200000000000000000e+01 -6.540836492109252179e-04 -4.173496019842415263e-05
3.300000000000000000e+01 -8.015811997942306338e-04 -5.413478279709125406e-05
3.400000000000000000e+01 -9.786009653445263638e-04 -6.989295049015133556e-05
3.500000000000000000e+01 -1.190158526587384779e-03 -8.980283640588776505e-05
3.600000000000000000e+01 -1.441924489487671993e-03 -1.148417605802626643e-04
3.700000000000000000e+01 -1.740282157242237573e-03 -1.462175839358302175e-04
3.800000000000000000e+01 -2.092383242028072673e-03 -1.853972553942737230e-04
3.900000000000000000e+01 -2.506189949276433314e-03 -2.341112281509870980e-04
4.000000000000000000e+01 -2.990494466849779546e-03 -2.943524694876089491e-04
4.100000000000000000e+01 -3.554917157380519093e-03 -3.684055618117206064e-04
4.200000000000000000e+01 -4.209895633397043105e-03 -4.589292376314746749e-04
4.300000000000000000e+01 -4.966678251674247827e-03 -5.690742470708621756e-04
4.400000000000000000e+01 -5.837322586299825353e-03 -7.025771543947427781e-04
4.500000000000000000e+01 -6.834679105274767824e-03 -8.637711119488109468e-04
4.600000000000000000e+01 -7.972328805191121123e-03 -1.057513025785133086e-03
4.700000000000000000e+01 -9.264454336120581113e-03 -1.289106744644321180e-03
4.800000000000000000e+01 -1.072565448237433952e-02 -1.564331975089331512e-03
4.900000000000000000e+01 -1.237074062927836712e-02 -1.889619776314600862e-03
5.000000000000000000e+01 -1.421455535687855473e-02 -2.272279853602164959e-03
5.100000000000000000e+01 -1.627181919780176442e-02 -2.720592605536297295e-03
5.200000000000000000e+01 -1.855696292626093924e-02 -3.243635471072797878e-03
5.300000000000000000e+01 -2.108387882918753148e-02 -3.850912398931188602e-03
5.400000000000000000e+01 -2.386555277957710247e-02 -4.552048514977475972e-03
5.500000000000000000e+01 -2.691360853462779895e-02 -5.356809554052308076e-03
5.600000000000000000e+01 -3.023785759853754238e-02 -6.275450732905045806e-03
5.700000000000000000e+01 -3.384594900063563755e-02 -7.319064990999416334e-03
5.800000000000000000e+01 -3.774314026023131707e-02 -8.499486141349510762e-03
5.900000000000000000e+01 -4.193210990483151046e-02 -9.828579081128472478e-03
6.000000000000000000e+01 -4.641268209721991639e-02 -1.131725584481355247e-02
6.100000000000000000e+01 -5.118138747439632957e-02 -1.297486934820392748e-02
6.200000000000000000e+01 -5.623091827043694146e-02 -1.480941260878776075e-02
6.300000000000000000e+01 -6.154965643981646223e-02 -1.682827684164379251e-02
6.400000000000000000e+01 -6.712145974783025049e-02 -1.903873299205002118e-02
6.500000000000000000e+01 -7.292575561309165566e-02 -2.144737144592138642e-02
6.600000000000000000e+01 -7.893779895053631979e-02 -2.405853467574291249e-02
6.700000000000000000e+01 -8.512884459069700038e-02 -2.687270450069494457e-02
6.800000000000000000e+01 -9.146606888711407424e-02 -2.988602197312159592e-02
6.900000000000000000e+01 -9.791231445908589459e-02 -3.309129778897687557e-02
7.000000000000000000e+01 -1.044259583335061109e-01 -3.647959857846507642e-02
7.100000000000000000e+01 -1.109612279913806121e-01 -4.004087013738420048e-02
7.200000000000000000e+01 -1.174690542729855403e-01 -4.376275199513909864e-02
7.300000000000000000e+01 -1.238982007349418851e-01 -4.762829789981083695e-02
7.400000000000000000e+01 -1.301962120166384462e-01 -5.161443545616371809e-02
7.500000000000000000e+01 -1.363098651490411151e-01 -5.569260634201669835e-02
7.600000000000000000e+01 -1.421852235701485667e-01 -5.983130986690578940e-02
7.700000000000000000e+01 -1.477677807648740405e-01 -6.399863728987408018e-02
7.800000000000000000e+01 -1.530032120040178134e-01 -6.816280582763603602e-02
7.900000000000000000e+01 -1.578388495294162086e-01 -7.229037831495171984e-02
8.000000000000000000e+01 -1.622254323624873484e-01 -7.634392374390902569e-02
8.100000000000000000e+01 -1.661184035550162252e-01 -8.028152500535615244e-02
8.200000000000000000e+01 -1.694783009379484118e-01 -8.405911392371716306e-02
8.300000000000000000e+01 -1.722704483906322415e-01 -8.763426095111338798e-02
8.400000000000000000e+01 -1.744646965995713672e-01 -9.096879082985800946e-02
8.500000000000000000e+01 -1.760359252353352055e-01 -9.402856494603711868e-02
8.600000000000000000e+01 -1.769653823221084277e-01 -9.678117211194381397e-02
8.700000000000000000e+01 -1.772421802518459599e-01 -9.919404401795041404e-02
8.800000000000000000e+01 -1.768640091597732389e-01 -1.012351260770770756e-01
8.900000000000000000e+01 -1.758366143181718244e-01 -1.028760241885744581e-01
9.000000000000000000e+01 -1.741724584932841102e-01 -1.040954227602589321e-01
9.100000000000000000e+01 -1.718895563704436191e-01 -1.048803386410039618e-01
9.200000000000000000e+01 -1.690112541784674627e-01 -1.052245855309101308e-01
9.300000000000000000e+01 -1.655668883345814413e-01 -1.051260773555683231e-01
9.400000000000000000e+01 -1.615924657016118982e-01 -1.045853862681619534e-01
9.500000000000000000e+01 -1.571304102134802871e-01 -1.036067080267546875e-01
9.600000000000000000e+01 -1.522280986535695380e-01 -1.022002481457422174e-01
9.700000000000000000e+01 -1.469358114054830911e-01 -1.003838630516775965e-01
9.800000000000000000e+01 -1.413051234499662634e-01 -9.818247905543896203e-02
9.900000000000000000e+01 -1.353883491600813838e-01 -9.562565411644644020e-02
1.000000000000000000e+02 -1.292387872983295494e-01 -9.274503518381371769e-02
1.010000000000000000e+02 -1.229109000971717325e-01 -8.957330952434296167e-02
1.020000000000000000e+02 -1.164596761701444799e-01 -8.614483494635039040e-02
1.030000000000000000e+02 -1.099391361105776233e-01 -8.249674312310595337e-02
1.040000000000000000e+02 -1.034006415354263991e-01 -7.866906143242161087e-02
1.050000000000000000e+02 -9.689180998063946781e-02 -7.470335190485648258e-02
1.060000000000000000e+02 -9.045635311476724061e-02 -7.064060406923573787e-02
1.070000000000000000e+02 -8.413447866546240606e-02 -6.651961704798858843e-02
1.080000000000000000e+02 -7.796317233850272310e-02 -6.237657355338217802e-02
1.090000000000000000e+02 -7.197591665697015972e-02 -5.824551640944565511e-02
1.100000000000000000e+02 -6.620195514063179076e-02 -5.415883639777564762e-02
1.110000000000000000e+02 -6.066560662373270130e-02 -5.014707506523144454e-02
1.120000000000000000e+02 -5.538608971512425788e-02 -4.623805038044037641e-02
1.130000000000000000e+02 -5.037792600570210888e-02 -4.245588964796912640e-02
1.140000000000000000e+02 -4.565160209924997575e-02 -3.882057789286320892e-02
1.150000000000000000e+02 -4.121407997697840164e-02 -3.534818326334752958e-02
1.160000000000000000e+02 -3.706897194678175633e-02 -3.205143524411500217e-02
1.170000000000000000e+02 -3.321651352594625489e-02 -2.894018442200586155e-02
1.180000000000000000e+02 -2.965361886348313533e-02 -2.602150617069764679e-02
1.190000000000000000e+02 -2.637420561654305745e-02 -2.329956729801769058e-02
1.200000000000000000e+02 -2.336975166464824380e-02 -2.077555796992518536e-02
1.210000000000000000e+02 -2.062988944828448787e-02 -1.844790103305392337e-02
1.220000000000000000e+02 -1.814285886266681774e-02 -1.631271665874045942e-02
1.230000000000000000e+02 -1.589577855129312850e-02 -1.436435062922802527e-02
1.240000000000000000e+02 -1.387482729930803946e-02 -1.259578083004923854e-02
1.250000000000000000e+02 -1.206545611077329896e-02 -1.099885171348006715e-02
1.260000000000000000e+02 -1.045268127848971579e-02 -9.564419390710086899e-03
1.270000000000000000e+02 -9.021416753913576517e-03 -8.282524141289233227e-03
1.280000000000000000e+02 -7.756765180707015858e-03 -7.142643915219575208e-03
1.290000000000000000e+02 -6.644217072495418527e-03 -6.133994649339237146e-03
1.300000000000000000e+02 -5.669766686522231119e-03 -5.245802195319313604e-03
1.310000000000000000e+02 -4.819989869082930839e-03 -4.467493877672208680e-03
1.320000000000000000e+02 -4.082122804399285557e-03 -3.788810941786944532e-03
1.330000000000000000e+02 -3.444148435203644998e-03 -3.199880092447290273e-03
1.340000000000000000e+02 -2.894871113339211963e-03 -2.691281774624749556e-03
1.350000000000000000e+02 -2.423957949356992780e-03 -2.254126794267463825e-03
1.360000000000000000e+02 -2.021941959680380492e-03 -1.880127899092159981e-03
1.370000000000000000e+02 -1.680199382268587720e-03 -1.561646606223340058e-03
1.380000000000000000e+02 -1.390918177810447458e-03 -1.291706610427927494e-03
1.390000000000000000e+02 -1.147066983584526080e-03 -1.063980288377057871e-03
1.400000000000000000e+02 -9.423631918115536093e-04 -8.727621844200718956e-04
1.410000000000000000e+02 -7.712342020482422685e-04 -7.129403286558638232e-04
1.420000000000000000e+02 -6.287688265430405347e-04 -5.799683108121188140e-04
1.430000000000000000e+02 -5.106616118016257810e-04 -4.698352362842884034e-04
1.440000000000000000e+02 -4.131560091607481416e-04 -3.790301286408347820e-04
1.450000000000000000e+02 -3.329910569275591130e-04 -3.045004091329556791e-04
1.460000000000000000e+02 -2.673526393364029355e-04 -2.436072419722399478e-04
1.470000000000000000e+02 -2.138277121611081182e-04 -1.940814580505671218e-04
1.480000000000000000e+02 -1.703597285495494107e-04 -1.539825050465190007e-04
1.490000000000000000e+02 -1.352050970633933511e-04 -1.216609439006092824e-04
1.500000000000000000e+02 -1.068920325150403351e-04 -9.572383386551050022e-05
1.510000000000000000e+02 -8.418340694613147288e-05 -7.500230821809812296e-05
1.520000000000000000e+02 -6.604429099910768392e-05 -5.852123625772363488e-05
1.530000000000000000e+02 -5.161373475747775617e-05 -4.547137711660419890e-05
1.540000000000000000e+02 -4.017980048993441183e-05 -3.518449216738267515e-05
1.550000000000000000e+02 -3.115707811533407969e-05 -2.711158274532444003e-05
1.560000000000000000e+02 -2.406647232412531331e-05 -2.080405985642747515e-05
1.570000000000000000e+02 -1.851743475576476394e-05 -1.589746202793028892e-05
1.580000000000000000e+02 -1.419280631211711322e-05 -1.209735176939563157e-05
1.590000000000000000e+02 -1.083616159263185282e-05 -9.167135546326963882e-06
