0.000000000000000000e+00 -1.070655589661792837e-08 -3.831157451853266819e-08
1.000000000000000000e+00 -7.693129956105935503e-16 -1.225754097807506740e-12
2.000000000000000000e+00 -1.729882414932621987e-15 -2.234753337846624879e-12
3.000000000000000000e+00 -3.864543300100042232e-15 -4.107102655825630756e-12
4.000000000000000000e+00 -8.534753976434729103e-15 -7.486200658824287368e-12
5.000000000000000000e+00 -1.863718101965117149e-14 -1.353184765333052581e-11
6.000000000000000000e+00 -4.024532408869110287e-14 -2.425793980087355626e-11
7.000000000000000000e+00 -8.593305368435625289e-14 -4.312878614911186272e-11
8.000000000000000000e+00 -1.814172568697287534e-13 -7.604838189750872406e-11
9.000000000000000000e+00 -3.787033768454528424e-13 -1.329889364893501799e-10
1.000000000000000000e+01 -7.817625111446749964e-13 -2.306509904914715735e-10
1.100000000000000000e+01 -1.595949203206791850e-12 -3.967637474087149101e-10
1.200000000000000000e+01 -3.221912233751051493e-12 -6.769568671019761589e-10
1.300000000000000000e+01 -6.432198139274485108e-12 -1.145632118954132930e-09
1.400000000000000000e+01 -1.269951477560686038e-11 -1.923027131454609475e-09
1.500000000000000000e+01 -2.479843382146332221e-11 -3.201780254476219806e-09
1.600000000000000000e+01 -4.789332783273662008e-11 -5.287866132563656665e-09
1.700000000000000000e+01 -9.148277832064144714e-11 -8.662967718906841628e-09
1.800000000000000000e+01 -1.728356891087697080e-10 -1.407855545957601976e-08
1.900000000000000000e+01 -3.229847409882258294e-10 -2.269659925533741945e-08
2.000000000000000000e+01 -5.970365610072684999e-10 -3.629822335089448937e-08
2.100000000000000000e+01 -1.091685795114024743e-09 -5.758994143976257804e-08
2.200000000000000000e+01 -1.974623671163291354e-09 -9.064810329070285419e-08
2.300000000000000000e+01 -3.533304697897663438e-09 -1.415573613071150231e-07
2.400000000000000000e+01 -6.254713382605324004e-09 -2.193197175788829496e-07
2.500000000000000000e+01 -1.095411832097646125e-08 -3.371370845131002897e-07
2.600000000000000000e+01 -1.898038061395731704e-08 -5.142018244355397203e-07
2.700000000000000000e+01 -3.253929429922833040e-08 -7.781683139701238355e-07
2.800000000000000000e+01 -5.519597266954964494e-08 -1.168528820646261843e-06
2.900000000000000000e+01 -9.264480022222312625e-08 -1.741181111025834649e-06
3.000000000000000000e+01 -1.538743450049554863e-07 -2.574548573987514626e-06
3.100000000000000000e+01 -2.529076107802802050e-07 -3.777690235869645868e-06
3.200000000000000000e+01 -4.113668096320073095e-07 -5.500921719714523790e-06
3.300000000000000000e+01 -6.622003956058540175e-07 -7.949570410198974926e-06
3.400000000000000000e+01 -1.055025576873189415e-06 -1.140160702333177517e-05
3.500000000000000000e+01 -1.663685326108517602e-06 -1.623000539052687387e-05
3.600000000000000000e+01 -2.596790329672189072e-06 -2.293075801111977655e-05
3.700000000000000000e+01 -4.012211014245462344e-06 -3.215752807923079944e-05
3.800000000000000000e+01 -6.136710325367225330e-06 -4.476397855877343242e-05
3.900000000000000000e+01 -9.292161853214563774e-06 -6.185486774789878545e-05
4.000000000000000000e+01 -1.393004851368040181e-05 -8.484695735289545231e-05
4.100000000000000000e+01 -2.067615054607950536e-05 -1.155405855043322143e-04
4.200000000000000000e+01 -3.038750495925532019e-05 -1.562024633536278253e-04
4.300000000000000000e+01 -4.422383923903728696e-05 -2.096599494468076119e-04
4.400000000000000000e+01 -6.373567151762420677e-05 -2.794067031616890868e-04
4.500000000000000000e+01 -9.097103492134171786e-05 -3.697190369976689956e-04
4.600000000000000000e+01 -1.286023114581416799e-04 -4.857813856150058722e-04
4.700000000000000000e+01 -1.800739640110362487e-04 -6.338182700896701069e-04
4.800000000000000000e+01 -2.497709544715415327e-04 -8.212292257776705739e-04
4.900000000000000000e+01 -3.432062166556857220e-04 -1.056722337656806118e-03
5.000000000000000000e+01 -4.672237298055316630e-04 -1.350440923831346986e-03
5.100000000000000000e+01 -6.302116426986543746e-04 -1.714076391555575431e-03
5.200000000000000000e+01 -8.423176151127567159e-04 -2.160958858339606138e-03
5.300000000000000000e+01 -1.115656086106575455e-03 -2.706116422220191699e-03
5.400000000000000000e+01 -1.464494611607183297e-03 -3.366293855975395835e-03
5.500000000000000000e+01 -1.905403967858485589e-03 -4.159921169094306717e-03
5.600000000000000000e+01 -2.457354796631911614e-03 -5.107021699210966686e-03
5.700000000000000000e+01 -3.141742496711431853e-03 -6.229049262640016897e-03
5.800000000000000000e+01 -3.982321776466976257e-03 -7.548645554143841585e-03
5.900000000000000000e+01 -5.005032676522878921e-03 -9.089311819075209659e-03
6.000000000000000000e+01 -6.237701550956656175e-03 -1.087499104924675650e-02
6.100000000000000000e+01 -7.709604210367137882e-03 -1.292955835051504479e-02
6.200000000000000000e+01 -9.450883636419632472e-03 -1.527621979679913596e-02
6.300000000000000000e+01 -1.149182016907796498e-02 -1.793682544836457463e-02
6.400000000000000000e+01 -1.386195828428548465e-02 -2.093110838083440603e-02
6.500000000000000000e+01 -1.658910241297396199e-02 -2.427586559211155487e-02
6.600000000000000000e+01 -1.969820368076856745e-02 -2.798409891045845754e-02
6.700000000000000000e+01 -2.321016721787468387e-02 -3.206413787248411917e-02
6.800000000000000000e+01 -2.714061589134166008e-02 -3.651877297483947099e-02
6.900000000000000000e+01 -3.149865341115387629e-02 -4.134443308733859457e-02
7.000000000000000000e+01 -3.628567691572027326e-02 -4.653044175033389795e-02
7.100000000000000000e+01 -4.149429246556410322e-02 -5.205838542423072562e-02
7.200000000000000000e+01 -4.710738618953851792e-02 -5.790162680247479265e-02
7.300000000000000000e+01 -5.309740281377662435e-02 -6.402499796192794024e-02
7.400000000000000000e+01 -5.942588201828161859e-02 -7.038470658245014888e-02
7.500000000000000000e+01 -6.604329740266201565e-02 -7.692848110859047683e-02
7.600000000000000000e+01 -7.288923239679023780e-02 -8.359597112531869101e-02
7.700000000000000000e+01 -7.989291648407205459e-02 -9.031941210732716274e-02
7.800000000000000000e+01 -8.697413468887119081e-02 -9.702455822091310411e-02
7.900000000000000000e+01 -9.404450996749416647e-02 -1.036318778963822018e-01
8.000000000000000000e+01 -1.010091413800561500e-01 -1.100579927106829781e-01
8.100000000000000000e+01 -1.077685646521948232e-01 -1.162173256794843124e-01
8.200000000000000000e+01 -1.142209877433976728e-01 -1.220239161314781023e-01
8.300000000000000000e+01 -1.202647401741997885e-01 -1.273933539216930144e-01
8.400000000000000000e+01 -1.258008606873875779e-01 -1.322447792309771053e-01
8.500000000000000000e+01 -1.307357363607418999e-01 -1.365028830910700319e-01
8.600000000000000000e+01 -1.349836994746328178e-01 -1.400998352184954499e-01
8.700000000000000000e+01 -1.384694853065853437e-01 -1.429770683083796678e-01
8.800000000000000000e+01 -1.411304540731196377e-01 -1.450868587658781239e-01
8.900000000000000000e+01 -1.429184849259005075e-01 -1.463936506315008657e-01
9.000000000000000000e+01 -1.438014602662995578e-01 -1.468750683151197889e-01
9.100000000000000000e+01 -1.437642738632288475e-01 -1.465225676433599689e-01
9.200000000000000000e+01 -1.428093150337642614e-01 -1.453416955396604204e-01
9.300000000000000000e+01 -1.409564027912108553e-01 -1.433519564558091985e-01
9.400000000000000000e+01 -1.382421678495803219e-01 -1.405862975160942774e-01
9.500000000000000000e+01 -1.347189055292014048e-01 -1.370902236381300598e-01
9.600000000000000000e+01 -1.304529470034974659e-01 -1.329205618450585158e-01
9.700000000000000000e+01 -1.255226179405341536e-01 -1.281439220882184815e-01
9.800000000000000000e+01 -1.200158712857888194e-01 -1.228349282977556772e-01
9.900000000000000000e+01 -1.140276943460651199e-01 -1.170742929944053046e-01
1.000000000000000000e+02 -1.076573986243758996e-01 -1.109467925101819685e-01
1.010000000000000000e+02 -1.010059026084728917e-01 -1.045391997620112867e-01
1.020000000000000000e+02 -9.417311275268989978e-02 -9.793825120803872908e-02
1.030000000000000000e+02 -8.725549783035214946e-02 -9.122873205134804375e-02
1.040000000000000000e+02 -8.034393798948938348e-02 -8.449174035709057506e-02
1.050000000000000000e+02 -7.352191216243292304e-02 -7.780316099191846024e-02
1.060000000000000000e+02 -6.686406660281474235e-02 -7.123237486226553783e-02
1.070000000000000000e+02 -6.043518585772209017e-02 -6.484123873287579720e-02
1.080000000000000000e+02 -5.428956771250346980e-02 -5.868336318665204332e-02
1.090000000000000000e+02 -4.847078570752415966e-02 -5.280368594273329025e-02
1.100000000000000000e+02 -4.301180663487234185e-02 -4.723831398219147104e-02
1.110000000000000000e+02 -3.793541755927881676e-02 -4.201460908051468657e-02
1.120000000000000000e+02 -3.325490884605248471e-02 -3.715149978753036486e-02
1.130000000000000000e+02 -2.897495575531983461e-02 -3.265999524152561617e-02
1.140000000000000000e+02 -2.509264002832405430e-02 -2.854385798500519086e-02
1.150000000000000000e+02 -2.159855457576285651e-02 -2.480038656391763199e-02
1.160000000000000000e+02 -1.847793929011079875e-02 -2.142126890278052420e-02
1.170000000000000000e+02 -1.571180315957685161e-02 -1.839347759793818690e-02
1.180000000000000000e+02 -1.327799567431048842e-02 -1.570017722964260620e-02
1.190000000000000000e+02 -1.115219845982481570e-02 -1.332160976531221973e-02
1.200000000000000000e+02 -9.308816293354135393e-03 -1.123592873527338651e-02
1.210000000000000000e+02 -7.721754675996036002e-03 -9.419964162428249091e-03
1.220000000000000000e+02 -6.365078074422488713e-03 -7.849908277748129243e-03
1.230000000000000000e+02 -5.213548560438300943e-03 -6.501913884213193773e-03
1.240000000000000000e+02 -4.243049163052910189e-03 -5.352598517904824139e-03
1.250000000000000000e+02 -3.430899882482301051e-03 -4.379452448806706033e-03
1.260000000000000000e+02 -2.756076812385212151e-03 -3.561154613694239059e-03
1.270000000000000000e+02 -2.199346216127237227e-03 -2.877803853064363031e-03
1.280000000000000000e+02 -1.743326014404501150e-03 -2.311073353964959633e-03
1.290000000000000000e+02 -1.372487192308505417e-03 -1.844296561894422093e-03
1.300000000000000000e+02 -1.073107182504230706e-03 -1.462494085004948556e-03
1.310000000000000000e+02 -8.331864131073802009e-04 -1.152352154266978249e-03
1.320000000000000000e+02 -6.423380960235746187e-04 -9.021630136613597922e-04
1.330000000000000000e+02 -4.916601121948708988e-04 -7.017365625295225338e-04
1.340000000000000000e+02 -3.735965803724039091e-04 -5.422915001109941506e-04
1.350000000000000000e+02 -2.817954167981385322e-04 -4.163333778310228297e-04
1.360000000000000000e+02 -2.109669592761065056e-04 -3.175260675820469418e-04
1.370000000000000000e+02 -1.567475897820241849e-04 -2.405620398586324181e-04
1.380000000000000000e+02 -1.155712622369886025e-04 -1.810356471454621814e-04
1.390000000000000000e+02 -8.455093396429939445e-05 -1.353225264044270498e-04
1.400000000000000000e+02 -6.137111773911176028e-05 -1.004673325317877354e-04
1.410000000000000000e+02 -4.419211954034536847e-05 -7.408125239302261705e-05
1.420000000000000000e+02 -3.156600349987197121e-05 -5.425008612690780831e-05
1.430000000000000000e+02 -2.236391838947590714e-05 -3.945311705890947106e-05
1.440000000000000000e+02 -1.571412162506978622e-05 -2.849254420197981646e-05
1.450000000000000000e+02 -1.094983272300105792e-05 -2.043293055876026687e-05
1.460000000000000000e+02 -7.565927496459826721e-06 -1.454991401566020875e-05
1.470000000000000000e+02 -5.183430230742466698e-06 -1.028730572670344601e-05
1.480000000000000000e+02 -3.520762597765660589e-06 -7.221636808390455223e-06
1.490000000000000000e+02 -2.370748998195134886e-06 -5.033197207197766177e-06
1.500000000000000000e+02 -1.582448721687080838e-06 -3.482638791937032862e-06
1.510000000000000000e+02 -1.046973673802422257e-06 -2.392276926882664974e-06
1.520000000000000000e+02 -6.865491757373971204e-07 -1.631307283720876500e-06
1.530000000000000000e+02 -4.461757146141014867e-07 -1.104242388086420628e-06
1.540000000000000000e+02 -2.873479651727758933e-07 -7.419600696059682639e-07
1.550000000000000000e+02 -1.833785455422099905e-07 -4.948432319143383145e-07
1.560000000000000000e+02 -1.159573655973938067e-07 -3.275743208267034832e-07
1.570000000000000000e+02 -7.264899203912940334e-08 -2.152245710279346458e-07
1.580000000000000000e+02 -4.509361346669426172e-08 -1.403454927925708083e-07
1.590000000000000000e+02 -2.772861522258149084e-08 -9.082692929936161733e-08
