0.000000000000000000e+00 -4.183982687149916991e-08 -1.202229435065512123e-06
1.000000000000000000e+00 -5.020700334077423990e-14 -4.365956364684442307e-10
2.000000000000000000e+00 -9.473583720121945320e-14 -6.393310721620857332e-10
3.000000000000000000e+00 -1.803570182579695522e-13 -9.843528707541899702e-10
4.000000000000000000e+00 -3.404431065844065309e-13 -1.508934742694818676e-09
5.000000000000000000e+00 -6.378325220310433626e-13 -2.301099824867811772e-09
6.000000000000000000e+00 -1.186819789298862634e-12 -3.491029776388279991e-09
7.000000000000000000e+00 -2.192220974903214497e-12 -5.269469059744509089e-09
8.000000000000000000e+00 -4.016386020301237428e-12 -7.914217725370653938e-09
9.000000000000000000e+00 -7.296461075191773430e-12 -1.182708570710190124e-08
1.000000000000000000e+01 -1.314999598605429914e-11 -1.758539558885092752e-08
1.100000000000000000e+01 -2.352593310956919032e-11 -2.601405554908179731e-08
1.200000000000000000e+01 -4.178446814505568875e-11 -3.828631615794630415e-08
1.300000000000000000e+01 -7.364458272127201206e-11 -5.606316275582027961e-08
1.400000000000000000e+01 -1.287523827121058693e-10 -8.168318421794685477e-08
1.500000000000000000e+01 -2.233011096815927479e-10 -1.184180738326637170e-07
1.600000000000000000e+01 -3.843393878221880372e-10 -1.708152175872808221e-07
1.700000000000000000e+01 -6.566417601257076733e-10 -2.451580340839715856e-07
1.800000000000000000e+01 -1.113458555065184390e-09 -3.500842857183008814e-07
1.900000000000000000e+01 -1.873410075125794391e-09 -4.974095203731708579e-07
2.000000000000000000e+01 -3.127316790079325671e-09 -7.032080130653111639e-07
2.100000000000000000e+01 -5.180468967808597720e-09 -9.892136887625686079e-07
2.200000000000000000e+01 -8.517484309369448291e-09 -1.384625985693969619e-06
2.300000000000000000e+01 -1.389958378056405650e-08 -1.928439188582792438e-06
2.400000000000000000e+01 -2.251013929318357925e-08 -2.672444578670912090e-06
2.500000000000000000e+01 -3.617437848827288187e-08 -3.685067725071545282e-06
2.600000000000000000e+01 -5.768986007638060455e-08 -5.056202614213418771e-06
2.700000000000000000e+01 -9.131253627265469395e-08 -6.903220191412844185e-06
2.800000000000000000e+01 -1.434546510581876837e-07 -9.378391117410013637e-06
2.900000000000000000e+01 -2.236796692056126609e-07 -1.267805778055759369e-05
3.000000000000000000e+01 -3.461297863467271742e-07 -1.705395291080949856e-05
3.100000000000000000e+01 -5.315710499679911926e-07 -2.282703163042109132e-05
3.200000000000000000e+01 -8.102658530816083492e-07 -3.040409251201506950e-05
3.300000000000000000e+01 -1.225909552877053820e-06 -4.029744323854041817e-05
3.400000000000000000e+01 -1.840970673729515232e-06 -5.314802098680725600e-05
3.500000000000000000e+01 -2.743966865542106469e-06 -6.975261480824105265e-05
3.600000000000000000e+01 -4.059368791074045523e-06 -9.109587813629547136e-05
3.700000000000000000e+01 -5.960827719991267443e-06 -1.183874714963525844e-04
3.800000000000000000e+01 -8.688395829460514571e-06 -1.531041424113092431e-04
3.900000000000000000e+01 -1.257067070549706828e-05 -1.970363684294801636e-04
4.000000000000000000e+01 -1.805336403354570023e-05 -2.523396722258248884e-04
4.100000000000000000e+01 -2.573610946143818653e-05 -3.215913956400176868e-04
4.200000000000000000e+01 -3.641892085959489236e-05 -4.078535506993464350e-04
4.300000000000000000e+01 -5.115917870989168881e-05 -5.147408321565421011e-04
4.400000000000000000e+01 -7.134053808430181097e-05 -6.464909454327557366e-04
4.500000000000000000e+01 -9.875653125082984088e-05 -8.080339959610159098e-04
4.600000000000000000e+01 -1.357117511355820667e-04 -1.005059613327585538e-03
4.700000000000000000e+01 -1.851411100116475729e-04 -1.244082857167734014e-03
4.800000000000000000e+01 -2.507452949504598069e-04 -1.532509374270412880e-03
4.900000000000000000e+01 -3.371418089881512655e-04 -1.878695553304006016e-03
5.000000000000000000e+01 -4.500342624637367062e-04 -2.291994103766706488e-03
5.100000000000000000e+01 -5.964010511786883330e-04 -2.782775436582762916e-03
5.200000000000000000e+01 -7.846962374917041284e-04 -3.362422226095983409e-03
5.300000000000000000e+01 -1.025049480948833592e-03 -4.043302396942004794e-03
5.400000000000000000e+01 -1.329457215455594806e-03 -4.838724910833019227e-03
5.500000000000000000e+01 -1.711966029316943499e-03 -5.762870730661952615e-03
5.600000000000000000e+01 -2.188843085206711257e-03 -6.830678714738332505e-03
5.700000000000000000e+01 -2.778707616953889070e-03 -8.057668261188163580e-03
5.800000000000000000e+01 -3.502589084486020573e-03 -9.459700552236351839e-03
5.900000000000000000e+01 -4.383898537005139796e-03 -1.105270140041465440e-02
6.000000000000000000e+01 -5.448322699665858471e-03 -1.285236753862779510e-02
6.100000000000000000e+01 -6.723634384145022250e-03 -1.487385050612186933e-02
6.200000000000000000e+01 -8.239371065528803412e-03 -1.713138405528481095e-02
6.300000000000000000e+01 -1.002633058514828916e-02 -1.963782692337869007e-02
6.400000000000000000e+01 -1.211589172272530511e-02 -2.240413810529254951e-02
6.500000000000000000e+01 -1.453921534492218400e-02 -2.543884768457399179e-02
6.600000000000000000e+01 -1.732634415096316258e-02 -2.874758287113823169e-02
6.700000000000000000e+01 -2.050514430158062451e-02 -3.233264951303689572e-02
6.800000000000000000e+01 -2.410004643414957043e-02 -3.619260932245330076e-02
6.900000000000000000e+01 -2.813066143083417861e-02 -4.032180179948718912e-02
7.000000000000000000e+01 -3.261041807252494651e-02 -4.470984524253394238e-02
7.100000000000000000e+01 -3.754528557062376815e-02 -4.934123632436322737e-02
7.200000000000000000e+01 -4.293251920005074218e-02 -5.419515814250069896e-02
7.300000000000000000e+01 -4.875940209853548563e-02 -5.924549260544658552e-02
7.400000000000000000e+01 -5.500213301598206456e-02 -6.446091780055529519e-02
7.500000000000000000e+01 -6.162508302955912315e-02 -6.980497899521588556e-02
7.600000000000000000e+01 -6.858048785781029055e-02 -7.523616500302257593e-02
7.700000000000000000e+01 -7.580845936741152646e-02 -8.070816505909411687e-02
7.800000000000000000e+01 -8.323725012577035121e-02 -8.617046552543747295e-02
7.900000000000000000e+01 -9.078391742984219526e-02 -9.156925673930191301e-02
8.000000000000000000e+01 -9.835558544813141624e-02 -9.684842913721786184e-02
8.100000000000000000e+01 -1.058512851994189985e-01 -1.019504438874651447e-01
8.200000000000000000e+01 -1.131641385021042445e-01 -1.068170831286705397e-01
8.300000000000000000e+01 -1.201837190903663338e-01 -1.113903086093511186e-01
8.400000000000000000e+01 -1.267986494905309625e-01 -1.156134441815289821e-01
8.500000000000000000e+01 -1.328995314453861043e-01 -1.194326295574716923e-01
8.600000000000000000e+01 -1.383820872617468889e-01 -1.227982208403402137e-01
8.700000000000000000e+01 -1.431502048216538037e-01 -1.256658199029514478e-01
8.800000000000000000e+01 -1.471186689232329980e-01 -1.279969179101628218e-01
8.900000000000000000e+01 -1.502155830306138307e-01 -1.297594488091775577e-01
9.000000000000000000e+01 -1.523845364731955809e-01 -1.309285478836363925e-01
9.100000000000000000e+01 -1.535864136860080886e-01 -1.314874817880039570e-01
9.200000000000000000e+01 -1.538006236801534310e-01 -1.314283820906133604e-01
9.300000000000000000e+01 -1.530256232376228653e-01 -1.307524198592948661e-01
9.400000000000000000e+01 -1.512787948359121115e-01 -1.294694168799875034e-01
9.500000000000000000e+01 -1.485958006916553165e-01 -1.275972538096196429e-01
9.600000000000000000e+01 -1.450294447539305365e-01 -1.251614467010994380e-01
9.700000000000000000e+01 -1.406480030625184563e-01 -1.221949131945326977e-01
9.800000000000000000e+01 -1.355330423306306820e-01 -1.187375935107545244e-01
9.900000000000000000e+01 -1.297768638012854470e-01 -1.148355875074388438e-01
1.000000000000000000e+02 -1.234797507589376342e-01 -1.105398181635435101e-01
1.010000000000000000e+02 -1.167471424668162366e-01 -1.059045840588414972e-01
1.020000000000000000e+02 -1.096867962164271154e-01 -1.009863777747432440e-01
1.030000000000000000e+02 -1.024060036402507229e-01 -9.584302897216008532e-02
1.040000000000000000e+02 -9.500897070180686077e-02 -9.053290834232713413e-02
1.050000000000000000e+02 -8.759448281469191244e-02 -8.511391061265341507e-02
1.060000000000000000e+02 -8.025393485212017897e-02 -7.964221121818369775e-02
1.070000000000000000e+02 -7.306975056917534850e-02 -7.417106964417363724e-02
1.080000000000000000e+02 -6.611419149958271124e-02 -6.874996677148151325e-02
1.090000000000000000e+02 -5.944856104587654955e-02 -6.342412674266448280e-02
1.100000000000000000e+02 -5.312281177852470893e-02 -5.823423356990018590e-02
1.110000000000000000e+02 -4.717554231364065598e-02 -5.321612723441136727e-02
1.120000000000000000e+02 -4.163433789810926794e-02 -4.840044085053311212e-02
1.130000000000000000e+02 -3.651639145975382750e-02 -4.381232213841071421e-02
1.140000000000000000e+02 -3.182934585439456399e-02 -3.947139963303291504e-02
1.150000000000000000e+02 -2.757230773413454905e-02 -3.539201739659126461e-02
1.160000000000000000e+02 -2.373698383948669513e-02 -3.158362012751910614e-02
1.170000000000000000e+02 -2.030888400042570041e-02 -2.805114832346737586e-02
1.180000000000000000e+02 -1.726853427081494197e-02 -2.479539343810031882e-02
1.190000000000000000e+02 -1.459265359298536277e-02 -2.181336121034622988e-02
1.200000000000000000e+02 -1.225526125536932631e-02 -1.909871055647510349e-02
1.210000000000000000e+02 -1.022869168314629283e-02 -1.664227888237728922e-02
1.220000000000000000e+02 -8.484497387965535264e-03 -1.443264066090853281e-02
1.230000000000000000e+02 -6.994225538925848140e-03 -1.245663164201387015e-02
1.240000000000000000e+02 -5.730061443485407087e-03 -1.069980581081558628e-02
1.250000000000000000e+02 -4.665340762954085785e-03 -9.146834996226352668e-03
1.260000000000000000e+02 -3.774938002009279280e-03 -7.781876469852962164e-03
1.270000000000000000e+02 -3.035541339306844447e-03 -6.588919876089630034e-03
1.280000000000000000e+02 -2.425825303887525330e-03 -5.552103544951587401e-03
1.290000000000000000e+02 -1.926534540207966179e-03 -4.655981992523856514e-03
1.300000000000000000e+02 -1.520493416840763227e-03 -3.885734230023004179e-03
1.310000000000000000e+02 -1.192556507804837023e-03 -3.227315987885154887e-03
1.320000000000000000e+02 -9.295139604312044855e-04 -2.667567181111652180e-03
1.330000000000000000e+02 -7.199642277685926357e-04 -2.194285659722504736e-03
1.340000000000000000e+02 -5.541651638661818178e-04 -1.796273226575942177e-03
1.350000000000000000e+02 -4.238730627951946208e-04 -1.463355429383385352e-03
1.360000000000000000e+02 -3.221776590532922889e-04 -1.186375604442544123e-03
1.370000000000000000e+02 -2.433394099935554588e-04 -9.571656159100912133e-04
1.380000000000000000e+02 -1.826337548840675795e-04 -7.684984175531919467e-04
1.390000000000000000e+02 -1.362056506453016892e-04 -6.140288291866150645e-04
1.400000000000000000e+02 -1.009365348385141316e-04 -4.882280607269668055e-04
1.410000000000000000e+02 -7.432490344835439213e-05 -3.863153919917229661e-04
1.420000000000000000e+02 -5.438088940344376089e-05 -3.041885418133768743e-04
1.430000000000000000e+02 -3.953459894116895040e-05 -2.383536106152600825e-04
1.440000000000000000e+02 -2.855751147323995275e-05 -1.858558859458314964e-04
1.450000000000000000e+02 -2.049595417358193242e-05 -1.442133430027217351e-04
1.460000000000000000e+02 -1.461548782215966587e-05 -1.113545898971436156e-04
1.470000000000000000e+02 -1.035495899381968116e-05 -8.556227372246321186e-05
1.480000000000000000e+02 -7.288962576094766671e-06 -6.542210981834710882e-05
1.490000000000000000e+02 -5.097504226201680856e-06 -4.977722597521325404e-05
1.500000000000000000e+02 -3.541735939429199576e-06 -3.768750007095866177e-05
1.510000000000000000e+02 -2.444745015399276502e-06 -2.839373237516952682e-05
1.520000000000000000e+02 -1.676493187063442257e-06 -2.128654383380670857e-05
1.530000000000000000e+02 -1.142122860092818252e-06 -1.587976623612588425e-05
1.540000000000000000e+02 -7.729627863882730761e-07 -1.178791351704373914e-05
1.550000000000000000e+02 -5.196740042844453235e-07 -8.707232506486504604e-06
1.560000000000000000e+02 -3.470738750916697417e-07 -6.399851299380551539e-06
1.570000000000000000e+02 -2.302624762080597009e-07 -4.680614559634342659e-06
1.580000000000000000e+02 -1.517492736643539095e-07 -3.406251344569685988e-06
1.590000000000000000e+02 -9.933996574333043245e-08 -2.466547999186079336e-06
