0.000000000000000000e+00 -7.479820622420460377e-07 -2.142798964892500932e-06
1.000000000000000000e+00 -7.404717463022247990e-10 -5.020167713089334174e-11
2.000000000000000000e+00 -1.104544844574592557e-09 -7.709859666167010961e-11
3.000000000000000000e+00 -1.709820713517929305e-09 -1.243945993422347809e-10
4.000000000000000000e+00 -2.634856503901450980e-09 -1.996316792536348818e-10
5.000000000000000000e+00 -4.037600577845806509e-09 -3.182884713986741167e-10
6.000000000000000000e+00 -6.152188117918344909e-09 -5.044040351041733886e-10
7.000000000000000000e+00 -9.321402873021281585e-09 -7.951320660591951792e-10
8.000000000000000000e+00 -1.404371693044208021e-08 -1.247296231679319314e-09
9.000000000000000000e+00 -2.103945189310835212e-08 -1.946504682036290379e-09
1.000000000000000000e+01 -3.134320236927662258e-08 -3.020238242459768296e-09
1.100000000000000000e+01 -4.643203012693739453e-08 -4.657632620855670637e-09
1.200000000000000000e+01 -6.840180586892878868e-08 -7.139715892630361891e-09
1.300000000000000000e+01 -1.002078341194111048e-07 -1.088380439016699030e-08
1.400000000000000000e+01 -1.459910086080300837e-07 -1.650502677789197338e-08
1.500000000000000000e+01 -2.115174290779157767e-07 -2.489892625403316455e-08
1.600000000000000000e+01 -3.047674338391226664e-07 -3.735447453645300808e-08
1.700000000000000000e+01 -4.367190517294445059e-07 -5.571594412593251368e-08
1.800000000000000000e+01 -6.223813502199112122e-07 -8.261910500540997683e-08
1.900000000000000000e+01 -8.821464588273063544e-07 -1.218257416163602880e-07
2.000000000000000000e+01 -1.243546573154220027e-06 -1.786730093833735515e-07
2.100000000000000000e+01 -1.743523665388953603e-06 -2.606560852160059934e-07
2.200000000000000000e+01 -2.431342567418853828e-06 -3.781903598829361384e-07
2.300000000000000000e+01 -3.372300548515255400e-06 -5.456478458498000288e-07
2.400000000000000000e+01 -4.652410100772324985e-06 -7.827965684386221279e-07
2.500000000000000000e+01 -6.384261377193306458e-06 -1.116756047291626412e-06
2.600000000000000000e+01 -8.714309443988631652e-06 -1.584531168941927547e-06
2.700000000000000000e+01 -1.183187391937625638e-05 -2.236178678305250159e-06
2.800000000000000000e+01 -1.598017314061168345e-05 -3.138768909770801359e-06
2.900000000000000000e+01 -2.146973528692421620e-05 -4.381496515225870292e-06
3.000000000000000000e+01 -2.869454322907282905e-05 -6.082410477662584096e-06
3.100000000000000000e+01 -3.815129481723827741e-05 -8.397137391967585471e-06
3.200000000000000000e+01 -5.046219858986177145e-05 -1.152973510732748697e-05
3.300000000000000000e+01 -6.640175094551288896e-05 -1.574572471604209346e-05
3.400000000000000000e+01 -8.692791767661055334e-05 -2.138763764792611606e-05
3.500000000000000000e+01 -1.132180617992074065e-04 -2.889393867880481634e-05
3.600000000000000000e+01 -1.467098595644906241e-04 -3.882246510431918931e-05
3.700000000000000000e+01 -1.891473765476398808e-04 -5.187920149136635278e-05
3.800000000000000000e+01 -2.426324282254460195e-04 -6.895249685948885471e-05
3.900000000000000000e+01 -3.096812408797560475e-04 -9.115237815991931026e-05
4.000000000000000000e+01 -3.932861738843025884e-04 -1.198548796487904078e-04
4.100000000000000000e+01 -4.969818839882223210e-04 -1.567520893091520261e-04
4.200000000000000000e+01 -6.249149430065947548e-04 -2.039092481955776177e-04
4.300000000000000000e+01 -7.819156797284332588e-04 -2.638301591258592990e-04
4.400000000000000000e+01 -9.735708457357462918e-04 -3.395311354991966736e-04
4.500000000000000000e+01 -1.206295388022617749e-03 -4.346218132274955420e-04
4.600000000000000000e+01 -1.487401009232146038e-03 -5.533890522062684392e-04
4.700000000000000000e+01 -1.825158456930268264e-03 -7.008796382535105451e-04
4.800000000000000000e+01 -2.228849956142280563e-03 -8.829803387980993904e-04
4.900000000000000000e+01 -2.708808075333774424e-03 -1.106498826689486861e-03
5.000000000000000000e+01 -3.276437374871090866e-03 -1.379250276223035164e-03
5.100000000000000000e+01 -3.944214995645146764e-03 -1.710146322186796618e-03
5.200000000000000000e+01 -4.725665762044597984e-03 -2.109268842094525701e-03
5.300000000000000000e+01 -5.635306798515439183e-03 -2.587905304423760225e-03
5.400000000000000000e+01 -6.688556688004452903e-03 -3.158537913683008048e-03
5.500000000000000000e+01 -7.901605009759289644e-03 -3.834806605858290252e-03
5.600000000000000000e+01 -9.291239245823923465e-03 -4.631475017252955489e-03
5.700000000000000000e+01 -1.087462694357590326e-02 -5.564396436207528530e-03
5.800000000000000000e+01 -1.266905149755643070e-02 -6.650425432753364133e-03
5.900000000000000000e+01 -1.469160033861416186e-02 -7.907209077741646566e-03
6.000000000000000000e+01 -1.695880526610590855e-02 -9.352852957408886586e-03
6.100000000000000000e+01 -1.948623658187380314e-02 -1.100554410237089900e-02
6.200000000000000000e+01 -2.228805569279705689e-02 -1.288322612238757339e-02
6.300000000000000000e+01 -2.537653432443535279e-02 -1.500331964492817444e-02
6.400000000000000000e+01 -2.876155088407777310e-02 -1.738235470572168512e-02
6.500000000000000000e+01 -3.245007440692915940e-02 -2.003538354154522222e-02
6.600000000000000000e+01 -3.644564484886689965e-02 -2.297521202381604816e-02
6.700000000000000000e+01 -4.074785920543081558e-02 -2.621166857050495624e-02
6.800000000000000000e+01 -4.535187931740878448e-02 -2.975110738031178786e-02
6.900000000000000000e+01 -5.024798619480380646e-02 -3.359609805926786624e-02
7.000000000000000000e+01 -5.542120788033322309e-02 -3.774503126542919779e-02
7.100000000000000000e+01 -6.085103741184652582e-02 -4.219144158092690000e-02
7.200000000000000000e+01 -6.651124263304550310e-02 -4.692318932788590996e-02
7.300000000000000000e+01 -7.236976863061271581e-02 -5.192190290487033039e-02
7.400000000000000000e+01 -7.838875325810974737e-02 -5.716294696260715291e-02
7.500000000000000000e+01 -8.452469642430643360e-02 -6.261574669778344204e-02
7.600000000000000000e+01 -9.072881347862772616e-02 -6.824402163397005894e-02
7.700000000000000000e+01 -9.694755918404571182e-02 -7.400569498002154689e-02
7.800000000000000000e+01 -1.031232728042926622e-01 -7.985275439070707582e-02
7.900000000000000000e+01 -1.091949126894925098e-01 -8.573159651921424818e-02
8.000000000000000000e+01 -1.150989092536227748e-01 -9.158407881587318777e-02
8.100000000000000000e+01 -1.207701950744253933e-01 -9.734892595158500805e-02
8.200000000000000000e+01 -1.261434136318672627e-01 -1.029629083013713087e-01
8.300000000000000000e+01 -1.311542066731466172e-01 -1.083615854585093796e-01
8.400000000000000000e+01 -1.357404491713453953e-01 -1.134799925077540766e-01
8.500000000000000000e+01 -1.398433946784885806e-01 -1.182538078021407035e-01
8.600000000000000000e+01 -1.434088181765947601e-01 -1.226210978724157769e-01
8.700000000000000000e+01 -1.463882423311623215e-01 -1.265241585040621508e-01
8.800000000000000000e+01 -1.487401789206280467e-01 -1.299108703650856678e-01
8.900000000000000000e+01 -1.504311754834034565e-01 -1.327354553276330063e-01
9.000000000000000000e+01 -1.514365115398417505e-01 -1.349590477745081230e-01
9.100000000000000000e+01 -1.517406083858181265e-01 -1.365505355691800093e-01
9.200000000000000000e+01 -1.513373582335392764e-01 -1.374876669562777320e-01
9.300000000000000000e+01 -1.502304615902094742e-01 -1.377579684872546339e-01
9.400000000000000000e+01 -1.484336045366080603e-01 -1.373590390297078634e-01
9.500000000000000000e+01 -1.459702174180133594e-01 -1.362982239299544152e-01
9.600000000000000000e+01 -1.428727684867283076e-01 -1.345920606716929369e-01
9.700000000000000000e+01 -1.391818383388226665e-01 -1.322658496779989257e-01
9.800000000000000000e+01 -1.349452564040381497e-01 -1.293533309099756945e-01
9.900000000000000000e+01 -1.302173098667876727e-01 -1.258961504772748430e-01
1.000000000000000000e+02 -1.250577727245801296e-01 -1.219428686352092561e-01
1.010000000000000000e+02 -1.195305634147549034e-01 -1.175475855480617726e-01
1.020000000000000000e+02 -1.137021619972902881e-01 -1.127685000488633238e-01
1.030000000000000000e+02 -1.076401306652734480e-01 -1.076666543660916298e-01
1.040000000000000000e+02 -1.014119404661808915e-01 -1.023048584094510133e-01
1.050000000000000000e+02 -9.508398122229110017e-02 -9.674660687224585776e-02
1.060000000000000000e+02 -8.872049609867489750e-02 -9.105485885184826100e-02
1.070000000000000000e+02 -8.238237757345812096e-02 -8.529075026819255001e-02
1.080000000000000000e+02 -7.612604352325695600e-02 -7.951243901493111610e-02
1.090000000000000000e+02 -7.000265438123641493e-02 -7.377422758216230225e-02
1.100000000000000000e+02 -6.405770247023905017e-02 -6.812594589468481954e-02
1.110000000000000000e+02 -5.833077551606637851e-02 -6.261247262353324128e-02
1.120000000000000000e+02 -5.285531150114248372e-02 -5.727330800385114357e-02
1.130000000000000000e+02 -4.765836919533032040e-02 -5.214222272799956537e-02
1.140000000000000000e+02 -4.276058411960738381e-02 -4.724707360278614099e-02
1.150000000000000000e+02 -3.817641259810103382e-02 -4.260984060756793645e-02
1.160000000000000000e+02 -3.391458741820668754e-02 -3.824685114817336778e-02
1.170000000000000000e+02 -2.997862124422234417e-02 -3.416910493071614874e-02
1.180000000000000000e+02 -2.636727065120992447e-02 -3.038263538178462286e-02
1.190000000000000000e+02 -2.307500294085448531e-02 -2.688890311128026150e-02
1.200000000000000000e+02 -2.009254688824126459e-02 -2.368525033594601203e-02
1.210000000000000000e+02 -1.740753766178312206e-02 -2.076542768621533405e-02
1.220000000000000000e+02 -1.500518231475104006e-02 -1.812016448793814932e-02
1.230000000000000000e+02 -1.286886355903254196e-02 -1.573773351575056753e-02
1.240000000000000000e+02 -1.098065844462269361e-02 -1.360447620649174114e-02
1.250000000000000000e+02 -9.321803121814062343e-03 -1.170528399490843550e-02
1.260000000000000000e+02 -7.873136238895638711e-03 -1.002404732720170791e-02
1.270000000000000000e+02 -6.615517286184096832e-03 -8.544077416030871827e-03
1.280000000000000000e+02 -5.530189274372215510e-03 -7.248490784708889675e-03
1.290000000000000000e+02 -4.599062136362382439e-03 -6.120540801399906340e-03
1.300000000000000000e+02 -3.804919814437641816e-03 -5.143888138487498485e-03
1.310000000000000000e+02 -3.131571781895927005e-03 -4.302814242044599065e-03
1.320000000000000000e+02 -2.563966603495657515e-03 -3.582387822213075213e-03
1.330000000000000000e+02 -2.088271115708244686e-03 -2.968591892296618996e-03
1.340000000000000000e+02 -1.691910319207337240e-03 -2.448413638235057230e-03
1.350000000000000000e+02 -1.363566388178033637e-03 -2.009897441349693843e-03
1.360000000000000000e+02 -1.093144045207604907e-03 -1.642163712516169632e-03
1.370000000000000000e+02 -8.717144533950569544e-04 -1.335399570737581029e-03
1.380000000000000000e+02 -6.914473623878237239e-04 -1.080828588992527100e-03
1.390000000000000000e+02 -5.455354589119255915e-04 -8.706654572789350541e-04
1.400000000000000000e+02 -4.281114113838437735e-04 -6.980593122665054110e-04
1.410000000000000000e+02 -3.341588654212353606e-04 -5.570283670713420659e-04
1.420000000000000000e+02 -2.594211519448360215e-04 -4.423885444437650758e-04
1.430000000000000000e+02 -2.003123786881823363e-04 -3.496791732463633111e-04
1.440000000000000000e+02 -1.538340242883209658e-04 -2.750886507922324338e-04
1.450000000000000000e+02 -1.174978375793643218e-04 -2.153822454698474842e-04
1.460000000000000000e+02 -8.925468491795009705e-05 -1.678333718312303741e-04
1.470000000000000000e+02 -6.742927419220837474e-05 -1.301591096286695848e-04
1.480000000000000000e+02 -5.066132851956479098e-05 -1.004604999456031966e-04
1.490000000000000000e+02 -3.785379031209723728e-05 -7.716804098278749356e-05
1.500000000000000000e+02 -2.812801435223862470e-05 -5.899264748435018696e-05
1.510000000000000000e+02 -2.078530301982355310e-05 -4.488210892595339592e-05
1.520000000000000000e+02 -1.527398722485182888e-05 -3.398285787125886735e-05
1.530000000000000000e+02 -1.116144690195172809e-05 -2.560671350867324154e-05
1.540000000000000000e+02 -8.110642085939925348e-06 -1.920220267341571910e-05
1.550000000000000000e+02 -5.860716237647294096e-06 -1.433004744989325604e-05
1.560000000000000000e+02 -4.211135136924803898e-06 -1.064240660662761540e-05
1.570000000000000000e+02 -3.008792239844134196e-06 -7.865456847760488382e-06
1.580000000000000000e+02 -2.137579356089287173e-06 -5.784901098649248046e-06
1.590000000000000000e+02 -1.510021909912703525e-06 -4.234005996901061553e-06
