0.000000000000000000e+00 -1.809584601237197332e-06 -1.103433404273914932e-06
1.000000000000000000e+00 -1.431976377743565911e-09 -3.860626304509433937e-10
2.000000000000000000e+00 -2.040778722101050485e-09 -5.789013344959710266e-10
3.000000000000000000e+00 -3.087775832877294920e-09 -9.024131035903533002e-10
4.000000000000000000e+00 -4.656581151416195678e-09 -1.400420190516480643e-09
5.000000000000000000e+00 -6.987622908740002763e-09 -2.161432387457441337e-09
6.000000000000000000e+00 -1.043215888901378554e-08 -3.317629625371477025e-09
7.000000000000000000e+00 -1.549518282318209350e-08 -5.064258959837772060e-09
8.000000000000000000e+00 -2.289877707203171210e-08 -7.688012509042978109e-09
9.000000000000000000e+00 -3.366981040876621084e-08 -1.160738955210664894e-08
1.000000000000000000e+01 -4.925969305925455093e-08 -1.742956177866878268e-08
1.100000000000000000e+01 -7.170707332812146078e-08 -2.602994402831314912e-08
1.200000000000000000e+01 -1.038588167473606196e-07 -3.866299307873956861e-08
1.300000000000000000e+01 -1.496697252102456456e-07 -5.711575416712553076e-08
1.400000000000000000e+01 -2.146061513608695475e-07 -8.391926951240885744e-08
1.500000000000000000e+01 -3.061830609768160654e-07 -1.226372450530558445e-07
1.600000000000000000e+01 -4.346705692173625376e-07 -1.782568827311375069e-07
1.700000000000000000e+01 -6.140177760835386981e-07 -2.577143821692759976e-07
1.800000000000000000e+01 -8.630593161529533524e-07 -3.705977918187682292e-07
1.900000000000000000e+01 -1.207088757828368823e-06 -5.300821751311268886e-07
2.000000000000000000e+01 -1.679896369582148657e-06 -7.541654504158151921e-07
2.100000000000000000e+01 -2.326376763458193540e-06 -1.067287802575473911e-06
2.200000000000000000e+01 -3.205825660502550776e-06 -1.502435491901382076e-06
2.300000000000000000e+01 -4.396078884890887433e-06 -2.103854354131174170e-06
2.400000000000000000e+01 -5.998700346719503706e-06 -2.930529809567825231e-06
2.500000000000000000e+01 -8.145474885567504067e-06 -4.060624474143558721e-06
2.600000000000000000e+01 -1.100647621701313241e-05 -5.597095595474750493e-06
2.700000000000000000e+01 -1.479996125566430033e-05 -7.674742358472003284e-06
2.800000000000000000e+01 -1.980433919108715612e-05 -1.046896654958991752e-05
2.900000000000000000e+01 -2.637253373769530754e-05 -1.420657925788949904e-05
3.000000000000000000e+01 -3.494918873539328778e-05 -1.917904782367421370e-05
3.100000000000000000e+01 -4.609125450584364899e-05 -2.575862942107076797e-05
3.200000000000000000e+01 -6.049242058353879024e-05 -3.441785783232547064e-05
3.300000000000000000e+01 -7.901165283661639675e-05 -4.575284186949653774e-05
3.400000000000000000e+01 -1.027059496162022146e-04 -6.051083229703396076e-05
3.500000000000000000e+01 -1.328675510007930609e-04 -7.962254855649932841e-05
3.600000000000000000e+01 -1.710661441892633310e-04 -1.042398031851637393e-04
3.700000000000000000e+01 -2.191967142668995393e-04 -1.357789428983804947e-04
3.800000000000000000e+01 -2.795332329323567204e-04 -1.759704806886538768e-04
3.900000000000000000e+01 -3.547875115103403401e-04 -2.269150605462349958e-04
4.000000000000000000e+01 -4.481719732729893039e-04 -2.911456967826717406e-04
4.100000000000000000e+01 -5.634654183440212898e-04 -3.716961374720510768e-04
4.200000000000000000e+01 -7.050817301832867532e-04 -4.721751197833742170e-04
4.300000000000000000e+01 -8.781416668901087085e-04 -5.968459986488473552e-04
4.400000000000000000e+01 -1.088546441126524763e-03 -7.507106346955774809e-04
4.500000000000000000e+01 -1.343049383955898998e-03 -9.395957045806244134e-04
4.600000000000000000e+01 -1.649320715187771978e-03 -1.170239086903159583e-03
4.700000000000000000e+01 -2.016001790798852087e-03 -1.450373803003793477e-03
4.800000000000000000e+01 -2.452747961725430109e-03 -1.788806842785134205e-03
4.900000000000000000e+01 -2.970259984707980354e-03 -2.195489612760726395e-03
5.000000000000000000e+01 -3.580300645662207962e-03 -2.681575654587458734e-03
5.100000000000000000e+01 -4.295688087073523502e-03 -3.259460274082563117e-03
5.200000000000000000e+01 -5.130255613057178171e-03 -3.942796464077629771e-03
5.300000000000000000e+01 -6.098772525411995729e-03 -4.746481968233960333e-03
5.400000000000000000e+01 -7.216828169145833409e-03 -5.686612704804793264e-03
5.500000000000000000e+01 -8.500683832341699234e-03 -6.780397389522260440e-03
5.600000000000000000e+01 -9.967090441824885336e-03 -8.046027507454147146e-03
5.700000000000000000e+01 -1.163306014416395917e-02 -9.502496997185833072e-03
5.800000000000000000e+01 -1.351557865337153427e-02 -1.116936762855524727e-02
5.900000000000000000e+01 -1.563125781835551092e-02 -1.306647804386911089e-02
6.000000000000000000e+01 -1.799594470064404955e-02 -1.521359544396751716e-02
6.100000000000000000e+01 -2.062430763831247724e-02 -1.763000931814851652e-02
6.200000000000000000e+01 -2.352940499791537562e-02 -2.033406852613308877e-02
6.300000000000000000e+01 -2.672222313327589013e-02 -2.334266736261263880e-02
6.400000000000000000e+01 -3.021117014102109311e-02 -2.667069045905624824e-02
6.500000000000000000e+01 -3.400153850692418100e-02 -3.033042690162377625e-02
6.600000000000000000e+01 -3.809498058095308476e-02 -3.433096151860429851e-02
6.700000000000000000e+01 -4.248904301249033233e-02 -3.867755228940139567e-02
6.800000000000000000e+01 -4.717677175839226494e-02 -4.337101202391416971e-02
6.900000000000000000e+01 -5.214636050253111665e-02 -4.840712423325896352e-02
7.000000000000000000e+01 -5.738081730602060532e-02 -5.377612405171560556e-02
7.100000000000000000e+01 -6.285767505519920806e-02 -5.946225998854091921e-02
7.200000000000000000e+01 -6.854882333507941738e-02 -6.544343616932732366e-02
7.300000000000000000e+01 -7.442053155402375553e-02 -7.169094072226468717e-02
7.400000000000000000e+01 -8.043365835030621969e-02 -7.816929568547899276e-02
7.500000000000000000e+01 -8.654396847901500711e-02 -8.483628499076333040e-02
7.600000000000000000e+01 -9.270248738691039270e-02 -9.164319404867575514e-02
7.700000000000000000e+01 -9.885591998032805527e-02 -9.853523632078475814e-02
7.800000000000000000e+01 -1.049472483220380836e-01 -1.054521082706369739e-01
7.900000000000000000e+01 -1.109165959576858679e-01 -1.123286521287979595e-01
8.000000000000000000e+01 -1.167023058381667366e-01 -1.190956840208108464e-01
8.100000000000000000e+01 -1.222420556447311735e-01 -1.256810669311496098e-01
8.200000000000000000e+01 -1.274738661899498249e-01 -1.320110200406039991e-01
8.300000000000000000e+01 -1.323370341553565255e-01 -1.380115310257200578e-01
8.400000000000000000e+01 -1.367731650539046884e-01 -1.436097175326751241e-01
8.500000000000000000e+01 -1.407274264041214196e-01 -1.487351146083445430e-01
8.600000000000000000e+01 -1.441499121133753003e-01 -1.533210136440160964e-01
8.700000000000000000e+01 -1.469968324597617226e-01 -1.573059595212336070e-01
8.800000000000000000e+01 -1.492313215805112225e-01 -1.606353107518160850e-01
8.900000000000000000e+01 -1.508239362098154901e-01 -1.632625934222313169e-01
9.000000000000000000e+01 -1.517531260034261364e-01 -1.651504523652699286e-01
9.100000000000000000e+01 -1.520058579870002535e-01 -1.662712785058196863e-01
9.200000000000000000e+01 -1.515782540170653725e-01 -1.666077730452065198e-01
9.300000000000000000e+01 -1.504758825549572243e-01 -1.661535715961774407e-01
9.400000000000000000e+01 -1.487134817785081831e-01 -1.649137249511074266e-01
9.500000000000000000e+01 -1.463142674600161064e-01 -1.629046916525009880e-01
9.600000000000000000e+01 -1.433092188204683759e-01 -1.601537359621670320e-01
9.700000000000000000e+01 -1.397365851817217175e-01 -1.566980074990999561e-01
9.800000000000000000e+01 -1.356414629770061608e-01 -1.525836807741799694e-01
9.900000000000000000e+01 -1.310750645097613631e-01 -1.478652272434422266e-01
1.000000000000000000e+02 -1.260934815682007715e-01 -1.426045182876578277e-01
1.010000000000000000e+02 -1.207561587084401977e-01 -1.368694473607304229e-01
1.020000000000000000e+02 -1.151245119437898645e-01 -1.307321408651574424e-01
1.030000000000000000e+02 -1.092609357632729483e-01 -1.242671791684012428e-01
1.040000000000000000e+02 -1.032280393298535270e-01 -1.175501779960090865e-01
1.050000000000000000e+02 -9.708775398925460764e-02 -1.106566690834414890e-01
1.060000000000000000e+02 -9.090014940727009218e-02 -1.036609295526552260e-01
1.070000000000000000e+02 -8.472216688295938769e-02 -9.663455557508923710e-02
1.080000000000000000e+02 -7.860664110406399840e-02 -8.964497532401605184e-02
1.090000000000000000e+02 -7.260178411146582522e-02 -8.275429405755851953e-02
1.100000000000000000e+02 -6.675096622018215908e-02 -7.601865103793178924e-02
1.110000000000000000e+02 -6.109248960188595756e-02 -6.948789635849222934e-02
1.120000000000000000e+02 -5.565922391020986654e-02 -6.320527090618477395e-02
1.130000000000000000e+02 -5.047825337969689963e-02 -5.720699887454858135e-02
1.140000000000000000e+02 -4.557078329739573663e-02 -5.152199708772414732e-02
1.150000000000000000e+02 -4.095239407896767575e-02 -4.617194332400121476e-02
1.160000000000000000e+02 -3.663349779618000485e-02 -4.117171217005181211e-02
1.170000000000000000e+02 -3.261977652375418202e-02 -3.652995684600759269e-02
1.180000000000000000e+02 -2.891251151775846295e-02 -3.224962503088843468e-02
1.190000000000000000e+02 -2.550889109252273482e-02 -2.832839918471352636e-02
1.200000000000000000e+02 -2.240243566206654574e-02 -2.475920772661194952e-02
1.210000000000000000e+02 -1.958357536314439540e-02 -2.153091032745825875e-02
1.220000000000000000e+02 -1.704028390449969371e-02 -1.862909738195243567e-02
1.230000000000000000e+02 -1.475864139238413850e-02 -1.603684939239315502e-02
1.240000000000000000e+02 -1.272327948304549303e-02 -1.373536127615185287e-02
1.250000000000000000e+02 -1.091775887148580676e-02 -1.170446253888583754e-02
1.260000000000000000e+02 -9.324951195377221072e-03 -9.923120075594765374e-03
1.270000000000000000e+02 -7.927442697871302235e-03 -8.369958196995007371e-03
1.280000000000000000e+02 -6.707914567246396273e-03 -7.023748647642455087e-03
1.290000000000000000e+02 -5.649445157134470701e-03 -5.863802255051187191e-03
1.300000000000000000e+02 -4.735720140691093011e-03 -4.870242592475547243e-03
1.310000000000000000e+02 -3.951180142369073445e-03 -4.024198330408756442e-03
1.320000000000000000e+02 -3.281142878756377040e-03 -3.307959937316646247e-03
1.330000000000000000e+02 -2.711911877673436107e-03 -2.705112985405228737e-03
1.340000000000000000e+02 -2.230858065925291761e-03 -2.200629104536241595e-03
1.350000000000000000e+02 -1.826457578598657348e-03 -1.780896795430143755e-03
1.360000000000000000e+02 -1.488285566034074862e-03 -1.433698132306238191e-03
1.370000000000000000e+02 -1.206981639416308512e-03 -1.148154783634497108e-03
1.380000000000000000e+02 -9.742040812108940196e-04 -9.146630195908036099e-04
1.390000000000000000e+02 -7.825798963041784902e-04 -7.248220958713123743e-04
1.400000000000000000e+02 -6.256482340740121507e-04 -5.713510885952088588e-04
1.410000000000000000e+02 -4.977934790999950917e-04 -4.479921730325623751e-04
1.420000000000000000e+02 -3.941694280593546588e-04 -3.494061598049392689e-04
1.430000000000000000e+02 -3.106205652164418509e-04 -2.710692965449679735e-04
1.440000000000000000e+02 -2.436063630940400759e-04 -2.091769234506987121e-04
1.450000000000000000e+02 -1.901310581520408943e-04 -1.605544116923188615e-04
1.460000000000000000e+02 -1.476782666929421896e-04 -1.225737161809295635e-04
1.470000000000000000e+02 -1.141492653432052607e-04 -9.307513456814468528e-05
1.480000000000000000e+02 -8.780501497461210318e-05 -7.029565963789276024e-05
1.490000000000000000e+02 -6.721309616029552800e-05 -5.280547872272812565e-05
1.500000000000000000e+02 -5.120060225899066876e-05 -3.945293816142896916e-05
1.510000000000000000e+02 -3.881310979148576738e-05 -2.931711437398087813e-05
1.520000000000000000e+02 -2.927907376614377589e-05 -2.166687717544217822e-05
1.530000000000000000e+02 -2.197885797063528780e-05 -1.592571879657399679e-05
1.540000000000000000e+02 -1.641789474870611120e-05 -1.164196771022080673e-05
1.550000000000000000e+02 -1.220372623743518767e-05 -8.463999632021698572e-06
1.560000000000000000e+02 -9.026692814745627741e-06 -6.119867932287597950e-06
1.570000000000000000e+02 -6.643897767697748560e-06 -4.400668152408560146e-06
1.580000000000000000e+02 -4.865974672217120064e-06 -3.147006311393885381e-06
1.590000000000000000e+02 -3.546197756897839191e-06 -2.238063346515142601e-06
