0.000000000000000000e+00 -6.623834123234215848e-06 -1.872091338792329033e-03
1.000000000000000000e+00 -1.555001218681227425e-06 -2.566258365268662403e-04
2.000000000000000000e+00 -1.724501793867014675e-06 -1.984417374052428989e-04
3.000000000000000000e+00 -2.245593030339935140e-06 -2.138679793954486024e-04
4.000000000000000000e+00 -2.941407786071229107e-06 -2.430254711331153884e-04
5.000000000000000000e+00 -3.842691022510521483e-06 -2.790992460298295308e-04
6.000000000000000000e+00 -5.003342448049120129e-06 -3.214536242877252207e-04
7.000000000000000000e+00 -6.491771490877438850e-06 -3.702439511375691219e-04
8.000000000000000000e+00 -8.393059851615838161e-06 -4.255267875996484412e-04
9.000000000000000000e+00 -1.081287739716846163e-05 -4.871911513629311862e-04
1.000000000000000000e+01 -1.388226030642028235e-05 -5.551485706827331574e-04
1.100000000000000000e+01 -1.776293754251135530e-05 -6.296231625178679231e-04
1.200000000000000000e+01 -2.265300587376732822e-05 -7.114282508799565181e-04
1.300000000000000000e+01 -2.879305323263894263e-05 -8.021201030536980869e-04
1.400000000000000000e+01 -3.647327001697538715e-05 -9.039427986981849817e-04
1.500000000000000000e+01 -4.604239675739307732e-05 -1.019533869731993874e-03
1.600000000000000000e+01 -5.791922475138618168e-05 -1.151442436242722852e-03
1.700000000000000000e+01 -7.260668835089856819e-05 -1.301597577933310840e-03
1.800000000000000000e+01 -9.070765023734974708e-05 -1.470918856958805662e-03
1.900000000000000000e+01 -1.129409179203526151e-04 -1.659249394647135077e-03
2.000000000000000000e+01 -1.401564638624063354e-04 -1.865704148240422038e-03
2.100000000000000000e+01 -1.733503448855331492e-04 -2.089386049421632953e-03
2.200000000000000000e+01 -2.136816671923881593e-04 -2.330279215306107349e-03
2.300000000000000000e+01 -2.624947411734356115e-04 -2.590032163730564621e-03
2.400000000000000000e+01 -3.213481704701774168e-04 -2.872330210688442582e-03
2.500000000000000000e+01 -3.920491656827869886e-04 -3.182641022422023815e-03
2.600000000000000000e+01 -4.766877520393628565e-04 -3.527295787342594937e-03
2.700000000000000000e+01 -5.776645767548505613e-04 -3.912105281487717606e-03
2.800000000000000000e+01 -6.977095294584109491e-04 -4.340930387305734148e-03
2.900000000000000000e+01 -8.398952488559484428e-04 -4.814731123690357481e-03
3.000000000000000000e+01 -1.007655478636168122e-03 -5.331531255094307253e-03
3.100000000000000000e+01 -1.204817911700699698e-03 -5.887458494059957803e-03
3.200000000000000000e+01 -1.435652430869625287e-03 -6.478644508579331843e-03
3.300000000000000000e+01 -1.704922385838260638e-03 -7.103431420050989979e-03
3.400000000000000000e+01 -2.017917773453618575e-03 -7.764150770071767682e-03
3.500000000000000000e+01 -2.380453532920020002e-03 -8.467782258222819949e-03
3.600000000000000000e+01 -2.798834575655413139e-03 -9.225075077726140743e-03
3.700000000000000000e+01 -3.279811456627715772e-03 -1.004818367738697683e-02
3.800000000000000000e+01 -3.830559994930764819e-03 -1.094741915682738258e-02
3.900000000000000000e+01 -4.458702868970459976e-03 -1.192815516825660935e-02
4.000000000000000000e+01 -5.172355759827367699e-03 -1.298903957860547687e-02
4.100000000000000000e+01 -5.980147365540268087e-03 -1.412233419607601681e-02
4.200000000000000000e+01 -6.891158991310143006e-03 -1.531651248485937401e-02
4.300000000000000000e+01 -7.914767021801435293e-03 -1.656044168217840618e-02
4.400000000000000000e+01 -9.060432082460750242e-03 -1.784785763673829573e-02
4.500000000000000000e+01 -1.033752021768382864e-02 -1.918061679806579503e-02
4.600000000000000000e+01 -1.175522588541278758e-02 -2.056945750719134033e-02
4.700000000000000000e+01 -1.332259166046562832e-02 -2.203168942481011777e-02
4.800000000000000000e+01 -1.504853009414211518e-02 -2.358621694816031775e-02
4.900000000000000000e+01 -1.694171704490122707e-02 -2.524731636905470922e-02
5.000000000000000000e+01 -1.901028475780923432e-02 -2.701924118122122145e-02
5.100000000000000000e+01 -2.126137288688652316e-02 -2.889367728630154453e-02
5.200000000000000000e+01 -2.370071037650509777e-02 -3.085122109809450980e-02
5.300000000000000000e+01 -2.633240716872119885e-02 -3.286668811211798658e-02
5.400000000000000000e+01 -2.915900435462623341e-02 -3.491669795342371846e-02
5.500000000000000000e+01 -3.218163918725530648e-02 -3.698711560427218881e-02
5.600000000000000000e+01 -3.540006616770392800e-02 -3.907782557051862199e-02
5.700000000000000000e+01 -3.881234279697608203e-02 -4.120300543316255532e-02
5.800000000000000000e+01 -4.241422067190014911e-02 -4.338639988024548672e-02
5.900000000000000000e+01 -4.619852882715235615e-02 -4.565275840689504705e-02
6.000000000000000000e+01 -5.015490745024189095e-02 -4.801807927499179840e-02
6.100000000000000000e+01 -5.427006054329282236e-02 -5.048199557369371926e-02
6.200000000000000000e+01 -5.852834909419612347e-02 -5.302513517551138422e-02
6.300000000000000000e+01 -6.291228506554398525e-02 -5.561266556721018023e-02
6.400000000000000000e+01 -6.740252594028196820e-02 -5.820310111102407896e-02
6.500000000000000000e+01 -7.197732398279858834e-02 -6.075962056574763653e-02
6.600000000000000000e+01 -7.661182648429701314e-02 -6.326023864381527528e-02
6.700000000000000000e+01 -8.127782551574166958e-02 -6.570343070392181684e-02
6.800000000000000000e+01 -8.594432991507704178e-02 -6.810712711948080367e-02
6.900000000000000000e+01 -9.057879449256021898e-02 -7.050104868600608199e-02
7.000000000000000000e+01 -9.514836234075364774e-02 -7.291460359743030806e-02
7.100000000000000000e+01 -9.962042615831154246e-02 -7.536426622600730929e-02
7.200000000000000000e+01 -1.039622789798968633e-01 -7.784478001723391105e-02
7.300000000000000000e+01 -1.081403069969982533e-01 -8.032735701034983411e-02
7.400000000000000000e+01 -1.121195843756121469e-01 -8.276566240380761608e-02
7.500000000000000000e+01 -1.158645281013713363e-01 -8.510770364201915295e-02
7.600000000000000000e+01 -1.193405546779963966e-01 -8.730977988734964224e-02
7.700000000000000000e+01 -1.225159415873673385e-01 -8.934799185807348887e-02
7.800000000000000000e+01 -1.253628842998243953e-01 -9.122356567997234877e-02
7.900000000000000000e+01 -1.278572507159647376e-01 -9.296014641370020648e-02
8.000000000000000000e+01 -1.299774395803393601e-01 -9.459376419424370130e-02
8.100000000000000000e+01 -1.317034039858926975e-01 -9.615864373892149541e-02
8.200000000000000000e+01 -1.330168090043934714e-01 -9.767355985764594739e-02
8.300000000000000000e+01 -1.339024832967654344e-01 -9.913336572262951285e-02
8.400000000000000000e+01 -1.343503599277331428e-01 -1.005085601929678885e-01
8.500000000000000000e+01 -1.343566814644834018e-01 -1.017529787198793723e-01
8.600000000000000000e+01 -1.339236929249991159e-01 -1.028169742694090977e-01
8.700000000000000000e+01 -1.330580612843382526e-01 -1.036617506867439920e-01
8.800000000000000000e+01 -1.317691208173526196e-01 -1.042702686139257151e-01
8.900000000000000000e+01 -1.300681283335555216e-01 -1.046513051191911570e-01
9.000000000000000000e+01 -1.279689550839888945e-01 -1.048354241491145644e-01
9.100000000000000000e+01 -1.254895853202808165e-01 -1.048642010874116515e-01
9.200000000000000000e+01 -1.226531926877779122e-01 -1.047762672302823966e-01
9.300000000000000000e+01 -1.194878458083215717e-01 -1.045948123661918361e-01
9.400000000000000000e+01 -1.160248387757233240e-01 -1.043206424286445416e-01
9.500000000000000000e+01 -1.122965682874168397e-01 -1.039329041824671035e-01
9.600000000000000000e+01 -1.083351366690233630e-01 -1.033969452213054918e-01
9.700000000000000000e+01 -1.041722939717043828e-01 -1.026764789389934124e-01
9.800000000000000000e+01 -9.984037529724551496e-02 -1.017460127829998839e-01
9.900000000000000000e+01 -9.537322879931849073e-02 -1.005996253580612315e-01
1.000000000000000000e+02 -9.080620619775392477e-02 -9.925347273801007897e-02
1.010000000000000000e+02 -8.617499909271897351e-02 -9.774143748744353044e-02
1.020000000000000000e+02 -8.151391483072494004e-02 -9.610551760537247579e-02
1.030000000000000000e+02 -7.685453127553833197e-02 -9.438421532468588282e-02
1.040000000000000000e+02 -7.222535321705110534e-02 -9.260274704145039781e-02
1.050000000000000000e+02 -6.765239020723634589e-02 -9.076813373820688535e-02
1.060000000000000000e+02 -6.316000147776970608e-02 -8.887044928063334015e-02
1.070000000000000000e+02 -5.877128206880440769e-02 -8.688941131759078673e-02
1.080000000000000000e+02 -5.450768525831251043e-02 -8.480385845421577196e-02
1.090000000000000000e+02 -5.038814739700124556e-02 -8.260095103686192208e-02
1.100000000000000000e+02 -4.642830140605857386e-02 -8.028225518106471559e-02
1.110000000000000000e+02 -4.264025425065753883e-02 -7.786501192042905029e-02
1.120000000000000000e+02 -3.903299513334615445e-02 -7.537847384884222013e-02
1.130000000000000000e+02 -3.561310872067065258e-02 -7.285674054717107551e-02
1.140000000000000000e+02 -3.238534706214666464e-02 -7.033056414170608950e-02
1.150000000000000000e+02 -2.935279940847157487e-02 -6.782078309755196210e-02
1.160000000000000000e+02 -2.651671754235050346e-02 -6.533532705655276107e-02
1.170000000000000000e+02 -2.387627517498983748e-02 -6.287041991376425554e-02
1.180000000000000000e+02 -2.142853825219753067e-02 -6.041520992886404567e-02
1.190000000000000000e+02 -1.916874206102289757e-02 -5.795806059346966105e-02
1.200000000000000000e+02 -1.709076281144213810e-02 -5.549240753467143267e-02
1.210000000000000000e+02 -1.518757516746111966e-02 -5.302042705943070533e-02
1.220000000000000000e+02 -1.345154065209330785e-02 -5.055358649415634537e-02
1.230000000000000000e+02 -1.187450817806326442e-02 -4.811017592588430480e-02
1.240000000000000000e+02 -1.044782250050933434e-02 -4.571084600562971834e-02
1.250000000000000000e+02 -9.162362566783450318e-03 -4.337371925169511422e-02
1.260000000000000000e+02 -8.008674854934940898e-03 -4.111064061980532897e-02
1.270000000000000000e+02 -6.977183518767450521e-03 -3.892561662329597355e-02
1.280000000000000000e+02 -6.058408512328901027e-03 -3.681568248891430029e-02
1.290000000000000000e+02 -5.243127728932463205e-03 -3.477364634957062772e-02
1.300000000000000000e+02 -4.522461369163124738e-03 -3.279164978532828068e-02
1.310000000000000000e+02 -3.887899942392279446e-03 -3.086437220700781123e-02
1.320000000000000000e+02 -3.331315063115100877e-03 -2.899096057831567624e-02
1.330000000000000000e+02 -2.844981583406475372e-03 -2.717525719352730657e-02
1.340000000000000000e+02 -2.421616036106074860e-03 -2.542445897883783418e-02
1.350000000000000000e+02 -2.054418379230445353e-03 -2.374680530759805050e-02
1.360000000000000000e+02 -1.737100616768287803e-03 -2.214912580312585963e-02
1.370000000000000000e+02 -1.463893983544608353e-03 -2.063502671434192318e-02
1.380000000000000000e+02 -1.229537018178950697e-03 -1.920419603401504055e-02
1.390000000000000000e+02 -1.029252766563503460e-03 -1.785289189078634667e-02
1.400000000000000000e+02 -8.587228946808367087e-04 -1.657530292487702228e-02
1.410000000000000000e+02 -7.140624870435839655e-04 -1.536525083617030184e-02
1.420000000000000000e+02 -5.917955958605416750e-04 -1.421768430490616755e-02
1.430000000000000000e+02 -4.888301771986819366e-04 -1.312955901453010527e-02
1.440000000000000000e+02 -4.024315460087573280e-04 -1.209993915505229965e-02
1.450000000000000000e+02 -3.301945035513599688e-04 -1.112940971068997545e-02
1.460000000000000000e+02 -2.700148361629175044e-04 -1.021908288692976660e-02
1.470000000000000000e+02 -2.200608626982850460e-04 -9.369565595265432270e-03
1.480000000000000000e+02 -1.787455301166116428e-04 -8.580213314705544339e-03
1.490000000000000000e+02 -1.446995452219270459e-04 -7.848856626128232136e-03
1.500000000000000000e+02 -1.167461363524987871e-04 -7.172009926624678053e-03
1.510000000000000000e+02 -9.387800902890632341e-05 -6.545422496694258165e-03
1.520000000000000000e+02 -7.523675871020090323e-05 -5.964753806630627465e-03
1.530000000000000000e+02 -6.009456738445662191e-05 -5.426157473281529448e-03
1.540000000000000000e+02 -4.783771095928852809e-05 -4.926623427567681547e-03
1.550000000000000000e+02 -3.795141303012697592e-05 -4.464024114675189080e-03
1.560000000000000000e+02 -3.000584471509913295e-05 -4.036905656974427471e-03
1.570000000000000000e+02 -2.364337287246124706e-05 -3.644132812264660928e-03
1.580000000000000000e+02 -1.856729690927047180e-05 -3.284521544606326064e-03
1.590000000000000000e+02 -1.453222363897699570e-05 -2.956573171997701338e-03
