0.000000000000000000e+00 -5.500875382592382641e-06 -3.560576891693922824e-06
1.000000000000000000e+00 -1.900319888734573842e-08 -9.315074720147306402e-07
2.000000000000000000e+00 -2.508668929054886275e-08 -1.088360358233771579e-06
3.000000000000000000e+00 -3.513494930481085797e-08 -1.436948435628561763e-06
4.000000000000000000e+00 -4.908277871828098017e-08 -1.898029187778766511e-06
5.000000000000000000e+00 -6.836977081553581096e-08 -2.498875857482554564e-06
6.000000000000000000e+00 -9.489681746988674033e-08 -3.278714088159029074e-06
7.000000000000000000e+00 -1.311417892401029234e-07 -4.287241185423610506e-06
8.000000000000000000e+00 -1.803599218464561307e-07 -5.586855444911157131e-06
9.000000000000000000e+00 -2.468965225890456676e-07 -7.255560571255854614e-06
1.000000000000000000e+01 -3.366106832055978561e-07 -9.390482868671256065e-06
1.100000000000000000e+01 -4.573625231250624104e-07 -1.211209556082997585e-05
1.200000000000000000e+01 -6.195002369778084462e-07 -1.556924793986015718e-05
1.300000000000000000e+01 -8.363369236886213138e-07 -1.994508880811279335e-05
1.400000000000000000e+01 -1.124729576692478800e-06 -2.546397872877987888e-05
1.500000000000000000e+01 -1.505994756397923262e-06 -3.239951840972112886e-05
1.600000000000000000e+01 -2.007404192005876716e-06 -4.108387590121530004e-05
1.700000000000000000e+01 -2.664323931082914934e-06 -5.191864055694507166e-05
1.800000000000000000e+01 -3.522753213008945486e-06 -6.538742035808810292e-05
1.900000000000000000e+01 -4.641805824087398684e-06 -8.207030706943208866e-05
2.000000000000000000e+01 -6.095824722505768286e-06 -1.026601967128327054e-04
2.100000000000000000e+01 -7.976412321376173786e-06 -1.279808696516383858e-04
2.200000000000000000e+01 -1.039540209156215511e-05 -1.590068093590315927e-04
2.300000000000000000e+01 -1.349008900964751017e-05 -1.968849826278325709e-04
2.400000000000000000e+01 -1.743135958007383248e-05 -2.429590633063384185e-04
2.500000000000000000e+01 -2.243382201796183722e-05 -2.987965827803597675e-04
2.600000000000000000e+01 -2.876560276588866811e-05 -3.662190280839066584e-04
2.700000000000000000e+01 -3.675553294171171332e-05 -4.473340865270398971e-04
2.800000000000000000e+01 -4.679771941975733414e-05 -5.445685539022344576e-04
2.900000000000000000e+01 -5.935701774648578018e-05 -6.607005344645418103e-04
3.000000000000000000e+01 -7.498109491991304068e-05 -7.988907392788924602e-04
3.100000000000000000e+01 -9.432294302453092332e-05 -9.627143493288593899e-04
3.200000000000000000e+01 -1.181716086295076906e-04 -1.156195659971379682e-03
3.300000000000000000e+01 -1.474820263771563407e-04 -1.383846225667966726e-03
3.400000000000000000e+01 -1.833930025110941809e-04 -1.650703498062429083e-03
3.500000000000000000e+01 -2.272294684024939995e-04 -1.962363114278163276e-03
3.600000000000000000e+01 -2.804986477116971130e-04 -2.324997409666584164e-03
3.700000000000000000e+01 -3.449003866358439814e-04 -2.745357531207835884e-03
3.800000000000000000e+01 -4.223688376749032435e-04 -3.230764986320125518e-03
3.900000000000000000e+01 -5.151429567941374172e-04 -3.789104585497274098e-03
4.000000000000000000e+01 -6.258375259829700339e-04 -4.428827644583011730e-03
4.100000000000000000e+01 -7.574749415199039842e-04 -5.158960200613991326e-03
4.200000000000000000e+01 -9.134563495283710803e-04 -5.989093353157086061e-03
4.300000000000000000e+01 -1.097493868111029626e-03 -6.929326013235141690e-03
4.400000000000000000e+01 -1.313564781051473201e-03 -7.990145568589951744e-03
4.500000000000000000e+01 -1.565947931443606965e-03 -9.182265721972922637e-03
4.600000000000000000e+01 -1.859348584111841611e-03 -1.051647119909537506e-02
4.700000000000000000e+01 -2.199039414533125562e-03 -1.200351763674385730e-02
4.800000000000000000e+01 -2.590902081169143417e-03 -1.365408957319982908e-02
4.900000000000000000e+01 -3.041295028828095576e-03 -1.547875243569713649e-02
5.000000000000000000e+01 -3.556789794133100729e-03 -1.748779683969480664e-02
5.100000000000000000e+01 -4.143932677068445924e-03 -1.969091078271370532e-02
5.200000000000000000e+01 -4.809201953482123912e-03 -2.209672429524399059e-02
5.300000000000000000e+01 -5.559202012425988257e-03 -2.471238407969574002e-02
5.400000000000000000e+01 -6.400935398763692163e-03 -2.754333571525064209e-02
5.500000000000000000e+01 -7.341874008490241466e-03 -3.059336727930967240e-02
5.600000000000000000e+01 -8.389635761973008449e-03 -3.386475825812778478e-02
5.700000000000000000e+01 -9.551343396617166526e-03 -3.735823470047547334e-02
5.800000000000000000e+01 -1.083301392276948133e-02 -4.107250209985915251e-02
5.900000000000000000e+01 -1.223937060682656584e-02 -4.500342041421962619e-02
6.000000000000000000e+01 -1.377419457667038161e-02 -4.914322039808177722e-02
6.100000000000000000e+01 -1.544090179824003650e-02 -5.348026359252272544e-02
6.200000000000000000e+01 -1.724277430694331342e-02 -5.799956214869874532e-02
6.300000000000000000e+01 -1.918244568302659991e-02 -6.268372972419818112e-02
6.400000000000000000e+01 -2.126078189231197374e-02 -6.751362101434506269e-02
6.500000000000000000e+01 -2.347582678862386585e-02 -7.246801993341088488e-02
6.600000000000000000e+01 -2.582255210453801575e-02 -7.752240328953405313e-02
6.700000000000000000e+01 -2.829362498223705891e-02 -8.264762149620889786e-02
6.800000000000000000e+01 -3.088062096813766477e-02 -8.780965456781790468e-02
6.900000000000000000e+01 -3.357467969586121898e-02 -9.297103569424186587e-02
7.000000000000000000e+01 -3.636593685182736707e-02 -9.809335309659784896e-02
7.100000000000000000e+01 -3.924200174377117517e-02 -1.031392878502596089e-01
7.200000000000000000e+01 -4.218659216550424418e-02 -1.080727557992042509e-01
7.300000000000000000e+01 -4.517947816380971787e-02 -1.128570182504273212e-01
7.400000000000000000e+01 -4.819799079625729926e-02 -1.174522755706000482e-01
7.500000000000000000e+01 -5.121914854586235438e-02 -1.218149769047352504e-01
7.600000000000000000e+01 -5.422089730688378628e-02 -1.259001119235537425e-01
7.700000000000000000e+01 -5.718157155681775905e-02 -1.296655920600350009e-01
7.800000000000000000e+01 -6.007807372896187270e-02 -1.330760357663713089e-01
7.900000000000000000e+01 -6.288436865198727965e-02 -1.361033504165597152e-01
8.000000000000000000e+01 -6.557177962243586344e-02 -1.387236620394043385e-01
8.100000000000000000e+01 -6.811125093020703458e-02 -1.409129411517567876e-01
8.200000000000000000e+01 -7.047619794043576136e-02 -1.426449587153783283e-01
8.300000000000000000e+01 -7.264403562888625820e-02 -1.438937666201703658e-01
8.400000000000000000e+01 -7.459544243126337015e-02 -1.446395562474994123e-01
8.500000000000000000e+01 -7.631217083382325905e-02 -1.448739501295144838e-01
8.600000000000000000e+01 -7.777538126696836862e-02 -1.446007938329666453e-01
8.700000000000000000e+01 -7.896609722133748899e-02 -1.438315896618959089e-01
8.800000000000000000e+01 -7.986771677945619929e-02 -1.425787046314465345e-01
8.900000000000000000e+01 -8.046886786049925466e-02 -1.408513513853157373e-01
9.000000000000000000e+01 -8.076457351766265502e-02 -1.386574757781993128e-01
9.100000000000000000e+01 -8.075496724782563196e-02 -1.360102923727780078e-01
9.200000000000000000e+01 -8.044266403661762266e-02 -1.329345486670416854e-01
9.300000000000000000e+01 -7.983087753865938940e-02 -1.294675373598544732e-01
9.400000000000000000e+01 -7.892371244518545104e-02 -1.256536132150306018e-01
9.500000000000000000e+01 -7.772830017801493629e-02 -1.215357792075116294e-01
9.600000000000000000e+01 -7.625698866007071808e-02 -1.171501509849041112e-01
9.700000000000000000e+01 -7.452777229893084443e-02 -1.125270240705006225e-01
9.800000000000000000e+01 -7.256252752637734615e-02 -1.076973633589069501e-01
9.900000000000000000e+01 -7.038427744239830752e-02 -1.026994962134606254e-01
1.000000000000000000e+02 -6.801535287922158557e-02 -9.758066949105026477e-02
1.010000000000000000e+02 -6.547750480860699274e-02 -9.239199438696876765e-02
1.020000000000000000e+02 -6.279346428646404021e-02 -8.718020830978709390e-02
1.030000000000000000e+02 -5.998838237511371074e-02 -8.198195651407268192e-02
1.040000000000000000e+02 -5.708978972877806757e-02 -7.682431376090521902e-02
1.050000000000000000e+02 -5.412593835032043776e-02 -7.173062290186905943e-02
1.060000000000000000e+02 -5.112361570492102159e-02 -6.672695201053462088e-02
1.070000000000000000e+02 -4.810682610026950634e-02 -6.184430869720831253e-02
1.080000000000000000e+02 -4.509697363481581650e-02 -5.711513119387804510e-02
1.090000000000000000e+02 -4.211403212079681269e-02 -5.256682109910720824e-02
1.100000000000000000e+02 -3.917754911776532428e-02 -4.821704907150580616e-02
1.110000000000000000e+02 -3.630662001851799742e-02 -4.407398654025054818e-02
1.120000000000000000e+02 -3.351885879602154589e-02 -4.014089936007084192e-02
1.130000000000000000e+02 -3.082915035348743338e-02 -3.642153721779299580e-02
1.140000000000000000e+02 -2.824905313651607242e-02 -3.292256236290097560e-02
1.150000000000000000e+02 -2.578715943443011735e-02 -2.965175013242483254e-02
1.160000000000000000e+02 -2.345001620951955162e-02 -2.661381145302170806e-02
1.170000000000000000e+02 -2.124289547174918955e-02 -2.380715387289301932e-02
1.180000000000000000e+02 -1.916994737822183895e-02 -2.122386459012723381e-02
1.190000000000000000e+02 -1.723380540041498377e-02 -1.885269047512811227e-02
1.200000000000000000e+02 -1.543510609800326575e-02 -1.668275379973273298e-02
1.210000000000000000e+02 -1.377237800714474839e-02 -1.470554660888498399e-02
1.220000000000000000e+02 -1.224242140895606332e-02 -1.291427545694860332e-02
1.230000000000000000e+02 -1.084093998458316409e-02 -1.130156840829171436e-02
1.240000000000000000e+02 -9.563058503929806886e-03 -9.857503399280317241e-03
1.250000000000000000e+02 -8.403512616821127296e-03 -8.569373928939498161e-03
1.260000000000000000e+02 -7.356565261975385635e-03 -7.423186827020070502e-03
1.270000000000000000e+02 -6.415877007128369461e-03 -6.405707575106181495e-03
1.280000000000000000e+02 -5.574534040014035401e-03 -5.505697746550853623e-03
1.290000000000000000e+02 -4.825276545095636034e-03 -4.713764088821153185e-03
1.300000000000000000e+02 -4.160814497000388419e-03 -4.021258531049666692e-03
1.310000000000000000e+02 -3.574074620278634446e-03 -3.419197861471845370e-03
1.320000000000000000e+02 -3.058295703424055920e-03 -2.897951767204173627e-03
1.330000000000000000e+02 -2.607001871000443494e-03 -2.447776043828193276e-03
1.340000000000000000e+02 -2.213948603125215873e-03 -2.059685793509043530e-03
1.350000000000000000e+02 -1.873121493314436770e-03 -1.726041016498054866e-03
1.360000000000000000e+02 -1.578803233268406261e-03 -1.440536037328333423e-03
1.370000000000000000e+02 -1.325666721914578548e-03 -1.197734428523440468e-03
1.380000000000000000e+02 -1.108838742511918064e-03 -9.925456432112755335e-04
1.390000000000000000e+02 -9.239067331408483234e-04 -8.199776287567594937e-04
1.400000000000000000e+02 -7.668807633551532341e-04 -6.752372723894216463e-04
1.410000000000000000e+02 -6.341443089963386126e-04 -5.540071984441055728e-04
1.420000000000000000e+02 -5.224215100054477225e-04 -4.526567139675280677e-04
1.430000000000000000e+02 -4.287669444778729935e-04 -3.682485507036562899e-04
1.440000000000000000e+02 -3.505653468573220006e-04 -2.983686262054838700e-04
1.450000000000000000e+02 -2.855244238808687723e-04 -2.409102479846231748e-04
1.460000000000000000e+02 -2.316524378868677135e-04 -1.939370278051509599e-04
1.470000000000000000e+02 -1.872240374891097120e-04 -1.556654909451043751e-04
1.480000000000000000e+02 -1.507441630289531494e-04 -1.245230550805892869e-04
1.490000000000000000e+02 -1.209182496336087435e-04 -9.920433783536926570e-05
1.500000000000000000e+02 -9.663086178071806363e-05 -7.867405575649874180e-05
1.510000000000000000e+02 -7.692959476357172106e-05 -6.211485652245515670e-05
1.520000000000000000e+02 -6.100964881146382889e-05 -4.885427472580326726e-05
1.530000000000000000e+02 -4.819651308023085979e-05 -3.830859682587717810e-05
1.540000000000000000e+02 -3.792721686832562975e-05 -2.996057156789790131e-05
1.550000000000000000e+02 -2.973234359411021453e-05 -2.336320057404591083e-05
1.560000000000000000e+02 -2.322077590245674359e-05 -1.814978211796532416e-05
1.570000000000000000e+02 -1.806774079371682693e-05 -1.403431061804791307e-05
1.580000000000000000e+02 -1.400541349375629996e-05 -1.079854049308809171e-05
1.590000000000000000e+02 -1.081488568844007953e-05 -8.272226258171823529e-06
