0.000000000000000000e+00 -1.652909997352979487e-04 -1.710103871621547651e-03
1.000000000000000000e+00 -5.605416072757705284e-06 -2.306417737564780957e-04
2.000000000000000000e+00 -5.829973577771023020e-06 -1.920750388155037557e-04
3.000000000000000000e+00 -7.253177655241766297e-06 -2.160153604552615160e-04
4.000000000000000000e+00 -9.062194634323800414e-06 -2.481620617341599526e-04
5.000000000000000000e+00 -1.129721230685540373e-05 -2.852477620022591718e-04
6.000000000000000000e+00 -1.404809157005871371e-05 -3.275563776575709119e-04
7.000000000000000000e+00 -1.742454116897648080e-05 -3.756766680302939232e-04
8.000000000000000000e+00 -2.155738490281723700e-05 -4.302224650463948004e-04
9.000000000000000000e+00 -2.660202399352526600e-05 -4.918126233947572564e-04
1.000000000000000000e+01 -3.274265264490545078e-05 -5.610923098552441247e-04
1.100000000000000000e+01 -4.019720017571628895e-05 -6.387766708449032528e-04
1.200000000000000000e+01 -4.922296221627344646e-05 -7.257075092475308862e-04
1.300000000000000000e+01 -6.012278155016089045e-05 -8.229079004646982489e-04
1.400000000000000000e+01 -7.325159544462303183e-05 -9.316157414725129496e-04
1.500000000000000000e+01 -8.902325566656474668e-05 -1.053278714364484607e-03
1.600000000000000000e+01 -1.079177705901022570e-04 -1.189501810591626300e-03
1.700000000000000000e+01 -1.304894379725532612e-04 -1.341953787428244033e-03
1.800000000000000000e+01 -1.573765477236862089e-04 -1.512256683356279349e-03
1.900000000000000000e+01 -1.893132170551813998e-04 -1.701895968139936419e-03
2.000000000000000000e+01 -2.271433641687360097e-04 -1.912191176123835502e-03
2.100000000000000000e+01 -2.718359646785354061e-04 -2.144354539072146522e-03
2.200000000000000000e+01 -3.244999784817706630e-04 -2.399640006481506931e-03
2.300000000000000000e+01 -3.863972400631523205e-04 -2.679553380643624576e-03
2.400000000000000000e+01 -4.589525819175056570e-04 -2.986064916668332465e-03
2.500000000000000000e+01 -5.437624083006507110e-04 -3.321748630230889412e-03
2.600000000000000000e+01 -6.426050147114668312e-04 -3.689777442065440664e-03
2.700000000000000000e+01 -7.574567654040289958e-04 -4.093736195078470468e-03
2.800000000000000000e+01 -8.905165773753014827e-04 -4.537272367350568547e-03
2.900000000000000000e+01 -1.044236927764896844e-03 -5.023670907894085477e-03
3.000000000000000000e+01 -1.221354413992148738e-03 -5.555489165092427836e-03
3.100000000000000000e+01 -1.424909716835528030e-03 -6.134395713281146773e-03
3.200000000000000000e+01 -1.658248633577962200e-03 -6.761312331835112564e-03
3.300000000000000000e+01 -1.925003740941761722e-03 -7.436870211213699247e-03
3.400000000000000000e+01 -2.229067720119506935e-03 -8.162083517455681267e-03
3.500000000000000000e+01 -2.574578297361071640e-03 -8.939046775413461710e-03
3.600000000000000000e+01 -2.965933970782524270e-03 -9.771409891860623545e-03
3.700000000000000000e+01 -3.407845670538916551e-03 -1.066440541636710926e-02
3.800000000000000000e+01 -3.905406201339941402e-03 -1.162431176410849872e-02
3.900000000000000000e+01 -4.464138289403766016e-03 -1.265741799320201436e-02
4.000000000000000000e+01 -5.089977693460407890e-03 -1.376875579466965357e-02
4.100000000000000000e+01 -5.789169372090865323e-03 -1.496100317061921543e-02
4.200000000000000000e+01 -6.568098238182094352e-03 -1.623397351985434930e-02
4.300000000000000000e+01 -7.433121565557817591e-03 -1.758496226357950803e-02
4.400000000000000000e+01 -8.390488416414963041e-03 -1.900996663172143872e-02
4.500000000000000000e+01 -9.446400841067145379e-03 -2.050549738008007258e-02
4.600000000000000000e+01 -1.060719556831179848e-02 -2.207045174715268135e-02
4.700000000000000000e+01 -1.187953764688884882e-02 -2.370739978298438272e-02
4.800000000000000000e+01 -1.327047071841391118e-02 -2.542271893154452594e-02
4.900000000000000000e+01 -1.478720450195134158e-02 -2.722531616329685461e-02
5.000000000000000000e+01 -1.643664245927849155e-02 -2.912414292534167004e-02
5.100000000000000000e+01 -1.822481129092724458e-02 -3.112518479526553070e-02
5.200000000000000000e+01 -2.015645822520879815e-02 -3.322890184279487374e-02
5.300000000000000000e+01 -2.223504841503211316e-02 -3.542906436565958217e-02
5.400000000000000000e+01 -2.446320614279453437e-02 -3.771355457479177303e-02
5.500000000000000000e+01 -2.684337886157476399e-02 -4.006710043751486594e-02
5.600000000000000000e+01 -2.937830847163452191e-02 -4.247525783480763512e-02
5.700000000000000000e+01 -3.207090728078343389e-02 -4.492845617657681423e-02
5.800000000000000000e+01 -3.492340144742996783e-02 -4.742474094994741929e-02
5.900000000000000000e+01 -3.793602255129761847e-02 -4.997009878358026763e-02
6.000000000000000000e+01 -4.110587443722826112e-02 -5.257593785299825156e-02
6.100000000000000000e+01 -4.442663993113837861e-02 -5.525424956387527814e-02
6.200000000000000000e+01 -4.788942563954512455e-02 -5.801186867408231890e-02
6.300000000000000000e+01 -5.148441812014563357e-02 -6.084571509320117755e-02
6.400000000000000000e+01 -5.520247730856277235e-02 -6.374072285712235886e-02
6.500000000000000000e+01 -5.903567142221132630e-02 -6.667137823908431127e-02
6.600000000000000000e+01 -6.297621671283568090e-02 -6.960665982789007722e-02
6.700000000000000000e+01 -6.701416108580479647e-02 -7.251705149459235222e-02
6.800000000000000000e+01 -7.113498690159225646e-02 -7.538151832919388895e-02
6.900000000000000000e+01 -7.531857460990092068e-02 -7.819215575818760922e-02
7.000000000000000000e+01 -7.954039293984573045e-02 -8.095477748103874216e-02
7.100000000000000000e+01 -8.377458479734532781e-02 -8.368492323525554555e-02
7.200000000000000000e+01 -8.799744762649630569e-02 -8.640029892284159518e-02
7.300000000000000000e+01 -9.218937523391271260e-02 -8.911196593209388950e-02
7.400000000000000000e+01 -9.633399258198660497e-02 -9.181715371581715412e-02
7.500000000000000000e+01 -1.004147336134421642e-01 -9.449614250857397979e-02
7.600000000000000000e+01 -1.044106938253381162e-01 -9.711440656215603040e-02
7.700000000000000000e+01 -1.082942703160395537e-01 -9.962956089592393816e-02
7.800000000000000000e+01 -1.120323297747657515e-01 -1.020011295152556674e-01
7.900000000000000000e+01 -1.155907194693931855e-01 -1.042001895820263146e-01
8.000000000000000000e+01 -1.189399252948475511e-01 -1.062158445738801138e-01
8.100000000000000000e+01 -1.220587962807101329e-01 -1.080563406982219532e-01
8.200000000000000000e+01 -1.249341194136606437e-01 -1.097442805116099762e-01
8.300000000000000000e+01 -1.275560885645269371e-01 -1.113073095924245193e-01
8.400000000000000000e+01 -1.299121622390509434e-01 -1.127671802664501344e-01
8.500000000000000000e+01 -1.319829834520356293e-01 -1.141306590379793234e-01
8.600000000000000000e+01 -1.337430799290143246e-01 -1.153851485009958489e-01
8.700000000000000000e+01 -1.351663706376594887e-01 -1.165003947843950421e-01
8.800000000000000000e+01 -1.362336167067608739e-01 -1.174357811118115907e-01
8.900000000000000000e+01 -1.369376224799106478e-01 -1.181510356308841103e-01
9.000000000000000000e+01 -1.372830812695097213e-01 -1.186171595763047537e-01
9.100000000000000000e+01 -1.372809398347693277e-01 -1.188242874834475882e-01
9.200000000000000000e+01 -1.369403820416943973e-01 -1.187840806949865408e-01
9.300000000000000000e+01 -1.362631031752472022e-01 -1.185259088701265950e-01
9.400000000000000000e+01 -1.352433872869538423e-01 -1.180879969730301154e-01
9.500000000000000000e+01 -1.338741452667194798e-01 -1.175062686824295127e-01
9.600000000000000000e+01 -1.321554898700037783e-01 -1.168042705285405325e-01
9.700000000000000000e+01 -1.301008034729917440e-01 -1.159871302332052545e-01
9.800000000000000000e+01 -1.277365949877254658e-01 -1.150412063228501980e-01
9.900000000000000000e+01 -1.250959835077824212e-01 -1.139393917329814820e-01
1.000000000000000000e+02 -1.222093681540531718e-01 -1.126504422022273910e-01
1.010000000000000000e+02 -1.190975835766021618e-01 -1.111496085196048700e-01
1.020000000000000000e+02 -1.157714877594628738e-01 -1.094275120697699027e-01
1.030000000000000000e+02 -1.122381757556201037e-01 -1.074947063892462140e-01
1.040000000000000000e+02 -1.085100845966947419e-01 -1.053806120165366039e-01
1.050000000000000000e+02 -1.046115411416125851e-01 -1.031271717280126260e-01
1.060000000000000000e+02 -1.005788098972216493e-01 -1.007791390466621778e-01
1.070000000000000000e+02 -9.645347404160255211e-02 -9.837386728787075874e-02
1.080000000000000000e+02 -9.227282093616376302e-02 -9.593351864550619945e-02
1.090000000000000000e+02 -8.806262090691942268e-02 -9.346181538472439487e-02
1.100000000000000000e+02 -8.383629304402027971e-02 -9.094612138780712451e-02
1.110000000000000000e+02 -7.960073078345689113e-02 -8.836416899998419949e-02
1.120000000000000000e+02 -7.536521545244839748e-02 -8.569348827213474351e-02
1.130000000000000000e+02 -7.114817195777561887e-02 -8.292083630506780212e-02
1.140000000000000000e+02 -6.697793302634896806e-02 -8.004887789191479641e-02
1.150000000000000000e+02 -6.288720967745015100e-02 -7.709812737106530589e-02
1.160000000000000000e+02 -5.890450927467973802e-02 -7.410357794472192949e-02
1.170000000000000000e+02 -5.504733446195922419e-02 -7.110708043090843700e-02
1.180000000000000000e+02 -5.132083091641620465e-02 -6.814781230458934191e-02
1.190000000000000000e+02 -4.772236427568685158e-02 -6.525367280392974090e-02
1.200000000000000000e+02 -4.424917809026424065e-02 -6.243605971705373792e-02
1.210000000000000000e+02 -4.090474297639114243e-02 -5.968943378275190503e-02
1.220000000000000000e+02 -3.770043267048320268e-02 -5.699569439122402492e-02
1.230000000000000000e+02 -3.465197388686050428e-02 -5.433202181285350096e-02
1.240000000000000000e+02 -3.177299993155160290e-02 -5.167981970748506543e-02
1.250000000000000000e+02 -2.906942755836087675e-02 -4.903203115130968376e-02
1.260000000000000000e+02 -2.653765228610253241e-02 -4.639659705778233223e-02
1.270000000000000000e+02 -2.416726373450751170e-02 -4.379508390242915772e-02
1.280000000000000000e+02 -2.194648417462544826e-02 -4.125708835709145789e-02
1.290000000000000000e+02 -1.986723513349934744e-02 -3.881233339493477680e-02
1.300000000000000000e+02 -1.792725480996251730e-02 -3.648296370690937845e-02
1.310000000000000000e+02 -1.612853924839727920e-02 -3.427832377937056751e-02
1.320000000000000000e+02 -1.447339634693730476e-02 -3.219363823695657600e-02
1.330000000000000000e+02 -1.296049614774739435e-02 -3.021281223103374630e-02
1.340000000000000000e+02 -1.158302036262650811e-02 -2.831434870022732017e-02
1.350000000000000000e+02 -1.032966615365741095e-02 -2.647845767165096093e-02
1.360000000000000000e+02 -9.187671537422163748e-03 -2.469310376753840880e-02
1.370000000000000000e+02 -8.146078676847613720e-03 -2.295715649597358798e-02
1.380000000000000000e+02 -7.197571737746549445e-03 -2.127984852576794358e-02
1.390000000000000000e+02 -6.338202607196887634e-03 -1.967700361042984750e-02
1.400000000000000000e+02 -5.565498824594815493e-03 -1.816548268387298271e-02
1.410000000000000000e+02 -4.876187284285442985e-03 -1.675770197468963441e-02
1.420000000000000000e+02 -4.264762934669858070e-03 -1.545786600362803256e-02
1.430000000000000000e+02 -3.723505787276904910e-03 -1.426089779586837969e-02
1.440000000000000000e+02 -3.243714971442897450e-03 -1.315417700417283349e-02
1.450000000000000000e+02 -2.817346784343692945e-03 -1.212135246709074993e-02
1.460000000000000000e+02 -2.438178413487131733e-03 -1.114690483299842806e-02
1.470000000000000000e+02 -2.102015442406878539e-03 -1.021998229505393513e-02
1.480000000000000000e+02 -1.806026689514112979e-03 -9.336379594045908503e-03
1.490000000000000000e+02 -1.547702601041068020e-03 -8.498241646007684974e-03
1.500000000000000000e+02 -1.324019098631567821e-03 -7.711855316190269378e-03
1.510000000000000000e+02 -1.131171543293615000e-03 -6.984449262548453677e-03
1.520000000000000000e+02 -9.648891328376636364e-04 -6.321098344912191511e-03
1.530000000000000000e+02 -8.210507891170604677e-04 -5.722646006725276221e-03
1.540000000000000000e+02 -6.962327540860268824e-04 -5.185141027169015183e-03
1.550000000000000000e+02 -5.879314416975874470e-04 -4.700784124589777249e-03
1.560000000000000000e+02 -4.944203525480226485e-04 -4.259931749847930063e-03
1.570000000000000000e+02 -4.143856259965692217e-04 -3.853426304002523315e-03
1.580000000000000000e+02 -3.465571370757849091e-04 -3.474494429167950156e-03
1.590000000000000000e+02 -2.895034622402799978e-04 -3.119680927708934088e-03
