0.000000000000000000e+00 -1.116281603599871529e-05 -8.112158438947791143e-06
1.000000000000000000e+00 -1.036937658383611801e-09 -1.096314417866485672e-09
2.000000000000000000e+00 -1.447571433989669480e-09 -1.535697217502148233e-09
3.000000000000000000e+00 -2.178197588896180415e-09 -2.282637913530135006e-09
4.000000000000000000e+00 -3.271613715708328140e-09 -3.380041112301126328e-09
5.000000000000000000e+00 -4.893739982109994653e-09 -4.981885580347961596e-09
6.000000000000000000e+00 -7.282053649079410037e-09 -7.308821979646424260e-09
7.000000000000000000e+00 -1.077335231935612036e-08 -1.067428120425659910e-08
8.000000000000000000e+00 -1.585049578929882616e-08 -1.552149871787587825e-08
9.000000000000000000e+00 -2.321027400405023564e-08 -2.247315176650877805e-08
1.000000000000000000e+01 -3.385134124242078584e-08 -3.239756638452966196e-08
1.100000000000000000e+01 -4.917972039878978632e-08 -4.649794650075875790e-08
1.200000000000000000e+01 -7.113814281227412680e-08 -6.643412257450358091e-08
1.300000000000000000e+01 -1.023850473768069460e-07 -9.448872863549440886e-08
1.400000000000000000e+01 -1.465675561619660899e-07 -1.337906798824575165e-07
1.500000000000000000e+01 -2.087307632173742823e-07 -1.886092172721391505e-07
1.600000000000000000e+01 -2.958746236087753936e-07 -2.647343976461856901e-07
1.700000000000000000e+01 -4.176312463559019974e-07 -3.699676018079566206e-07
1.800000000000000000e+01 -5.870384355916201495e-07 -5.147583323298047413e-07
1.900000000000000000e+01 -8.214673233425251289e-07 -7.130368296527536284e-07
2.000000000000000000e+01 -1.143894888068061484e-06 -9.832997296029277332e-07
2.100000000000000000e+01 -1.584789297206975766e-06 -1.350006335053079316e-06
2.200000000000000000e+01 -2.184784590189978089e-06 -1.845342839141393100e-06
2.300000000000000000e+01 -2.998072407108354256e-06 -2.511423059762136215e-06
2.400000000000000000e+01 -4.096237641536421218e-06 -3.403023704365116812e-06
2.500000000000000000e+01 -5.572399563035598683e-06 -4.590992209745529360e-06
2.600000000000000000e+01 -7.546078149345689273e-06 -6.166496677186490263e-06
2.700000000000000000e+01 -1.016984785943159091e-05 -8.246296185202124258e-06
2.800000000000000000e+01 -1.363892880792613987e-05 -1.097920245259992279e-05
2.900000000000000000e+01 -1.820400664349987159e-05 -1.455390475640315677e-05
3.000000000000000000e+01 -2.418620691405482090e-05 -1.920835706767378166e-05
3.100000000000000000e+01 -3.199252954029949635e-05 -2.524096939839137537e-05
3.200000000000000000e+01 -4.213129966530562481e-05 -3.302387532742381702e-05
3.300000000000000000e+01 -5.522999206957859603e-05 -4.301855369490070014e-05
3.400000000000000000e+01 -7.205994661748301735e-05 -5.579409259887716237e-05
3.500000000000000000e+01 -9.357136449607809806e-05 -7.204842803511722312e-05
3.600000000000000000e+01 -1.209370851530005881e-04 -9.263292895722192717e-05
3.700000000000000000e+01 -1.555982882685334029e-04 -1.185806188515495338e-04
3.800000000000000000e+01 -1.993048440593057945e-04 -1.511380477679446176e-04
3.900000000000000000e+01 -2.541502988242300880e-04 -1.918004932937915298e-04
4.000000000000000000e+01 -3.226123206504140513e-04 -2.423501099665505230e-04
4.100000000000000000e+01 -4.076140126211631113e-04 -3.048970897937120081e-04
4.200000000000000000e+01 -5.126120137179459050e-04 -3.819245506072627572e-04
4.300000000000000000e+01 -6.416970759215565772e-04 -4.763379101507877610e-04
4.400000000000000000e+01 -7.996778243803683798e-04 -5.915182481671503196e-04
4.500000000000000000e+01 -9.921261867420142887e-04 -7.313770089042363580e-04
4.600000000000000000e+01 -1.225394806558539450e-03 -9.004080375772608585e-04
4.700000000000000000e+01 -1.506649399790269779e-03 -1.103734101178950947e-03
4.800000000000000000e+01 -1.843958728356110376e-03 -1.347148493100069292e-03
4.900000000000000000e+01 -2.246438273394700449e-03 -1.637155123356340714e-03
5.000000000000000000e+01 -2.724380078030066120e-03 -1.981008972488503168e-03
5.100000000000000000e+01 -3.289279098051311415e-03 -2.386752283570331076e-03
5.200000000000000000e+01 -3.953723715537591984e-03 -2.863234840556513373e-03
5.300000000000000000e+01 -4.731224722532914595e-03 -3.420106030626340020e-03
5.400000000000000000e+01 -5.636121111529959760e-03 -4.067775044802246151e-03
5.500000000000000000e+01 -6.683642049257421114e-03 -4.817347932917132036e-03
5.600000000000000000e+01 -7.890041410189630941e-03 -5.680555047780099648e-03
5.700000000000000000e+01 -9.272586995393955825e-03 -6.669672601230032527e-03
5.800000000000000000e+01 -1.084922741105908556e-02 -7.797423228889623775e-03
5.900000000000000000e+01 -1.263798763611600866e-02 -9.076828867793330577e-03
6.000000000000000000e+01 -1.465638364446168046e-02 -1.052099830166599269e-02
6.100000000000000000e+01 -1.692115916532005090e-02 -1.214285810000007362e-02
6.200000000000000000e+01 -1.944836121083162728e-02 -1.395485899250791667e-02
6.300000000000000000e+01 -2.225339836845317137e-02 -1.596868892234997936e-02
6.400000000000000000e+01 -2.535062207109833876e-02 -1.819499722374509285e-02
6.500000000000000000e+01 -2.875230471886776329e-02 -2.064310319018678591e-02
6.600000000000000000e+01 -3.246742535987376388e-02 -2.332065444155287728e-02
6.700000000000000000e+01 -3.650092412418896176e-02 -2.623322521027238868e-02
6.800000000000000000e+01 -4.085374713085936083e-02 -2.938388388636569565e-02
6.900000000000000000e+01 -4.552330093001188266e-02 -3.277278303326015829e-02
7.000000000000000000e+01 -5.050350010145471247e-02 -3.639681725816978214e-02
7.100000000000000000e+01 -5.578389592024649707e-02 -4.024936341663654799e-02
7.200000000000000000e+01 -6.134823307040710577e-02 -4.432008621024338679e-02
7.300000000000000000e+01 -6.717343584760786246e-02 -4.859477759670908364e-02
7.400000000000000000e+01 -7.322981248784035668e-02 -5.305520503258436688e-02
7.500000000000000000e+01 -7.948228839144388935e-02 -5.767896906768490983e-02
7.600000000000000000e+01 -8.589159608302113225e-02 -6.243940994801390476e-02
7.700000000000000000e+01 -9.241441763656874087e-02 -6.730563973541923983e-02
7.800000000000000000e+01 -9.900250656738640576e-02 -7.224277922268558527e-02
7.900000000000000000e+01 -1.056018947351860388e-01 -7.721241987816282459e-02
8.000000000000000000e+01 -1.121533896799296465e-01 -8.217322649524688716e-02
8.100000000000000000e+01 -1.185945385390333312e-01 -8.708152223213835863e-02
8.200000000000000000e+01 -1.248619965248972535e-01 -9.189174087875887076e-02
8.300000000000000000e+01 -1.308929461658715487e-01 -9.655679718874876638e-02
8.400000000000000000e+01 -1.366251583974496253e-01 -1.010285951950176953e-01
8.500000000000000000e+01 -1.419965951271231208e-01 -1.052588969539282604e-01
8.600000000000000000e+01 -1.469459031040162011e-01 -1.092005505637269891e-01
8.700000000000000000e+01 -1.514143266981118896e-01 -1.128087760080526136e-01
8.800000000000000000e+01 -1.553482553593767690e-01 -1.160420993653322741e-01
8.900000000000000000e+01 -1.587010459830798803e-01 -1.188627598918693407e-01
9.000000000000000000e+01 -1.614334254503980715e-01 -1.212368421613631564e-01
9.100000000000000000e+01 -1.635130167040181604e-01 -1.231346401594613643e-01
9.200000000000000000e+01 -1.649141770996045975e-01 -1.245315708867410776e-01
9.300000000000000000e+01 -1.656188389810878958e-01 -1.254094265934651564e-01
9.400000000000000000e+01 -1.656179404964031598e-01 -1.257573299838648517e-01
9.500000000000000000e+01 -1.649123886917215620e-01 -1.255718440877265918e-01
9.600000000000000000e+01 -1.635128615311825517e-01 -1.248562712884582065e-01
9.700000000000000000e+01 -1.614387070967324145e-01 -1.236197778767321731e-01
9.800000000000000000e+01 -1.587168148300743264e-01 -1.218770614802657110e-01
9.900000000000000000e+01 -1.553810949416791209e-01 -1.196487291516926121e-01
1.000000000000000000e+02 -1.514724282320292492e-01 -1.169618285305226157e-01
1.010000000000000000e+02 -1.470384135299906969e-01 -1.138497129790004003e-01
1.020000000000000000e+02 -1.421324048653188621e-01 -1.103508771363771457e-01
1.030000000000000000e+02 -1.368119554154004214e-01 -1.065071949314288086e-01
1.040000000000000000e+02 -1.311372391783464098e-01 -1.023624402599482286e-01
1.050000000000000000e+02 -1.251699150357521995e-01 -9.796168026043894361e-02
1.060000000000000000e+02 -1.189724094525959619e-01 -9.335135659207835501e-02
1.070000000000000000e+02 -1.126072258523360264e-01 -8.857928451069367604e-02
1.080000000000000000e+02 -1.061359583229473241e-01 -8.369389926762553500e-02
1.090000000000000000e+02 -9.961806217470145497e-02 -7.874275606747233036e-02
1.100000000000000000e+02 -9.310972107151266330e-02 -7.377094474906988053e-02
1.110000000000000000e+02 -8.666309806242748770e-02 -6.882016111624311705e-02
1.120000000000000000e+02 -8.032596399120936481e-02 -6.392864847051277222e-02
1.130000000000000000e+02 -7.414146428570991820e-02 -5.913156609256883800e-02
1.140000000000000000e+02 -6.814781189335955558e-02 -5.446110855839068898e-02
1.150000000000000000e+02 -6.237790987146030891e-02 -4.994604343616780573e-02
1.160000000000000000e+02 -5.685908228542365522e-02 -4.561091531771351015e-02
1.170000000000000000e+02 -5.161307302778007922e-02 -4.147548019809980252e-02
1.180000000000000000e+02 -4.665630674280297346e-02 -3.755475647261280470e-02
1.190000000000000000e+02 -4.200026488729648178e-02 -3.385960862244814795e-02
1.200000000000000000e+02 -3.765183199044129514e-02 -3.039743156875690522e-02
1.210000000000000000e+02 -3.361358336116951340e-02 -2.717253879210133546e-02
1.220000000000000000e+02 -2.988409238484831393e-02 -2.418619185874028646e-02
1.230000000000000000e+02 -2.645834208655534203e-02 -2.143653192140270586e-02
1.240000000000000000e+02 -2.332824626837466317e-02 -1.891873181405051216e-02
1.250000000000000000e+02 -2.048320617758758386e-02 -1.662547903921065412e-02
1.260000000000000000e+02 -1.791061763557882242e-02 -1.454763481599070929e-02
1.270000000000000000e+02 -1.559629664525009722e-02 -1.267480973541177010e-02
1.280000000000000000e+02 -1.352485138026070233e-02 -1.099570426979680146e-02
1.290000000000000000e+02 -1.168004515022179855e-02 -9.498259049746436353e-03
1.300000000000000000e+02 -1.004516609974055730e-02 -8.169777592954554843e-03
1.310000000000000000e+02 -8.603380967906597634e-03 -6.997150466068783117e-03
1.320000000000000000e+02 -7.338037194953263981e-03 -5.967183859244560087e-03
1.330000000000000000e+02 -6.232895355800758229e-03 -5.066934043638649486e-03
1.340000000000000000e+02 -5.272301175049228655e-03 -4.283943930106394807e-03
1.350000000000000000e+02 -4.441319759876372758e-03 -3.606351065275660139e-03
1.360000000000000000e+02 -3.725848043432653661e-03 -3.022915048925236842e-03
1.370000000000000000e+02 -3.112706169882917435e-03 -2.523037229334951746e-03
1.380000000000000000e+02 -2.589699551710412592e-03 -2.096812293396693207e-03
1.390000000000000000e+02 -2.145646092775817162e-03 -1.735099926135256956e-03
1.400000000000000000e+02 -1.770372101507850827e-03 -1.429577813485799790e-03
1.410000000000000000e+02 -1.454686867008935522e-03 -1.172747910383431643e-03
1.420000000000000000e+02 -1.190345515569261750e-03 -9.578978847239314658e-04
1.430000000000000000e+02 -9.700048964130294224e-04 -7.790417232073923665e-04
1.440000000000000000e+02 -7.871728415984140508e-04 -6.308639637697652279e-04
1.450000000000000000e+02 -6.361501682261575452e-04 -5.086768364524947312e-04
1.460000000000000000e+02 -5.119665848083040883e-04 -4.083841400099144951e-04
1.470000000000000000e+02 -4.103136745266020404e-04 -3.264407827999073588e-04
1.480000000000000000e+02 -3.274785106991707486e-04 -2.598024860196974733e-04
1.490000000000000000e+02 -2.602802423687017091e-04 -2.058687060586994640e-04
1.500000000000000000e+02 -2.060104052347249684e-04 -1.624262444713083431e-04
1.510000000000000000e+02 -1.623768492787285521e-04 -1.275994273354978214e-04
1.520000000000000000e+02 -1.274512082829601031e-04 -9.980812572923754484e-05
1.530000000000000000e+02 -9.962024034167307534e-05 -7.773131863882549444e-05
1.540000000000000000e+02 -7.754156246716928467e-05 -6.027331510715632087e-05
1.550000000000000000e+02 -6.010410715397933974e-05 -4.653138439125318107e-05
1.560000000000000000e+02 -4.639324006985367995e-05 -3.576541229524462400e-05
1.570000000000000000e+02 -3.566018217053606922e-05 -2.737091079869082182e-05
1.580000000000000000e+02 -2.729529870867432735e-05 -2.085617450057685541e-05
1.590000000000000000e+02 -2.080488830370739542e-05 -1.582338943794222896e-05
