0.000000000000000000e+00 -3.044162524710324596e-07 -1.185693073686258155e-06
1.000000000000000000e+00 -4.212944509638157634e-12 -1.287719216110665762e-08
2.000000000000000000e+00 -7.042767009729978703e-12 -1.725993506377784157e-08
3.000000000000000000e+00 -1.198829700901037139e-11 -2.514919619455629667e-08
4.000000000000000000e+00 -2.028596588384416693e-11 -3.655968630342007625e-08
5.000000000000000000e+00 -3.411726471909115593e-11 -5.295166779500860021e-08
6.000000000000000000e+00 -5.702195515015885092e-11 -7.636375983052917932e-08
7.000000000000000000e+00 -9.470529704014733487e-11 -1.095697051239139153e-07
8.000000000000000000e+00 -1.563116845077446215e-10 -1.563587048320786491e-07
9.000000000000000000e+00 -2.564109021717219846e-10 -2.219640427896823664e-07
1.000000000000000000e+01 -4.180564987791942461e-10 -3.136447855039302228e-07
1.100000000000000000e+01 -6.774516937411432683e-10 -4.413776246036440743e-07
1.200000000000000000e+01 -1.091040556593784803e-09 -6.186191596980125713e-07
1.300000000000000000e+01 -1.746262767616495877e-09 -8.631985140552470455e-07
1.400000000000000000e+01 -2.777773730551514282e-09 -1.198560409017121615e-06
1.500000000000000000e+01 -4.391651602773051371e-09 -1.655667922212209263e-06
1.600000000000000000e+01 -6.901099672089799915e-09 -2.275753727832404529e-06
1.700000000000000000e+01 -1.077866127883902719e-08 -3.113793044103478113e-06
1.800000000000000000e+01 -1.673227824163668196e-08 -4.242314876480792194e-06
1.900000000000000000e+01 -2.581572139773601151e-08 -5.755327373297432932e-06
2.000000000000000000e+01 -3.958783770182787699e-08 -7.772820042790997485e-06
2.100000000000000000e+01 -6.033972001994429046e-08 -1.044710093759597895e-05
2.200000000000000000e+01 -9.141517420514637460e-08 -1.397233187558286343e-05
2.300000000000000000e+01 -1.376593584431702622e-07 -1.859754012710504459e-05
2.400000000000000000e+01 -2.060442695396087828e-07 -2.464164959965857291e-05
2.500000000000000000e+01 -3.065369207218450129e-07 -3.250826042485021748e-05
2.600000000000000000e+01 -4.532945073779928949e-07 -4.269944922645805370e-05
2.700000000000000000e+01 -6.662910625936500890e-07 -5.583138933727688344e-05
2.800000000000000000e+01 -9.735078558199095639e-07 -7.265734676124126830e-05
2.900000000000000000e+01 -1.413862454703306799e-06 -9.410222199921267463e-05
3.000000000000000000e+01 -2.041108466297742072e-06 -1.213066353719346785e-04
3.100000000000000000e+01 -2.928997137196838519e-06 -1.556717464707961128e-04
3.200000000000000000e+01 -4.178041287035881175e-06 -1.988954189574814856e-04
3.300000000000000000e+01 -5.924270756083739774e-06 -2.529995139787714442e-04
3.400000000000000000e+01 -8.350448376720010892e-06 -3.203618350444063616e-04
3.500000000000000000e+01 -1.170034537165659534e-05 -4.037721227544481496e-04
3.600000000000000000e+01 -1.629682018764257956e-05 -5.065196724822388199e-04
3.700000000000000000e+01 -2.256453161996937261e-05 -6.324948776597689093e-04
3.800000000000000000e+01 -3.105811903369814055e-05 -7.862683808399926946e-04
3.900000000000000000e+01 -4.249668568420546754e-05 -9.731212990840763756e-04
4.000000000000000000e+01 -5.780555261215368203e-05 -1.199039531384820528e-03
4.100000000000000000e+01 -7.816649325251628856e-05 -1.470725549160132066e-03
4.200000000000000000e+01 -1.050777733903232429e-04 -1.795680967939994885e-03
4.300000000000000000e+01 -1.404250622135034849e-04 -2.182356664204615666e-03
4.400000000000000000e+01 -1.865637475786010972e-04 -2.640290085630834886e-03
4.500000000000000000e+01 -2.464128480210757226e-04 -3.180122168206261490e-03
4.600000000000000000e+01 -3.235608704022265025e-04 -3.813454175673375128e-03
4.700000000000000000e+01 -4.223841867948433058e-04 -4.552632077584609777e-03
4.800000000000000000e+01 -5.481778640590751102e-04 -5.410624335301314654e-03
4.900000000000000000e+01 -7.072970451674300864e-04 -6.401093207375976694e-03
5.000000000000000000e+01 -9.073050046855418455e-04 -7.538569981929429432e-03
5.100000000000000000e+01 -1.157123439612793136e-03 -8.838483019303598059e-03
5.200000000000000000e+01 -1.467181444371156969e-03 -1.031682473534245928e-02
5.300000000000000000e+01 -1.849559729576832727e-03 -1.198950044873403620e-02
5.400000000000000000e+01 -2.318123730536856761e-03 -1.387168459458941114e-02
5.500000000000000000e+01 -2.888634325600271304e-03 -1.597754582865826278e-02
5.600000000000000000e+01 -3.578822251595738767e-03 -1.832039445305417430e-02
5.700000000000000000e+01 -4.408414919525554913e-03 -2.091287443338767094e-02
5.800000000000000000e+01 -5.399109202956436405e-03 -2.376666516893521583e-02
5.900000000000000000e+01 -6.574483943376543439e-03 -2.689149169182445190e-02
6.000000000000000000e+01 -7.959838824555951625e-03 -3.029384509355666569e-02
6.100000000000000000e+01 -9.581939086419848095e-03 -3.397615597697804107e-02
6.200000000000000000e+01 -1.146864897198232938e-02 -3.793686400068897041e-02
6.300000000000000000e+01 -1.364845171999785021e-02 -4.217106373723708557e-02
6.400000000000000000e+01 -1.614986691702859078e-02 -4.667084054707074797e-02
6.500000000000000000e+01 -1.900077287509583518e-02 -5.142461450025589270e-02
6.600000000000000000e+01 -2.222762634730447370e-02 -5.641569978650508993e-02
6.700000000000000000e+01 -2.585456688167548506e-02 -6.162110462403523614e-02
6.800000000000000000e+01 -2.990241503875277346e-02 -6.701155879537397386e-02
6.900000000000000000e+01 -3.438760904393307893e-02 -7.255280466144031770e-02
7.000000000000000000e+01 -3.932113831917606606e-02 -7.820712683196086312e-02
7.100000000000000000e+01 -4.470750809778965829e-02 -8.393390651262984392e-02
7.200000000000000000e+01 -5.054373527129670668e-02 -8.968890597379355900e-02
7.300000000000000000e+01 -5.681837979300587149e-02 -9.542323007821042202e-02
7.400000000000000000e+01 -6.351066810592984058e-02 -1.010833437638841842e-01
7.500000000000000000e+01 -7.058981332216589244e-02 -1.066127148538092567e-01
7.600000000000000000e+01 -7.801461905388484830e-02 -1.119543017448609568e-01
7.700000000000000000e+01 -8.573337517458540225e-02 -1.170524307287061083e-01
7.800000000000000000e+01 -9.368399657877758691e-02 -1.218532185236494286e-01
7.900000000000000000e+01 -1.017943912382170829e-01 -1.263040310435711300e-01
8.000000000000000000e+01 -1.099831372184332245e-01 -1.303533191793719848e-01
8.100000000000000000e+01 -1.181605810376795962e-01 -1.339517922469632416e-01
8.200000000000000000e+01 -1.262303733171409870e-01 -1.370546652842145052e-01
8.300000000000000000e+01 -1.340913126209126172e-01 -1.396237708838675151e-01
8.400000000000000000e+01 -1.416393316029314897e-01 -1.416284711913732286e-01
8.500000000000000000e+01 -1.487695794799168691e-01 -1.430453329216158087e-01
8.600000000000000000e+01 -1.553786911832148454e-01 -1.438574725926330677e-01
8.700000000000000000e+01 -1.613673041499108507e-01 -1.440545387052764026e-01
8.800000000000000000e+01 -1.666426890036605823e-01 -1.436335237646976515e-01
8.900000000000000000e+01 -1.711212106459880089e-01 -1.425997581352835275e-01
9.000000000000000000e+01 -1.747304170846836480e-01 -1.409672540134914165e-01
9.100000000000000000e+01 -1.774107907601792655e-01 -1.387580996899119845e-01
9.200000000000000000e+01 -1.791173206079166302e-01 -1.360012938663711646e-01
9.300000000000000000e+01 -1.798209108582622950e-01 -1.327316621286722120e-01
9.400000000000000000e+01 -1.795093992638382152e-01 -1.289891941694488731e-01
9.500000000000000000e+01 -1.781879155435574236e-01 -1.248186485273130447e-01
9.600000000000000000e+01 -1.758785491307056359e-01 -1.202690341771242566e-01
9.700000000000000000e+01 -1.726195609282536458e-01 -1.153927236863347139e-01
9.800000000000000000e+01 -1.684643742824472878e-01 -1.102442638531274943e-01
9.900000000000000000e+01 -1.634803330977211977e-01 -1.048791355861646291e-01
1.000000000000000000e+02 -1.577470286916552999e-01 -9.935267162101282801e-02
1.010000000000000000e+02 -1.513541038010430828e-01 -9.371918039586228655e-02
1.020000000000000000e+02 -1.443987243674519916e-01 -8.803121038289574152e-02
1.030000000000000000e+02 -1.369830472355851037e-01 -8.233888184982145197e-02
1.040000000000000000e+02 -1.292118627237645034e-01 -7.668926111490025066e-02
1.050000000000000000e+02 -1.211903449908196123e-01 -7.112578784654881303e-02
1.060000000000000000e+02 -1.130217810217139240e-01 -6.568777456770323597e-02
1.070000000000000000e+02 -1.048053159786059146e-01 -6.041000341080193098e-02
1.080000000000000000e+02 -9.663393070819323305e-02 -5.532245755813353094e-02
1.090000000000000000e+02 -8.859284925889429618e-02 -5.045022173327121107e-02
1.100000000000000000e+02 -8.075839306880532031e-02 -4.581354934795128786e-02
1.110000000000000000e+02 -7.319715786342001484e-02 -4.142804336846381275e-02
1.120000000000000000e+02 -6.596541675513906133e-02 -3.730487823149376825e-02
1.130000000000000000e+02 -5.910877594414112868e-02 -3.345102306759341337e-02
1.140000000000000000e+02 -5.266216962170537641e-02 -2.986948460398618221e-02
1.150000000000000000e+02 -4.665021850256760583e-02 -2.655961911556523058e-02
1.160000000000000000e+02 -4.108787236445805846e-02 -2.351753967874339185e-02
1.170000000000000000e+02 -3.598121763701981474e-02 -2.073659079108897477e-02
1.180000000000000000e+02 -3.132837507765184881e-02 -1.820782639064582459e-02
1.190000000000000000e+02 -2.712047436338750617e-02 -1.592043857513439700e-02
1.200000000000000000e+02 -2.334270890542687604e-02 -1.386212838416077744e-02
1.210000000000000000e+02 -1.997544428940740968e-02 -1.201944680842916523e-02
1.220000000000000000e+02 -1.699532093651041909e-02 -1.037813598799156370e-02
1.230000000000000000e+02 -1.437629019553563967e-02 -8.923473337999357144e-03
1.240000000000000000e+02 -1.209055020540313399e-02 -7.640593820538676278e-03
1.250000000000000000e+02 -1.010937723729149126e-02 -6.514761028360693124e-03
1.260000000000000000e+02 -8.403859324146506146e-03 -5.531575883079087666e-03
1.270000000000000000e+02 -6.945532046706070356e-03 -4.677134026421695887e-03
1.280000000000000000e+02 -5.706906242865654108e-03 -3.938151732574676246e-03
1.290000000000000000e+02 -4.661877710710458401e-03 -3.302072599605129517e-03
1.300000000000000000e+02 -3.786020826675255344e-03 -2.757154034468845254e-03
1.310000000000000000e+02 -3.056781433251284409e-03 -2.292525794098558729e-03
1.320000000000000000e+02 -2.453589071035328605e-03 -1.898216254031826703e-03
1.330000000000000000e+02 -1.957903564526308499e-03 -1.565150278536855434e-03
1.340000000000000000e+02 -1.553203816579414942e-03 -1.285127946875190942e-03
1.350000000000000000e+02 -1.224925026784774674e-03 -1.050792681782341999e-03
1.360000000000000000e+02 -9.603545686768957899e-04 -8.555928488345929638e-04
1.370000000000000000e+02 -7.485005656344251822e-04 -6.937370574448963219e-04
1.380000000000000000e+02 -5.799461677904215514e-04 -5.601426644204021785e-04
1.390000000000000000e+02 -4.466977509672176330e-04 -4.503786392341959342e-04
1.400000000000000000e+02 -3.420311663968226092e-04 -3.606057098305020560e-04
1.410000000000000000e+02 -2.603392861807453363e-04 -2.875169898608055490e-04
1.420000000000000000e+02 -1.969850578261396002e-04 -2.282811818573182315e-04
1.430000000000000000e+02 -1.481643954374007059e-04 -1.804890565421210416e-04
1.440000000000000000e+02 -1.107815969198236238e-04 -1.421031600257117891e-04
1.450000000000000000e+02 -8.233786808570162368e-05 -1.114107256602500889e-04
1.460000000000000000e+02 -6.083242382085741345e-05 -8.698009440725192434e-05
1.470000000000000000e+02 -4.467564911291263302e-05 -6.762109121515995922e-05
1.480000000000000000e+02 -3.261404321111405886e-05 -5.234962459173431333e-05
1.490000000000000000e+02 -2.366647439821129999e-05 -4.035644839709279637e-05
1.500000000000000000e+02 -1.707077144235954479e-05 -3.097978191295373270e-05
1.510000000000000000e+02 -1.223934593814839282e-05 -2.368141768235738898e-05
1.520000000000000000e+02 -8.722575485888800186e-06 -1.802599662705390223e-05
1.530000000000000000e+02 -6.178888795789535873e-06 -1.366318907632579140e-05
1.540000000000000000e+02 -4.350637071082978539e-06 -1.031253157364131492e-05
1.550000000000000000e+02 -3.044865438414147067e-06 -7.750644508444286620e-06
1.560000000000000000e+02 -2.118120217594561288e-06 -5.800533678263483332e-06
1.570000000000000000e+02 -1.464521675180899638e-06 -4.322685296045282540e-06
1.580000000000000000e+02 -1.006472049799094436e-06 -3.207693303770426615e-06
1.590000000000000000e+02 -6.874914889081231026e-07 -2.370194668819076111e-06
