0.000000000000000000e+00 -1.356029714544455912e-07 -1.007201715976129709e-06
1.000000000000000000e+00 -5.307599223632347410e-12 -2.613177545250775974e-11
2.000000000000000000e+00 -8.785449326845622816e-12 -4.069329751769543950e-11
3.000000000000000000e+00 -1.467538512050065339e-11 -6.576731142061079631e-11
4.000000000000000000e+00 -2.437112614638045916e-11 -1.059161782787904188e-10
5.000000000000000000e+00 -4.023490132612127331e-11 -1.698060767935030811e-10
6.000000000000000000e+00 -6.603549739901726177e-11 -2.706174076371153432e-10
7.000000000000000000e+00 -1.077463982029224271e-10 -4.283255758058438446e-10
8.000000000000000000e+00 -1.747756055095590568e-10 -6.734836523792753892e-10
9.000000000000000000e+00 -2.818473696112369334e-10 -1.053146320081891473e-09
1.000000000000000000e+01 -4.518625656596462220e-10 -1.639322596583030092e-09
1.100000000000000000e+01 -7.202169438117318464e-10 -2.540238776181673755e-09
1.200000000000000000e+01 -1.141274593827683680e-09 -3.915526655403533973e-09
1.300000000000000000e+01 -1.798005104146374929e-09 -5.998580837102212812e-09
1.400000000000000000e+01 -2.816234362924712006e-09 -9.131716092943007014e-09
1.500000000000000000e+01 -4.385578642129733039e-09 -1.382019015802728251e-08
1.600000000000000000e+01 -6.789989757007247108e-09 -2.080855071300627557e-08
1.700000000000000000e+01 -1.045201422229546338e-08 -3.118007512361594799e-08
1.800000000000000000e+01 -1.599646866442092562e-08 -4.648395252103026069e-08
1.900000000000000000e+01 -2.434140253336986581e-08 -6.890938559757916892e-08
2.000000000000000000e+01 -3.682714120346598752e-08 -1.015441884335533438e-07
2.100000000000000000e+01 -5.539809284330291230e-08 -1.487605320745611480e-07
2.200000000000000000e+01 -8.285710611245669926e-08 -2.167509910651941410e-07
2.300000000000000000e+01 -1.232187792983508969e-07 -3.142105752889539349e-07
2.400000000000000000e+01 -1.821966291374864484e-07 -4.531693016769864042e-07
2.500000000000000000e+01 -2.678699158830669847e-07 -6.500567126766258230e-07
2.600000000000000000e+01 -3.915897390583628803e-07 -9.271889748845279361e-07
2.700000000000000000e+01 -5.692013030206455313e-07 -1.314906635381703469e-06
2.800000000000000000e+01 -8.226804963117719215e-07 -1.854478635206813568e-06
2.900000000000000000e+01 -1.182308642499861778e-06 -2.601701090861687828e-06
3.000000000000000000e+01 -1.689540069708176149e-06 -3.631091643672421892e-06
3.100000000000000000e+01 -2.400753672796316459e-06 -5.040895280514917382e-06
3.200000000000000000e+01 -3.392122388397141135e-06 -6.959627771601309832e-06
3.300000000000000000e+01 -4.765883494166339509e-06 -9.555093460954503426e-06
3.400000000000000000e+01 -6.658347351983207663e-06 -1.304632001840741386e-05
3.500000000000000000e+01 -9.250041650494859148e-06 -1.771791933529222611e-05
3.600000000000000000e+01 -1.277845092992728075e-05 -2.393598894744028674e-05
3.700000000000000000e+01 -1.755387508365194698e-05 -3.216564789161413887e-05
3.800000000000000000e+01 -2.397899262288174775e-05 -4.299221182974487086e-05
3.900000000000000000e+01 -3.257277090407812819e-05 -5.714901756603433863e-05
4.000000000000000000e+01 -4.399941136022952708e-05 -7.555334057332900556e-05
4.100000000000000000e+01 -5.910304583061314196e-05 -9.934832261040530711e-05
4.200000000000000000e+01 -7.894889910257582837e-05 -1.299465449858444631e-04
4.300000000000000000e+01 -1.048715886740023996e-04 -1.690729941633535658e-04
4.400000000000000000e+01 -1.385311349595847190e-04 -2.188110310404397119e-04
4.500000000000000000e+01 -1.819771030020112944e-04 -2.816592968418402468e-04
4.600000000000000000e+01 -2.377210935682984370e-04 -3.606044593172302382e-04
4.700000000000000000e+01 -3.088175332162963879e-04 -4.592043740551908504e-04
4.800000000000000000e+01 -3.989523330790088708e-04 -5.816667892045188993e-04
4.900000000000000000e+01 -5.125384439335979895e-04 -7.329105916197258940e-04
5.000000000000000000e+01 -6.548166449783833238e-04 -9.186118208779580057e-04
5.100000000000000000e+01 -8.319591795231419656e-04 -1.145253325531069271e-03
5.200000000000000000e+01 -1.051173211583495163e-03 -1.420196618720858056e-03
5.300000000000000000e+01 -1.320800463050317720e-03 -1.751770037252117556e-03
5.400000000000000000e+01 -1.650408519767985072e-03 -2.149335380567310352e-03
5.500000000000000000e+01 -2.050867967575236567e-03 -2.623287805306264570e-03
5.600000000000000000e+01 -2.534408073466820448e-03 -3.184978793649563371e-03
5.700000000000000000e+01 -3.114643010875298330e-03 -3.846607001052609540e-03
5.800000000000000000e+01 -3.806561132476743090e-03 -4.621142344771791803e-03
5.900000000000000000e+01 -4.626470674674161739e-03 -5.522297779636943342e-03
6.000000000000000000e+01 -5.591894780487638092e-03 -6.564471409725054774e-03
6.100000000000000000e+01 -6.721406412094297136e-03 -7.762539206649262530e-03
6.200000000000000000e+01 -8.034392249050894066e-03 -9.131453608160335772e-03
6.300000000000000000e+01 -9.550737929686092115e-03 -1.068575270424933048e-02
6.400000000000000000e+01 -1.129043497910693292e-02 -1.243916401063538228e-02
6.500000000000000000e+01 -1.327311601022468715e-02 -1.440438366284952157e-02
6.600000000000000000e+01 -1.551752218006973924e-02 -1.659288941080383842e-02
6.700000000000000000e+01 -1.804089820161303495e-02 -1.901452578881389355e-02
6.800000000000000000e+01 -2.085830985775544155e-02 -2.167675150813580184e-02
6.900000000000000000e+01 -2.398189788112659732e-02 -2.458376570220618257e-02
7.000000000000000000e+01 -2.742010900912493498e-02 -2.773590738283263080e-02
7.100000000000000000e+01 -3.117695084511522274e-02 -3.112951696003780216e-02
7.200000000000000000e+01 -3.525128836221802509e-02 -3.475700756731227303e-02
7.300000000000000000e+01 -3.963616647670874238e-02 -3.860666422192594871e-02
7.400000000000000000e+01 -4.431815581267906090e-02 -4.266196848341140963e-02
7.500000000000000000e+01 -4.927678430261418080e-02 -4.690081544128774788e-02
7.600000000000000000e+01 -5.448416763045905997e-02 -5.129526630477160981e-02
7.700000000000000000e+01 -5.990490858978504696e-02 -5.581211440779843685e-02
7.800000000000000000e+01 -6.549621879841337202e-02 -6.041384515055644999e-02
7.900000000000000000e+01 -7.120815565691895888e-02 -6.505925498565284792e-02
8.000000000000000000e+01 -7.698396221768509518e-02 -6.970343733370132355e-02
8.100000000000000000e+01 -8.276066451240812749e-02 -7.429763366883179732e-02
8.200000000000000000e+01 -8.847010447347614104e-02 -7.878976486670867529e-02
8.300000000000000000e+01 -9.404037431298215011e-02 -8.312592922066464052e-02
8.400000000000000000e+01 -9.939737054594555143e-02 -8.725228701973075651e-02
8.500000000000000000e+01 -1.044662136353033954e-01 -9.111643550719307483e-02
8.600000000000000000e+01 -1.091726113983678692e-01 -9.466794969740426058e-02
8.700000000000000000e+01 -1.134445076965875654e-01 -9.785864077086992019e-02
8.800000000000000000e+01 -1.172141740303839358e-01 -1.006433636758999328e-01
8.900000000000000000e+01 -1.204203960767625814e-01 -1.029816106567988110e-01
9.000000000000000000e+01 -1.230101649589882828e-01 -1.048392811232281285e-01
9.100000000000000000e+01 -1.249396753095984997e-01 -1.061897802844355421e-01
9.200000000000000000e+01 -1.261750791453105369e-01 -1.070141783484203080e-01
9.300000000000000000e+01 -1.266935643185951310e-01 -1.073009396049752900e-01
9.400000000000000000e+01 -1.264846824585014740e-01 -1.070459343789162965e-01
9.500000000000000000e+01 -1.255511545405134655e-01 -1.062529330094183350e-01
9.600000000000000000e+01 -1.239085220970966850e-01 -1.049341209119957485e-01
9.700000000000000000e+01 -1.215839393259656592e-01 -1.031100213058303017e-01
9.800000000000000000e+01 -1.186150655657339098e-01 -1.008086583153879612e-01
9.900000000000000000e+01 -1.150495808490050453e-01 -9.806434732647345554e-02
1.000000000000000000e+02 -1.109447634069055666e-01 -9.491663589263238388e-02
1.010000000000000000e+02 -1.063661327555335545e-01 -9.140957850612685398e-02
1.020000000000000000e+02 -1.013849635921501846e-01 -8.759110279489037976e-02
1.030000000000000000e+02 -9.607561733391031811e-02 -8.351211578373292366e-02
1.040000000000000000e+02 -9.051376117756831929e-02 -7.922524951425036210e-02
1.050000000000000000e+02 -8.477547310851415996e-02 -7.478346657374540518e-02
1.060000000000000000e+02 -7.893622158652841003e-02 -7.023884132718552498e-02
1.070000000000000000e+02 -7.306895439282404259e-02 -6.564166253516980076e-02
1.080000000000000000e+02 -6.724172774571560152e-02 -6.103976594664350941e-02
1.090000000000000000e+02 -6.151602580908013124e-02 -5.647791391813002104e-02
1.100000000000000000e+02 -5.594632830717784916e-02 -5.199713489229432217e-02
1.110000000000000000e+02 -5.058030802947445503e-02 -4.763409342233755617e-02
1.120000000000000000e+02 -4.545865112805593661e-02 -4.342063255404657318e-02
1.130000000000000000e+02 -4.061427258236516291e-02 -3.938357133803158799e-02
1.140000000000000000e+02 -3.607166222824721713e-02 -3.554472442681295280e-02
1.150000000000000000e+02 -3.184713134617427055e-02 -3.192104170680300224e-02
1.160000000000000000e+02 -2.794988045706317537e-02 -2.852478665625447080e-02
1.170000000000000000e+02 -2.438311187649140274e-02 -2.536374371697523722e-02
1.180000000000000000e+02 -2.114461458042307673e-02 -2.244149622697276872e-02
1.190000000000000000e+02 -1.822701004806150799e-02 -1.975780881807711470e-02
1.200000000000000000e+02 -1.561825630511962971e-02 -1.730910028863194908e-02
1.210000000000000000e+02 -1.330267553177321566e-02 -1.508895320197185114e-02
1.220000000000000000e+02 -1.126217877675109516e-02 -1.308860652463319021e-02
1.230000000000000000e+02 -9.477191458764399126e-03 -1.129740951692113915e-02
1.240000000000000000e+02 -7.927143674614304733e-03 -9.703246304844807824e-03
1.250000000000000000e+02 -6.590802729705368818e-03 -8.292946804192621174e-03
1.260000000000000000e+02 -5.446752863467491101e-03 -7.052683532161639103e-03
1.270000000000000000e+02 -4.474026580537992549e-03 -5.968336267090547896e-03
1.280000000000000000e+02 -3.652650815046599997e-03 -5.025804428431862939e-03
1.290000000000000000e+02 -2.963927116960068248e-03 -4.211259796614201870e-03
1.300000000000000000e+02 -2.390493329472031733e-03 -3.511346554972902094e-03
1.310000000000000000e+02 -1.916343584264279141e-03 -2.913340431435240338e-03
1.320000000000000000e+02 -1.526910976791558908e-03 -2.405273804662230817e-03
1.330000000000000000e+02 -1.209169819640509066e-03 -1.976026899826494217e-03
1.340000000000000000e+02 -9.516590675395766776e-04 -1.615383467689570198e-03
1.350000000000000000e+02 -7.443940027866801767e-04 -1.314052902670520594e-03
1.360000000000000000e+02 -5.787203591299881333e-04 -1.063665157083215672e-03
1.370000000000000000e+02 -4.471821214154854287e-04 -8.567461733394064402e-04
1.380000000000000000e+02 -3.434251382122952456e-04 -6.866797072421209226e-04
1.390000000000000000e+02 -2.621100012927112411e-04 -5.476588040121545091e-04
1.400000000000000000e+02 -1.988046085599341241e-04 -4.346289531839459984e-04
1.410000000000000000e+02 -1.498565681613215890e-04 -3.432252559134858858e-04
1.420000000000000000e+02 -1.122683930441329423e-04 -2.697065901445104444e-04
1.430000000000000000e+02 -8.359441429685884970e-05 -2.108897165868187388e-04
1.440000000000000000e+02 -6.185965293791892048e-05 -1.640854746572715617e-04
1.450000000000000000e+02 -4.548930761593976462e-05 -1.270382711124690622e-04
1.460000000000000000e+02 -3.324070807796336915e-05 -9.786947665711604762e-05
1.470000000000000000e+02 -2.413894241444965183e-05 -7.502515839337752315e-05
1.480000000000000000e+02 -1.742181352999717383e-05 -5.722852866354675180e-05
1.490000000000000000e+02 -1.249688699207202234e-05 -4.343736074927008071e-05
1.500000000000000000e+02 -8.908408715970039574e-06 -3.280639160610139164e-05
1.510000000000000000e+02 -6.310031613024085328e-06 -2.465450661304694190e-05
1.520000000000000000e+02 -4.441025291692788957e-06 -1.843636713819994912e-05
1.530000000000000000e+02 -3.106020790131607555e-06 -1.371809792278857738e-05
1.540000000000000000e+02 -2.159029405891758659e-06 -1.015664846289453553e-05
1.550000000000000000e+02 -1.491601455899937910e-06 -7.482443598596395581e-06
1.560000000000000000e+02 -1.024039210231820844e-06 -5.484935052270736595e-06
1.570000000000000000e+02 -6.984949342701931416e-07 -4.000671791944885934e-06
1.580000000000000000e+02 -4.733468717507455955e-07 -2.903528267196635701e-06
1.590000000000000000e+02 -3.187495135418444873e-07 -2.096761874067149766e-06
