0.000000000000000000e+00 -2.700746148555602255e-09 -1.353378458007852271e-08
1.000000000000000000e+00 -9.799196953373109687e-17 -2.666772768480853421e-13
2.000000000000000000e+00 -2.287044207009630074e-16 -5.016626025986554374e-13
3.000000000000000000e+00 -5.297819371363233375e-16 -9.489122716422054470e-13
4.000000000000000000e+00 -1.213548584606975126e-15 -1.780062124840452496e-12
5.000000000000000000e+00 -2.748791432554036559e-15 -3.311546997863738865e-12
6.000000000000000000e+00 -6.155173349108416365e-15 -6.109379607129756604e-12
7.000000000000000000e+00 -1.362458276791566827e-14 -1.117649444045812056e-11
8.000000000000000000e+00 -2.981779217168930235e-14 -2.027488492681735756e-11
9.000000000000000000e+00 -6.453080096376840584e-14 -3.647432929220345371e-11
1.000000000000000000e+01 -1.380941458674283211e-13 -6.507586373720523641e-11
1.100000000000000000e+01 -2.921821517291218151e-13 -1.151484053119461341e-10
1.200000000000000000e+01 -6.112464092949792552e-13 -2.020645113001004520e-10
1.300000000000000000e+01 -1.264497949053521951e-12 -3.516555442284232024e-10
1.400000000000000000e+01 -2.586924900030207086e-12 -6.069589792023408911e-10
1.500000000000000000e+01 -5.233559191790782234e-12 -1.039049848008050235e-09
1.600000000000000000e+01 -1.047009161688939150e-11 -1.764235176733668627e-09
1.700000000000000000e+01 -2.071429215989076318e-11 -2.971109656246863005e-09
1.800000000000000000e+01 -4.053101041121896301e-11 -4.962801950579053795e-09
1.900000000000000000e+01 -7.843517382428855791e-11 -8.222336043876376490e-09
2.000000000000000000e+01 -1.501198020984642420e-10 -1.351262860920549520e-08
2.100000000000000000e+01 -2.841714846608745188e-10 -2.202779315536343895e-08
2.200000000000000000e+01 -5.320627058709251028e-10 -3.561997896738200586e-08
2.300000000000000000e+01 -9.853787857668764870e-10 -5.713665300148691598e-08
2.400000000000000000e+01 -1.805133105635786764e-09 -9.091734911724586531e-08
2.500000000000000000e+01 -3.271074158860243839e-09 -1.435171454993067555e-07
2.600000000000000000e+01 -5.863609832927401750e-09 -2.247487256868058173e-07
2.700000000000000000e+01 -1.039808080533541833e-08 -3.491690021017069803e-07
2.800000000000000000e+01 -1.824186245431713386e-08 -5.381812476173034666e-07
2.900000000000000000e+01 -3.166105640465678154e-08 -8.229780554543733679e-07
3.000000000000000000e+01 -5.436736494830962275e-08 -1.248614605956469747e-06
3.100000000000000000e+01 -9.236924030155743581e-08 -1.879582598764782184e-06
3.200000000000000000e+01 -1.552782736661834524e-07 -2.807360971293526128e-06
3.300000000000000000e+01 -2.582880379023393729e-07 -4.160546719288135177e-06
3.400000000000000000e+01 -4.251336455292743965e-07 -6.118302653968177852e-06
3.500000000000000000e+01 -6.924588584902903917e-07 -8.927993697195974002e-06
3.600000000000000000e+01 -1.116168878115770109e-06 -1.292803833029540831e-05
3.700000000000000000e+01 -1.780543136845566020e-06 -1.857719187385078387e-05
3.800000000000000000e+01 -2.811132005595639518e-06 -2.649167026247647964e-05
3.900000000000000000e+01 -4.392756205160718526e-06 -3.749165166950236807e-05
4.000000000000000000e+01 -6.794257675393686722e-06 -5.265874169511381038e-05
4.100000000000000000e+01 -1.040202563572847081e-05 -7.340601486966849315e-05
4.200000000000000000e+01 -1.576474462007434037e-05 -1.015622785409435122e-04
4.300000000000000000e+01 -2.365222994793511315e-05 -1.394721265175131769e-04
4.400000000000000000e+01 -3.513155439485122025e-05 -1.901129832253252525e-04
4.500000000000000000e+01 -5.166390821237270875e-05 -2.572296844846105792e-04
4.600000000000000000e+01 -7.522576805487109902e-05 -3.454864031089737103e-04
4.700000000000000000e+01 -1.084578560914076250e-04 -4.606349974803702961e-04
4.800000000000000000e+01 -1.548448531944561491e-04 -6.096978637663366413e-04
4.900000000000000000e+01 -2.189278286216288314e-04 -8.011617590226391156e-04
5.000000000000000000e+01 -3.065499201915209446e-04 -1.045176980560850923e-03
5.100000000000000000e+01 -4.251338541877547187e-04 -1.353754361736753597e-03
5.200000000000000000e+01 -5.839871947056232649e-04 -1.740951067404241607e-03
5.300000000000000000e+01 -7.946277270828327501e-04 -2.223034573674106951e-03
5.400000000000000000e+01 -1.071117397394737896e-03 -2.818611842422321517e-03
5.500000000000000000e+01 -1.430389013138953693e-03 -3.548708086797264065e-03
5.600000000000000000e+01 -1.892545490487394007e-03 -4.436778175099333199e-03
5.700000000000000000e+01 -2.481106880635124134e-03 -5.508634187956173295e-03
5.800000000000000000e+01 -3.223176197515760597e-03 -6.792273534390324240e-03
5.900000000000000000e+01 -4.149492060703415669e-03 -8.317591983898231164e-03
6.000000000000000000e+01 -5.294335023217960380e-03 -1.011596625545300651e-02
6.100000000000000000e+01 -6.695255082797597554e-03 -1.221969427939197800e-02
6.200000000000000000e+01 -8.392590091304566458e-03 -1.466128820382944092e-02
6.300000000000000000e+01 -1.042874962070853770e-02 -1.747262220274866176e-02
6.400000000000000000e+01 -1.284724774365491110e-02 -2.068394167932572497e-02
6.500000000000000000e+01 -1.569148030887541900e-02 -2.432274528258896590e-02
6.600000000000000000e+01 -1.900325523704115421e-02 -2.841256064338329446e-02
6.700000000000000000e+01 -2.282109835894290117e-02 -3.297164755193911223e-02
6.800000000000000000e+01 -2.717837476009336839e-02 -3.801167176588614999e-02
6.900000000000000000e+01 -3.210128496152282740e-02 -4.353639591799526865e-02
7.000000000000000000e+01 -3.760681113535090103e-02 -4.954043663054158442e-02
7.100000000000000000e+01 -4.370069985488821140e-02 -5.600814442377848035e-02
7.200000000000000000e+01 -5.037557875097686128e-02 -6.291267104216763384e-02
7.300000000000000000e+01 -5.760931414275564932e-02 -7.021528805238873294e-02
7.400000000000000000e+01 -6.536371799244226899e-02 -7.786501016289637533e-02
7.500000000000000000e+01 -7.358370368356345614e-02 -8.579856626298378031e-02
7.600000000000000000e+01 -8.219697776277395951e-02 -9.394075652899125384e-02
7.700000000000000000e+01 -9.111434075241489627e-02 -1.022052276719073310e-01
7.800000000000000000e+01 -1.002306477409630331e-01 -1.104956803134150567e-01
7.900000000000000000e+01 -1.094264472480766803e-01 -1.187074957744656545e-01
8.000000000000000000e+01 -1.185702832680962798e-01 -1.267297482113052820e-01
8.100000000000000000e+01 -1.275216149745454219e-01 -1.344475575718357963e-01
8.200000000000000000e+01 -1.361342765974364044e-01 -1.417447282420441768e-01
8.300000000000000000e+01 -1.442603652777578460e-01 -1.485065964425684171e-01
8.400000000000000000e+01 -1.517544151635712157e-01 -1.546229840465057348e-01
8.500000000000000000e+01 -1.584776968737878766e-01 -1.599911461465814422e-01
8.600000000000000000e+01 -1.643024693665876557e-01 -1.645186078815076280e-01
8.700000000000000000e+01 -1.691160041325896479e-01 -1.681257943198082860e-01
8.800000000000000000e+01 -1.728242042372818421e-01 -1.707483517312618770e-01
8.900000000000000000e+01 -1.753546563481870324e-01 -1.723390533121440527e-01
9.000000000000000000e+01 -1.766589788586675203e-01 -1.728692012831690994e-01
9.100000000000000000e+01 -1.767143594556295771e-01 -1.723294766688653334e-01
9.200000000000000000e+01 -1.755242116165260935e-01 -1.707302173566219716e-01
9.300000000000000000e+01 -1.731179222104189119e-01 -1.681011104993814231e-01
9.400000000000000000e+01 -1.695497074397913084e-01 -1.644902928209882875e-01
9.500000000000000000e+01 -1.648966363915227440e-01 -1.599628886991870114e-01
9.600000000000000000e+01 -1.592559189354322002e-01 -1.545990638110134596e-01
9.700000000000000000e+01 -1.527415879668567178e-01 -1.484916915737325704e-01
9.800000000000000000e+01 -1.454807325281484431e-01 -1.417437177053639530e-01
9.900000000000000000e+01 -1.376094540600116267e-01 -1.344653048057521116e-01
1.000000000000000000e+02 -1.292687223279464781e-01 -1.267708649484046712e-01
1.010000000000000000e+02 -1.206003032219161997e-01 -1.187761119230937024e-01
1.020000000000000000e+02 -1.117429187201356700e-01 -1.105952494906795175e-01
1.030000000000000000e+02 -1.028287784686933853e-01 -1.023383733639142840e-01
1.040000000000000000e+02 -9.398059370594095963e-02 -9.410914649589156855e-02
1.050000000000000000e+02 -8.530915233974040168e-02 -8.600281546951769884e-02
1.060000000000000000e+02 -7.691150220093150025e-02 -7.810463242999414468e-02
1.070000000000000000e+02 -6.886975769337169706e-02 -7.048871140351942177e-02
1.080000000000000000e+02 -6.125051385383667446e-02 -6.321730752708780432e-02
1.090000000000000000e+02 -5.410482481524708093e-02 -5.634049489850594117e-02
1.100000000000000000e+02 -4.746868343968857484e-02 -4.989622405091051482e-02
1.110000000000000000e+02 -4.136392450123301673e-02 -4.391073227842484661e-02
1.120000000000000000e+02 -3.579946397793370982e-02 -3.839925496343087052e-02
1.130000000000000000e+02 -3.077278273560670949e-02 -3.336696891071413290e-02
1.140000000000000000e+02 -2.627156492357520662e-02 -2.881010370669439408e-02
1.150000000000000000e+02 -2.227540805922526707e-02 -2.471716936586509927e-02
1.160000000000000000e+02 -1.875753086573521064e-02 -2.107025009343834257e-02
1.170000000000000000e+02 -1.568641592721714551e-02 -1.784630897566995972e-02
1.180000000000000000e+02 -1.302733708297188972e-02 -1.501845182894101863e-02
1.190000000000000000e+02 -1.074373497596706716e-02 -1.255711244821837262e-02
1.200000000000000000e+02 -8.798416780574365437e-03 -1.043113483396630736e-02
1.210000000000000000e+02 -7.154567393153113929e-03 -8.608733884747466619e-03
1.220000000000000000e+02 -5.776569389502303302e-03 -7.058319498505280856e-03
1.230000000000000000e+02 -4.630637552554883740e-03 -5.749176331692338465e-03
1.240000000000000000e+02 -3.685280290498073492e-03 -4.652001086435299249e-03
1.250000000000000000e+02 -2.911604813569010266e-03 -3.739305804304405255e-03
1.260000000000000000e+02 -2.283485874506451657e-03 -2.985698064846498568e-03
1.270000000000000000e+02 -1.777619433703130948e-03 -2.368050345014088929e-03
1.280000000000000000e+02 -1.373482878454839124e-03 -1.865573094096503520e-03
1.290000000000000000e+02 -1.053222623325785010e-03 -1.459808087464764537e-03
1.300000000000000000e+02 -8.014883693997539981e-04 -1.134558699217447534e-03
1.310000000000000000e+02 -6.052312725996054519e-04 -8.757722479864422840e-04
1.320000000000000000e+02 -4.534809310112198613e-04 -6.713879313495694752e-04
1.330000000000000000e+02 -3.371136090656134780e-04 -5.111625743724539052e-04
1.340000000000000000e+02 -2.486216364942986498e-04 -3.864849692487923186e-04
1.350000000000000000e+02 -1.818915807468578813e-04 -2.901876418674723861e-04
1.360000000000000000e+02 -1.319966638537322409e-04 -2.163627879931468074e-04
1.370000000000000000e+02 -9.500702460884479482e-05 -1.601873407749426911e-04
1.380000000000000000e+02 -6.781984419307192878e-05 -1.177607156431514934e-04
1.390000000000000000e+02 -4.801006933703001007e-05 -8.595753073397519105e-05
1.400000000000000000e+02 -3.370147109002042188e-05 -6.229644296941218306e-05
1.410000000000000000e+02 -2.345704329041797874e-05 -4.482527895580599005e-05
1.420000000000000000e+02 -1.618724452275814037e-05 -3.202196355173431554e-05
1.430000000000000000e+02 -1.107428499687885873e-05 -2.271031066322312403e-05
1.440000000000000000e+02 -7.510519509963143232e-06 -1.598944402698279031e-05
1.450000000000000000e+02 -5.048992767568125308e-06 -1.117541950523516313e-05
1.460000000000000000e+02 -3.364260143063415735e-06 -7.753532694325812683e-06
1.470000000000000000e+02 -2.221747071000259631e-06 -5.339814447405364234e-06
1.480000000000000000e+02 -1.454087956417517908e-06 -3.650305527679943682e-06
1.490000000000000000e+02 -9.430814073934187660e-07 -2.476821027980255017e-06
1.500000000000000000e+02 -6.060970426984498929e-07 -1.668046723088288079e-06
1.510000000000000000e+02 -3.859600222680512228e-07 -1.114951385376003917e-06
1.520000000000000000e+02 -2.435134374516324768e-07 -7.396464690997890427e-07
1.530000000000000000e+02 -1.522151587534730571e-07 -4.869673802262465212e-07
1.540000000000000000e+02 -9.425877490815117662e-08 -3.181778699292044142e-07
1.550000000000000000e+02 -5.782154311037347171e-08 -2.063104725043682739e-07
1.560000000000000000e+02 -3.513477947118288446e-08 -1.327518745953345818e-07
1.570000000000000000e+02 -2.114662318612384309e-08 -8.476480813554860137e-08
1.580000000000000000e+02 -1.260599746232928638e-08 -5.370741357871699216e-08
1.590000000000000000e+02 -7.442593503827580092e-09 -3.376641996970502055e-08
