0.000000000000000000e+00 -4.451447370483655868e-07 -1.068924003824908936e-05
1.000000000000000000e+00 -1.004000951081031527e-09 -4.254080524180676927e-06
2.000000000000000000e+00 -1.484529930004863759e-09 -4.462321012266552821e-06
3.000000000000000000e+00 -2.264810981757331543e-09 -5.678475986615597984e-06
4.000000000000000000e+00 -3.439754058678355352e-09 -7.286215483002263436e-06
5.000000000000000000e+00 -5.197672826428473061e-09 -9.329589881390242938e-06
6.000000000000000000e+00 -7.813983553914452163e-09 -1.190073043507683331e-05
7.000000000000000000e+00 -1.168753963168727159e-08 -1.511249025757639942e-05
8.000000000000000000e+00 -1.739263882634946748e-08 -1.910716269481183130e-05
9.000000000000000000e+00 -2.575158146294281332e-08 -2.407027466871176409e-05
1.000000000000000000e+01 -3.793523803669172521e-08 -3.024136795764126531e-05
1.100000000000000000e+01 -5.560159161082157319e-08 -3.791599493865781349e-05
1.200000000000000000e+01 -8.108539293596339335e-08 -4.743814180979240633e-05
1.300000000000000000e+01 -1.176561237956007107e-07 -5.919003300513993592e-05
1.400000000000000000e+01 -1.698666579993628974e-07 -7.359221914144802599e-05
1.500000000000000000e+01 -2.440216133781420423e-07 -9.112555939607117799e-05
1.600000000000000000e+01 -3.488026525861472080e-07 -1.123759707381289801e-04
1.700000000000000000e+01 -4.960981377687255127e-07 -1.380868500873123569e-04
1.800000000000000000e+01 -7.020968359124629343e-07 -1.691929450530642364e-04
1.900000000000000000e+01 -9.887202004822048053e-07 -2.068136773300316888e-04
2.000000000000000000e+01 -1.385485646494590938e-06 -2.522065397162201656e-04
2.100000000000000000e+01 -1.931914694905342510e-06 -3.067123011856670101e-04
2.200000000000000000e+01 -2.680625146044341921e-06 -3.717429749045429916e-04
2.300000000000000000e+01 -3.701275475086839628e-06 -4.488516231446365340e-04
2.400000000000000000e+01 -5.085562199439306704e-06 -5.398774257216673589e-04
2.500000000000000000e+01 -6.953506989872629696e-06 -6.471021026709876910e-04
2.600000000000000000e+01 -9.461309984758984882e-06 -7.733235589623018141e-04
2.700000000000000000e+01 -1.281108918872000108e-05 -9.217814163494635754e-04
2.800000000000000000e+01 -1.726287221614119228e-05 -1.095955467244879092e-03
2.900000000000000000e+01 -2.314925384741764949e-05 -1.299356993723230647e-03
3.000000000000000000e+01 -3.089317761179130611e-05 -1.535475056122222442e-03
3.100000000000000000e+01 -4.102933833798121734e-05 -1.807976061144597399e-03
3.200000000000000000e+01 -5.422973253837179100e-05 -2.121099590940550388e-03
3.300000000000000000e+01 -7.133390292406535270e-05 -2.480033371238775375e-03
3.400000000000000000e+01 -9.338443050135354509e-05 -2.891000937558570183e-03
3.500000000000000000e+01 -1.216682178979386396e-04 -3.360923882587387324e-03
3.600000000000000000e+01 -1.577640703899249163e-04 -3.896782062242325987e-03
3.700000000000000000e+01 -2.035970010369264269e-04 -4.505036358432842024e-03
3.800000000000000000e+01 -2.614995500872239250e-04 -5.191520256080597515e-03
3.900000000000000000e+01 -3.342802166136735090e-04 -5.961968273179536065e-03
4.000000000000000000e+01 -4.252988695276165281e-04 -6.822934294999585640e-03
4.100000000000000000e+01 -5.385487529906224586e-04 -7.782516785782936722e-03
4.200000000000000000e+01 -6.787444119137765308e-04 -8.850307616216997533e-03
4.300000000000000000e+01 -8.514144729799255065e-04 -1.003638966489803046e-02
4.400000000000000000e+01 -1.062997658636187026e-03 -1.134982322528726821e-02
4.500000000000000000e+01 -1.320939710002381681e-03 -1.279749236565022943e-02
4.600000000000000000e+01 -1.633788213627408899e-03 -1.438409079168798989e-02
4.700000000000000000e+01 -2.011281860947283263e-03 -1.611337765063650812e-02
4.800000000000000000e+01 -2.464430402191196239e-03 -1.798998077252906419e-02
4.900000000000000000e+01 -3.005581137711370743e-03 -2.002052755539289464e-02
5.000000000000000000e+01 -3.648466807667062953e-03 -2.221314401966065569e-02
5.100000000000000000e+01 -4.408228310953043842e-03 -2.457531811529352350e-02
5.200000000000000000e+01 -5.301404730649271133e-03 -2.711122223853024843e-02
5.300000000000000000e+01 -6.345883726710349962e-03 -2.982010085986507020e-02
5.400000000000000000e+01 -7.560807316507765427e-03 -3.269682246752631666e-02
5.500000000000000000e+01 -8.966429453626766077e-03 -3.573438571063648067e-02
5.600000000000000000e+01 -1.058392050378194338e-02 -3.892685345635826799e-02
5.700000000000000000e+01 -1.243511033168962117e-02 -4.227075579583448872e-02
5.800000000000000000e+01 -1.454216059922755835e-02 -4.576383341425759727e-02
5.900000000000000000e+01 -1.692716240738539879e-02 -4.940164935453468520e-02
6.000000000000000000e+01 -1.961166596877737811e-02 -5.317404993116204431e-02
6.100000000000000000e+01 -2.261615565899643271e-02 -5.706372086248016895e-02
6.200000000000000000e+01 -2.595947840010611948e-02 -6.104789411585817560e-02
6.300000000000000000e+01 -2.965821997553677938e-02 -6.510230459119024926e-02
6.400000000000000000e+01 -3.372601986337962765e-02 -6.920502132818645569e-02
6.500000000000000000e+01 -3.817283441313822079e-02 -7.333777581296742343e-02
6.600000000000000000e+01 -4.300419072973284823e-02 -7.748394032657757169e-02
6.700000000000000000e+01 -4.822048724596449815e-02 -8.162443389382559311e-02
6.800000000000000000e+01 -5.381636925046862779e-02 -8.573419836192232302e-02
6.900000000000000000e+01 -5.978015962290306878e-02 -8.978159236780650088e-02
7.000000000000000000e+01 -6.609331216368873052e-02 -9.373125640957047366e-02
7.100000000000000000e+01 -7.272990911030882688e-02 -9.754884875819837264e-02
7.200000000000000000e+01 -7.965630352875244236e-02 -1.012049151740791741e-01
7.300000000000000000e+01 -8.683102083653863879e-02 -1.046757418131267908e-01
7.400000000000000000e+01 -9.420494039534228758e-02 -1.079409482860001490e-01
7.500000000000000000e+01 -1.017216545210200274e-01 -1.109795839137256712e-01
7.600000000000000000e+01 -1.093178855428467988e-01 -1.137673427837949530e-01
7.700000000000000000e+01 -1.169239777274243552e-01 -1.162767210725108580e-01
7.800000000000000000e+01 -1.244646416357546442e-01 -1.184800660129202710e-01
7.900000000000000000e+01 -1.318601202232410341e-01 -1.203537258429308171e-01
8.000000000000000000e+01 -1.390277281798721620e-01 -1.218809598072341793e-01
8.100000000000000000e+01 -1.458834875768649231e-01 -1.230521516383023400e-01
8.200000000000000000e+01 -1.523435993154139134e-01 -1.238625449894565772e-01
8.300000000000000000e+01 -1.583257728099119466e-01 -1.243091219250146151e-01
8.400000000000000000e+01 -1.637507031019761472e-01 -1.243885671609347848e-01
8.500000000000000000e+01 -1.685439230752715789e-01 -1.240974147228721403e-01
8.600000000000000000e+01 -1.726378826171218184e-01 -1.234340837647500411e-01
8.700000000000000000e+01 -1.759737892348057775e-01 -1.224014519437690574e-01
8.800000000000000000e+01 -1.785028430833433821e-01 -1.210084531404063413e-01
8.900000000000000000e+01 -1.801869533293093684e-01 -1.192698910005533380e-01
9.000000000000000000e+01 -1.809993786426632723e-01 -1.172047172294958528e-01
9.100000000000000000e+01 -1.809256082099505447e-01 -1.148337987919403336e-01
9.200000000000000000e+01 -1.799642980784637303e-01 -1.121783061720546260e-01
9.300000000000000000e+01 -1.781277137484526540e-01 -1.092593410124123032e-01
9.400000000000000000e+01 -1.754412973421929089e-01 -1.060986663977593475e-01
9.500000000000000000e+01 -1.719425344373102793e-01 -1.027198464346221474e-01
9.600000000000000000e+01 -1.676796983541421204e-01 -9.914899273978623750e-02
9.700000000000000000e+01 -1.627109019512550103e-01 -9.541462912565937260e-02
9.800000000000000000e+01 -1.571033387283042038e-01 -9.154669540766309510e-02
9.900000000000000000e+01 -1.509321908248921762e-01 -8.757513484498322121e-02
1.000000000000000000e+02 -1.442788215553232056e-01 -8.352865481433274786e-02
1.010000000000000000e+02 -1.372284239824458074e-01 -7.943409189848323060e-02
1.020000000000000000e+02 -1.298677362395520007e-01 -7.531647256034781912e-02
1.030000000000000000e+02 -1.222833409507593089e-01 -7.119952242816676713e-02
1.040000000000000000e+02 -1.145605285085753711e-01 -6.710619743159895734e-02
1.050000000000000000e+02 -1.067822306510068375e-01 -6.305885778390567242e-02
1.060000000000000000e+02 -9.902756924401906469e-02 -5.907893838815557463e-02
1.070000000000000000e+02 -9.137007633292708320e-02 -5.518625552107711552e-02
1.080000000000000000e+02 -8.387613058552764733e-02 -5.139827977531800929e-02
1.090000000000000000e+02 -7.660414183082855932e-02 -4.772970907786042855e-02
1.100000000000000000e+02 -6.960450237344181779e-02 -4.419250485839596593e-02
1.110000000000000000e+02 -6.291980331783718350e-02 -4.079631100215424383e-02
1.120000000000000000e+02 -5.658478854600055424e-02 -3.754899461876971822e-02
1.130000000000000000e+02 -5.062600065423516343e-02 -3.445702390658771097e-02
1.140000000000000000e+02 -4.506157055524763477e-02 -3.152553143545869935e-02
1.150000000000000000e+02 -3.990161805850771237e-02 -2.875811192390137494e-02
1.160000000000000000e+02 -3.514926329917676673e-02 -2.615655289305461595e-02
1.170000000000000000e+02 -3.080178124074153811e-02 -2.372071671432660761e-02
1.180000000000000000e+02 -2.685142452119501297e-02 -2.144868712015108453e-02
1.190000000000000000e+02 -2.328586816920499500e-02 -1.933713667333995107e-02
1.200000000000000000e+02 -2.008863681944542123e-02 -1.738175919178797796e-02
1.210000000000000000e+02 -1.723986491021283277e-02 -1.557760074627775881e-02
1.220000000000000000e+02 -1.471736892991708234e-02 -1.391920570783507921e-02
1.230000000000000000e+02 -1.249768529992177982e-02 -1.240060909417006231e-02
1.240000000000000000e+02 -1.055676212215249724e-02 -1.101528326496627533e-02
1.250000000000000000e+02 -8.870308491346498569e-03 -9.756149148466545032e-03
1.260000000000000000e+02 -7.414059374135612002e-03 -8.615701641601084676e-03
1.270000000000000000e+02 -6.164176580139568706e-03 -7.586221231088483181e-03
1.280000000000000000e+02 -5.097765514183253029e-03 -6.659996419895410601e-03
1.290000000000000000e+02 -4.193311145960104160e-03 -5.829485281640320142e-03
1.300000000000000000e+02 -3.430881426150476227e-03 -5.087387050191095710e-03
1.310000000000000000e+02 -2.792127701668739755e-03 -4.426644174967893884e-03
1.320000000000000000e+02 -2.260232837378649100e-03 -3.840422702015996569e-03
1.330000000000000000e+02 -1.819920306484426641e-03 -3.322113899917152752e-03
1.340000000000000000e+02 -1.457512751638788970e-03 -2.865372907793595214e-03
1.350000000000000000e+02 -1.160951840881957724e-03 -2.464181158944840112e-03
1.360000000000000000e+02 -9.197205993444839377e-04 -2.112905060301025883e-03
1.370000000000000000e+02 -7.246906338069245349e-04 -1.806328207539245612e-03
1.380000000000000000e+02 -5.679622011903828023e-04 -1.539650845205951498e-03
1.390000000000000000e+02 -4.427430612186570419e-04 -1.308466300304854868e-03
1.400000000000000000e+02 -3.432602645386043636e-04 -1.108731048009380495e-03
1.410000000000000000e+02 -2.646711859702582503e-04 -9.367415405424293342e-04
1.420000000000000000e+02 -2.029529591196567743e-04 -7.891217043477433742e-04
1.430000000000000000e+02 -1.547787295362485513e-04 -6.628166816713111859e-04
1.440000000000000000e+02 -1.174035938695382360e-04 -5.550852142517003407e-04
1.450000000000000000e+02 -8.857434400210536173e-05 -4.634852335515017314e-04
1.460000000000000000e+02 -6.645977463670331529e-05 -3.858519412564864249e-04
1.470000000000000000e+02 -4.958970769028829052e-05 -3.202715815441333348e-04
1.480000000000000000e+02 -3.679514606054664890e-05 -2.650553263976218642e-04
1.490000000000000000e+02 -2.715084195238649507e-05 -2.187163641964799514e-04
1.500000000000000000e+02 -1.992578434164747085e-05 -1.799508831328053933e-04
1.510000000000000000e+02 -1.454467535026924340e-05 -1.476217728348464269e-04
1.520000000000000000e+02 -1.055876190992932243e-05 -1.207433237543239742e-04
1.530000000000000000e+02 -7.622153833226668747e-06 -9.846581465664303425e-05
1.540000000000000000e+02 -5.470939490288819913e-06 -8.005990462227030840e-05
1.550000000000000000e+02 -3.904764104859312904e-06 -6.490148720121518351e-05
1.560000000000000000e+02 -2.771715538096224961e-06 -5.245781096442516631e-05
1.570000000000000000e+02 -1.956907217843315830e-06 -4.227534006094179898e-05
1.580000000000000000e+02 -1.374127601128977458e-06 -3.396935470995506555e-05
1.590000000000000000e+02 -9.594541429873187247e-07 -2.721496445206291137e-05
