0.000000000000000000e+00 -2.120111354706271144e-07 -1.049709363227291386e-20
1.000000000000000000e+00 -1.474855581182513953e-10 -3.132293923932212833e-22
2.000000000000000000e+00 -2.304865619384867554e-10 -7.733742024166437774e-22
3.000000000000000000e+00 -3.742299973244297759e-10 -4.592368296547835445e-22
4.000000000000000000e+00 -6.044121140054382495e-10 -1.118284423019242501e-21
5.000000000000000000e+00 -9.702776916445429338e-10 -2.585991156008144031e-21
6.000000000000000000e+00 -1.548015891062253647e-09 -6.042695626158848910e-21
7.000000000000000000e+00 -2.454586789183975024e-09 -2.118740912905634542e-20
8.000000000000000000e+00 -3.868560612986927847e-09 -6.379337769985448829e-20
9.000000000000000000e+00 -6.060742025393676476e-09 -2.046147745426861850e-19
1.000000000000000000e+01 -9.438615208286727578e-09 -6.295273174227326503e-19
1.100000000000000000e+01 -1.461069282128700564e-08 -1.920326659598168963e-18
1.200000000000000000e+01 -2.247987092029471784e-08 -5.760607276568503948e-18
1.300000000000000000e+01 -3.437838417441697645e-08 -1.697064708646305158e-17
1.400000000000000000e+01 -5.226043106164253936e-08 -4.909695732997435463e-17
1.500000000000000000e+01 -7.897279753866131849e-08 -1.395402609921272843e-16
1.600000000000000000e+01 -1.186313006388273006e-07 -3.895036773719154129e-16
1.700000000000000000e+01 -1.771436439049011165e-07 -1.067892666842968595e-15
1.800000000000000000e+01 -2.629358329592503260e-07 -2.875958213867704775e-15
1.900000000000000000e+01 -3.879548887657839318e-07 -7.608586823911856140e-15
2.000000000000000000e+01 -5.690334501893486850e-07 -1.977581770275484819e-14
2.100000000000000000e+01 -8.297198727071857495e-07 -5.050268375627274796e-14
2.200000000000000000e+01 -1.202714183343325781e-06 -1.267313879739079737e-13
2.300000000000000000e+01 -1.733108203700612058e-06 -3.125256587277026461e-13
2.400000000000000000e+01 -2.482687021348138375e-06 -7.574637417433990025e-13
2.500000000000000000e+01 -3.535582952620903599e-06 -1.804499177313645139e-12
2.600000000000000000e+01 -5.005590295814799991e-06 -4.225859560338399425e-12
2.700000000000000000e+01 -7.045504051270556838e-06 -9.729325940109779654e-12
2.800000000000000000e+01 -9.858983805687119461e-06 -2.202452436870477794e-11
2.900000000000000000e+01 -1.371562012483268777e-05 -4.902686659798461800e-11
3.000000000000000000e+01 -1.896996793806207991e-05 -1.073282915426569854e-10
3.100000000000000000e+01 -2.608524654501846225e-05 -2.310981001594173986e-10
3.200000000000000000e+01 -3.566232891267939216e-05 -4.894757093214643294e-10
3.300000000000000000e+01 -4.847479713011329066e-05 -1.019929044019779185e-09
3.400000000000000000e+01 -6.551124149246642192e-05 -2.091053500539883426e-09
3.500000000000000000e+01 -8.802623756440343882e-05 -4.218614982051121331e-09
3.600000000000000000e+01 -1.176011084293871470e-04 -8.376029941238074948e-09
3.700000000000000000e+01 -1.562148210283849869e-04 -1.636910591389895854e-08
3.800000000000000000e+01 -2.063250053019419238e-04 -3.149094437806630950e-08
3.900000000000000000e+01 -2.709597008636726321e-04 -5.964536386388421342e-08
4.000000000000000000e+01 -3.538213049312014229e-04 -1.112384510386647790e-07
4.100000000000000000e+01 -4.594036872788670022e-04 -2.043045116149002875e-07
4.200000000000000000e+01 -5.931210095408482024e-04 -3.695760751898801774e-07
4.300000000000000000e+01 -7.614443322214901281e-04 -6.585536350712279351e-07
4.400000000000000000e+01 -9.720422764831070268e-04 -1.156109007630697760e-06
4.500000000000000000e+01 -1.233924643635792625e-03 -1.999797218717910153e-06
4.600000000000000000e+01 -1.557588927985760442e-03 -3.408882866873922838e-06
4.700000000000000000e+01 -1.955165448235080157e-03 -5.727124560794827685e-06
4.800000000000000000e+01 -2.440549689578811778e-03 -9.484601093073482910e-06
4.900000000000000000e+01 -3.029507816451409378e-03 -1.548526736272326764e-05
5.000000000000000000e+01 -3.739747087183269581e-03 -2.492840905429809299e-05
5.100000000000000000e+01 -4.590950591676759562e-03 -3.957356904457041144e-05
5.200000000000000000e+01 -5.604773986946682759e-03 -6.195961073499604453e-05
5.300000000000000000e+01 -6.804788973834909396e-03 -9.568903841157689585e-05
5.400000000000000000e+01 -8.216347837986439501e-03 -1.457880957161682481e-04
5.500000000000000000e+01 -9.866350590413582033e-03 -2.191510175646041252e-04
5.600000000000000000e+01 -1.178291718133876731e-02 -3.250725841734656034e-04
5.700000000000000000e+01 -1.399497888344666645e-02 -4.758663015307587228e-04
5.800000000000000000e+01 -1.653178941793329720e-02 -6.875556959723211825e-04
5.900000000000000000e+01 -1.942233267305693012e-02 -9.806131570998808181e-04
6.000000000000000000e+01 -2.269460311161753188e-02 -1.380704624111127321e-03
6.100000000000000000e+01 -2.637476808780864906e-02 -1.919379781511065201e-03
6.200000000000000000e+01 -3.048625724867530876e-02 -2.634627486892805216e-03
6.300000000000000000e+01 -3.504882256465304685e-02 -3.571196728958018086e-03
6.400000000000000000e+01 -4.007757525021869716e-02 -4.780567010480908999e-03
6.500000000000000000e+01 -4.558198201513667669e-02 -6.320441759714481855e-03
6.600000000000000000e+01 -5.156483179066634337e-02 -8.253637678052774818e-03
6.700000000000000000e+01 -5.802124100043912908e-02 -1.064625537869071450e-02
6.800000000000000000e+01 -6.493778545604769747e-02 -1.356504541183296657e-02
6.900000000000000000e+01 -7.229180377868356377e-02 -1.707393099180042756e-02
7.000000000000000000e+01 -8.005086216427657886e-02 -2.122971502416871187e-02
7.100000000000000000e+01 -8.817237311077222306e-02 -2.607708273438979346e-02
7.200000000000000000e+01 -9.660341979671799306e-02 -3.164310794189852116e-02
7.300000000000000000e+01 -1.052808756200439566e-01 -3.793157340671394345e-02
7.400000000000000000e+01 -1.141318673640745462e-01 -4.491751336358079660e-02
7.500000000000000000e+01 -1.230745508204544036e-01 -5.254246663683632967e-02
7.600000000000000000e+01 -1.320191416149198438e-01 -6.071097760558785000e-02
7.700000000000000000e+01 -1.408691962037625089e-01 -6.928888612074972364e-02
7.800000000000000000e+01 -1.495231878790185265e-01 -7.810389502682145435e-02
7.900000000000000000e+01 -1.578763860088074344e-01 -8.694878865990057770e-02
8.000000000000000000e+01 -1.658229515895551509e-01 -9.558749782313080701e-02
8.100000000000000000e+01 -1.732581209318383719e-01 -1.037639748796782974e-01
8.200000000000000000e+01 -1.800804123709039417e-01 -1.112135743673097754e-01
8.300000000000000000e+01 -1.861938709317997320e-01 -1.176763558308008689e-01
8.400000000000000000e+01 -1.915103441110515836e-01 -1.229114682737049158e-01
8.500000000000000000e+01 -1.959516694870154230e-01 -1.267115740761295406e-01
8.600000000000000000e+01 -1.994515934992607542e-01 -1.289161564674524418e-01
8.700000000000000000e+01 -2.019573246160944469e-01 -1.294225530851689787e-01
8.800000000000000000e+01 -2.034307659764428011e-01 -1.281936810155231976e-01
8.900000000000000000e+01 -2.038495000140887470e-01 -1.252616628513434360e-01
9.000000000000000000e+01 -2.032074733504661834e-01 -1.207269085239028317e-01
9.100000000000000000e+01 -2.015152151356193189e-01 -1.147526183672092082e-01
9.200000000000000000e+01 -1.987994827132577025e-01 -1.075551026502121477e-01
9.300000000000000000e+01 -1.951024215615507762e-01 -9.939070999375582138e-02
9.400000000000000000e+01 -1.904804372823272196e-01 -9.054047227267178477e-02
9.500000000000000000e+01 -1.850028803867152238e-01 -8.129376810108192297e-02
9.600000000000000000e+01 -1.787504648099896010e-01 -7.193235797240592200e-02
9.700000000000000000e+01 -1.718133083701543495e-01 -6.271604771474134643e-02
9.800000000000000000e+01 -1.642886518459834022e-01 -5.387101010185460503e-02
9.900000000000000000e+01 -1.562784917625545666e-01 -4.558147126680785199e-02
1.000000000000000000e+02 -1.478873435463572972e-01 -3.798509341753311674e-02
1.010000000000000000e+02 -1.392201621087489072e-01 -3.117200760348439598e-02
1.020000000000000000e+02 -1.303803094278591368e-01 -2.518711621569076978e-02
1.030000000000000000e+02 -1.214675249765901910e-01 -2.003502963354268987e-02
1.040000000000000000e+02 -1.125760308119332226e-01 -1.568684631273101551e-02
1.050000000000000000e+02 -1.037929720778116294e-01 -1.208793674990934000e-02
1.060000000000000000e+02 -9.519727465214439244e-02 -9.165939323743521258e-03
1.070000000000000000e+02 -8.685883224168625127e-02 -6.838298900265016647e-03
1.080000000000000000e+02 -7.883789643226382648e-02 -5.018850308926515492e-03
1.090000000000000000e+02 -7.118465163262460704e-02 -3.623138977817783914e-03
1.100000000000000000e+02 -6.393906478740424282e-02 -2.572353632640663260e-03
1.110000000000000000e+02 -5.713107980005344144e-02 -1.795901352139699265e-03
1.120000000000000000e+02 -5.078111007901742885e-02 -1.232771235599836859e-03
1.130000000000000000e+02 -4.490070275632799396e-02 -8.319049803197544734e-04
1.140000000000000000e+02 -3.949327954427409026e-02 -5.518234198403559540e-04
1.150000000000000000e+02 -3.455494668615059772e-02 -3.597548246398713065e-04
1.160000000000000000e+02 -3.007540669016947957e-02 -2.304831215372554342e-04
1.170000000000000000e+02 -2.603896502375140434e-02 -1.450923576930276623e-04
1.180000000000000000e+02 -2.242556472828091327e-02 -8.973684081817136400e-05
1.190000000000000000e+02 -1.921177068615079891e-02 -5.452137097783418129e-05
1.200000000000000000e+02 -1.637166787587781766e-02 -3.253737082749783569e-05
1.210000000000000000e+02 -1.387768325065202174e-02 -1.907079544571670243e-05
1.220000000000000000e+02 -1.170134708431270695e-02 -1.097685150972105549e-05
1.230000000000000000e+02 -9.813984804498016370e-03 -6.203865404988262439e-06
1.240000000000000000e+02 -8.187311790575491424e-03 -3.442520413465292887e-06
1.250000000000000000e+02 -6.793912511354551625e-03 -1.875319295073877867e-06
1.260000000000000000e+02 -5.607609415982737350e-03 -1.002800120388509626e-06
1.270000000000000000e+02 -4.603741572194923123e-03 -5.263212359324401236e-07
1.280000000000000000e+02 -3.759369115685462330e-03 -2.711081893105089299e-07
1.290000000000000000e+02 -3.053408237110620278e-03 -1.370403178001043574e-07
1.300000000000000000e+02 -2.466697243071847272e-03 -6.797163190005098235e-08
1.310000000000000000e+02 -1.981999927157740687e-03 -3.307815820410372998e-08
1.320000000000000000e+02 -1.583959924091677329e-03 -1.579249925700014950e-08
1.330000000000000000e+02 -1.259021151080289697e-03 -7.396370780138046445e-09
1.340000000000000000e+02 -9.953249785650346813e-04 -3.397875413678313242e-09
1.350000000000000000e+02 -7.825898844802878229e-04 -1.531025022189908953e-09
1.360000000000000000e+02 -6.119779653691761849e-04 -6.765583337785951527e-10
1.370000000000000000e+02 -4.759540109558050604e-04 -2.931873415458240525e-10
1.380000000000000000e+02 -3.681437454250034908e-04 -1.245880690738843116e-10
1.390000000000000000e+02 -2.831966261685716821e-04 -5.190935167188499907e-11
1.400000000000000000e+02 -2.166561964242683645e-04 -2.120555481004931366e-11
1.410000000000000000e+02 -1.648392078978980462e-04 -8.490458521685112580e-12
1.420000000000000000e+02 -1.247242425655881062e-04 -3.334100950815937180e-12
1.430000000000000000e+02 -9.385070377397055578e-05 -1.283268970532426650e-12
1.440000000000000000e+02 -7.022890298239586621e-05 -4.839779924957099255e-13
1.450000000000000000e+02 -5.226133488938454062e-05 -1.789813092884936740e-13
1.460000000000000000e+02 -3.867453329277586153e-05 -6.489880749016694033e-14
1.470000000000000000e+02 -2.846055535814007208e-05 -2.303138270073695805e-14
1.480000000000000000e+02 -2.082716001716650842e-05 -8.019437579206245444e-15
1.490000000000000000e+02 -1.515586378550975316e-05 -2.754719057826685143e-15
1.500000000000000000e+02 -1.096707060483053368e-05 -9.158520376547024374e-16
1.510000000000000000e+02 -7.891400211505711254e-06 -3.023436454755361341e-16
1.520000000000000000e+02 -5.646304198378580347e-06 -1.005007970932486228e-16
1.530000000000000000e+02 -4.017121677006337299e-06 -3.521313455848546531e-17
1.540000000000000000e+02 -2.841851549028811992e-06 5.659804605750217120e-15
1.550000000000000000e+02 -1.999031118993294633e-06 2.356894039253341168e-14
1.560000000000000000e+02 -1.398185638364496920e-06 -9.043419666794172597e-19
1.570000000000000000e+02 -9.723684480336749589e-07 -1.816945322215215499e-14
1.580000000000000000e+02 -6.723732980267333431e-07 -1.592445727356141812e-19
1.590000000000000000e+02 -4.622721282820725722e-07 -1.866850443922757927e-20
