0.000000000000000000e+00 -2.632537427632280613e-04 -2.026836916236989964e-06
1.000000000000000000e+00 -2.352413733705941261e-06 -3.516323044275405429e-10
2.000000000000000000e+00 -2.534891554729673709e-06 -5.114523534508226200e-10
3.000000000000000000e+00 -3.185436257321578331e-06 -7.882383081654483129e-10
4.000000000000000000e+00 -3.982450044618998162e-06 -1.209977885163519112e-09
5.000000000000000000e+00 -4.951230426172057978e-06 -1.850061023904243185e-09
6.000000000000000000e+00 -6.141412719874610914e-06 -2.817176932914418851e-09
7.000000000000000000e+00 -7.623439271339879997e-06 -4.268577989000298151e-09
8.000000000000000000e+00 -9.484278914469678433e-06 -6.430235170622861736e-09
9.000000000000000000e+00 -1.181702417461320900e-05 -9.628676734905437870e-09
1.000000000000000000e+01 -1.470876367888563251e-05 -1.433953747250116586e-08
1.100000000000000000e+01 -1.823462302636366615e-05 -2.125500774423074186e-08
1.200000000000000000e+01 -2.246581300702986847e-05 -3.136955953916559831e-08
1.300000000000000000e+01 -2.749448047475070925e-05 -4.608637676037180929e-08
1.400000000000000000e+01 -3.346921044297144690e-05 -6.735951413353435991e-08
1.500000000000000000e+01 -4.062617901830724494e-05 -9.790367121152580443e-08
1.600000000000000000e+01 -4.929762230569097257e-05 -1.415099260137753473e-07
1.700000000000000000e+01 -5.988567087183170655e-05 -2.034898692961109184e-07
1.800000000000000000e+01 -7.280590992353101851e-05 -2.912415786802450787e-07
1.900000000000000000e+01 -8.842553374592254905e-05 -4.149243279661749459e-07
2.000000000000000000e+01 -1.070346062801334568e-04 -5.882807868225385709e-07
2.100000000000000000e+01 -1.288841430868984306e-04 -8.297455749135012246e-07
2.200000000000000000e+01 -1.542972676748888901e-04 -1.164050187052710901e-06
2.300000000000000000e+01 -1.838184182302755063e-04 -1.624483396482671543e-06
2.400000000000000000e+01 -2.183308249216548889e-04 -2.255792215100748951e-06
2.500000000000000000e+01 -2.590670225310546366e-04 -3.117567086720158265e-06
2.600000000000000000e+01 -3.074741800007600289e-04 -4.288068473843588020e-06
2.700000000000000000e+01 -3.649687842552332574e-04 -5.868875850095031275e-06
2.800000000000000000e+01 -4.326930945938434452e-04 -7.991188521928470936e-06
2.900000000000000000e+01 -5.114228581271334628e-04 -1.082459298581848873e-05
3.000000000000000000e+01 -6.017346919904606288e-04 -1.458841371640412889e-05
3.100000000000000000e+01 -7.044221290725058426e-04 -1.956484852992638429e-05
3.200000000000000000e+01 -8.210004323555272548e-04 -2.611293842255913930e-05
3.300000000000000000e+01 -9.540415882114841681e-04 -3.468366008950617336e-05
3.400000000000000000e+01 -1.107103321606222246e-03 -4.583840056916112390e-05
3.500000000000000000e+01 -1.284181040110905173e-03 -6.027392940408459425e-05
3.600000000000000000e+01 -1.488866271386724656e-03 -7.885519676466267185e-05
3.700000000000000000e+01 -1.723616755282671989e-03 -1.026535353447378946e-04
3.800000000000000000e+01 -1.989588878808227611e-03 -1.329853112832018395e-04
3.900000000000000000e+01 -2.287274754783219597e-03 -1.714480692582277766e-04
4.000000000000000000e+01 -2.617782692522434718e-03 -2.199575750750815302e-04
4.100000000000000000e+01 -2.984192375947794691e-03 -2.807948022338257652e-04
4.200000000000000000e+01 -3.392238203814296714e-03 -3.566702137553299633e-04
4.300000000000000000e+01 -3.849777006463892762e-03 -4.508020014877975540e-04
4.400000000000000000e+01 -4.365053217850962779e-03 -5.669925586336533284e-04
4.500000000000000000e+01 -4.944455135287638241e-03 -7.096856648656724382e-04
4.600000000000000000e+01 -5.590897292593130334e-03 -8.840018148184235983e-04
4.700000000000000000e+01 -6.303849458488205992e-03 -1.095771511123729220e-03
4.800000000000000000e+01 -7.081306344150082449e-03 -1.351594828660331992e-03
4.900000000000000000e+01 -7.922956647480248332e-03 -1.658934759703164456e-03
5.000000000000000000e+01 -8.833003791776140173e-03 -2.026211618600339340e-03
5.100000000000000000e+01 -9.821003450117344463e-03 -2.462841161866574733e-03
5.200000000000000000e+01 -1.089988326826617573e-02 -2.979182508092691976e-03
5.300000000000000000e+01 -1.208171495363126458e-02 -3.586426590991978643e-03
5.400000000000000000e+01 -1.337314874184938537e-02 -4.296507385614188775e-03
5.500000000000000000e+01 -1.477292244011919539e-02 -5.122095779661946235e-03
5.600000000000000000e+01 -1.627308172127614819e-02 -6.076637127578251099e-03
5.700000000000000000e+01 -1.786373591763560503e-02 -7.174298529157733216e-03
5.800000000000000000e+01 -1.953921230630192157e-02 -8.429705377772786154e-03
5.900000000000000000e+01 -2.130243781759053046e-02 -9.857490584164746092e-03
6.000000000000000000e+01 -2.316493968631844896e-02 -1.147184106832616068e-02
6.100000000000000000e+01 -2.514189847621595836e-02 -1.328623745796373920e-02
6.200000000000000000e+01 -2.724429283621511780e-02 -1.531339005847652188e-02
6.300000000000000000e+01 -2.947199385789472936e-02 -1.756512894272806158e-02
6.400000000000000000e+01 -3.181157768764203420e-02 -2.005195894602839965e-02
6.500000000000000000e+01 -3.424044487955614502e-02 -2.278224331100083336e-02
6.600000000000000000e+01 -3.673557796883662740e-02 -2.576133691709269272e-02
6.700000000000000000e+01 -3.928265692912269458e-02 -2.899109837438655288e-02
6.800000000000000000e+01 -4.188074876500818416e-02 -3.246990487574992479e-02
6.900000000000000000e+01 -4.453979036954123366e-02 -3.619281584242590999e-02
7.000000000000000000e+01 -4.727170360495533408e-02 -4.015135117605839188e-02
7.100000000000000000e+01 -5.007942243363175394e-02 -4.433270640380737593e-02
7.200000000000000000e+01 -5.294950241084719900e-02 -4.871883401542752984e-02
7.300000000000000000e+01 -5.585239436775834426e-02 -5.328608604833449947e-02
7.400000000000000000e+01 -5.875057990182484813e-02 -5.800571884602417905e-02
7.500000000000000000e+01 -6.161062586965551646e-02 -6.284483190399418884e-02
7.600000000000000000e+01 -6.441306158409923488e-02 -6.776695499367009490e-02
7.700000000000000000e+01 -6.715498717614439006e-02 -7.273190470160759147e-02
7.800000000000000000e+01 -6.984399666328613976e-02 -7.769534803360539366e-02
7.900000000000000000e+01 -7.248649054830769156e-02 -8.260893950218035908e-02
8.000000000000000000e+01 -7.507643597657071011e-02 -8.742148637435334657e-02
8.100000000000000000e+01 -7.759046742756754711e-02 -9.208071665711829723e-02
8.200000000000000000e+01 -7.999190921175459990e-02 -9.653473038845794552e-02
8.300000000000000000e+01 -8.224161490340692326e-02 -1.007325948473145327e-01
8.400000000000000000e+01 -8.431001582008665340e-02 -1.046244238504804303e-01
8.500000000000000000e+01 -8.618428790362175906e-02 -1.081617947883457553e-01
8.600000000000000000e+01 -8.786722200274524330e-02 -1.112990127603602081e-01
8.700000000000000000e+01 -8.936872732729440882e-02 -1.139948906217873731e-01
8.800000000000000000e+01 -9.069464510249758415e-02 -1.162142080089159091e-01
8.900000000000000000e+01 -9.183877170855515859e-02 -1.179283053138566462e-01
9.000000000000000000e+01 -9.278207873159396990e-02 -1.191150246662501105e-01
9.100000000000000000e+01 -9.349917063540831574e-02 -1.197586763920528707e-01
9.200000000000000000e+01 -9.396825998730670704e-02 -1.198504783936577556e-01
9.300000000000000000e+01 -9.417937905690527967e-02 -1.193892854714577872e-01
9.400000000000000000e+01 -9.413683854386130367e-02 -1.183820388761789855e-01
9.500000000000000000e+01 -9.385517464506168417e-02 -1.168435547538279606e-01
9.600000000000000000e+01 -9.335119016419451965e-02 -1.147957775661440777e-01
9.700000000000000000e+01 -9.263647637448224614e-02 -1.122669350756966694e-01
9.800000000000000000e+01 -9.171418029752881340e-02 -1.092908986702031959e-01
9.900000000000000000e+01 -9.058122815060865030e-02 -1.059066876793376133e-01
1.000000000000000000e+02 -8.923423948769018677e-02 -1.021578453553062260e-01
1.010000000000000000e+02 -8.767562525217510727e-02 -9.809151958135821359e-02
1.020000000000000000e+02 -8.591666854722142255e-02 -9.375733346753807596e-02
1.030000000000000000e+02 -8.397632575146314615e-02 -8.920626169187392818e-02
1.040000000000000000e+02 -8.187683732708281314e-02 -8.448964923239635216e-02
1.050000000000000000e+02 -7.963874748768304257e-02 -7.965835262283851859e-02
1.060000000000000000e+02 -7.727792284843282289e-02 -7.476191998177666997e-02
1.070000000000000000e+02 -7.480578822866235100e-02 -6.984778565755191126e-02
1.080000000000000000e+02 -7.223212610614315743e-02 -6.496053636637118267e-02
1.090000000000000000e+02 -6.956849379965818203e-02 -6.014131303483226387e-02
1.100000000000000000e+02 -6.683025250531585137e-02 -5.542735582850470688e-02
1.110000000000000000e+02 -6.403624285345833889e-02 -5.085165709836895337e-02
1.120000000000000000e+02 -6.120654895863863326e-02 -4.644270284959123307e-02
1.130000000000000000e+02 -5.835975701446374092e-02 -4.222432525914924378e-02
1.140000000000000000e+02 -5.551119588034525432e-02 -3.821569758347534429e-02
1.150000000000000000e+02 -5.267292312331409154e-02 -3.443146502871037573e-02
1.160000000000000000e+02 -4.985517033363612294e-02 -3.088196330798528150e-02
1.170000000000000000e+02 -4.706819403039280703e-02 -2.757347561680646361e-02
1.180000000000000000e+02 -4.432339365779348894e-02 -2.450851626395836313e-02
1.190000000000000000e+02 -4.163312508885234908e-02 -2.168616267880466714e-02
1.200000000000000000e+02 -3.900944841487630904e-02 -1.910245304120706047e-02
1.210000000000000000e+02 -3.646261310207028761e-02 -1.675083276158436177e-02
1.220000000000000000e+02 -3.400013114156417993e-02 -1.462260639742753512e-02
1.230000000000000000e+02 -3.162687228860289190e-02 -1.270735744640419385e-02
1.240000000000000000e+02 -2.934601828960825554e-02 -1.099332761567779412e-02
1.250000000000000000e+02 -2.716027193292509453e-02 -9.467770439502171120e-03
1.260000000000000000e+02 -2.507265119606135947e-02 -8.117293060067320293e-03
1.270000000000000000e+02 -2.308650523410482949e-02 -6.928181819010520263e-03
1.280000000000000000e+02 -2.120485649645977716e-02 -5.886693088766069282e-03
1.290000000000000000e+02 -1.942952357332405899e-02 -4.979293420063356582e-03
1.300000000000000000e+02 -1.776053868084062626e-02 -4.192847631897120113e-03
1.310000000000000000e+02 -1.619615523294548609e-02 -3.514765640394783633e-03
1.320000000000000000e+02 -1.473340132879348563e-02 -2.933119776022096933e-03
1.330000000000000000e+02 -1.336886473687424852e-02 -2.436736961615049851e-03
1.340000000000000000e+02 -1.209932012229010187e-02 -2.015263438939472653e-03
1.350000000000000000e+02 -1.092194163431608502e-02 -1.659199503179524179e-03
1.360000000000000000e+02 -9.834088612669860535e-03 -1.359906475386036010e-03
1.370000000000000000e+02 -8.832867171017635272e-03 -1.109592587914629913e-03
1.380000000000000000e+02 -7.914748993231536175e-03 -9.012850238372907986e-04
1.390000000000000000e+02 -7.075453139939712373e-03 -7.287927009916022464e-04
1.400000000000000000e+02 -6.310132418527691217e-03 -5.866615361603729753e-04
1.410000000000000000e+02 -5.613750139280939896e-03 -4.701230050050881661e-04
1.420000000000000000e+02 -4.981459568808628384e-03 -3.750376454116095674e-04
1.430000000000000000e+02 -4.408827558931536182e-03 -2.978361822401972159e-04
1.440000000000000000e+02 -3.891843829470105313e-03 -2.354610067891255913e-04
1.450000000000000000e+02 -3.426767645371461835e-03 -1.853098582639310459e-04
1.460000000000000000e+02 -3.009928593507193301e-03 -1.451825158327772834e-04
1.470000000000000000e+02 -2.637594630013001453e-03 -1.132307568893658513e-04
1.480000000000000000e+02 -2.305964025585372553e-03 -8.791181087952328272e-05
1.490000000000000000e+02 -2.011266665286966845e-03 -6.794567113466073180e-05
1.500000000000000000e+02 -1.749911141198713573e-03 -5.227660279932077296e-05
1.510000000000000000e+02 -1.518605087293849144e-03 -4.003895835722883303e-05
1.520000000000000000e+02 -1.314402619305868412e-03 -3.052714515476642889e-05
1.530000000000000000e+02 -1.134674765697995906e-03 -2.316943040457483574e-05
1.540000000000000000e+02 -9.770336018372531919e-04 -1.750524334044824455e-05
1.550000000000000000e+02 -8.392537716526635161e-04 -1.316567007155806804e-05
1.560000000000000000e+02 -7.192250930105285184e-04 -9.856858766438279568e-06
1.570000000000000000e+02 -6.149470990590675005e-04 -7.346041971631962333e-06
1.580000000000000000e+02 -5.245543847554870118e-04 -5.449862909268696780e-06
1.590000000000000000e+02 -4.463502913883189986e-04 -4.024691439302714065e-06
