0.000000000000000000e+00 -2.431113160437591399e-06 -2.402892260341095692e-03
1.000000000000000000e+00 -3.926741241789546288e-09 -5.815796315717485979e-07
2.000000000000000000e+00 -5.470188272668633191e-09 -6.057194029519849367e-07
3.000000000000000000e+00 -7.871246600451990345e-09 -7.556761650357328917e-07
4.000000000000000000e+00 -1.128105855017429841e-08 -9.538867356493256522e-07
5.000000000000000000e+00 -1.610213877227536302e-08 -1.202902941124221120e-06
6.000000000000000000e+00 -2.288966821239003922e-08 -1.513661285133991790e-06
7.000000000000000000e+00 -3.240530348991868049e-08 -1.900383096406424548e-06
8.000000000000000000e+00 -4.568951328053589048e-08 -2.380466005589479180e-06
9.000000000000000000e+00 -6.415732860570145046e-08 -2.974985212387068257e-06
1.000000000000000000e+01 -8.972407397607914805e-08 -3.709368283135928294e-06
1.100000000000000000e+01 -1.249694934178784111e-07 -4.614214460657711927e-06
1.200000000000000000e+01 -1.733513421166441641e-07 -5.726282465776516551e-06
1.300000000000000000e+01 -2.394828761203789738e-07 -7.089671766151022940e-06
1.400000000000000000e+01 -3.294921978583664035e-07 -8.757207920458884886e-06
1.500000000000000000e+01 -4.514844916179340426e-07 -1.079202349604760565e-05
1.600000000000000000e+01 -6.161308981030840955e-07 -1.326931393042645873e-05
1.700000000000000000e+01 -8.374115053318265722e-07 -1.627825557123404912e-05
1.800000000000000000e+01 -1.133546868410986742e-06 -1.992410910812810861e-05
1.900000000000000000e+01 -1.528163770541609077e-06 -2.433059080950347855e-05
2.000000000000000000e+01 -2.051754527469867701e-06 -2.964265320824136082e-05
2.100000000000000000e+01 -2.743499502166861007e-06 -3.602983875527654043e-05
2.200000000000000000e+01 -3.653524329034581280e-06 -4.369031999738438139e-05
2.300000000000000000e+01 -4.845657868245994557e-06 -5.285561124262934803e-05
2.400000000000000000e+01 -6.400755572487665635e-06 -6.379576869280932422e-05
2.500000000000000000e+01 -8.420672141755057200e-06 -7.682477171699488125e-05
2.600000000000000000e+01 -1.103301322438880568e-05 -9.230579584620309831e-05
2.700000000000000000e+01 -1.439684916678038226e-05 -1.106563115077499799e-04
2.800000000000000000e+01 -1.870959163674630816e-05 -1.323533405999312187e-04
2.900000000000000000e+01 -2.421518004453098873e-05 -1.579396145315627154e-04
3.000000000000000000e+01 -3.121361372044868207e-05 -1.880315426298069894e-04
3.100000000000000000e+01 -4.007178282127182476e-05 -2.233295836915613142e-04
3.200000000000000000e+01 -5.123560626695018971e-05 -2.646307758412378992e-04
3.300000000000000000e+01 -6.524370985908284955e-05 -3.128420895710671678e-04
3.400000000000000000e+01 -8.274313486599826938e-05 -3.689924676713873548e-04
3.500000000000000000e+01 -1.045075852560703260e-04 -4.342415142542695172e-04
3.600000000000000000e+01 -1.314582972227567562e-04 -5.098841493935575824e-04
3.700000000000000000e+01 -1.646868730484811537e-04 -5.973529170870171085e-04
3.800000000000000000e+01 -2.054788889777198744e-04 -6.982220190404897497e-04
3.900000000000000000e+01 -2.553373802327402707e-04 -8.142180322200802444e-04
4.000000000000000000e+01 -3.160065380173594741e-04 -9.472404004361596177e-04
4.100000000000000000e+01 -3.894973148448089032e-04 -1.099390132058217662e-03
4.200000000000000000e+01 -4.781167031981185507e-04 -1.272999373692052048e-03
4.300000000000000000e+01 -5.845003169879994928e-04 -1.470650667751863131e-03
4.400000000000000000e+01 -7.116443891725538753e-04 -1.695175794532747691e-03
4.500000000000000000e+01 -8.629310566589180583e-04 -1.949631538799112161e-03
4.600000000000000000e+01 -1.042142586023483454e-03 -2.237261692861730600e-03
4.700000000000000000e+01 -1.253466121489978623e-03 -2.561465670104940036e-03
4.800000000000000000e+01 -1.501496669676398053e-03 -2.925796979803542159e-03
4.900000000000000000e+01 -1.791246336063882479e-03 -3.334004447176068964e-03
5.000000000000000000e+01 -2.128159176838488858e-03 -3.790106850585348800e-03
5.100000000000000000e+01 -2.518117666411105390e-03 -4.298466763654422602e-03
5.200000000000000000e+01 -2.967419434570432810e-03 -4.863815621593544497e-03
5.300000000000000000e+01 -3.482711164043114475e-03 -5.491191313436864438e-03
5.400000000000000000e+01 -4.070889021931615656e-03 -6.185784789487364099e-03
5.500000000000000000e+01 -4.738996356284090432e-03 -6.952741936357441366e-03
5.600000000000000000e+01 -5.494149391848762894e-03 -7.797006633365268641e-03
5.700000000000000000e+01 -6.343492587795132934e-03 -8.723292566990840241e-03
5.800000000000000000e+01 -7.294143837542045594e-03 -9.736221096310804582e-03
5.900000000000000000e+01 -8.353069815810224355e-03 -1.084057413540773403e-02
6.000000000000000000e+01 -9.526859164832538612e-03 -1.204152561367748293e-02
6.100000000000000000e+01 -1.082142687076918276e-02 -1.334468305927663349e-02
6.200000000000000000e+01 -1.224174092911945767e-02 -1.475582634995331599e-02
6.300000000000000000e+01 -1.379165947477075348e-02 -1.628036848169888209e-02
6.400000000000000000e+01 -1.547388897216647914e-02 -1.792272877908594395e-02
6.500000000000000000e+01 -1.728996951670457721e-02 -1.968591265888041536e-02
6.600000000000000000e+01 -1.924014508336892998e-02 -2.157155271267841012e-02
6.700000000000000000e+01 -2.132303994134621822e-02 -2.358046656458917881e-02
6.800000000000000000e+01 -2.353521099633151814e-02 -2.571350411951539572e-02
6.900000000000000000e+01 -2.587077588145050150e-02 -2.797223438149733232e-02
7.000000000000000000e+01 -2.832131758213892944e-02 -3.035900089633988136e-02
7.100000000000000000e+01 -3.087611037121577168e-02 -3.287611552036753121e-02
7.200000000000000000e+01 -3.352249208198471858e-02 -3.552439267886992047e-02
7.300000000000000000e+01 -3.624608567578312818e-02 -3.830165239000627581e-02
7.400000000000000000e+01 -3.903066288455127320e-02 -4.120198926938302419e-02
7.500000000000000000e+01 -4.185771507097786615e-02 -4.421635264953123479e-02
7.600000000000000000e+01 -4.470607607211315310e-02 -4.733436239379282262e-02
7.700000000000000000e+01 -4.755201413941707866e-02 -5.054658060328407615e-02
7.800000000000000000e+01 -5.036997627917494391e-02 -5.384605581673863883e-02
7.900000000000000000e+01 -5.313374243344151648e-02 -5.722813392821443634e-02
8.000000000000000000e+01 -5.581741351604505019e-02 -6.068830145677717863e-02
8.100000000000000000e+01 -5.839569343926040434e-02 -6.421888343324901050e-02
8.200000000000000000e+01 -6.084338775821636347e-02 -6.780622307285869010e-02
8.300000000000000000e+01 -6.313466682738103075e-02 -7.143000804496943412e-02
8.400000000000000000e+01 -6.524296926810725650e-02 -7.506550689571921120e-02
8.500000000000000000e+01 -6.714211481773364742e-02 -7.868799663494527308e-02
8.600000000000000000e+01 -6.880834934022653226e-02 -8.227735347970649427e-02
8.700000000000000000e+01 -7.022222243675586839e-02 -8.582039589027459781e-02
8.800000000000000000e+01 -7.136908476264579304e-02 -8.930944660543022051e-02
8.900000000000000000e+01 -7.223784646848829816e-02 -9.273742256479476642e-02
9.000000000000000000e+01 -7.281896016644173741e-02 -9.609171125851170836e-02
9.100000000000000000e+01 -7.310336860167680750e-02 -9.935008256353622391e-02
9.200000000000000000e+01 -7.308362408843245561e-02 -1.024812044433275893e-01
9.300000000000000000e+01 -7.275674404988419219e-02 -1.054501276449709979e-01
9.400000000000000000e+01 -7.212680356578123064e-02 -1.082264419830320373e-01
9.500000000000000000e+01 -7.120512142396845379e-02 -1.107911220785431083e-01
9.600000000000000000e+01 -7.000752366515847203e-02 -1.131383796435373734e-01
9.700000000000000000e+01 -6.855045426941742959e-02 -1.152711389541795639e-01
9.800000000000000000e+01 -6.684880457030703549e-02 -1.171920240492917431e-01
9.900000000000000000e+01 -6.491717608353853031e-02 -1.188943392203343219e-01
1.000000000000000000e+02 -6.277359378816729785e-02 -1.203579413695288480e-01
1.010000000000000000e+02 -6.044255533324469076e-02 -1.215526731725713877e-01
1.020000000000000000e+02 -5.795457657407902807e-02 -1.224481505778612228e-01
1.030000000000000000e+02 -5.534204278733421967e-02 -1.230252123174552792e-01
1.040000000000000000e+02 -5.263415563305505473e-02 -1.232831672492710334e-01
1.050000000000000000e+02 -4.985462246987362733e-02 -1.232388454769887398e-01
1.060000000000000000e+02 -4.702365638032343642e-02 -1.229175287297925578e-01
1.070000000000000000e+02 -4.416244130220302322e-02 -1.223400997393076922e-01
1.080000000000000000e+02 -4.129623211334570998e-02 -1.215129687305600281e-01
1.090000000000000000e+02 -3.845335705805536658e-02 -1.204261679494327553e-01
1.100000000000000000e+02 -3.566069951138899075e-02 -1.190608767007926283e-01
1.110000000000000000e+02 -3.293906115531501644e-02 -1.174026832321298786e-01
1.120000000000000000e+02 -3.030186694363160016e-02 -1.154537874459243135e-01
1.130000000000000000e+02 -2.775797342253929351e-02 -1.132377762570349472e-01
1.140000000000000000e+02 -2.531613238265715410e-02 -1.107943425623828942e-01
1.150000000000000000e+02 -2.298752808798525116e-02 -1.081664613850110424e-01
1.160000000000000000e+02 -2.078455413003535077e-02 -1.053864648936181370e-01
1.170000000000000000e+02 -1.871707222498998277e-02 -1.024680978924153024e-01
1.180000000000000000e+02 -1.678927806738869655e-02 -9.940855452427886652e-02
1.190000000000000000e+02 -1.499959577002731026e-02 -9.619928217241707769e-02
1.200000000000000000e+02 -1.334349847028609357e-02 -9.283980398285571201e-02
1.210000000000000000e+02 -1.181694423236499120e-02 -8.934737011401028273e-02
1.220000000000000000e+02 -1.041791131669235308e-02 -8.575755166201018409e-02
1.230000000000000000e+02 -9.145259650629756001e-03 -8.211561435935557651e-02
1.240000000000000000e+02 -7.996263772937110131e-03 -7.846318827160837783e-02
1.250000000000000000e+02 -6.964981557681842843e-03 -7.482702786766436132e-02
1.260000000000000000e+02 -6.042688736594315976e-03 -7.121540034470902336e-02
1.270000000000000000e+02 -5.219878962486490526e-03 -6.762354770105964696e-02
1.280000000000000000e+02 -4.488234080162388680e-03 -6.404497097542627415e-02
1.290000000000000000e+02 -3.841240909776711104e-03 -6.048250043990095748e-02
1.300000000000000000e+02 -3.273343087961986825e-03 -5.695358902804732032e-02
1.310000000000000000e+02 -2.778599188292633741e-03 -5.348751525934727913e-02
1.320000000000000000e+02 -2.349985951296554298e-03 -5.011636388409951293e-02
1.330000000000000000e+02 -1.979783244703996799e-03 -4.686463672308563422e-02
1.340000000000000000e+02 -1.660592723225441571e-03 -4.374272813802514842e-02
1.350000000000000000e+02 -1.386164879633674119e-03 -4.074721849149313263e-02
1.360000000000000000e+02 -1.151513049367283324e-03 -3.786730190437665594e-02
1.370000000000000000e+02 -9.524101055132209873e-04 -3.509365005106521856e-02
1.380000000000000000e+02 -7.847743757582026749e-04 -3.242514125748469783e-02
1.390000000000000000e+02 -6.444042558926290319e-04 -2.987038861151025682e-02
1.400000000000000000e+02 -5.271572351593158427e-04 -2.744386146144620758e-02
1.410000000000000000e+02 -4.293267145866424108e-04 -2.515905601719544554e-02
1.420000000000000000e+02 -3.478897740818390899e-04 -2.302236846056921957e-02
1.430000000000000000e+02 -2.804720352371567059e-04 -2.103061568891425454e-02
1.440000000000000000e+02 -2.251125549495082987e-04 -1.917304945509594113e-02
1.450000000000000000e+02 -1.800269192138915413e-04 -1.743640213136174108e-02
1.460000000000000000e+02 -1.435120682291047298e-04 -1.581018774742283181e-02
1.470000000000000000e+02 -1.139976553081274095e-04 -1.428971255551218789e-02
1.480000000000000000e+02 -9.014708958685475589e-05 -1.287569641679476781e-02
1.490000000000000000e+02 -7.090708589096617769e-05 -1.157117973597506996e-02
1.500000000000000000e+02 -5.547155604320381562e-05 -1.037759364297181040e-02
1.510000000000000000e+02 -4.319571167658439265e-05 -9.292015641523201572e-03
1.520000000000000000e+02 -3.351988580679316615e-05 -8.306786583424027870e-03
1.530000000000000000e+02 -2.593818186798689892e-05 -7.411358739829283608e-03
1.540000000000000000e+02 -2.000674536807507979e-05 -6.595184028042174081e-03
1.550000000000000000e+02 -1.536293100622349974e-05 -5.850134271085700652e-03
1.560000000000000000e+02 -1.173033476643512618e-05 -5.171413154017381886e-03
1.570000000000000000e+02 -8.903827497261819891e-06 -4.556805413069607742e-03
1.580000000000000000e+02 -6.725051782429662541e-06 -4.004911975824611975e-03
1.590000000000000000e+02 -5.062325839807709478e-06 -3.513380511981107658e-03
