0.000000000000000000e+00 -1.644643177723979732e-06 -1.108028821734871789e-11
1.000000000000000000e+00 -5.325532747885581557e-11 -3.945100859148394374e-16
2.000000000000000000e+00 -8.230142776693384898e-11 -8.613014571923453781e-16
3.000000000000000000e+00 -1.330427776566035179e-10 -1.868312412547644577e-15
4.000000000000000000e+00 -2.139841002259643746e-10 -4.012105076266498560e-15
5.000000000000000000e+00 -3.419590828066803896e-10 -8.535034175077814232e-15
6.000000000000000000e+00 -5.429432492488499940e-10 -1.798928926768397165e-14
7.000000000000000000e+00 -8.570716445189237558e-10 -3.755118904469698085e-14
8.000000000000000000e+00 -1.346107464171111462e-09 -7.760329399383072170e-14
9.000000000000000000e+00 -2.103882163529832877e-09 -1.587936820366334927e-13
1.000000000000000000e+01 -3.270806686154844035e-09 -3.218409053894576019e-13
1.100000000000000000e+01 -5.055013557697757458e-09 -6.461974436153363207e-13
1.200000000000000000e+01 -7.764617564031613684e-09 -1.285058646374322788e-12
1.300000000000000000e+01 -1.185665175355301095e-08 -2.530612408841020316e-12
1.400000000000000000e+01 -1.800753558911176440e-08 -4.935078848769730956e-12
1.500000000000000000e+01 -2.720895736368710725e-08 -9.532712878056155819e-12
1.600000000000000000e+01 -4.089592094602565342e-08 -1.824032361068835535e-11
1.700000000000000000e+01 -6.112355366265029092e-08 -3.457021531984373473e-11
1.800000000000000000e+01 -9.082283800489435492e-08 -6.489030352557388391e-11
1.900000000000000000e+01 -1.341725689592494481e-07 -1.206369064134309905e-10
2.000000000000000000e+01 -1.971181203705614996e-07 -2.221537852580681347e-10
2.100000000000000000e+01 -2.880561416070610792e-07 -4.052499185274642683e-10
2.200000000000000000e+01 -4.187144935512735678e-07 -7.322643367166001441e-10
2.300000000000000000e+01 -6.053081032118260120e-07 -1.310595803318452274e-09
2.400000000000000000e+01 -8.701237774491258812e-07 -2.323481265529299302e-09
2.500000000000000000e+01 -1.243720524569962505e-06 -4.080460915448868145e-09
2.600000000000000000e+01 -1.767884270031196597e-06 -7.098903733205116250e-09
2.700000000000000000e+01 -2.499394490984538024e-06 -1.223421994407230994e-08
2.800000000000000000e+01 -3.514676799386168044e-06 -2.088616565676164886e-08
2.900000000000000000e+01 -4.915618751170555949e-06 -3.532251027419396910e-08
3.000000000000000000e+01 -6.837115680756751372e-06 -5.917983292043489406e-08
3.100000000000000000e+01 -9.457023735281089218e-06 -9.822740230694898972e-08
3.200000000000000000e+01 -1.300895794696852119e-05 -1.615198553437830222e-07
3.300000000000000000e+01 -1.779797969063524963e-05 -2.631210779155095049e-07
3.400000000000000000e+01 -2.421915826138202311e-05 -4.246525213420378536e-07
3.500000000000000000e+01 -3.277955970675079444e-05 -6.790048425229582147e-07
3.600000000000000000e+01 -4.412505966948569009e-05 -1.075669275903779245e-06
3.700000000000000000e+01 -5.907366590652036336e-05 -1.688314306586475883e-06
3.800000000000000000e+01 -7.865627442233166084e-05 -2.625441798838962093e-06
3.900000000000000000e+01 -1.041644806336190191e-04 -4.045168577018320983e-06
4.000000000000000000e+01 -1.372044341277964383e-04 -6.175405646108700303e-06
4.100000000000000000e+01 -1.797565247475953025e-04 -9.341023426400787267e-06
4.200000000000000000e+01 -2.342423697631473855e-04 -1.400000587301110230e-05
4.300000000000000000e+01 -3.036016200543922936e-04 -2.079094915284104597e-05
4.400000000000000000e+01 -3.913802510549078571e-04 -3.059441555117055334e-05
4.500000000000000000e+01 -5.018291966465379976e-04 -4.461076832783642708e-05
4.600000000000000000e+01 -6.400087280484547097e-04 -6.445741553893103316e-05
4.700000000000000000e+01 -8.118921640679625969e-04 -9.228859464208060619e-05
4.800000000000000000e+01 -1.024464583522714843e-03 -1.309402649836164463e-04
4.900000000000000000e+01 -1.285818151915550656e-03 -1.841013437812771185e-04
5.000000000000000000e+01 -1.605250735158254274e-03 -2.565113495988343762e-04
5.100000000000000000e+01 -1.993370808108358826e-03 -3.541837307768273910e-04
5.200000000000000000e+01 -2.462196428119373982e-03 -4.846521919605864992e-04
5.300000000000000000e+01 -3.025219835221397251e-03 -6.572330167348496314e-04
5.400000000000000000e+01 -3.697411770094105946e-03 -8.832915936104045618e-04
5.500000000000000000e+01 -4.495168562526392561e-03 -1.176498753069850616e-03
5.600000000000000000e+01 -5.436237405492956934e-03 -1.553060608938973452e-03
5.700000000000000000e+01 -6.539650101845540832e-03 -2.031900113505094325e-03
5.800000000000000000e+01 -7.825639923849964097e-03 -2.634760460864872186e-03
5.900000000000000000e+01 -9.315457624987154989e-03 -3.386197114384358400e-03
6.000000000000000000e+01 -1.103101600178820613e-02 -4.313429110995055729e-03
6.100000000000000000e+01 -1.299439345253558704e-02 -5.446023180222632314e-03
6.200000000000000000e+01 -1.522732553801935465e-02 -6.815380362509487061e-03
6.300000000000000000e+01 -1.775078716070502965e-02 -8.453994191159931032e-03
6.400000000000000000e+01 -2.058460746464089650e-02 -1.039446468393938339e-02
6.500000000000000000e+01 -2.374692204197843826e-02 -1.266827564371030175e-02
6.600000000000000000e+01 -2.725333315238998022e-02 -1.530435477028730014e-02
6.700000000000000000e+01 -3.111590245110986558e-02 -1.832743895041639981e-02
6.800000000000000000e+01 -3.534229053126533571e-02 -2.175628512637527850e-02
6.900000000000000000e+01 -3.993524192817923119e-02 -2.560180514624574646e-02
7.000000000000000000e+01 -4.489226147530817057e-02 -2.986523049130423296e-02
7.100000000000000000e+01 -5.020510784255022979e-02 -3.453640997598563661e-02
7.200000000000000000e+01 -5.585893286372957400e-02 -3.959233656889869779e-02
7.300000000000000000e+01 -6.183136485138768235e-02 -4.499601772141501033e-02
7.400000000000000000e+01 -6.809206925350363981e-02 -5.069582407948957509e-02
7.500000000000000000e+01 -7.460300928561366951e-02 -5.662543066481534604e-02
7.600000000000000000e+01 -8.131904943293297161e-02 -6.270441214574798416e-02
7.700000000000000000e+01 -8.818832185328256967e-02 -6.883952036064699964e-02
7.800000000000000000e+01 -9.515219989567802461e-02 -7.492666473821492368e-02
7.900000000000000000e+01 -1.021453728331458144e-01 -8.085358556396941843e-02
8.000000000000000000e+01 -1.090966713571320801e-01 -8.650313776205052763e-02
8.100000000000000000e+01 -1.159307346841490227e-01 -9.175703856094913347e-02
8.200000000000000000e+01 -1.225699074241916736e-01 -9.649991420576466139e-02
8.300000000000000000e+01 -1.289356718434255811e-01 -1.006234762218584239e-01
8.400000000000000000e+01 -1.349495649851902290e-01 -1.040306266658322654e-01
8.500000000000000000e+01 -1.405342037701087787e-01 -1.066392597155954997e-01
8.600000000000000000e+01 -1.456150017342457137e-01 -1.083855404148484636e-01
8.700000000000000000e+01 -1.501224446046940109e-01 -1.092264892357510259e-01
8.800000000000000000e+01 -1.539941780360189749e-01 -1.091417387744578610e-01
8.900000000000000000e+01 -1.571763096323204878e-01 -1.081343553336428787e-01
9.000000000000000000e+01 -1.596240574057924411e-01 -1.062306681760124133e-01
9.100000000000000000e+01 -1.613023857636194935e-01 -1.034791236418330929e-01
9.200000000000000000e+01 -1.621870301391984404e-01 -9.994824341829219860e-02
9.300000000000000000e+01 -1.622656282786628101e-01 -9.572380354740295250e-02
9.400000000000000000e+01 -1.615383129140112728e-01 -9.090538678371554160e-02
9.500000000000000000e+01 -1.600174465547619940e-01 -8.560250296539090309e-02
9.600000000000000000e+01 -1.577268025075182489e-01 -7.993049528013833338e-02
9.700000000000000000e+01 -1.547007440762311337e-01 -7.400644245660586984e-02
9.800000000000000000e+01 -1.509836137102664733e-01 -6.794524795502646097e-02
9.900000000000000000e+01 -1.466290441869209371e-01 -6.185609183879510475e-02
1.000000000000000000e+02 -1.416987932551511120e-01 -5.583939602821182124e-02
1.010000000000000000e+02 -1.362610570040150293e-01 -4.998440785758842542e-02
1.020000000000000000e+02 -1.303886141556354628e-01 -4.436745501541605047e-02
1.030000000000000000e+02 -1.241571795738446449e-01 -3.905088518436531514e-02
1.040000000000000000e+02 -1.176440264118542023e-01 -3.408267229844559598e-02
1.050000000000000000e+02 -1.109266510224492797e-01 -2.949663671912017282e-02
1.060000000000000000e+02 -1.040812898062955377e-01 -2.531319294915265750e-02
1.070000000000000000e+02 -9.718136354138491584e-02 -2.154051876992853221e-02
1.080000000000000000e+02 -9.029610771276086467e-02 -1.817603516951590142e-02
1.090000000000000000e+02 -8.348956750135012872e-02 -1.520808754140800384e-02
1.100000000000000000e+02 -7.681991192788115153e-02 -1.261772124087545341e-02
1.110000000000000000e+02 -7.033889819407358746e-02 -1.038045324798719457e-02
1.120000000000000000e+02 -6.409139408299895091e-02 -8.467958556393994501e-03
1.130000000000000000e+02 -5.811502252898338716e-02 -6.849610025572757353e-03
1.140000000000000000e+02 -5.244005022608483335e-02 -5.493828716101402214e-03
1.150000000000000000e+02 -4.708955695834055738e-02 -4.369218080854248877e-03
1.160000000000000000e+02 -4.207980208446464310e-02 -3.445471343709444450e-03
1.170000000000000000e+02 -3.742067135506213504e-02 -2.694056046128678363e-03
1.180000000000000000e+02 -3.311615292798622545e-02 -2.088690957786388212e-03
1.190000000000000000e+02 -2.916486927438054905e-02 -1.605637863920758319e-03
1.200000000000000000e+02 -2.556070287973334285e-02 -1.223835190852348405e-03
1.210000000000000000e+02 -2.229350279410220390e-02 -9.249027341383052846e-04
1.220000000000000000e+02 -1.934981049248394105e-02 -6.930469331948014948e-04
1.230000000000000000e+02 -1.671354482133803609e-02 -5.148943745759055647e-04
1.240000000000000000e+02 -1.436662596003033913e-02 -3.792781591794749767e-04
1.250000000000000000e+02 -1.228955242230208959e-02 -2.769981029927523269e-04
1.260000000000000000e+02 -1.046194560432422982e-02 -2.005718297876398057e-04
1.270000000000000000e+02 -8.863054483674612932e-03 -1.439898888604700024e-04
1.280000000000000000e+02 -7.472197832767297695e-03 -1.024843509963442568e-04
1.290000000000000000e+02 -6.269127457533021225e-03 -7.231710713346510956e-05
1.300000000000000000e+02 -5.234314124887165173e-03 -5.059140512594065855e-05
1.310000000000000000e+02 -4.349170000425189690e-03 -3.508801200043990112e-05
1.320000000000000000e+02 -3.596220002686834494e-03 -2.412576498433299018e-05
1.330000000000000000e+02 -2.959226145816972343e-03 -1.644514173975327169e-05
1.340000000000000000e+02 -2.423264197081727300e-03 -1.111276514834864631e-05
1.350000000000000000e+02 -1.974754501840154941e-03 -7.444375804161456483e-06
1.360000000000000000e+02 -1.601454365387944712e-03 -4.943671226568098443e-06
1.370000000000000000e+02 -1.292422145902790169e-03 -3.254463634132785901e-06
1.380000000000000000e+02 -1.037961585624626488e-03 -2.123788222593248479e-06
1.390000000000000000e+02 -8.295515043705271006e-04 -1.373846764686434757e-06
1.400000000000000000e+02 -6.597639449837886536e-04 -8.809553333779583630e-07
1.410000000000000000e+02 -5.221739664222212370e-04 -5.599523022292896158e-07
1.420000000000000000e+02 -4.112651339653588395e-04 -3.527952484921566388e-07
1.430000000000000000e+02 -3.223348100920253286e-04 -2.203241385726548674e-07
1.440000000000000000e+02 -2.514023226401309371e-04 -1.363836248746972532e-07
1.450000000000000000e+02 -1.951217451137588648e-04 -8.367892502611099199e-08
1.460000000000000000e+02 -1.507001541365270050e-04 -5.088811887676012774e-08
1.470000000000000000e+02 -1.158219665352748853e-04 -3.067296980486378204e-08
1.480000000000000000e+02 -8.857993209031823846e-05 -1.832430494612720946e-08
1.490000000000000000e+02 -6.741320174700553530e-05 -1.084987110331089444e-08
1.500000000000000000e+02 -5.105254698841236712e-05 -6.367066667260470734e-09
1.510000000000000000e+02 -3.847244639012831218e-05 -3.703096509029520403e-09
1.520000000000000000e+02 -2.884954169353887561e-05 -2.134488277039127189e-09
1.530000000000000000e+02 -2.152691254664536549e-05 -1.219325217741854182e-09
1.540000000000000000e+02 -1.598364023418773024e-05 -6.902958691934042850e-10
1.550000000000000000e+02 -1.180914248993897119e-05 -3.872857264200538334e-10
1.560000000000000000e+02 -8.681745459589853496e-06 -2.153299855403955486e-10
1.570000000000000000e+02 -6.350946886732424813e-06 -1.186439330478038329e-10
1.580000000000000000e+02 -4.622841662935602691e-06 -6.478004686666374834e-11
1.590000000000000000e+02 -3.348229094235375905e-06 -3.504698286964982348e-11
