0.000000000000000000e+00 -1.256193212135339433e-07 -1.105923047087490345e-08
1.000000000000000000e+00 -9.310571470586325025e-11 -1.541294938719853861e-14
2.000000000000000000e+00 -1.452225649081695535e-10 -2.899220697482010102e-14
3.000000000000000000e+00 -2.318035476894670630e-10 -5.469112810258967934e-14
4.000000000000000000e+00 -3.680205476863092970e-10 -1.027600268573269547e-13
5.000000000000000000e+00 -5.799661213634807823e-10 -1.918986974810933447e-13
6.000000000000000000e+00 -9.069758771809301685e-10 -3.551235510184705064e-13
7.000000000000000000e+00 -1.409603551554263548e-09 -6.506872926147014553e-13
8.000000000000000000e+00 -2.181324222070693482e-09 -1.182521297867906870e-12
9.000000000000000000e+00 -3.363393548315952709e-09 -2.136524608584886008e-12
1.000000000000000000e+01 -5.162782341448543709e-09 -3.840031596319085312e-12
1.100000000000000000e+01 -7.876786535448168133e-09 -6.855689657496622420e-12
1.200000000000000000e+01 -1.193364923234764252e-08 -1.213577241588550149e-11
1.300000000000000000e+01 -1.796115442992463583e-08 -2.129286512814141582e-11
1.400000000000000000e+01 -2.688925134478900036e-08 -3.707627527299316827e-11
1.500000000000000000e+01 -4.008085219444453183e-08 -6.415953342160506266e-11
1.600000000000000000e+01 -5.948185589396943139e-08 -1.103550060599192511e-10
1.700000000000000000e+01 -8.780447043534646091e-08 -1.884628572689287498e-10
1.800000000000000000e+01 -1.288035106552716388e-07 -3.192393131676669108e-10
1.900000000000000000e+01 -1.877349539971780817e-07 -5.363880213719500957e-10
2.000000000000000000e+01 -2.720507935888775499e-07 -8.947622979834104174e-10
2.100000000000000000e+01 -3.922876506374957098e-07 -1.482940405252330302e-09
2.200000000000000000e+01 -5.630461261686627673e-07 -2.441542011507577082e-09
2.300000000000000000e+01 -8.040656520628321396e-07 -3.990316165530676178e-09
2.400000000000000000e+01 -1.141682738128543042e-06 -6.470570989790724531e-09
2.500000000000000000e+01 -1.611188565773173209e-06 -1.041286719785007092e-08
2.600000000000000000e+01 -2.260442830410429953e-06 -1.663995918991360347e-08
2.700000000000000000e+01 -3.154507763979755738e-06 -2.641312727148288441e-08
2.800000000000000000e+01 -4.380559649249731243e-06 -4.163532548326112494e-08
2.900000000000000000e+01 -6.052702956118949483e-06 -6.514508654917666972e-08
3.000000000000000000e+01 -8.317721327944630592e-06 -1.011617535554151804e-07
3.100000000000000000e+01 -1.136413041972856997e-05 -1.559491409420336156e-07
3.200000000000000000e+01 -1.543637816145524040e-05 -2.387422761835110942e-07
3.300000000000000000e+01 -2.085318841090271920e-05 -3.629755921723269832e-07
3.400000000000000000e+01 -2.802614820871889679e-05 -5.479292302271179316e-07
3.500000000000000000e+01 -3.747545735401654578e-05 -8.210588852244981418e-07
3.600000000000000000e+01 -4.984548501984603077e-05 -1.221348124614247685e-06
3.700000000000000000e+01 -6.592894681907363389e-05 -1.803896974401358973e-06
3.800000000000000000e+01 -8.670751562166078750e-05 -2.645784961871916355e-06
3.900000000000000000e+01 -1.134057734768779675e-04 -3.853400510442306813e-06
4.000000000000000000e+01 -1.475428803148648319e-04 -5.572024159333023967e-06
4.100000000000000000e+01 -1.909667964777752138e-04 -7.998921634292849889e-06
4.200000000000000000e+01 -2.458751433355989779e-04 -1.140078331480712965e-05
4.300000000000000000e+01 -3.148501232568457929e-04 -1.613527700418195234e-05
4.400000000000000000e+01 -4.009355084506391722e-04 -2.267627430554815601e-05
4.500000000000000000e+01 -5.077500017720516443e-04 -3.164399544102243923e-05
4.600000000000000000e+01 -6.395881421296824429e-04 -4.384335835528613284e-05
4.700000000000000000e+01 -8.014544639745037292e-04 -6.031310824058076103e-05
4.800000000000000000e+01 -9.990306464173839569e-04 -8.238438899943348413e-05
4.900000000000000000e+01 -1.238648655522946651e-03 -1.117446900289287910e-04
5.000000000000000000e+01 -1.527356217941805991e-03 -1.505061862883855001e-04
5.100000000000000000e+01 -1.873075297200288338e-03 -2.012839145801851486e-04
5.200000000000000000e+01 -2.284732116641850080e-03 -2.672899799653795502e-04
5.300000000000000000e+01 -2.772206690473524426e-03 -3.524406801164122784e-04
5.400000000000000000e+01 -3.346077694184047303e-03 -4.614629530915089753e-04
5.500000000000000000e+01 -4.017331396682057715e-03 -5.999886393817670163e-04
5.600000000000000000e+01 -4.797262222035678959e-03 -7.746395562697465549e-04
5.700000000000000000e+01 -5.697608491764099767e-03 -9.931150699130631126e-04
5.800000000000000000e+01 -6.730675213796192755e-03 -1.264281358032350640e-03
5.900000000000000000e+01 -7.909095040426736278e-03 -1.598237803798504717e-03
6.000000000000000000e+01 -9.245137552657397770e-03 -2.006328459779875562e-03
6.100000000000000000e+01 -1.074990540451377027e-02 -2.501087334099630702e-03
6.200000000000000000e+01 -1.243292143591610659e-02 -3.096133927915403414e-03
6.300000000000000000e+01 -1.430226506254391947e-02 -3.806037061850609665e-03
6.400000000000000000e+01 -1.636482130071433699e-02 -4.646134323600496774e-03
6.500000000000000000e+01 -1.862596460128031900e-02 -5.632262341864513119e-03
6.600000000000000000e+01 -2.108845887282313411e-02 -6.780358319328400746e-03
6.700000000000000000e+01 -2.375115921525468646e-02 -8.105942099544901497e-03
6.800000000000000000e+01 -2.660843913589833534e-02 -9.623539784038133427e-03
6.900000000000000000e+01 -2.965068303960243651e-02 -1.134610720289425632e-02
7.000000000000000000e+01 -3.286515030353831524e-02 -1.328444229436190685e-02
7.100000000000000000e+01 -3.623608207312191409e-02 -1.544650998850423049e-02
7.200000000000000000e+01 -3.974364970450794399e-02 -1.783663940365639439e-02
7.300000000000000000e+01 -4.336261679242985057e-02 -2.045469027989407773e-02
7.400000000000000000e+01 -4.706210614411379667e-02 -2.329537680706461958e-02
7.500000000000000000e+01 -5.080697535542610249e-02 -2.634784016551324631e-02
7.600000000000000000e+01 -5.455979650493965327e-02 -2.959535223203942078e-02
7.700000000000000000e+01 -5.828184700558645265e-02 -3.301497698768244421e-02
7.800000000000000000e+01 -6.193255397865170958e-02 -3.657723874271837095e-02
7.900000000000000000e+01 -6.546852225022914418e-02 -4.024610173967167748e-02
8.000000000000000000e+01 -6.884387541373392094e-02 -4.397949079646458481e-02
8.100000000000000000e+01 -7.201245164451436365e-02 -4.773019810809365354e-02
8.200000000000000000e+01 -7.493057603775932218e-02 -5.144679313796851616e-02
8.300000000000000000e+01 -7.755855261260946598e-02 -5.507441359507730949e-02
8.400000000000000000e+01 -7.986031380963266868e-02 -5.855576395145165036e-02
8.500000000000000000e+01 -8.180251872520112599e-02 -6.183267297324286649e-02
8.600000000000000000e+01 -8.335489112881007412e-02 -6.484806292584832654e-02
8.700000000000000000e+01 -8.449222713552861919e-02 -6.754777476207282638e-02
8.800000000000000000e+01 -8.519670635430270922e-02 -6.988192458232345139e-02
8.900000000000000000e+01 -8.545875948816350487e-02 -7.180605821408622691e-02
9.000000000000000000e+01 -8.527612243197980890e-02 -7.328254528749594821e-02
9.100000000000000000e+01 -8.465237078117715530e-02 -7.428216952340106760e-02
9.200000000000000000e+01 -8.359648705056446638e-02 -7.478536471064989311e-02
9.300000000000000000e+01 -8.212370142289997232e-02 -7.478269013444416302e-02
9.400000000000000000e+01 -8.025640363245033215e-02 -7.427474887261990844e-02
9.500000000000000000e+01 -7.802380971289533951e-02 -7.327204118232943930e-02
9.600000000000000000e+01 -7.546028016557600193e-02 -7.179487711997133148e-02
9.700000000000000000e+01 -7.260339211791604075e-02 -6.987297756405566607e-02
9.800000000000000000e+01 -6.949287789379657299e-02 -6.754442690115461390e-02
9.900000000000000000e+01 -6.617049009947703619e-02 -6.485413150638931479e-02
1.000000000000000000e+02 -6.267990923929406266e-02 -6.185224046226140554e-02
1.010000000000000000e+02 -5.906588494929065902e-02 -5.859275630518597650e-02
1.020000000000000000e+02 -5.537267660691332083e-02 -5.513216146785963195e-02
1.030000000000000000e+02 -5.164255986746572880e-02 -5.152783178180123103e-02
1.040000000000000000e+02 -4.791503783330884614e-02 -4.783631526867975631e-02
1.050000000000000000e+02 -4.422669671200307046e-02 -4.411178725381449672e-02
1.060000000000000000e+02 -4.061114397638000695e-02 -4.040487545027578176e-02
1.070000000000000000e+02 -3.709860367491978062e-02 -3.676177503723179057e-02
1.080000000000000000e+02 -3.371526324663118301e-02 -3.322348751700644753e-02
1.090000000000000000e+02 -3.048279459475534275e-02 -2.982516865988883020e-02
1.100000000000000000e+02 -2.741833217180623949e-02 -2.659571714596637923e-02
1.110000000000000000e+02 -2.453480916039000453e-02 -2.355769341840058262e-02
1.120000000000000000e+02 -2.184133821307861559e-02 -2.072750902877667362e-02
1.130000000000000000e+02 -1.934343750272923823e-02 -1.811575937333317898e-02
1.140000000000000000e+02 -1.704316212193331820e-02 -1.572763674592873862e-02
1.150000000000000000e+02 -1.493932857505673312e-02 -1.356344363729599170e-02
1.160000000000000000e+02 -1.302792929938718057e-02 -1.161922608940310804e-02
1.170000000000000000e+02 -1.130266317703609337e-02 -9.887486504428329853e-03
1.180000000000000000e+02 -9.755435248960457953e-03 -8.357901322214977835e-03
1.190000000000000000e+02 -8.376746531378528871e-03 -7.017994768474075662e-03
1.200000000000000000e+02 -7.156005322742826393e-03 -5.853763052379173590e-03
1.210000000000000000e+02 -6.081834466937723234e-03 -4.850255976680783489e-03
1.220000000000000000e+02 -5.142406396990074034e-03 -3.992106261223418370e-03
1.230000000000000000e+02 -4.325773964268516368e-03 -3.263984064759823094e-03
1.240000000000000000e+02 -3.620145036879606100e-03 -2.650962890754587475e-03
1.250000000000000000e+02 -3.014079056346168420e-03 -2.138801090720410421e-03
1.260000000000000000e+02 -2.496623630116862665e-03 -1.714151822513625481e-03
1.270000000000000000e+02 -2.057421864672536078e-03 -1.364710789740686357e-03
1.280000000000000000e+02 -1.686804964458314075e-03 -1.079305793328740829e-03
1.290000000000000000e+02 -1.375863698455866450e-03 -8.479327695274944867e-04
1.300000000000000000e+02 -1.116486872986477679e-03 -6.617474580169087611e-04
1.310000000000000000e+02 -9.013648320885348864e-04 -5.130242499579974963e-04
1.320000000000000000e+02 -7.239676811292168872e-04 -3.950921855845668023e-04
1.330000000000000000e+02 -5.785107767952302063e-04 -3.022550904571453265e-04
1.340000000000000000e+02 -4.599145510929567113e-04 -2.297011965601094587e-04
1.350000000000000000e+02 -3.637592791154840464e-04 -1.734073938152026588e-04
1.360000000000000000e+02 -2.862334384096643612e-04 -1.300430470595322031e-04
1.370000000000000000e+02 -2.240764957905923109e-04 -9.687727160203213903e-05
1.380000000000000000e+02 -1.745195762159438429e-04 -7.169210979363932641e-05
1.390000000000000000e+02 -1.352278340982745238e-04 -5.270293021962916028e-05
1.400000000000000000e+02 -1.042466890333744152e-04 -3.848678592898311843e-05
1.410000000000000000e+02 -7.995224452731668555e-05 -2.791913392607610559e-05
1.420000000000000000e+02 -6.100548708516198852e-05 -2.011896052260845483e-05
1.430000000000000000e+02 -4.631016816797630487e-05 -1.440196632483756116e-05
1.440000000000000000e+02 -3.497474724028011735e-05 -1.024116947915351903e-05
1.450000000000000000e+02 -2.627881223599418659e-05 -7.234152608722143181e-06
1.460000000000000000e+02 -1.964402260940165248e-05 -5.076160905592364605e-06
1.470000000000000000e+02 -1.460921877634556928e-05 -3.538280370384815765e-06
1.480000000000000000e+02 -1.080917984455878333e-05 -2.449951974871784843e-06
1.490000000000000000e+02 -7.956574175879206859e-06 -1.685117051606401780e-06
1.500000000000000000e+02 -5.826768609225805226e-06 -1.151351821727796263e-06
1.510000000000000000e+02 -4.245214473145122910e-06 -7.814298461548656813e-07
1.520000000000000000e+02 -3.077108285357572447e-06 -5.268352996325861402e-07
1.530000000000000000e+02 -2.218993543276584879e-06 -3.528270515398093988e-07
1.540000000000000000e+02 -1.591976419139233872e-06 -2.347198502847390309e-07
1.550000000000000000e+02 -1.136271689467662278e-06 -1.551089143432612353e-07
1.560000000000000000e+02 -8.068492280270405813e-07 -1.018170513611388539e-07
1.570000000000000000e+02 -5.699919687989991143e-07 -6.638946705614462574e-08
1.580000000000000000e+02 -4.006015271701792498e-07 -4.300031921148801380e-08
1.590000000000000000e+02 -2.801066212283387576e-07 -2.766539670240763057e-08
