0.000000000000000000e+00 -5.801564572001020131e-06 -4.705154337896882388e-12
1.000000000000000000e+00 -1.242257221111679233e-10 -5.102020973651945657e-18
2.000000000000000000e+00 -1.847499756324919976e-10 -1.289872348606641980e-17
3.000000000000000000e+00 -2.910090464070955333e-10 -3.228763618970226762e-17
4.000000000000000000e+00 -4.560251266640758648e-10 -7.988198912778297569e-17
5.000000000000000000e+00 -7.106044828092674958e-10 -1.953012609151500008e-16
6.000000000000000000e+00 -1.102023717501134221e-09 -4.714792463178434766e-16
7.000000000000000000e+00 -1.701536570489931345e-09 -1.123849900714951273e-15
8.000000000000000000e+00 -2.614720303756897112e-09 -2.646668592472138940e-15
9.000000000000000000e+00 -3.996114236202329471e-09 -6.159533166927058948e-15
1.000000000000000000e+01 -6.071343907900860958e-09 -1.416172795277006559e-14
1.100000000000000000e+01 -9.171058198003465809e-09 -3.215752132028412573e-14
1.200000000000000000e+01 -1.378055910584003693e-08 -7.213122746103500533e-14
1.300000000000000000e+01 -2.060743742444069659e-08 -1.598703284050583360e-13
1.400000000000000000e+01 -3.066978504989167357e-08 -3.501192007774682585e-13
1.500000000000000000e+01 -4.541325674682572023e-08 -7.575030845242544187e-13
1.600000000000000000e+01 -6.687628676191701640e-08 -1.619059870358948984e-12
1.700000000000000000e+01 -9.793235154312465519e-08 -3.419209221929594711e-12
1.800000000000000000e+01 -1.426369601872234469e-07 -7.135383159050077701e-12
1.900000000000000000e+01 -2.066943270999768401e-07 -1.471331999118053948e-11
2.000000000000000000e+01 -2.980506185234950188e-07 -2.997654718459655276e-11
2.100000000000000000e+01 -4.276417843401190880e-07 -6.034767748597663639e-11
2.200000000000000000e+01 -6.103805859015084897e-07 -1.200577781777015246e-10
2.300000000000000000e+01 -8.665261113315522458e-07 -2.360349073861646487e-10
2.400000000000000000e+01 -1.223583422361053327e-06 -4.585702689710942959e-10
2.500000000000000000e+01 -1.718810598848199175e-06 -8.804216599935385793e-10
2.600000000000000000e+01 -2.402331861674993058e-06 -1.670556682434679745e-09
2.700000000000000000e+01 -3.340892381659534007e-06 -3.132815184819301877e-09
2.800000000000000000e+01 -4.622501659007696548e-06 -5.806470793786856535e-09
2.900000000000000000e+01 -6.362479337070340552e-06 -1.063655780863302519e-08
3.000000000000000000e+01 -8.711490024954029901e-06 -1.925851324416891447e-08
3.100000000000000000e+01 -1.186588525654456178e-05 -3.446647525079467821e-08
3.200000000000000000e+01 -1.608024734717836875e-05 -6.097235486449797119e-08
3.300000000000000000e+01 -2.168191397933412218e-05 -1.066204164993804615e-07
3.400000000000000000e+01 -2.908778181367278258e-05 -1.843046370610949662e-07
3.500000000000000000e+01 -3.882459621616665365e-05 -3.149486615744862903e-07
3.600000000000000000e+01 -5.155443775182519389e-05 -5.320654823570890744e-07
3.700000000000000000e+01 -6.810651683032689576e-05 -8.886374509036152341e-07
3.800000000000000000e+01 -8.951486844164900777e-05 -1.467352730884558383e-06
3.900000000000000000e+01 -1.170602988508699345e-04 -2.395594994706496877e-06
4.000000000000000000e+01 -1.523153374032648404e-04 -3.867033411541115733e-06
4.100000000000000000e+01 -1.971932027956693030e-04 -6.172246578947950297e-06
4.200000000000000000e+01 -2.540043107767738927e-04 -9.741508699565137983e-06
4.300000000000000000e+01 -3.255240485550115154e-04 -1.520356574853221309e-05
4.400000000000000000e+01 -4.150719350352103211e-04 -2.346492937443572438e-05
4.500000000000000000e+01 -5.265964708180389045e-04 -3.581500406754583541e-05
4.600000000000000000e+01 -6.647566218025279406e-04 -5.406308082435628225e-05
4.700000000000000000e+01 -8.349945234663076624e-04 -8.071345768529188537e-05
4.800000000000000000e+01 -1.043604031142997745e-03 -1.191845794982961267e-04
4.900000000000000000e+01 -1.297807964469949648e-03 -1.740773923355396196e-04
5.000000000000000000e+01 -1.605852344675539689e-03 -2.514967688797299910e-04
5.100000000000000000e+01 -1.977106199127316374e-03 -3.594268809379848697e-04
5.200000000000000000e+01 -2.422134802485498024e-03 -5.081566457438904932e-04
5.300000000000000000e+01 -2.952715753730509284e-03 -7.107459172102201413e-04
5.400000000000000000e+01 -3.581799975953150854e-03 -9.835169365429202899e-04
5.500000000000000000e+01 -4.323459638897419327e-03 -1.346547125202049921e-03
5.600000000000000000e+01 -5.192867860420703752e-03 -1.824128776173592576e-03
5.700000000000000000e+01 -6.206300479690657519e-03 -2.445151618770420761e-03
5.800000000000000000e+01 -7.381077949277165332e-03 -3.243357045956757161e-03
5.900000000000000000e+01 -8.735353766941789111e-03 -4.257405888190015156e-03
6.000000000000000000e+01 -1.028774306913625251e-02 -5.530695019427997808e-03
6.100000000000000000e+01 -1.205690691705411932e-02 -7.110857203085390460e-03
6.200000000000000000e+01 -1.406123591275085932e-02 -9.048887035891762035e-03
6.300000000000000000e+01 -1.631864835713399062e-02 -1.139784973962407015e-02
6.400000000000000000e+01 -1.884633345615353145e-02 -1.421114552060064561e-02
6.500000000000000000e+01 -2.166022678868405674e-02 -1.754032590218777138e-02
6.600000000000000000e+01 -2.477419593931980829e-02 -2.143249523147558455e-02
6.700000000000000000e+01 -2.819918778057199649e-02 -2.592737256033579574e-02
6.800000000000000000e+01 -3.194265965801313528e-02 -3.105412475388191762e-02
6.900000000000000000e+01 -3.600835945973527435e-02 -3.682811440316285934e-02
7.000000000000000000e+01 -4.039615157934994122e-02 -4.324774459243110880e-02
7.100000000000000000e+01 -4.510149579827549965e-02 -5.029161596583066329e-02
7.200000000000000000e+01 -5.011452901906390811e-02 -5.791621993180921107e-02
7.300000000000000000e+01 -5.541917684587593235e-02 -6.605437900529920192e-02
7.400000000000000000e+01 -6.099283400583682679e-02 -7.461462902874381464e-02
7.500000000000000000e+01 -6.680672213013667815e-02 -8.348171097603415691e-02
7.600000000000000000e+01 -7.282644997530096642e-02 -9.251828026285732753e-02
7.700000000000000000e+01 -7.901217092876755554e-02 -1.015678584550993302e-01
7.800000000000000000e+01 -8.531824247825568752e-02 -1.104589760402642229e-01
7.900000000000000000e+01 -9.169296009774310918e-02 -1.190103850649003175e-01
8.000000000000000000e+01 -9.807906725766862843e-02 -1.270371369303927023e-01
8.100000000000000000e+01 -1.044151524472320958e-01 -1.343572364542138520e-01
8.200000000000000000e+01 -1.106372992637257857e-01 -1.407985316429999911e-01
8.300000000000000000e+01 -1.166802170702750524e-01 -1.462054792214228238e-01
8.400000000000000000e+01 -1.224777098637619965e-01 -1.504454169896522753e-01
8.500000000000000000e+01 -1.279631104465543123e-01 -1.534139820370568064e-01
8.600000000000000000e+01 -1.330704278280261110e-01 -1.550393608877321527e-01
8.700000000000000000e+01 -1.377362951793005552e-01 -1.552851361470084790e-01
8.800000000000000000e+01 -1.419020285280408744e-01 -1.541515788180903290e-01
8.900000000000000000e+01 -1.455149927801333010e-01 -1.516753230644806161e-01
9.000000000000000000e+01 -1.485291210113727778e-01 -1.479274599657802447e-01
9.100000000000000000e+01 -1.509051784775876093e-01 -1.430101881275963327e-01
9.200000000000000000e+01 -1.526114662775801267e-01 -1.370522411980701349e-01
9.300000000000000000e+01 -1.536250527135017419e-01 -1.302033716438629474e-01
9.400000000000000000e+01 -1.539329398696559215e-01 -1.226282129914576940e-01
9.500000000000000000e+01 -1.535324900787414792e-01 -1.144998656362653522e-01
9.600000000000000000e+01 -1.524309948593555730e-01 -1.059935462229150277e-01
9.700000000000000000e+01 -1.506448866816602894e-01 -9.728061035092809561e-02
9.800000000000000000e+01 -1.481991819743240235e-01 -8.852321264950321900e-02
9.900000000000000000e+01 -1.451272742807228067e-01 -7.986981153177025172e-02
1.000000000000000000e+02 -1.414706760794212648e-01 -7.145165923128701801e-02
1.010000000000000000e+02 -1.372782378851737928e-01 -6.338034675721815336e-02
1.020000000000000000e+02 -1.326047731626874282e-01 -5.574640665052803951e-02
1.030000000000000000e+02 -1.275094618936938040e-01 -4.861891838265047089e-02
1.040000000000000000e+02 -1.220544786650709507e-01 -4.204601288622972222e-02
1.050000000000000000e+02 -1.163039752436280799e-01 -3.605613594196099836e-02
1.060000000000000000e+02 -1.103231870253951474e-01 -3.065990746534495714e-02
1.070000000000000000e+02 -1.041773640362301800e-01 -2.585240503715878491e-02
1.080000000000000000e+02 -9.793046887433043413e-02 -2.161570284866870528e-02
1.090000000000000000e+02 -9.164386660389552131e-02 -1.792150937956287979e-02
1.100000000000000000e+02 -8.537528887357453966e-02 -1.473376696673622810e-02
1.110000000000000000e+02 -7.917816673156261031e-02 -1.201110156084339402e-02
1.120000000000000000e+02 -7.310119917166538195e-02 -9.709038373140046335e-03
1.130000000000000000e+02 -6.718796411689914594e-02 -7.781926395426607898e-03
1.140000000000000000e+02 -6.147650585448536514e-02 -6.184540421769166123e-03
1.150000000000000000e+02 -5.599899622146525813e-02 -4.873351956274926157e-03
1.160000000000000000e+02 -5.078160994236210340e-02 -3.807479169247731179e-03
1.170000000000000000e+02 -4.584465823810792567e-02 -2.949340359187893352e-03
1.180000000000000000e+02 -4.120289856461124833e-02 -2.265045283342952218e-03
1.190000000000000000e+02 -3.686589740342434418e-02 -1.724564584875879327e-03
1.200000000000000000e+02 -3.283838443796632811e-02 -1.301719823114931042e-03
1.210000000000000000e+02 -2.912062371841021846e-02 -9.740359285723994677e-04
1.220000000000000000e+02 -2.570885800718706454e-02 -7.224949991393356773e-04
1.230000000000000000e+02 -2.259584228566129116e-02 -5.312259528363504806e-04
1.240000000000000000e+02 -1.977142311979016714e-02 -3.871592784275948744e-04
1.250000000000000000e+02 -1.722309924933436778e-02 -2.796705103214507169e-04
1.260000000000000000e+02 -1.493652618857711084e-02 -2.002305395904788784e-04
1.270000000000000000e+02 -1.289596979711518307e-02 -1.420757806332038551e-04
1.280000000000000000e+02 -1.108473244250424150e-02 -9.990674710172007687e-05
1.290000000000000000e+02 -9.485562367072489925e-03 -6.961985662635033773e-05
1.300000000000000000e+02 -8.081033426758784180e-03 -4.807431377282264624e-05
1.310000000000000000e+02 -6.853872947080721575e-03 -3.289368553823117445e-05
1.320000000000000000e+02 -5.787225695083809962e-03 -2.230021265252051795e-05
1.330000000000000000e+02 -4.864859039702410654e-03 -1.497889744940702498e-05
1.340000000000000000e+02 -4.071323114454703483e-03 -9.967867640135229051e-06
1.350000000000000000e+02 -3.392076326282838367e-03 -6.571331001504959743e-06
1.360000000000000000e+02 -2.813578213029673935e-03 -4.291510016374236339e-06
1.370000000000000000e+02 -2.323347406091317170e-03 -2.776192920413208861e-06
1.380000000000000000e+02 -1.909984857195004852e-03 -1.778889296692005328e-06
1.390000000000000000e+02 -1.563167595959784849e-03 -1.128976915450352298e-06
1.400000000000000000e+02 -1.273621062886994178e-03 -7.096353745126467279e-07
1.410000000000000000e+02 -1.033076944397053358e-03 -4.417502510948435553e-07
1.420000000000000000e+02 -8.342204726035661912e-04 -2.723247685016368174e-07
1.430000000000000000e+02 -6.706291072271762001e-04 -1.662432037143065739e-07
1.440000000000000000e+02 -5.367043892884573080e-04 -1.004904672084334954e-07
1.450000000000000000e+02 -4.275996175539410597e-04 -6.014617022662894176e-08
1.460000000000000000e+02 -3.391464600789288611e-04 -3.564278002344415107e-08
1.470000000000000000e+02 -2.677831237568500987e-04 -2.091192333486057329e-08
1.480000000000000000e+02 -2.104856855821893281e-04 -1.214657967150619666e-08
1.490000000000000000e+02 -1.647033367869106817e-04 -6.984433572931894970e-09
1.500000000000000000e+02 -1.282979308386849758e-04 -3.975604865475904161e-09
1.510000000000000000e+02 -9.948820475505188268e-05 -2.240018580671148466e-09
1.520000000000000000e+02 -7.679904484659115667e-05 -1.249269472275253628e-09
1.530000000000000000e+02 -5.901601967936950831e-05 -6.895891308630509335e-10
1.540000000000000000e+02 -4.514514620338824514e-05 -3.767465452728855209e-10
1.550000000000000000e+02 -3.437762747788192285e-05 -2.037039705339377272e-10
1.560000000000000000e+02 -2.605918096448874761e-05 -1.090081145752434770e-10
1.570000000000000000e+02 -1.966355771065143884e-05 -5.772175700806668643e-11
1.580000000000000000e+02 -1.476987206730587739e-05 -3.024807266573522040e-11
1.590000000000000000e+02 -1.104337362846451081e-05 -1.568647179795795454e-11
