0.000000000000000000e+00 -6.865703195376068248e-06 -8.075668185512172584e-06
1.000000000000000000e+00 -1.512084933993287462e-09 -2.536991696178763544e-09
2.000000000000000000e+00 -2.087775282049406624e-09 -3.475786526883773334e-09
3.000000000000000000e+00 -3.124328049583568228e-09 -5.153657254191020711e-09
4.000000000000000000e+00 -4.661909256628519042e-09 -7.615309671551824555e-09
5.000000000000000000e+00 -6.917462510306897272e-09 -1.118820988501386436e-08
6.000000000000000000e+00 -1.020700981818156204e-08 -1.634264629346667696e-08
7.000000000000000000e+00 -1.498690673695758158e-08 -2.375431264588039245e-08
8.000000000000000000e+00 -2.191316421458775542e-08 -3.439237691998542862e-08
9.000000000000000000e+00 -3.191455348717201674e-08 -4.962266574314415392e-08
1.000000000000000000e+01 -4.628220741723432830e-08 -7.132476890127765577e-08
1.100000000000000000e+01 -6.679040027364890898e-08 -1.020429971665132820e-07
1.200000000000000000e+01 -9.587665888561985975e-08 -1.452182387272069683e-07
1.300000000000000000e+01 -1.369121595096253101e-07 -2.055571498807727082e-07
1.400000000000000000e+01 -1.945773067128858587e-07 -2.895659196288916134e-07
1.500000000000000000e+01 -2.753320012446570730e-07 -4.062178071438413149e-07
1.600000000000000000e+01 -3.879648029695945284e-07 -5.676895102778663451e-07
1.700000000000000000e+01 -5.442485223797948084e-07 -7.901573885795199088e-07
1.800000000000000000e+01 -7.598140955138386713e-07 -1.094802154879519269e-06
1.900000000000000000e+01 -1.055419364104181273e-06 -1.509333076894644263e-06
2.000000000000000000e+01 -1.458756895824992019e-06 -2.070340987679293771e-06
2.100000000000000000e+01 -2.006801274664233668e-06 -2.826528234161875717e-06
2.200000000000000000e+01 -2.748550368753804891e-06 -3.842481462760618583e-06
2.300000000000000000e+01 -3.748052119325750460e-06 -5.202520203953762775e-06
2.400000000000000000e+01 -5.087923234505490019e-06 -7.014603996848776382e-06
2.500000000000000000e+01 -6.873996833204028648e-06 -9.415207395167493897e-06
2.600000000000000000e+01 -9.241892914406007353e-06 -1.257677346002874945e-05
2.700000000000000000e+01 -1.236587869538007973e-05 -1.671895491969479909e-05
2.800000000000000000e+01 -1.646953913460456247e-05 -2.212316305251002269e-05
2.900000000000000000e+01 -2.183723337661442145e-05 -2.914808133564304054e-05
3.000000000000000000e+01 -2.882585965591452737e-05 -3.824370123824786123e-05
3.100000000000000000e+01 -3.787810931240297998e-05 -4.996420850137124983e-05
3.200000000000000000e+01 -4.953997613043469608e-05 -6.498430199551721636e-05
3.300000000000000000e+01 -6.448507278548684250e-05 -8.412554128799155950e-05
3.400000000000000000e+01 -8.354560469523504736e-05 -1.083958074794516655e-04
3.500000000000000000e+01 -1.077462708247372647e-04 -1.390367917012382470e-04
3.600000000000000000e+01 -1.383362251919863944e-04 -1.775677827367539417e-04
3.700000000000000000e+01 -1.768178813617353961e-04 -2.258165086767660134e-04
3.800000000000000000e+01 -2.249781619415052629e-04 -2.859410774893457832e-04
3.900000000000000000e+01 -2.849320480090693241e-04 -3.604623502067775100e-04
4.000000000000000000e+01 -3.591842198724718143e-04 -4.523284377280280830e-04
4.100000000000000000e+01 -4.507024638707474596e-04 -5.650141084461085062e-04
4.200000000000000000e+01 -5.629851181805092201e-04 -7.026275121808829311e-04
4.300000000000000000e+01 -7.001060912919328163e-04 -8.699804853717331638e-04
4.400000000000000000e+01 -8.667388879947200003e-04 -1.072598806620402110e-03
4.500000000000000000e+01 -1.068183909965931058e-03 -1.316699240550455808e-03
4.600000000000000000e+01 -1.310429157021218618e-03 -1.609201986603830525e-03
4.700000000000000000e+01 -1.600249872005856397e-03 -1.957834667104715529e-03
4.800000000000000000e+01 -1.945310358347740378e-03 -2.371308839787911876e-03
4.900000000000000000e+01 -2.354207625189641898e-03 -2.859463646348196775e-03
5.000000000000000000e+01 -2.836423134108873988e-03 -3.433255224520436171e-03
5.100000000000000000e+01 -3.402216950715776077e-03 -4.104565125702696639e-03
5.200000000000000000e+01 -4.062552748644810731e-03 -4.885949881197457559e-03
5.300000000000000000e+01 -4.829121265996908115e-03 -5.790527971491302509e-03
5.400000000000000000e+01 -5.714429220127760674e-03 -6.832102977386005083e-03
5.500000000000000000e+01 -6.731817223053507271e-03 -8.025395148858640096e-03
5.600000000000000000e+01 -7.895269873209643380e-03 -9.386081414657982541e-03
5.700000000000000000e+01 -9.219017254528817651e-03 -1.093041042250130282e-02
5.800000000000000000e+01 -1.071710199649402243e-02 -1.267446686074507646e-02
5.900000000000000000e+01 -1.240313297488336575e-02 -1.463347490760531430e-02
6.000000000000000000e+01 -1.429028272462337310e-02 -1.682155200496922992e-02
6.100000000000000000e+01 -1.639132210060536068e-02 -1.925195898456237564e-02
6.200000000000000000e+01 -1.871836617074707290e-02 -2.193740188283846773e-02
6.300000000000000000e+01 -2.128218747747056758e-02 -2.488976840873749485e-02
6.400000000000000000e+01 -2.409132437939032895e-02 -2.811906252704168135e-02
6.500000000000000000e+01 -2.715144275866648166e-02 -3.163198552759872301e-02
6.600000000000000000e+01 -3.046523971441846695e-02 -3.543101176327232565e-02
6.700000000000000000e+01 -3.403269968759248254e-02 -3.951449356814439040e-02
6.800000000000000000e+01 -3.785114700168732554e-02 -4.387747709908736832e-02
6.900000000000000000e+01 -4.191466827236757509e-02 -4.851223431337590292e-02
7.000000000000000000e+01 -4.621305673921215218e-02 -5.340767568175811691e-02
7.100000000000000000e+01 -5.073095677307083717e-02 -5.854777008345490863e-02
7.200000000000000000e+01 -5.544783692319340401e-02 -6.391007215841942868e-02
7.300000000000000000e+01 -6.033876739980199855e-02 -6.946554503405792669e-02
7.400000000000000000e+01 -6.537528601853714871e-02 -7.517989294032384473e-02
7.500000000000000000e+01 -7.052557125954980743e-02 -8.101537417638089711e-02
7.600000000000000000e+01 -7.575382411909818703e-02 -8.693166088418094462e-02
7.700000000000000000e+01 -8.101959656368198925e-02 -9.288517240911621509e-02
7.800000000000000000e+01 -8.627800073796289271e-02 -9.882772966609286447e-02
7.900000000000000000e+01 -9.148105636488386427e-02 -1.047061062545099897e-01
8.000000000000000000e+01 -9.657947590861176712e-02 -1.104634058661212309e-01
8.100000000000000000e+01 -1.015238409200780595e-01 -1.160417088747860148e-01
8.200000000000000000e+01 -1.062647353747834394e-01 -1.213844059702701011e-01
8.300000000000000000e+01 -1.107524194818987062e-01 -1.264369780047993053e-01
8.400000000000000000e+01 -1.149371004215608560e-01 -1.311463784232440588e-01
8.500000000000000000e+01 -1.187703348310258505e-01 -1.354603874382729611e-01
8.600000000000000000e+01 -1.222070650773920547e-01 -1.393282848675141405e-01
8.700000000000000000e+01 -1.252072101395422798e-01 -1.427029967587863102e-01
8.800000000000000000e+01 -1.277361329985506333e-01 -1.455435933142721072e-01
8.900000000000000000e+01 -1.297642959534341389e-01 -1.478167517231464001e-01
9.000000000000000000e+01 -1.312670650818729690e-01 -1.494966985438284379e-01
9.100000000000000000e+01 -1.322253544526724722e-01 -1.505643528420927413e-01
9.200000000000000000e+01 -1.326269028818837792e-01 -1.510068618337676860e-01
9.300000000000000000e+01 -1.324673070080471526e-01 -1.508181442536960515e-01
9.400000000000000000e+01 -1.317500918167806012e-01 -1.500000416745111975e-01
9.500000000000000000e+01 -1.304858873756467863e-01 -1.485631252932370083e-01
9.600000000000000000e+01 -1.286914425927776495e-01 -1.465265045999175897e-01
9.700000000000000000e+01 -1.263891605609901991e-01 -1.439167584373960418e-01
9.800000000000000000e+01 -1.236071930444953143e-01 -1.407666535530179008e-01
9.900000000000000000e+01 -1.203795242032628388e-01 -1.371142406809758296e-01
1.000000000000000000e+02 -1.167454482821757289e-01 -1.330024124837157207e-01
1.010000000000000000e+02 -1.127483661094344919e-01 -1.284785679569088734e-01
1.020000000000000000e+02 -1.084343691854629255e-01 -1.235939836766877103e-01
1.030000000000000000e+02 -1.038511638749344684e-01 -1.184027759705933158e-01
1.040000000000000000e+02 -9.904749443168189837e-02 -1.129606415939709008e-01
1.050000000000000000e+02 -9.407276057744370923e-02 -1.073236538159974968e-01
1.060000000000000000e+02 -8.897640933401054775e-02 -1.015472713550373968e-01
1.070000000000000000e+02 -8.380696487372707448e-02 -9.568555225230972183e-02
1.080000000000000000e+02 -7.861093722818893181e-02 -8.979048737629152788e-02
1.090000000000000000e+02 -7.343197611983036388e-02 -8.391138706842182771e-02
1.100000000000000000e+02 -6.831043655514101864e-02 -7.809430145552852254e-02
1.110000000000000000e+02 -6.328321932548916506e-02 -7.238148248987519295e-02
1.120000000000000000e+02 -5.838361856328452837e-02 -6.681090925362827282e-02
1.130000000000000000e+02 -5.364103166745375767e-02 -6.141591606835425377e-02
1.140000000000000000e+02 -4.908061272382385071e-02 -5.622497556154987253e-02
1.150000000000000000e+02 -4.472306559725928998e-02 -5.126166815639801588e-02
1.160000000000000000e+02 -4.058469691888702546e-02 -4.654481315940395270e-02
1.170000000000000000e+02 -3.667768007912877715e-02 -4.208868476640035411e-02
1.180000000000000000e+02 -3.301037821568286040e-02 -3.790323579968788575e-02
1.190000000000000000e+02 -2.958760999733843489e-02 -3.399430715640386347e-02
1.200000000000000000e+02 -2.641085831496257225e-02 -3.036386497036603141e-02
1.210000000000000000e+02 -2.347850487558406779e-02 -2.701032487597782722e-02
1.220000000000000000e+02 -2.078616122802233804e-02 -2.392898043238930392e-02
1.230000000000000000e+02 -1.832708998042864232e-02 -2.111249028106068973e-02
1.240000000000000000e+02 -1.609264682936088070e-02 -1.855134989133735979e-02
1.250000000000000000e+02 -1.407267395813774878e-02 -1.623429908697669732e-02
1.260000000000000000e+02 -1.225582473461660736e-02 -1.414866911847332404e-02
1.270000000000000000e+02 -1.062984759791114377e-02 -1.228070762860319909e-02
1.280000000000000000e+02 -9.181866145671645218e-03 -1.061591302493011812e-02
1.290000000000000000e+02 -7.898666038869964906e-03 -9.139375509530516667e-03
1.300000000000000000e+02 -6.766968600484802449e-03 -7.836093653806676038e-03
1.310000000000000000e+02 -5.773662511744257798e-03 -6.691234931241634917e-03
1.320000000000000000e+02 -4.905980511983526644e-03 -5.690331323572748318e-03
1.330000000000000000e+02 -4.151629524408069483e-03 -4.819425075723132203e-03
1.340000000000000000e+02 -3.498892237785512609e-03 -4.065186964326307321e-03
1.350000000000000000e+02 -2.936712255557637728e-03 -3.415019247407954407e-03
1.360000000000000000e+02 -2.454762977949916450e-03 -2.857140503828991748e-03
1.370000000000000000e+02 -2.043493748836879183e-03 -2.380642779501018942e-03
1.380000000000000000e+02 -1.694149206693131406e-03 -1.975515927798448916e-03
1.390000000000000000e+02 -1.398764727346382382e-03 -1.632643350115163235e-03
1.400000000000000000e+02 -1.150145636038440219e-03 -1.343779188333115620e-03
1.410000000000000000e+02 -9.418374876211549904e-04 -1.101516061073104773e-03
1.420000000000000000e+02 -7.680910116864320299e-04 -8.992473739342975256e-04
1.430000000000000000e+02 -6.238220250132731418e-04 -7.311239391717138953e-04
1.440000000000000000e+02 -5.045658875237825532e-04 -5.920038272981772466e-04
1.450000000000000000e+02 -4.064274018992992173e-04 -4.773962706461885603e-04
1.460000000000000000e+02 -3.260285427404567603e-04 -3.834025310539386977e-04
1.470000000000000000e+02 -2.604566923318698407e-04 -3.066571247793079815e-04
1.480000000000000000e+02 -2.072151708542038459e-04 -2.442716745275801734e-04
1.490000000000000000e+02 -1.641766720254870247e-04 -1.937821163406881775e-04
1.500000000000000000e+02 -1.295395501550824818e-04 -1.530991050141036064e-04
1.510000000000000000e+02 -1.017868987430765469e-04 -1.204614570990039765e-04
1.520000000000000000e+02 -7.964864629796364033e-05 -9.439287041045161392e-05
1.530000000000000000e+02 -6.206704722243173533e-05 -7.366239727648667840e-05
1.540000000000000000e+02 -4.816581769433746273e-05 -5.724901909530771241e-05
1.550000000000000000e+02 -3.722288515784290714e-05 -4.431032937407769576e-05
1.560000000000000000e+02 -2.864649147031960062e-05 -3.415504423937309770e-05
1.570000000000000000e+02 -2.195431473844010721e-05 -2.621896052651887649e-05
1.580000000000000000e+02 -1.675531684471860498e-05 -2.004402719234517040e-05
1.590000000000000000e+02 -1.273409021710872024e-05 -1.526027233481246981e-05
