0.000000000000000000e+00 -1.533518271112019377e-06 -6.720056768064551242e-07
1.000000000000000000e+00 -1.022755522340044271e-08 -2.133608701599349047e-10
2.000000000000000000e+00 -1.416384299133934939e-08 -3.215127228557084862e-10
3.000000000000000000e+00 -1.964986700103365934e-08 -5.052704963765922033e-10
4.000000000000000000e+00 -2.705319381360329588e-08 -7.902869435923167574e-10
5.000000000000000000e+00 -3.721543428978022707e-08 -1.229371316433032333e-09
6.000000000000000000e+00 -5.139501362192951327e-08 -1.901981768743903810e-09
7.000000000000000000e+00 -7.123046875993306565e-08 -2.926707891112164215e-09
8.000000000000000000e+00 -9.858812721463446281e-08 -4.479541977007862888e-09
9.000000000000000000e+00 -1.354433439594994185e-07 -6.819963667853651291e-09
1.000000000000000000e+01 -1.840525362454969072e-07 -1.032795057623484197e-08
1.100000000000000000e+01 -2.476130900458637279e-07 -1.555648114931876464e-08
1.200000000000000000e+01 -3.313139496122440417e-07 -2.330596013942717271e-08
1.300000000000000000e+01 -4.432734754091557487e-07 -3.472901555301744931e-08
1.400000000000000000e+01 -5.946672425160922694e-07 -5.147627196517512498e-08
1.500000000000000000e+01 -7.987134404232025632e-07 -7.589667297225026057e-08
1.600000000000000000e+01 -1.069145891634113414e-06 -1.113108930503479880e-07
1.700000000000000000e+01 -1.419837195349265013e-06 -1.623839747696104748e-07
1.800000000000000000e+01 -1.867375024490352599e-06 -2.356325435079968792e-07
1.900000000000000000e+01 -2.436910662704719389e-06 -3.401107184092736180e-07
2.000000000000000000e+01 -3.168870068616817129e-06 -4.883267359678313275e-07
2.100000000000000000e+01 -4.121982260911245782e-06 -6.974530068228265328e-07
2.200000000000000000e+01 -5.368964037256820027e-06 -9.909118434913189057e-07
2.300000000000000000e+01 -6.986133410240884925e-06 -1.400449160935582824e-06
2.400000000000000000e+01 -9.044977291852594254e-06 -1.968841312401318322e-06
2.500000000000000000e+01 -1.161694634337039203e-05 -2.753403653639802725e-06
2.600000000000000000e+01 -1.479736696332536875e-05 -3.830481924629016907e-06
2.700000000000000000e+01 -1.874048456319131635e-05 -5.301128331654886398e-06
2.800000000000000000e+01 -2.368353210025957525e-05 -7.298219501952802981e-06
2.900000000000000000e+01 -2.993636150299659409e-05 -9.995362647260381075e-06
3.000000000000000000e+01 -3.783268010094471080e-05 -1.361801408510407584e-05
3.100000000000000000e+01 -4.767226541450305223e-05 -1.845724567720609377e-05
3.200000000000000000e+01 -5.970712868827291776e-05 -2.488654565433808419e-05
3.300000000000000000e+01 -7.421188690197059123e-05 -3.338202445812409063e-05
3.400000000000000000e+01 -9.162331560788313043e-05 -4.454651180923922609e-05
3.500000000000000000e+01 -1.126659713759875194e-04 -5.913823924051834851e-05
3.600000000000000000e+01 -1.383553722330797266e-04 -7.810489456705821593e-05
3.700000000000000000e+01 -1.698298540676544113e-04 -1.026236208911065779e-04
3.800000000000000000e+01 -2.080915829995010080e-04 -1.341471080734750704e-04
3.900000000000000000e+01 -2.538513846243479208e-04 -1.744556869520428937e-04
4.000000000000000000e+01 -3.076629409625148792e-04 -2.257155913852010396e-04
4.100000000000000000e+01 -3.703561751208187414e-04 -2.905440359523663030e-04
4.200000000000000000e+01 -4.435246478499946157e-04 -3.720816905125384419e-04
4.300000000000000000e+01 -5.296797766360009747e-04 -4.740720129010914064e-04
4.400000000000000000e+01 -6.318228932810721413e-04 -6.009453028633896139e-04
4.500000000000000000e+01 -7.525895453692251630e-04 -7.579046611306122783e-04
4.600000000000000000e+01 -8.935367095300112469e-04 -9.510120251939285351e-04
4.700000000000000000e+01 -1.055218077642964668e-03 -1.187273932874689363e-03
4.800000000000000000e+01 -1.238243242195415398e-03 -1.474726241782990752e-03
4.900000000000000000e+01 -1.444752562852967895e-03 -1.822513697906470026e-03
5.000000000000000000e+01 -1.679208926175728301e-03 -2.240956270081031002e-03
5.100000000000000000e+01 -1.947633306631724615e-03 -2.741593539446104174e-03
5.200000000000000000e+01 -2.255433969127232721e-03 -3.337202511463350889e-03
5.300000000000000000e+01 -2.605176608167881786e-03 -4.041789082681285922e-03
5.400000000000000000e+01 -2.996062208092621117e-03 -4.870552880129904068e-03
5.500000000000000000e+01 -3.425954795930441932e-03 -5.839817777651902693e-03
5.600000000000000000e+01 -3.894940392391524602e-03 -6.966912680181679661e-03
5.700000000000000000e+01 -4.407897589343418715e-03 -8.269988540253084275e-03
5.800000000000000000e+01 -4.973743457310851601e-03 -9.767769828551035871e-03
5.900000000000000000e+01 -5.601141111825915300e-03 -1.147925165441674930e-02
6.000000000000000000e+01 -6.293235876933681375e-03 -1.342335387146638415e-02
6.100000000000000000e+01 -7.045311907571518220e-03 -1.561852879619364358e-02
6.200000000000000000e+01 -7.847745056545611664e-03 -1.808230455685992666e-02
6.300000000000000000e+01 -8.692911196284664951e-03 -2.083075067682009160e-02
6.400000000000000000e+01 -9.581344993628459344e-03 -2.387787880052672992e-02
6.500000000000000000e+01 -1.052218629978509019e-02 -2.723501848167083836e-02
6.600000000000000000e+01 -1.152656102467920080e-02 -3.091020893805700859e-02
6.700000000000000000e+01 -1.259782119670423313e-02 -3.490761837081458180e-02
6.800000000000000000e+01 -1.372561795456089459e-02 -3.922697072775988697e-02
6.900000000000000000e+01 -1.488885777404931783e-02 -4.386296229074334446e-02
7.000000000000000000e+01 -1.606647968068583565e-02 -4.880469448636138435e-02
7.100000000000000000e+01 -1.724888454937004850e-02 -5.403519815845238272e-02
7.200000000000000000e+01 -1.844148921413650208e-02 -5.953112715086878587e-02
7.300000000000000000e+01 -1.965689169505427727e-02 -6.526264188711505820e-02
7.400000000000000000e+01 -2.090037930130875590e-02 -7.119343383979716278e-02
7.500000000000000000e+01 -2.215900075711580222e-02 -7.728082997918794828e-02
7.600000000000000000e+01 -2.340268889493317753e-02 -8.347598510851944598e-02
7.700000000000000000e+01 -2.459763725699272430e-02 -8.972425819597268370e-02
7.800000000000000000e+01 -2.572305222709878395e-02 -9.596587918111641746e-02
7.900000000000000000e+01 -2.677931917930188171e-02 -1.021369111521971129e-01
8.000000000000000000e+01 -2.778124889994305208e-02 -1.081703804767915750e-01
8.100000000000000000e+01 -2.874070613631926271e-02 -1.139974164558975739e-01
8.200000000000000000e+01 -2.965088655221037595e-02 -1.195483592467563583e-01
8.300000000000000000e+01 -3.048376160208633376e-02 -1.247539522503137849e-01
8.400000000000000000e+01 -3.120299069917180368e-02 -1.295467606174516284e-01
8.500000000000000000e+01 -3.178346572836764777e-02 -1.338627954756966276e-01
8.600000000000000000e+01 -3.222373927772174962e-02 -1.376431183552205284e-01
8.700000000000000000e+01 -3.254257378496618058e-02 -1.408351683636669682e-01
8.800000000000000000e+01 -3.276217358984506722e-02 -1.433937534615698228e-01
8.900000000000000000e+01 -3.289010862324541484e-02 -1.452818886990924485e-01
9.000000000000000000e+01 -3.291268795804206532e-02 -1.464716923226463408e-01
9.100000000000000000e+01 -3.280417715560235425e-02 -1.469453175146291368e-01
9.200000000000000000e+01 -3.254497282977333872e-02 -1.466956387261646455e-01
9.300000000000000000e+01 -3.213579276767138115e-02 -1.457264118948923548e-01
9.400000000000000000e+01 -3.159823328655243790e-02 -1.440519114910274734e-01
9.500000000000000000e+01 -3.096196407947292631e-02 -1.416963333606917896e-01
9.600000000000000000e+01 -3.024805212621505673e-02 -1.386932443911197410e-01
9.700000000000000000e+01 -2.945997986043025901e-02 -1.350850676750694479e-01
9.800000000000000000e+01 -2.858783705465309244e-02 -1.309223289466346085e-01
9.900000000000000000e+01 -2.762173150636016219e-02 -1.262624411420211479e-01
1.000000000000000000e+02 -2.656449241832946340e-02 -1.211681183407621876e-01
1.010000000000000000e+02 -2.543508262381584395e-02 -1.157057587403507865e-01
1.020000000000000000e+02 -2.426122237065714282e-02 -1.099440663719402078e-01
1.030000000000000000e+02 -2.306714741764980328e-02 -1.039528819927061642e-01
1.040000000000000000e+02 -2.186506185646207995e-02 -9.780198626470035239e-02
1.050000000000000000e+02 -2.065541277673016429e-02 -9.155972661331776563e-02
1.060000000000000000e+02 -1.943463277130794142e-02 -8.529158510314843733e-02
1.070000000000000000e+02 -1.820421930658533069e-02 -7.905895758955885921e-02
1.080000000000000000e+02 -1.697495154320649915e-02 -7.291830733086657190e-02
1.090000000000000000e+02 -1.576410991269545231e-02 -6.692062184168619254e-02
1.100000000000000000e+02 -1.458847260417705030e-02 -6.111098404299555170e-02
1.110000000000000000e+02 -1.345822092753375110e-02 -5.552816081584709129e-02
1.120000000000000000e+02 -1.237550752642494097e-02 -5.020428375558286943e-02
1.130000000000000000e+02 -1.133782275702639383e-02 -4.516476068694771223e-02
1.140000000000000000e+02 -1.034318350808547879e-02 -4.042846493392442814e-02
1.150000000000000000e+02 -9.393521587856362709e-03 -3.600811741780969577e-02
1.160000000000000000e+02 -8.494460749815392619e-03 -3.191073666182886459e-02
1.170000000000000000e+02 -7.652321383639639277e-03 -2.813809924993312256e-02
1.180000000000000000e+02 -6.870804051959149110e-03 -2.468723715866134177e-02
1.190000000000000000e+02 -6.149531904741715321e-03 -2.155101459265284028e-02
1.200000000000000000e+02 -5.485022636575857119e-03 -1.871877853543330028e-02
1.210000000000000000e+02 -4.873017104204090122e-03 -1.617702886794271031e-02
1.220000000000000000e+02 -4.310471729793741678e-03 -1.391005256144213671e-02
1.230000000000000000e+02 -3.796101945829028455e-03 -1.190050094511069245e-02
1.240000000000000000e+02 -3.329514002666019747e-03 -1.012991810286206426e-02
1.250000000000000000e+02 -2.909827687147101619e-03 -8.579229696567868338e-03
1.260000000000000000e+02 -2.534793075441574024e-03 -7.229186637576312351e-03
1.270000000000000000e+02 -2.200857189969196263e-03 -6.060749630846695886e-03
1.280000000000000000e+02 -1.903939586896359962e-03 -5.055406251682122327e-03
1.290000000000000000e+02 -1.640300218778948868e-03 -4.195422617265413129e-03
1.300000000000000000e+02 -1.406980835918585603e-03 -3.464036547366807026e-03
1.310000000000000000e+02 -1.201691095848412280e-03 -2.845597847069827532e-03
1.320000000000000000e+02 -1.022376214001479268e-03 -2.325659736696426404e-03
1.330000000000000000e+02 -8.668265672321540539e-04 -1.891026652191992331e-03
1.340000000000000000e+02 -7.325614951737431093e-04 -1.529765619488895065e-03
1.350000000000000000e+02 -6.169874955139416665e-04 -1.231188352670362128e-03
1.360000000000000000e+02 -5.176650876099544996e-04 -9.858094486901354276e-04
1.370000000000000000e+02 -4.325000212657594944e-04 -7.852849202262518870e-04
1.380000000000000000e+02 -3.597714583565559928e-04 -6.223358663586658077e-04
1.390000000000000000e+02 -2.980298936593830960e-04 -4.906629948176428673e-04
1.400000000000000000e+02 -2.459621628759375237e-04 -3.848572866863900189e-04
1.410000000000000000e+02 -2.023085146745723850e-04 -3.003103241605876712e-04
1.420000000000000000e+02 -1.658587064874684992e-04 -2.331260939267236617e-04
1.430000000000000000e+02 -1.354990609138420838e-04 -1.800355014936471125e-04
1.440000000000000000e+02 -1.102617127661812617e-04 -1.383151085566624314e-04
1.450000000000000000e+02 -8.934179300075338484e-05 -1.057117461390911367e-04
1.460000000000000000e+02 -7.207792371880026965e-05 -8.037413736273379050e-05
1.470000000000000000e+02 -5.791384638215164697e-05 -6.079180451861240916e-05
1.480000000000000000e+02 -4.636370125686563543e-05 -4.574093383484517791e-05
1.490000000000000000e+02 -3.699380577683273881e-05 -3.423674799396657923e-05
1.500000000000000000e+02 -2.942027685894135080e-05 -2.549205030453927071e-05
1.510000000000000000e+02 -2.331354537946077495e-05 -1.888163952956589881e-05
1.520000000000000000e+02 -1.840055557816409491e-05 -1.391216902177443940e-05
1.530000000000000000e+02 -1.446045325957527581e-05 -1.019686997850048624e-05
1.540000000000000000e+02 -1.131508094146501144e-05 -7.434503467452809954e-06
1.550000000000000000e+02 -8.818323088631855052e-06 -5.391956035672008067e-06
1.560000000000000000e+02 -6.847795300062053844e-06 -3.889972882647951104e-06
1.570000000000000000e+02 -5.300087618085121791e-06 -2.791575966429784456e-06
1.580000000000000000e+02 -4.088679351862705257e-06 -1.992746354531428268e-06
1.590000000000000000e+02 -3.142817029767865063e-06 -1.414985332343533006e-06
