0.000000000000000000e+00 -2.587925376667588986e-06 -3.320355059446576581e-05
1.000000000000000000e+00 4.311283030341779676e-06 3.488884854886586582e-05
2.000000000000000000e+00 4.702225423597335317e-06 3.371928762388451471e-05
3.000000000000000000e+00 6.064950646714608944e-06 4.040569793021878267e-05
4.000000000000000000e+00 7.909368308826964037e-06 4.964359584762965808e-05
5.000000000000000000e+00 1.029737008760984963e-05 6.108805404560343696e-05
6.000000000000000000e+00 1.336227702831401211e-05 7.501186810281832589e-05
7.000000000000000000e+00 1.727835088540769735e-05 9.187688900853059528e-05
8.000000000000000000e+00 2.226163954721464833e-05 1.122591094126084463e-04
9.000000000000000000e+00 2.857631822476920029e-05 1.368241107813444283e-04
1.000000000000000000e+01 3.654403384746201828e-05 1.663145114733117363e-04
1.100000000000000000e+01 4.655630040843135905e-05 2.015525848608138836e-04
1.200000000000000000e+01 5.908961130356719027e-05 2.434657732416435941e-04
1.300000000000000000e+01 7.472204478831050525e-05 2.931334446815593163e-04
1.400000000000000000e+01 9.414987692471003485e-05 3.518392544547929062e-04
1.500000000000000000e+01 1.182037353992605505e-04 4.211049906444167576e-04
1.600000000000000000e+01 1.478658354073495069e-04 5.026871330177760814e-04
1.700000000000000000e+01 1.842915100163164258e-04 5.985374520114307862e-04
1.800000000000000000e+01 2.288379245648802947e-04 7.107544895342198746e-04
1.900000000000000000e+01 2.830999026828642556e-04 8.415675191989795871e-04
2.000000000000000000e+01 3.489486021924637755e-04 9.933848535929059274e-04
2.100000000000000000e+01 4.285664855162544412e-04 1.168903412487067722e-03
2.200000000000000000e+01 5.244744006237314887e-04 1.371233130964050716e-03
2.300000000000000000e+01 6.395533796793189708e-04 1.603965775156203713e-03
2.400000000000000000e+01 7.770706772852349880e-04 1.871135031523986011e-03
2.500000000000000000e+01 9.407204531211279998e-04 2.177072579961050053e-03
2.600000000000000000e+01 1.134681112990386159e-03 2.526234272112780257e-03
2.700000000000000000e+01 1.363677419903019028e-03 2.923107029104578865e-03
2.800000000000000000e+01 1.633026168156325765e-03 3.372277340849976195e-03
2.900000000000000000e+01 1.948649193214431648e-03 3.878650223594939418e-03
3.000000000000000000e+01 2.317057226598416217e-03 4.447701056927442879e-03
3.100000000000000000e+01 2.745330156211951613e-03 5.085590875048738406e-03
3.200000000000000000e+01 3.241124981825701211e-03 5.799025399522659066e-03
3.300000000000000000e+01 3.812721865283027773e-03 6.594877467675027902e-03
3.400000000000000000e+01 4.469081119638920047e-03 7.479746893259467920e-03
3.500000000000000000e+01 5.219857478769312879e-03 8.459701382555221902e-03
3.600000000000000000e+01 6.075328690176983772e-03 9.540364025350706739e-03
3.700000000000000000e+01 7.046244338062615346e-03 1.072731128365808639e-02
3.800000000000000000e+01 8.143655793499399512e-03 1.202653214357361083e-02
3.900000000000000000e+01 9.378803638441346457e-03 1.344461329994189880e-02
4.000000000000000000e+01 1.076309206426124751e-02 1.498843380121005209e-02
4.100000000000000000e+01 1.230809648829489684e-02 1.666442961690245070e-02
4.200000000000000000e+01 1.402549446657198363e-02 1.847776791100336213e-02
4.300000000000000000e+01 1.592683498923396987e-02 2.043187190808709239e-02
4.400000000000000000e+01 1.802316289614717612e-02 2.252856993667706406e-02
4.500000000000000000e+01 2.032462228666798848e-02 2.476877951972820263e-02
4.600000000000000000e+01 2.284018614723190913e-02 2.715328937264599798e-02
4.700000000000000000e+01 2.557756527965748469e-02 2.968309362865230797e-02
4.800000000000000000e+01 2.854319896517046665e-02 3.235895746552526486e-02
4.900000000000000000e+01 3.174214172716769561e-02 3.518034230557615799e-02
5.000000000000000000e+01 3.517771873020623941e-02 3.814423098822860431e-02
5.100000000000000000e+01 3.885099782445386452e-02 4.124450711060556607e-02
5.200000000000000000e+01 4.276028671444818269e-02 4.447226158580727673e-02
5.300000000000000000e+01 4.690087317792362986e-02 4.781686877170372718e-02
5.400000000000000000e+01 5.126506075701507681e-02 5.126720734773019400e-02
5.500000000000000000e+01 5.584233370035077137e-02 5.481228889641928670e-02
5.600000000000000000e+01 6.061939213604257415e-02 5.844088597527821727e-02
5.700000000000000000e+01 6.557991977866249600e-02 6.214034212988545081e-02
5.800000000000000000e+01 7.070419553108531208e-02 6.589525394322266749e-02
5.900000000000000000e+01 7.596883545018422168e-02 6.968683126451052923e-02
6.000000000000000000e+01 8.134689941517854461e-02 7.349338315066968053e-02
6.100000000000000000e+01 8.680834782529670002e-02 7.729174536349310565e-02
6.200000000000000000e+01 9.232058865616971088e-02 8.105892952618348746e-02
6.300000000000000000e+01 9.784882312126996773e-02 8.477314838558001886e-02
6.400000000000000000e+01 1.033561150206804280e-01 8.841373034278679488e-02
6.500000000000000000e+01 1.088033966347324577e-01 9.196007481926955773e-02
6.600000000000000000e+01 1.141497344203297598e-01 9.539035394060986495e-02
6.700000000000000000e+01 1.193530053489230969e-01 9.868081963603779483e-02
6.800000000000000000e+01 1.243708171050731948e-01 1.018062426128343717e-01
6.900000000000000000e+01 1.291613153468511022e-01 1.047413825857637648e-01
7.000000000000000000e+01 1.336836329099721221e-01 1.074628212591342696e-01
7.100000000000000000e+01 1.378980646857741188e-01 1.099502926422575161e-01
7.200000000000000000e+01 1.417663156143440795e-01 1.121869213326979614e-01
7.300000000000000000e+01 1.452521273558825265e-01 1.141583732264400269e-01
7.400000000000000000e+01 1.483222589560322657e-01 1.158515094043324617e-01
7.500000000000000000e+01 1.509474534309840632e-01 1.172533933974269776e-01
7.600000000000000000e+01 1.531029709943491912e-01 1.183512956368260871e-01
7.700000000000000000e+01 1.547685776086595300e-01 1.191337820771856820e-01
7.800000000000000000e+01 1.559282993901920655e-01 1.195923696262331248e-01
7.900000000000000000e+01 1.565704282528141145e-01 1.197229053676548971e-01
8.000000000000000000e+01 1.566880239750612080e-01 1.195259575949887548e-01
8.100000000000000000e+01 1.562796840740345583e-01 1.190060277555945734e-01
8.200000000000000000e+01 1.553500387591091048e-01 1.181700217696230043e-01
8.300000000000000000e+01 1.539095520841700093e-01 1.170258097554496418e-01
8.400000000000000000e+01 1.519736923755631852e-01 1.155816360462920828e-01
8.500000000000000000e+01 1.495619897939213239e-01 1.138466508269155575e-01
8.600000000000000000e+01 1.466975492022363492e-01 1.118321920434229427e-01
8.700000000000000000e+01 1.434071786884407174e-01 1.095530116884971122e-01
8.800000000000000000e+01 1.397217506082779614e-01 1.070276621329396272e-01
8.900000000000000000e+01 1.356761726540371416e-01 1.042777262946100597e-01
9.000000000000000000e+01 1.313086090648166726e-01 1.013262222160812298e-01
9.100000000000000000e+01 1.266591496561229047e-01 9.819596546881859123e-02
9.200000000000000000e+01 1.217685331304129703e-01 9.490867330342378505e-02
9.300000000000000000e+01 1.166774699154255329e-01 9.148514918665333340e-02
9.400000000000000000e+01 1.114266348618810770e-01 8.794626046672197883e-02
9.500000000000000000e+01 1.060568922101195466e-01 8.431398145264397403e-02
9.600000000000000000e+01 1.006091690054627119e-01 8.061176959370384976e-02
9.700000000000000000e+01 9.512370620121038400e-02 7.686396165698547445e-02
9.800000000000000000e+01 8.963892598482522955e-02 7.309445872722498960e-02
9.900000000000000000e+01 8.419045900716652653e-02 6.932536756383829435e-02
1.000000000000000000e+02 7.881075655717717510e-02 6.557625960489768535e-02
1.010000000000000000e+02 7.352928863801290460e-02 6.186432461632250523e-02
1.020000000000000000e+02 6.837294050798674305e-02 5.820517971325964157e-02
1.030000000000000000e+02 6.336615371574658151e-02 5.461375405743884581e-02
1.040000000000000000e+02 5.853063162886997656e-02 5.110468894351449104e-02
1.050000000000000000e+02 5.388480610167342005e-02 4.769203169557140187e-02
1.060000000000000000e+02 4.944345194846934410e-02 4.438843593716998437e-02
1.070000000000000000e+02 4.521772060555242362e-02 4.120435109372883042e-02
1.080000000000000000e+02 4.121556429838575675e-02 3.814765118502746327e-02
1.090000000000000000e+02 3.744227832904770820e-02 3.522386721082060995e-02
1.100000000000000000e+02 3.390087001701835856e-02 3.243683976371711242e-02
1.110000000000000000e+02 3.059214988768517440e-02 2.978940485246862543e-02
1.120000000000000000e+02 2.751466892862980407e-02 2.728376530285474971e-02
1.130000000000000000e+02 2.466472590607784662e-02 2.492142922859338569e-02
1.140000000000000000e+02 2.203659072481198300e-02 2.270286043405635862e-02
1.150000000000000000e+02 1.962291919157093528e-02 2.062712929796696112e-02
1.160000000000000000e+02 1.741520801676593039e-02 1.869181273805506013e-02
1.170000000000000000e+02 1.540413746645321810e-02 1.689321796486154340e-02
1.180000000000000000e+02 1.357975045756367773e-02 1.522681521663791712e-02
1.190000000000000000e+02 1.193153090062084795e-02 1.368766856685503172e-02
1.200000000000000000e+02 1.044848976339472421e-02 1.227068993003355146e-02
1.210000000000000000e+02 9.119327912421334656e-03 1.097066710567916326e-02
1.220000000000000000e+02 7.932665997449597078e-03 9.782146456206040203e-03
1.230000000000000000e+02 6.877276353844065035e-03 8.699312014044379218e-03
1.240000000000000000e+02 5.942252723976681854e-03 7.715974396831718971e-03
1.250000000000000000e+02 5.117097210842557961e-03 6.825697586059742764e-03
1.260000000000000000e+02 4.391750925394171702e-03 6.022007496520990349e-03
1.270000000000000000e+02 3.756613123956838510e-03 5.298589470004325640e-03
1.280000000000000000e+02 3.202578426498204137e-03 4.649403000096244930e-03
1.290000000000000000e+02 2.721091825458132104e-03 4.068697484244081924e-03
1.300000000000000000e+02 2.304200364792482851e-03 3.550965081447535459e-03
1.310000000000000000e+02 1.944579951889755486e-03 3.090888244898554096e-03
1.320000000000000000e+02 1.635530472116507620e-03 2.683325513300590694e-03
1.330000000000000000e+02 1.370948378807844556e-03 2.323345317595769659e-03
1.340000000000000000e+02 1.145292445746443457e-03 2.006286719670266876e-03
1.350000000000000000e+02 9.535538965122877970e-04 1.727814040324353057e-03
1.360000000000000000e+02 7.912327282099513269e-04 1.483941121948322006e-03
1.370000000000000000e+02 6.543151532145391859e-04 1.271020694618406940e-03
1.380000000000000000e+02 5.392462442419940953e-04 1.085711729746091517e-03
1.390000000000000000e+02 4.428956503416583003e-04 9.249441373885482643e-04
1.400000000000000000e+02 3.625187187409872327e-04 7.858951028568916201e-04
1.410000000000000000e+02 2.957173980570682926e-04 6.659804398672152870e-04
1.420000000000000000e+02 2.404043451588225278e-04 5.628548400494080752e-04
1.430000000000000000e+02 1.947712167206161937e-04 4.744113993242518286e-04
1.440000000000000000e+02 1.572601400596666051e-04 3.987734531592526882e-04
1.450000000000000000e+02 1.265368375452156457e-04 3.342774200599359026e-04
1.460000000000000000e+02 1.014645866203271735e-04 2.794502119636772851e-04
1.470000000000000000e+02 8.107922548469194044e-05 2.329865255184304976e-04
1.480000000000000000e+02 6.456598383893549353e-05 1.937299639131988944e-04
1.490000000000000000e+02 5.123881407326074668e-05 1.606590567517940545e-04
1.500000000000000000e+02 4.052240002310145839e-05 1.328767575529744588e-04
1.510000000000000000e+02 3.193655129365630861e-05 1.096010415619470498e-04
1.520000000000000000e+02 2.508250704872983761e-05 9.015480255970175156e-05
1.530000000000000000e+02 1.963076745569135035e-05 7.395457115054148421e-05
1.540000000000000000e+02 1.531027587691543925e-05 6.049873153596772282e-05
1.550000000000000000e+02 1.189892326822180048e-05 4.935636369096008558e-05
1.560000000000000000e+02 9.215371434285115769e-06 4.015757784046560972e-05
1.570000000000000000e+02 7.112128332281521482e-06 3.258559291185154721e-05
1.580000000000000000e+02 5.469731784258142194e-06 2.637025883305855605e-05
1.590000000000000000e+02 4.191862382573503736e-06 2.128248409173875497e-05
