0.000000000000000000e+00 -2.860871360095869536e-09 3.917714691208921068e-10
1.000000000000000000e+00 4.038142171465352755e-09 8.393719743266439379e-10
2.000000000000000000e+00 6.060592493645992714e-09 1.295967289413980739e-09
3.000000000000000000e+00 9.363051587991081965e-09 2.052844497236418425e-09
4.000000000000000000e+00 1.438468221088557845e-08 3.232979432535766712e-09
5.000000000000000000e+00 2.197363894825357554e-08 5.061313657149237346e-09
6.000000000000000000e+00 3.337532783412466253e-08 7.876643880744344391e-09
7.000000000000000000e+00 5.040507608274613720e-08 1.218547113523782714e-08
8.000000000000000000e+00 7.569212883916364212e-08 1.874008291338968773e-08
9.000000000000000000e+00 1.130206655295185896e-07 2.865055878021863201e-08
1.000000000000000000e+01 1.678026747122235699e-07 4.354432651833209175e-08
1.100000000000000000e+01 2.477292056756816067e-07 6.579176391587351022e-08
1.200000000000000000e+01 3.636606740457798263e-07 9.882292709525026852e-08
1.300000000000000000e+01 5.308346774531227844e-07 1.475689776674962792e-07
1.400000000000000000e+01 7.704932297676915560e-07 2.190727304906559767e-07
1.500000000000000000e+01 1.112058470977804487e-06 3.233269974901430626e-07
1.600000000000000000e+01 1.596020664300547877e-06 4.744172536430763308e-07
1.700000000000000000e+01 2.277741651498673939e-06 6.920671842214479545e-07
1.800000000000000000e+01 3.232424666356545887e-06 1.003713700972636876e-06
1.900000000000000000e+01 4.561556816605238633e-06 1.447270586823895948e-06
2.000000000000000000e+01 6.401193823017481859e-06 2.074781279360402760e-06
2.100000000000000000e+01 8.932528756996302330e-06 2.957207992222351671e-06
2.200000000000000000e+01 1.239526412337286403e-05 4.190661243729435632e-06
2.300000000000000000e+01 1.710438590223662287e-05 5.904437015620903818e-06
2.400000000000000000e+01 2.347101826862084130e-05 8.271299700877114561e-06
2.500000000000000000e+01 3.202811439749137700e-05 1.152052663775035094e-05
2.600000000000000000e+01 4.346181116687887502e-05 1.595431284229108083e-05
2.700000000000000000e+01 5.864933718089796247e-05 2.196821862885409913e-05
2.800000000000000000e+01 7.870439882976333395e-05 3.007642512428892952e-05
2.900000000000000000e+01 1.050309562003814908e-04 4.094263414475146916e-05
3.000000000000000000e+01 1.393862235580305641e-04 5.541750522379314140e-05
3.100000000000000000e+01 1.839535876262748612e-04 7.458355458428043636e-05
3.200000000000000000e+01 2.414259484929327684e-04 9.980843855944793001e-05
3.300000000000000000e+01 3.150997497717809024e-04 1.328074899095112377e-04
3.400000000000000000e+01 4.089796175451721871e-04 1.757162503651691851e-04
3.500000000000000000e+01 5.278929734137177612e-04 2.311735343922591127e-04
3.600000000000000000e+01 6.776131897281238150e-04 3.024152638272837473e-04
3.700000000000000000e+01 8.649889462559645550e-04 3.933789307759687779e-04
3.800000000000000000e+01 1.098076653973160260e-03 5.088180445921195675e-04
3.900000000000000000e+01 1.386272180481234583e-03 6.544252514861342547e-04
4.000000000000000000e+01 1.740437286198366932e-03 8.369619549831903982e-04
4.100000000000000000e+01 2.173014660817226048e-03 1.064391275794230804e-03
4.200000000000000000e+01 2.698123332022252761e-03 1.346010200857361040e-03
4.300000000000000000e+01 3.331624600439702343e-03 1.692575835417331649e-03
4.400000000000000000e+01 4.091148772676654610e-03 2.116419629330173937e-03
4.500000000000000000e+01 4.996074452403431211e-03 2.631542061409687834e-03
4.600000000000000000e+01 6.067452509823102226e-03 3.253678628631273637e-03
4.700000000000000000e+01 7.327863967225745241e-03 4.000326771013103418e-03
4.800000000000000000e+01 8.801196910326216163e-03 4.890723291959728561e-03
4.900000000000000000e+01 1.051232822087627000e-02 5.945762661725547890e-03
5.000000000000000000e+01 1.248670505245250140e-02 7.187846865253319853e-03
5.100000000000000000e+01 1.474983261707935381e-02 8.640656139215874970e-03
5.200000000000000000e+01 1.732667652691884108e-02 1.032882860404281573e-02
5.300000000000000000e+01 2.024097555642759283e-02 1.227753914585954023e-02
5.400000000000000000e+01 2.351444990780527863e-02 1.451197543934808556e-02
5.500000000000000000e+01 2.716590423678522798e-02 1.705671713177921156e-02
5.600000000000000000e+01 3.121026406390870270e-02 1.993502549255288248e-02
5.700000000000000000e+01 3.565761233749135950e-02 2.316804492383435499e-02
5.800000000000000000e+01 4.051227073869093087e-02 2.677391630825010083e-02
5.900000000000000000e+01 4.577191201462392500e-02 3.076681783219173752e-02
6.000000000000000000e+01 5.142666833755811517e-02 3.515597582576571178e-02
6.100000000000000000e+01 5.745827001614507018e-02 3.994470014422804582e-02
6.200000000000000000e+01 6.383935534918964982e-02 4.512947772685396708e-02
6.300000000000000000e+01 7.053310352585713539e-02 5.069912571571172366e-02
6.400000000000000000e+01 7.749320189051275842e-02 5.663401002140579232e-02
6.500000000000000000e+01 8.466399863031258410e-02 6.290539147406808140e-02
6.600000000000000000e+01 9.198072128291903682e-02 6.947501293368311959e-02
6.700000000000000000e+01 9.936988177255851040e-02 7.629500948161355156e-02
6.800000000000000000e+01 1.067501734581979694e-01 8.330811664360049384e-02
6.900000000000000000e+01 1.140340094619593792e-01 9.044808466965954807e-02
7.000000000000000000e+01 1.211294395865948198e-01 9.764028126339532876e-02
7.100000000000000000e+01 1.279419756548499931e-01 1.048026151653319443e-01
7.200000000000000000e+01 1.343761743700828126e-01 1.118469393520720029e-01
7.300000000000000000e+01 1.403373781837794765e-01 1.186808998488161349e-01
7.400000000000000000e+01 1.457341128827456256e-01 1.252099634053466803e-01
7.500000000000000000e+01 1.504810288271649366e-01 1.313393750185589126e-01
7.600000000000000000e+01 1.545015750800202980e-01 1.369760951559945983e-01
7.700000000000000000e+01 1.577296970418911592e-01 1.420310008532800483e-01
7.800000000000000000e+01 1.601107829608705568e-01 1.464214577220695757e-01
7.900000000000000000e+01 1.616028136064436294e-01 1.500739094416424224e-01
8.000000000000000000e+01 1.621782281249467550e-01 1.529259323745011390e-01
8.100000000000000000e+01 1.618257842546247383e-01 1.549275850962054668e-01
8.200000000000000000e+01 1.605511186893189279e-01 1.560424620453292888e-01
8.300000000000000000e+01 1.583756357784606439e-01 1.562489227311552598e-01
8.400000000000000000e+01 1.553348276335649314e-01 1.555413560708293896e-01
8.500000000000000000e+01 1.514774065809376957e-01 1.539307568302229479e-01
8.600000000000000000e+01 1.468652670169218466e-01 1.514441128603521425e-01
8.700000000000000000e+01 1.415728370581459949e-01 1.481229718490086056e-01
8.800000000000000000e+01 1.356846205967851826e-01 1.440220666099810143e-01
8.900000000000000000e+01 1.292914996059058852e-01 1.392083675190721181e-01
9.000000000000000000e+01 1.224876207364648251e-01 1.337599689344548259e-01
9.100000000000000000e+01 1.153689123967571034e-01 1.277639888347641417e-01
9.200000000000000000e+01 1.080323424929789389e-01 1.213135136832329819e-01
9.300000000000000000e+01 1.005742058610436113e-01 1.145045677709931042e-01
9.400000000000000000e+01 9.308698843815177426e-02 1.074339738054439775e-01
9.500000000000000000e+01 8.565619464517752746e-02 1.001979078935083672e-01
9.600000000000000000e+01 7.835878439597820933e-02 9.289021018483120673e-02
9.700000000000000000e+01 7.126328258813954819e-02 8.559998098214971485e-02
9.800000000000000000e+01 6.443007782745929779e-02 7.840908685408537471e-02
9.900000000000000000e+01 5.791066337338637848e-02 7.139058939021891703e-02
1.000000000000000000e+02 5.174619244763384307e-02 6.460833815183174289e-02
1.010000000000000000e+02 4.596678050516431885e-02 5.811698294898061390e-02
1.020000000000000000e+02 4.059234036282061142e-02 5.196160924187911978e-02
1.030000000000000000e+02 3.563425859330589252e-02 4.617706372979081542e-02
1.040000000000000000e+02 3.109662676633318662e-02 4.078772896202385173e-02
1.050000000000000000e+02 2.697657069870693092e-02 3.580823511441212637e-02
1.060000000000000000e+02 2.326438427333263684e-02 3.124476351742462576e-02
1.070000000000000000e+02 1.994436661566891325e-02 2.709620395243183752e-02
1.080000000000000000e+02 1.699642403832562002e-02 2.335485911596990594e-02
1.090000000000000000e+02 1.439769359887169316e-02 2.000704762338101697e-02
1.100000000000000000e+02 1.212352571108845853e-02 1.703407758748295975e-02
1.110000000000000000e+02 1.014789086216626168e-02 1.441360234249031494e-02
1.120000000000000000e+02 8.443772905137085505e-03 1.212093767937204476e-02
1.130000000000000000e+02 6.983913855964990307e-03 1.012998783786089527e-02
1.140000000000000000e+02 5.741736791590915968e-03 8.413832749851007237e-03
1.150000000000000000e+02 4.692025400691185802e-03 6.945275080577030177e-03
1.160000000000000000e+02 3.811172782848067445e-03 5.697510824858901916e-03
1.170000000000000000e+02 3.077182530293519520e-03 4.644805413794370411e-03
1.180000000000000000e+02 2.469709776096292320e-03 3.762964220198944301e-03
1.190000000000000000e+02 1.970233200989988595e-03 3.029537813061828917e-03
1.200000000000000000e+02 1.562225402997434887e-03 2.423883506652041008e-03
1.210000000000000000e+02 1.231166635843773151e-03 1.927224504640319067e-03
1.220000000000000000e+02 9.643924099297788207e-04 1.522731529530774088e-03
1.230000000000000000e+02 7.508894955609724930e-04 1.195555839394620273e-03
1.240000000000000000e+02 5.811429766029356601e-04 9.327575135299980263e-04
1.250000000000000000e+02 4.470398752316062521e-04 7.231506452559257172e-04
1.260000000000000000e+02 3.417699450246758234e-04 5.571309024030130733e-04
1.270000000000000000e+02 2.596818775634444345e-04 4.265272916641475905e-04
1.280000000000000000e+02 1.961092657515015904e-04 3.244720269044105770e-04
1.290000000000000000e+02 1.472089161672582324e-04 2.452629334020506357e-04
1.300000000000000000e+02 1.098362622752986032e-04 1.842096495569380877e-04
1.310000000000000000e+02 8.144987037812246569e-05 1.374784440649130563e-04
1.320000000000000000e+02 6.002397371479782889e-05 1.019550037671467326e-04
1.330000000000000000e+02 4.395911474577024881e-05 7.513141427371202428e-05
1.340000000000000000e+02 3.199702693598362082e-05 5.501041028993576445e-05
1.350000000000000000e+02 2.315008126535587812e-05 4.001834244695377118e-05
1.360000000000000000e+02 1.664826291758453444e-05 2.892499001900177236e-05
1.370000000000000000e+02 1.189854318004912370e-05 2.077375118903302404e-05
1.380000000000000000e+02 8.450162969424187146e-06 1.482511951097488875e-05
1.390000000000000000e+02 5.963332296738936707e-06 1.051237752183080508e-05
1.400000000000000000e+02 4.182548226832225545e-06 7.405928113839801318e-06
1.410000000000000000e+02 2.916024661402178127e-06 5.183345138261254648e-06
1.420000000000000000e+02 2.020804748897807551e-06 3.604255803144515922e-06
1.430000000000000000e+02 1.391680276694775573e-06 2.490255267599501276e-06
1.440000000000000000e+02 9.522327615704678036e-07 1.709677606759538459e-06
1.450000000000000000e+02 6.473649751601957833e-07 1.166234798405775549e-06
1.460000000000000000e+02 4.373997716401723101e-07 7.902955352496205885e-07
1.470000000000000000e+02 2.937938905700170835e-07 5.319809859549428298e-07
1.480000000000000000e+02 1.961638779669464083e-07 3.557580508945784132e-07
1.490000000000000000e+02 1.301517879092018648e-07 2.364000687028464009e-07
1.500000000000000000e+02 8.578060458910364441e-08 1.560986764589700862e-07
1.510000000000000000e+02 5.616374036983559750e-08 1.024079692598568898e-07
1.520000000000000000e+02 3.654612111979178413e-08 6.673261966305838411e-08
1.530000000000000000e+02 2.364434630255937560e-08 4.318964580971906899e-08
1.540000000000000000e+02 1.520861573720044196e-08 2.776863410114241868e-08
1.550000000000000000e+02 9.720467082843548186e-09 1.774192900569983841e-08
1.560000000000000000e+02 6.169927696226878609e-09 1.126541316472562524e-08
1.570000000000000000e+02 3.889388069246662868e-09 7.106506741606199103e-09
1.580000000000000000e+02 2.436580574035055821e-09 4.451891354535214613e-09
1.590000000000000000e+02 1.518041839690042179e-09 2.769335895206420324e-09
