0.000000000000000000e+00 9.608383057820432447e-08 -2.570537693224675102e-07
1.000000000000000000e+00 1.346548727902836151e-07 3.464091508644335749e-07
2.000000000000000000e+00 1.686884231920021006e-07 4.272130178676384638e-07
3.000000000000000000e+00 2.365423013540707914e-07 5.915007076603600078e-07
4.000000000000000000e+00 3.321029294554837616e-07 8.200919764591489276e-07
5.000000000000000000e+00 4.643554678461147417e-07 1.132418753949686671e-06
6.000000000000000000e+00 6.462611367783897242e-07 1.556583310469513191e-06
7.000000000000000000e+00 8.951810754346955960e-07 2.129788201279945872e-06
8.000000000000000000e+00 1.234121505663294715e-06 2.900667934044626741e-06
9.000000000000000000e+00 1.693392942963813991e-06 3.932399340292074294e-06
1.000000000000000000e+01 2.312701644030477024e-06 5.306616313108395157e-06
1.100000000000000000e+01 3.143752026264716974e-06 7.128268787737102859e-06
1.200000000000000000e+01 4.253481998168206493e-06 9.531575514772852603e-06
1.300000000000000000e+01 5.728089021544637246e-06 1.268722937429951115e-05
1.400000000000000000e+01 7.678010736368659224e-06 1.681105879814485588e-05
1.500000000000000000e+01 1.024399934142283941e-05 2.217442350609665511e-05
1.600000000000000000e+01 1.360441489660795066e-05 2.911667459059749088e-05
1.700000000000000000e+01 1.798391189337763242e-05 3.805998334559605441e-05
1.800000000000000000e+01 2.366379653421907982e-05 4.952674893889758636e-05
1.900000000000000000e+01 3.099440207279529361e-05 6.415972548865923994e-05
2.000000000000000000e+01 4.040976325214917168e-05 8.274506615792146164e-05
2.100000000000000000e+01 5.244468998931882864e-05 1.062386479308550141e-04
2.200000000000000000e+01 6.775422489480324890e-05 1.357961391899455519e-04
2.300000000000000000e+01 8.713560393099410684e-05 1.728071081026479549e-04
2.400000000000000000e+01 1.115531593682770191e-04 2.189330557652180312e-04
2.500000000000000000e+01 1.421667450123959529e-04 2.761488909216586445e-04
2.600000000000000000e+01 1.803638797230786527e-04 3.467873892298145968e-04
2.700000000000000000e+01 2.277950342215517637e-04 4.335865887969732736e-04
2.800000000000000000e+01 2.864110159164789428e-04 5.397403655367795892e-04
2.900000000000000000e+01 3.585018537243922889e-04 6.689520122066060616e-04
3.000000000000000000e+01 4.467376675719095919e-04 8.254894924719671746e-04
3.100000000000000000e+01 5.542124776886293196e-04 1.014239947504732555e-03
3.200000000000000000e+01 6.844906866859418876e-04 1.240760982904346495e-03
3.300000000000000000e+01 8.416535700368385194e-04 1.511327364797732196e-03
3.400000000000000000e+01 1.030341698872430135e-03 1.832972836199522155e-03
3.500000000000000000e+01 1.255790626749531298e-03 2.213526303741640295e-03
3.600000000000000000e+01 1.523860551238557549e-03 2.661639396667570250e-03
3.700000000000000000e+01 1.841062481992035990e-03 3.186800036328650207e-03
3.800000000000000000e+01 2.214580752941516274e-03 3.799326465107025382e-03
3.900000000000000000e+01 2.652285841337645271e-03 4.510338741533744152e-03
4.000000000000000000e+01 3.162727930150771236e-03 5.331707873098576710e-03
4.100000000000000000e+01 3.755105116288817452e-03 6.275983390988375960e-03
4.200000000000000000e+01 4.439208756743917572e-03 7.356297247131692203e-03
4.300000000000000000e+01 5.225354023739782472e-03 8.586237958573803702e-03
4.400000000000000000e+01 6.124299422760907594e-03 9.979688001290601754e-03
4.500000000000000000e+01 7.147147275366035925e-03 1.155062133938724103e-02
4.600000000000000000e+01 8.305209382347933725e-03 1.331286422760722191e-02
4.700000000000000000e+01 9.609828075022940064e-03 1.527982639518371891e-02
4.800000000000000000e+01 1.107215975598582237e-02 1.746420862352762379e-02
4.900000000000000000e+01 1.270294080043023188e-02 1.987768800605741945e-02
5.000000000000000000e+01 1.451225102918997888e-02 2.253057817053250034e-02
5.100000000000000000e+01 1.650927073503056716e-02 2.543146239943113937e-02
5.200000000000000000e+01 1.870201195822897983e-02 2.858680397566711398e-02
5.300000000000000000e+01 2.109701042958817691e-02 3.200054780635123997e-02
5.400000000000000000e+01 2.369898918176519334e-02 3.567373512523995538e-02
5.500000000000000000e+01 2.651052702994955573e-02 3.960415256033590625e-02
5.600000000000000000e+01 2.953176410067983454e-02 4.378602531971501066e-02
5.700000000000000000e+01 3.276015237722593870e-02 4.820974788584810045e-02
5.800000000000000000e+01 3.619023372172163605e-02 5.286163935206256853e-02
5.900000000000000000e+01 3.981342473245928770e-02 5.772372677804506191e-02
6.000000000000000000e+01 4.361781076834050919e-02 6.277359221602502037e-02
6.100000000000000000e+01 4.758798103677282232e-02 6.798433867826428334e-02
6.200000000000000000e+01 5.170494763846170128e-02 7.332470852760337998e-02
6.300000000000000000e+01 5.594617411935372264e-02 7.875932970661957133e-02
6.400000000000000000e+01 6.028570579479752833e-02 8.424901934838752160e-02
6.500000000000000000e+01 6.469436895994915004e-02 8.975109424029195648e-02
6.600000000000000000e+01 6.914000759687657927e-02 9.521972192518435296e-02
6.700000000000000000e+01 7.358775488820562538e-02 1.006064198152303024e-01
6.800000000000000000e+01 7.800037322403606532e-02 1.058607843755488276e-01
6.900000000000000000e+01 8.233871050269396530e-02 1.109314031552068314e-01
7.000000000000000000e+01 8.656229237780126151e-02 1.157667784550928947e-01
7.100000000000000000e+01 9.063001083224085652e-02 1.203161063744536546e-01
7.200000000000000000e+01 9.450082333316081606e-02 1.245299243159495584e-01
7.300000000000000000e+01 9.813439042930884038e-02 1.283608142326450596e-01
7.400000000000000000e+01 1.014916549913021104e-01 1.317643397715526909e-01
7.500000000000000000e+01 1.045354430584374550e-01 1.347001741478746351e-01
7.600000000000000000e+01 1.072311655301134009e-01 1.371331367953896319e-01
7.700000000000000000e+01 1.095476027331939300e-01 1.390338505157094895e-01
7.800000000000000000e+01 1.114576377947442687e-01 1.403790023770202511e-01
7.900000000000000000e+01 1.129387854003976177e-01 1.411514996188290294e-01
8.000000000000000000e+01 1.139734793640846400e-01 1.413408424561966026e-01
8.100000000000000000e+01 1.145492411181324860e-01 1.409437254893582958e-01
8.200000000000000000e+01 1.146588980325411872e-01 1.399645135654901396e-01
8.300000000000000000e+01 1.143008937219979898e-01 1.384151902999338490e-01
8.400000000000000000e+01 1.134795410647320840e-01 1.363147291539205663e-01
8.500000000000000000e+01 1.122050018215234174e-01 1.336882656784827150e-01
8.600000000000000000e+01 1.104929177949044300e-01 1.305665309939463836e-01
8.700000000000000000e+01 1.083638474117335632e-01 1.269856435769388392e-01
8.800000000000000000e+01 1.058427592692015584e-01 1.229868961380176373e-01
8.900000000000000000e+01 1.029586978610872450e-01 1.186160749983831142e-01
9.000000000000000000e+01 9.974449199401565214e-02 1.139222201782413846e-01
9.100000000000000000e+01 9.623626247544590784e-02 1.089562175299196856e-01
9.200000000000000000e+01 9.247261959167900336e-02 1.037697372050156719e-01
9.300000000000000000e+01 8.849369707431940790e-02 9.841467881644153093e-02
9.400000000000000000e+01 8.434030001650751063e-02 9.294280467460284967e-02
9.500000000000000000e+01 8.005332410028750956e-02 8.740510365868292553e-02
9.600000000000000000e+01 7.567335205959233035e-02 8.185074876433667823e-02
9.700000000000000000e+01 7.124019401529176065e-02 7.632596091744643652e-02
9.800000000000000000e+01 6.679223820166030334e-02 7.087323268076295424e-02
9.900000000000000000e+01 6.236570963807337026e-02 6.553108195506747446e-02
1.000000000000000000e+02 5.799406901315096174e-02 6.033409354541385827e-02
1.010000000000000000e+02 5.370770073881749040e-02 5.531285968459946634e-02
1.020000000000000000e+02 4.953383068103676262e-02 5.049365860687065471e-02
1.030000000000000000e+02 4.549648289619696861e-02 4.589806058455762894e-02
1.040000000000000000e+02 4.161634204400632003e-02 4.154278397358715513e-02
1.050000000000000000e+02 3.791055875482093884e-02 3.743994098445416890e-02
1.060000000000000000e+02 3.439264799359227631e-02 3.359751948860147108e-02
1.070000000000000000e+02 3.107258878841328772e-02 3.001982362920540409e-02
1.080000000000000000e+02 2.795709520183252764e-02 2.670772887681709118e-02
1.090000000000000000e+02 2.504993079479776730e-02 2.365883742151698305e-02
1.100000000000000000e+02 2.235216223355748072e-02 2.086772536849324997e-02
1.110000000000000000e+02 1.986235090041314766e-02 1.832638090659190894e-02
1.120000000000000000e+02 1.757675913259217765e-02 1.602475935465883655e-02
1.130000000000000000e+02 1.548963652594089260e-02 1.395129532487399127e-02
1.140000000000000000e+02 1.359357888250920313e-02 1.209327395867779154e-02
1.150000000000000000e+02 1.187989411211923425e-02 1.043709050661638556e-02
1.160000000000000000e+02 1.033891366372520146e-02 8.968497438723186874e-03
1.170000000000000000e+02 8.960238313359968759e-03 7.672903501425260703e-03
1.180000000000000000e+02 7.732950903984342830e-03 6.535703630481695843e-03
1.190000000000000000e+02 6.645831238708489221e-03 5.542568359541467232e-03
1.200000000000000000e+02 5.687578525186956849e-03 4.679642285927618738e-03
1.210000000000000000e+02 4.847018524568752831e-03 3.933659550470570976e-03
1.220000000000000000e+02 4.113269706394582712e-03 3.292022376565933300e-03
1.230000000000000000e+02 3.475861443201032526e-03 2.742880126346029183e-03
1.240000000000000000e+02 2.924816835363580180e-03 2.275210775344897827e-03
1.250000000000000000e+02 2.450717479239830372e-03 1.878881383680075989e-03
1.260000000000000000e+02 2.044758308293832122e-03 1.544667640780780435e-03
1.270000000000000000e+02 1.698789380895625832e-03 1.264234181732646440e-03
1.280000000000000000e+02 1.405337940912730101e-03 1.030094194421805540e-03
1.290000000000000000e+02 1.157608709229613481e-03 8.355663510604448632e-04
1.300000000000000000e+02 9.494669484132970544e-04 6.747346516123569216e-04
1.310000000000000000e+02 7.754116064798859988e-04 5.424058993668857964e-04
1.320000000000000000e+02 6.305438725028326887e-04 4.340583468173840262e-04
1.330000000000000000e+02 5.105327703348435048e-04 3.457812294579026315e-04
1.340000000000000000e+02 4.115772304974373193e-04 2.742108677677819397e-04
1.350000000000000000e+02 3.303643550697807981e-04 2.164698030405207217e-04
1.360000000000000000e+02 2.640250818014401677e-04 1.701118863061412700e-04
1.370000000000000000e+02 2.100894638207936762e-04 1.330724104823285232e-04
1.380000000000000000e+02 1.664435862161118456e-04 1.036211765450448350e-04
1.390000000000000000e+02 1.312891646114504297e-04 8.031764817321059024e-05
1.400000000000000000e+02 1.031059574162873464e-04 6.196904725400262035e-05
1.410000000000000000e+02 8.061677719667690407e-05 4.759276554914863112e-05
1.420000000000000000e+02 6.275503904279048977e-05 3.638374454439280062e-05
1.430000000000000000e+02 4.863505246094416935e-05 2.768645348030509764e-05
1.440000000000000000e+02 3.752533675206595423e-05 2.097060969480081484e-05
1.450000000000000000e+02 2.882507202773828897e-05 1.580994919785645754e-05
1.460000000000000000e+02 2.204354553733296469e-05 1.186375620336866630e-05
1.470000000000000000e+02 1.678229023635012019e-05 8.861087074084793159e-06
1.480000000000000000e+02 1.271959833029900075e-05 6.587578120573972051e-06
1.490000000000000000e+02 9.597166346692572985e-06 4.874562376420911620e-06
1.500000000000000000e+02 7.208694923820518715e-06 3.590118318135095723e-06
1.510000000000000000e+02 5.390277109019937202e-06 2.631692439791530196e-06
1.520000000000000000e+02 4.012379467336644840e-06 1.920024867992601419e-06
1.530000000000000000e+02 2.973194782217769728e-06 1.394187140439053884e-06
1.540000000000000000e+02 2.193150922876359429e-06 1.007579556212391239e-06
1.550000000000000000e+02 1.610392514562065253e-06 7.247427096454139561e-07
1.560000000000000000e+02 1.177088239691929705e-06 5.188393589631419535e-07
1.570000000000000000e+02 8.564407039697135139e-07 3.696739213328502622e-07
1.580000000000000000e+02 6.202873045379359260e-07 2.621378497406227617e-07
1.590000000000000000e+02 4.471883924520573147e-07 1.849928734747504097e-07
