0.000000000000000000e+00 -3.527360273684704681e-06 -5.305629035593894951e-08
1.000000000000000000e+00 3.196433631861155665e-06 1.047083213025648143e-07
2.000000000000000000e+00 3.817076734711156093e-06 1.356530902656555911e-07
3.000000000000000000e+00 5.022077380883613184e-06 1.939319326896476452e-07
4.000000000000000000e+00 6.588955474286214961e-06 2.770520749371322806e-07
5.000000000000000000e+00 8.613601758663674688e-06 3.939296419673130046e-07
6.000000000000000000e+00 1.121990789233453415e-05 5.572676521835126716e-07
7.000000000000000000e+00 1.456229581317855228e-05 7.842972589159918662e-07
8.000000000000000000e+00 1.883220664134345972e-05 1.098186018180918214e-06
9.000000000000000000e+00 2.426590007913395912e-05 1.529889480174322679e-06
1.000000000000000000e+01 3.115382995141591319e-05 2.120510323882919756e-06
1.100000000000000000e+01 3.985183655186587382e-05 2.924284842265781117e-06
1.200000000000000000e+01 5.079422117439310604e-05 4.012358393821234082e-06
1.300000000000000000e+01 6.450858262262232020e-05 5.477538626273681220e-06
1.400000000000000000e+01 8.163228210434633281e-05 7.440216169205593565e-06
1.500000000000000000e+01 1.029306880830248083e-04 1.005563831546027356e-05
1.600000000000000000e+01 1.293178534911887433e-04 1.352274961698454083e-05
1.700000000000000000e+01 1.618806343122932714e-04 1.809489393456929548e-05
1.800000000000000000e+01 2.019070200716017733e-04 2.409275954982418219e-05
1.900000000000000000e+01 2.509184416061594489e-04 3.191995934788308624e-05
2.000000000000000000e+01 3.107044918595314284e-04 4.208154396782387520e-05
2.100000000000000000e+01 3.833578428821588402e-04 5.520563806589556788e-05
2.200000000000000000e+01 4.713080929111881099e-04 7.206841665789002235e-05
2.300000000000000000e+01 5.773557822201083383e-04 9.362282482244368227e-05
2.400000000000000000e+01 7.047103261480431365e-04 1.210315918633568820e-04
2.500000000000000000e+01 8.570357197015877372e-04 1.557049313244186252e-04
2.600000000000000000e+01 1.038504052629906933e-03 1.993428331511445679e-04
2.700000000000000000e+01 1.253850418672089982e-03 2.539814171945118672e-04
2.800000000000000000e+01 1.508418041876184463e-03 3.220428697551661404e-04
2.900000000000000000e+01 1.808184357594726406e-03 4.063889765358672922e-04
3.000000000000000000e+01 2.159768764608973636e-03 5.103785079778321325e-04
3.100000000000000000e+01 2.570435602041410469e-03 6.379280093036575165e-04
3.200000000000000000e+01 3.048111336046509245e-03 7.935740978073134791e-04
3.300000000000000000e+01 3.601424565601644718e-03 9.825343655447899352e-04
3.400000000000000000e+01 4.239753210540686199e-03 1.210764463041798505e-03
3.500000000000000000e+01 4.973240334804203758e-03 1.485010401927018293e-03
3.600000000000000000e+01 5.812739143649525361e-03 1.812855644031079270e-03
3.700000000000000000e+01 6.769678807790216121e-03 2.202760752911368455e-03
3.800000000000000000e+01 7.855891909979361223e-03 2.664090349720022073e-03
3.900000000000000000e+01 9.083475968362623304e-03 3.207120823583883319e-03
4.000000000000000000e+01 1.046474142150450974e-02 3.843024468923675070e-03
4.100000000000000000e+01 1.201222460795216794e-02 4.583829512883084295e-03
4.200000000000000000e+01 1.373866094395241946e-02 5.442356609601933792e-03
4.300000000000000000e+01 1.565678954889301519e-02 6.432128909000136077e-03
4.400000000000000000e+01 1.777893789405757263e-02 7.567248100820196319e-03
4.500000000000000000e+01 2.011648253477898302e-02 8.862228651416868136e-03
4.600000000000000000e+01 2.267939738868126470e-02 1.033178851620652691e-02
4.700000000000000000e+01 2.547607605292077568e-02 1.199060173106163488e-02
4.800000000000000000e+01 2.851342743665807172e-02 1.385301930063056845e-02
4.900000000000000000e+01 3.179700544710556409e-02 1.593275888112680519e-02
5.000000000000000000e+01 3.533083149818683211e-02 1.824255843072186689e-02
5.100000000000000000e+01 3.911672855366187668e-02 2.079379231514667109e-02
5.200000000000000000e+01 4.315334468417075797e-02 2.359605909351593367e-02
5.300000000000000000e+01 4.743535363864950088e-02 2.665675804994011716e-02
5.400000000000000000e+01 5.195330722189356321e-02 2.998066853060839601e-02
5.500000000000000000e+01 5.669421129008667126e-02 3.356953691766181858e-02
5.600000000000000000e+01 6.164234992137161695e-02 3.742167354961666720e-02
5.700000000000000000e+01 6.677961516277788889e-02 4.153157170617003541e-02
5.800000000000000000e+01 7.208489500201950562e-02 4.588957258837492864e-02
5.900000000000000000e+01 7.753280028064384044e-02 5.048159874382542739e-02
6.000000000000000000e+01 8.309265289772038710e-02 5.528896315448220827e-02
6.100000000000000000e+01 8.872866284983066398e-02 6.028825049690720445e-02
6.200000000000000000e+01 9.440147006386030715e-02 6.545127699485014938e-02
6.300000000000000000e+01 1.000702107612409242e-01 7.074515648387889877e-02
6.400000000000000000e+01 1.056937828606761970e-01 7.613250363957267675e-02
6.500000000000000000e+01 1.112305097888782734e-01 8.157177637876368570e-02
6.600000000000000000e+01 1.166366490746470197e-01 8.701772317554876124e-02
6.700000000000000000e+01 1.218652315626872484e-01 9.242190026707521044e-02
6.800000000000000000e+01 1.268666629058591566e-01 9.773326722399995614e-02
6.900000000000000000e+01 1.315912808500677156e-01 1.028989098265466057e-01
7.000000000000000000e+01 1.359925262590960249e-01 1.078649185913541086e-01
7.100000000000000000e+01 1.400287864808155980e-01 1.125773729718023974e-01
7.200000000000000000e+01 1.436628902457164347e-01 1.169833228317903873e-01
7.300000000000000000e+01 1.468600542626929961e-01 1.210316941303569982e-01
7.400000000000000000e+01 1.495863787458018845e-01 1.246741520892607064e-01
7.500000000000000000e+01 1.518096464406490098e-01 1.278660183168899567e-01
7.600000000000000000e+01 1.535023571160621103e-01 1.305672719626428668e-01
7.700000000000000000e+01 1.546450384255571020e-01 1.327435206881243945e-01
7.800000000000000000e+01 1.552274817771509552e-01 1.343667602170006692e-01
7.900000000000000000e+01 1.552470727019458208e-01 1.354158445910628172e-01
8.000000000000000000e+01 1.547056636812125519e-01 1.358767737218124216e-01
8.100000000000000000e+01 1.536076208529933984e-01 1.357429745269544963e-01
8.200000000000000000e+01 1.519607230791094332e-01 1.350156165730117264e-01
8.300000000000000000e+01 1.497791972700771024e-01 1.337037956869586708e-01
8.400000000000000000e+01 1.470862794528670359e-01 1.318243694419510836e-01
8.500000000000000000e+01 1.439139031531861956e-01 1.294014121094373970e-01
8.600000000000000000e+01 1.402993385705524620e-01 1.264654947421755549e-01
8.700000000000000000e+01 1.362810620992137567e-01 1.230530358896002180e-01
8.800000000000000000e+01 1.318967958060433265e-01 1.192057603401775467e-01
8.900000000000000000e+01 1.271849131770852459e-01 1.149700664044518983e-01
9.000000000000000000e+01 1.221876315847401501e-01 1.103960944405164568e-01
9.100000000000000000e+01 1.169528730048461918e-01 1.055365258520227639e-01
9.200000000000000000e+01 1.115326689069538746e-01 1.004453741869987399e-01
9.300000000000000000e+01 1.059787430984734380e-01 9.517701301558363636e-02
9.400000000000000000e+01 1.003382078738874472e-01 8.978544061611049010e-02
9.500000000000000000e+01 9.465228713923012904e-02 8.432357008387868225e-02
9.600000000000000000e+01 8.895863336870019067e-02 7.884237167826785297e-02
9.700000000000000000e+01 8.329500541510535816e-02 7.338992728013736533e-02
9.800000000000000000e+01 7.770105626417628253e-02 6.801063023460046653e-02
9.900000000000000000e+01 7.221653326567034625e-02 6.274470142755263213e-02
1.000000000000000000e+02 6.687705064935753341e-02 5.762797344952289708e-02
1.010000000000000000e+02 6.171049302678834059e-02 5.269175080450677617e-02
1.020000000000000000e+02 5.673660391662461999e-02 4.796261776401202631e-02
1.030000000000000000e+02 5.196987277902569841e-02 4.346224564725143652e-02
1.040000000000000000e+02 4.742340261876970553e-02 3.920735182070395064e-02
1.050000000000000000e+02 4.311087134757160544e-02 3.520989293579772361e-02
1.060000000000000000e+02 3.904532342276499646e-02 3.147742590544053143e-02
1.070000000000000000e+02 3.523598413375605282e-02 2.801349728775172354e-02
1.080000000000000000e+02 3.168568494493831378e-02 2.481798139072485809e-02
1.090000000000000000e+02 2.839087078753773502e-02 2.188739823611303426e-02
1.100000000000000000e+02 2.534414925106053679e-02 1.921528941023461709e-02
1.110000000000000000e+02 2.253753487950038020e-02 1.679268154443341182e-02
1.120000000000000000e+02 1.996423977562097191e-02 1.460858955516976948e-02
1.130000000000000000e+02 1.761812931614042260e-02 1.265048456761357423e-02
1.140000000000000000e+02 1.549170951547956115e-02 1.090468965148434256e-02
1.150000000000000000e+02 1.357443127806747321e-02 9.356721038452347344e-03
1.160000000000000000e+02 1.185263727956178959e-02 7.991611236049637329e-03
1.170000000000000000e+02 1.031114630302904650e-02 6.794227158914749320e-03
1.180000000000000000e+02 8.935325869494819065e-03 5.749564520067047997e-03
1.190000000000000000e+02 7.712324516293606394e-03 4.842991287756212571e-03
1.200000000000000000e+02 6.630900637026810110e-03 4.060430071865270100e-03
1.210000000000000000e+02 5.680313191745052330e-03 3.388490652729490328e-03
1.220000000000000000e+02 4.849276869060861923e-03 2.814570671784144117e-03
1.230000000000000000e+02 4.125746759394102736e-03 2.326934092412510056e-03
1.240000000000000000e+02 3.497585983471494450e-03 1.914765811121494320e-03
1.250000000000000000e+02 2.953555667985780907e-03 1.568197413251812018e-03
1.260000000000000000e+02 2.483948588073703161e-03 1.278303978339145755e-03
1.270000000000000000e+02 2.080548257983053095e-03 1.037078337181008463e-03
1.280000000000000000e+02 1.736094222083953099e-03 8.373914029155084043e-04
1.290000000000000000e+02 1.443708835583654279e-03 6.729446556828717939e-04
1.300000000000000000e+02 1.196657125210786026e-03 5.382169922492087942e-04
1.310000000000000000e+02 9.885043686304446041e-04 4.284062212597383322e-04
1.320000000000000000e+02 8.134588365275446931e-04 3.393660738232142683e-04
1.330000000000000000e+02 6.666149138920790355e-04 2.675410988820830691e-04
1.340000000000000000e+02 5.439427800220312907e-04 2.099024476584126283e-04
1.350000000000000000e+02 4.420693806739950512e-04 1.638868282981008665e-04
1.360000000000000000e+02 3.580154510665046162e-04 1.273395819085766580e-04
1.370000000000000000e+02 2.890375644845006643e-04 9.846189801649031645e-05
1.380000000000000000e+02 2.326184206769378929e-04 7.576203952942203712e-05
1.390000000000000000e+02 1.865445581270274182e-04 5.801075122278069986e-05
1.400000000000000000e+02 1.489742045078959562e-04 4.420122609174761784e-05
1.410000000000000000e+02 1.184333479688871936e-04 3.351384228407684507e-05
1.420000000000000000e+02 9.374228263923711302e-05 2.528551103867376982e-05
1.430000000000000000e+02 7.391885260294837228e-05 1.898319257921907244e-05
1.440000000000000000e+02 5.810673435250556494e-05 1.418108893577881105e-05
1.450000000000000000e+02 4.554865381009020621e-05 1.054112991016262359e-05
1.460000000000000000e+02 3.559247266897713351e-05 7.796466249959489790e-06
1.470000000000000000e+02 2.770351040978396618e-05 5.737689327059549873e-06
1.480000000000000000e+02 2.146279432884763382e-05 4.201445697639069610e-06
1.490000000000000000e+02 1.654748927791794435e-05 3.061085935571010024e-06
1.500000000000000000e+02 1.270299218505171993e-05 2.219014695831899328e-06
1.510000000000000000e+02 9.719096039963575755e-06 1.600469120951633861e-06
1.520000000000000000e+02 7.416956576783499035e-06 1.148504964537622719e-06
1.530000000000000000e+02 5.645722765857505131e-06 8.199975662414394846e-07
1.540000000000000000e+02 4.283149241479905914e-06 5.824790689850008692e-07
1.550000000000000000e+02 3.234873406411029119e-06 4.116508346694977711e-07
1.560000000000000000e+02 2.430347201333755398e-06 2.894358055023424243e-07
1.570000000000000000e+02 1.816618188644034317e-06 2.024630333859019557e-07
1.580000000000000000e+02 1.352389911764362634e-06 1.408983785620591315e-07
1.590000000000000000e+02 1.004068763615581118e-06 9.755019260833090175e-08
