0.000000000000000000e+00 -2.217851159650755194e-05 5.796566276700939426e-07
1.000000000000000000e+00 2.775219806688565468e-05 7.868487971091289706e-09
2.000000000000000000e+00 2.687174079320815560e-05 1.077903858006992273e-08
3.000000000000000000e+00 3.249474827262565551e-05 1.612327636852249571e-08
4.000000000000000000e+00 4.017886293851411004e-05 2.407086944869640953e-08
5.000000000000000000e+00 4.969951668668188324e-05 3.574504709598099435e-08
6.000000000000000000e+00 6.130294004564859937e-05 5.278682676051465837e-08
7.000000000000000000e+00 7.537457739888224701e-05 7.753469587883055533e-08
8.000000000000000000e+00 9.240164080548231101e-05 1.132945738632796175e-07
9.000000000000000000e+00 1.129736072371133798e-04 1.646946985509210515e-07
1.000000000000000000e+01 1.377801894366194931e-04 2.381541964123484758e-07
1.100000000000000000e+01 1.676030533297778507e-04 3.425207218203996315e-07
1.200000000000000000e+01 2.033104652265980256e-04 4.899485767012360108e-07
1.300000000000000000e+01 2.458679836032489621e-04 6.970821031463120751e-07
1.400000000000000000e+01 2.963729623450950387e-04 9.865889205268418359e-07
1.500000000000000000e+01 3.561075537869035253e-04 1.389093911742067783e-06
1.600000000000000000e+01 4.265908191862124825e-04 1.945623273005733661e-06
1.700000000000000000e+01 5.096051050065973816e-04 2.710760635156104343e-06
1.800000000000000000e+01 6.071817800771164408e-04 3.756772548946411215e-06
1.900000000000000000e+01 7.215548523314785183e-04 5.178926218438783930e-06
2.000000000000000000e+01 8.551158850238391954e-04 7.102138026305867647e-06
2.100000000000000000e+01 1.010413102888729807e-03 9.689074625841704978e-06
2.200000000000000000e+01 1.190220163017786850e-03 1.314996100865299496e-05
2.300000000000000000e+01 1.397659587104097207e-03 1.775456424759949331e-05
2.400000000000000000e+01 1.636323493485857287e-03 2.384694541578203630e-05
2.500000000000000000e+01 1.910318763658137202e-03 3.186349919735518156e-05
2.600000000000000000e+01 2.224193297606177292e-03 4.235461073720566262e-05
2.700000000000000000e+01 2.582766552469283224e-03 5.601012174978950431e-05
2.800000000000000000e+01 2.990955529314425626e-03 7.368878673178390294e-05
2.900000000000000000e+01 3.453710814239391649e-03 9.645197718899583357e-05
3.000000000000000000e+01 3.976128786153112007e-03 1.256020638351478555e-04
3.100000000000000000e+01 4.563700695538695611e-03 1.627262242708602110e-04
3.200000000000000000e+01 5.222554895765247479e-03 2.097466426604980812e-04
3.300000000000000000e+01 5.959516043228513422e-03 2.689775084085520166e-04
3.400000000000000000e+01 6.781882579744525318e-03 3.431874972914256009e-04
3.500000000000000000e+01 7.696983218680894696e-03 4.356646177798714163e-04
3.600000000000000000e+01 8.711725440749797794e-03 5.502807619924934054e-04
3.700000000000000000e+01 9.832391216663533690e-03 6.915569497969078615e-04
3.800000000000000000e+01 1.106481690221665891e-02 8.647338864881948250e-04
3.900000000000000000e+01 1.241486290205718636e-02 1.075850307313256380e-03
4.000000000000000000e+01 1.388886703455655992e-02 1.331822083645538279e-03
4.100000000000000000e+01 1.549372744007686438e-02 1.640506040433321964e-03
4.200000000000000000e+01 1.723643619412694797e-02 2.010735889712794797e-03
4.300000000000000000e+01 1.912320571831029395e-02 2.452335424083044221e-03
4.400000000000000000e+01 2.115861065214339615e-02 2.976129551575256924e-03
4.500000000000000000e+01 2.334521876865093548e-02 3.593964945170175906e-03
4.600000000000000000e+01 2.568393747493375248e-02 4.318718721046608741e-03
4.700000000000000000e+01 2.817487496482966314e-02 5.164247562584786330e-03
4.800000000000000000e+01 3.081816044484797165e-02 6.145247380692365168e-03
4.900000000000000000e+01 3.361412535721334388e-02 7.277050142756679059e-03
5.000000000000000000e+01 3.656258325078778210e-02 8.575424074924956758e-03
5.100000000000000000e+01 3.966148989456527024e-02 1.005641164562575546e-02
5.200000000000000000e+01 4.290569408743046681e-02 1.173615309286875873e-02
5.300000000000000000e+01 4.628651659455808309e-02 1.363059190125386760e-02
5.400000000000000000e+01 4.979245875293122209e-02 1.575501689126624499e-02
5.500000000000000000e+01 5.341067411017740019e-02 1.812352548206560068e-02
5.600000000000000000e+01 5.712833887959006124e-02 2.074855966337656871e-02
5.700000000000000000e+01 6.093305984812665693e-02 2.364057783050434527e-02
5.800000000000000000e+01 6.481200094820087354e-02 2.680775322100353159e-02
5.900000000000000000e+01 6.875019446143985913e-02 3.025551950181466082e-02
6.000000000000000000e+01 7.272905753120999239e-02 3.398591951378777259e-02
6.100000000000000000e+01 7.672609521952661327e-02 3.799693669053048894e-02
6.200000000000000000e+01 8.071612015609773427e-02 4.228206016500452719e-02
6.300000000000000000e+01 8.467342245738625206e-02 4.683015098633714485e-02
6.400000000000000000e+01 8.857372531580674779e-02 5.162541166934256354e-02
6.500000000000000000e+01 9.239484742195938627e-02 5.664720243388902954e-02
6.600000000000000000e+01 9.611574316239034077e-02 6.186968241044008693e-02
6.700000000000000000e+01 9.971457522908956650e-02 6.726154889500751688e-02
6.800000000000000000e+01 1.031670988714295245e-01 7.278618020620869489e-02
6.900000000000000000e+01 1.064465039370711824e-01 7.840220075262106791e-02
7.000000000000000000e+01 1.095250218665316383e-01 8.406417093205657831e-02
7.100000000000000000e+01 1.123765496905751865e-01 8.972309653641324934e-02
7.200000000000000000e+01 1.149789101101792027e-01 9.532676794039246504e-02
7.300000000000000000e+01 1.173145511240831357e-01 1.008202443591684760e-01
7.400000000000000000e+01 1.193693956902044245e-01 1.061467635186709446e-01
7.500000000000000000e+01 1.211306470553616677e-01 1.112490132725176828e-01
7.600000000000000000e+01 1.225849805770055506e-01 1.160704086753341496e-01
7.700000000000000000e+01 1.237183231809198258e-01 1.205560783985114709e-01
7.800000000000000000e+01 1.245174657385605121e-01 1.246536039378419725e-01
7.900000000000000000e+01 1.249726436963426723e-01 1.283138108873204675e-01
8.000000000000000000e+01 1.250796260866798570e-01 1.314918223116607887e-01
8.100000000000000000e+01 1.248401298621514000e-01 1.341482580893468834e-01
8.200000000000000000e+01 1.242603559708691102e-01 1.362502478596807065e-01
8.300000000000000000e+01 1.233485357770550128e-01 1.377720331744275994e-01
8.400000000000000000e+01 1.221129280399470690e-01 1.386952376356251626e-01
8.500000000000000000e+01 1.205613944173958146e-01 1.390090662138558919e-01
8.600000000000000000e+01 1.187027053450902397e-01 1.387105881097663862e-01
8.700000000000000000e+01 1.165486848591541919e-01 1.378049974658681343e-01
8.800000000000000000e+01 1.141158169818934087e-01 1.363056097366986408e-01
8.900000000000000000e+01 1.114252811903069101e-01 1.342334667516316415e-01
9.000000000000000000e+01 1.085013287450256741e-01 1.316166573823429331e-01
9.100000000000000000e+01 1.053688747081972243e-01 1.284895768371663860e-01
9.200000000000000000e+01 1.020515916767029824e-01 1.248922491747415930e-01
9.300000000000000000e+01 9.857143028880509250e-02 1.208696470564612629e-01
9.400000000000000000e+01 9.494960739642091530e-02 1.164708580235893909e-01
9.500000000000000000e+01 9.120824489096007737e-02 1.117480401969552645e-01
9.600000000000000000e+01 8.737151567062352575e-02 1.067552731501385799e-01
9.700000000000000000e+01 8.346551799129239835e-02 1.015474774062393865e-01
9.800000000000000000e+01 7.951689581522944361e-02 9.617949397281690127e-02
9.900000000000000000e+01 7.555095405478831627e-02 9.070527865735376893e-02
1.000000000000000000e+02 7.159026047900078626e-02 8.517711022746694838e-02
1.010000000000000000e+02 6.765437553945402582e-02 7.964477772689453061e-02
1.020000000000000000e+02 6.376065991858012594e-02 7.415481893522640755e-02
1.030000000000000000e+02 5.992550995915183615e-02 6.874991869124698340e-02
1.040000000000000000e+02 5.616520411789954065e-02 6.346851309319806456e-02
1.050000000000000000e+02 5.249586394996555438e-02 5.834455286587651029e-02
1.060000000000000000e+02 4.893260524401277928e-02 5.340734524586122217e-02
1.070000000000000000e+02 4.548842137940651426e-02 4.868143914833931996e-02
1.080000000000000000e+02 4.217344436681057240e-02 4.418658550338987190e-02
1.090000000000000000e+02 3.899495096786888965e-02 3.993782421394417859e-02
1.100000000000000000e+02 3.595802667638846317e-02 3.594570821232801611e-02
1.110000000000000000e+02 3.306645212897690173e-02 3.221662047212651980e-02
1.120000000000000000e+02 3.032332051248171068e-02 2.875312402173238815e-02
1.130000000000000000e+02 2.773112312733717541e-02 2.555431532144658568e-02
1.140000000000000000e+02 2.529138322231712713e-02 2.261619096986551558e-02
1.150000000000000000e+02 2.300416433351131981e-02 1.993204836603726382e-02
1.160000000000000000e+02 2.086780370829760881e-02 1.749291919858701749e-02
1.170000000000000000e+02 1.887904400883199871e-02 1.528800809637555214e-02
1.180000000000000000e+02 1.703348925864446584e-02 1.330510397521262288e-02
1.190000000000000000e+02 1.532614486634994652e-02 1.153094945088138125e-02
1.200000000000000000e+02 1.375179658915772103e-02 9.951574156150087141e-03
1.210000000000000000e+02 1.230511439592489077e-02 8.552603134274815860e-03
1.220000000000000000e+02 1.098053686855754441e-02 7.319541911127013835e-03
1.230000000000000000e+02 9.772098632901260809e-03 6.238028986961885979e-03
1.240000000000000000e+02 8.673359844866930166e-03 5.294045554439022298e-03
1.250000000000000000e+02 7.677505987860652054e-03 4.474080473527903591e-03
1.260000000000000000e+02 6.777575563972891050e-03 3.765257011378490316e-03
1.270000000000000000e+02 5.966708066977482842e-03 3.155429758646346658e-03
1.280000000000000000e+02 5.238311715665336724e-03 2.633256243264811992e-03
1.290000000000000000e+02 4.586110748794377211e-03 2.188243592569352833e-03
1.300000000000000000e+02 4.004101162368404673e-03 1.810770119253631667e-03
1.310000000000000000e+02 3.486482037792960984e-03 1.492084329667795091e-03
1.320000000000000000e+02 3.027623162380430402e-03 1.224286358958822513e-03
1.330000000000000000e+02 2.622092156834079490e-03 1.000297048797556309e-03
1.340000000000000000e+02 2.264723366394549419e-03 8.138182388265032853e-04
1.350000000000000000e+02 1.950689444231226265e-03 6.592861727647976152e-04
1.360000000000000000e+02 1.675541717123068186e-03 5.318194159360800644e-04
1.370000000000000000e+02 1.435207774067020960e-03 4.271631066372171123e-04
1.380000000000000000e+02 1.225957925769187830e-03 3.416317686813822273e-04
1.390000000000000000e+02 1.044363593674388921e-03 2.720527050361024740e-04
1.400000000000000000e+02 8.872672314733115071e-04 2.157113197660195394e-04
1.410000000000000000e+02 7.517707557760259845e-04 1.702990741662123463e-04
1.420000000000000000e+02 6.352368003582165110e-04 1.338644767409417858e-04
1.430000000000000000e+02 5.352911488497299813e-04 1.047674687850357549e-04
1.440000000000000000e+02 4.498167572562702943e-04 8.163756010511378320e-05
1.450000000000000000e+02 3.769364988816937927e-04 6.333594808771894462e-05
1.460000000000000000e+02 3.149882549646141868e-04 4.892164807105507380e-05
1.470000000000000000e+02 2.624988641072263174e-04 3.762148291458729049e-05
1.480000000000000000e+02 2.181622346155548376e-04 2.880368980945897901e-05
1.490000000000000000e+02 1.808234203332212322e-04 2.195488646378798817e-05
1.500000000000000000e+02 1.494671503280124594e-04 1.666014357508346255e-05
1.510000000000000000e+02 1.232078406156007430e-04 1.258590175075768691e-05
1.520000000000000000e+02 1.012786874197802800e-04 9.465450848037288770e-06
1.530000000000000000e+02 8.301910636051920028e-05 7.086677296807690032e-06
1.540000000000000000e+02 6.786132270996337245e-05 5.281792035563912178e-06
1.550000000000000000e+02 5.531756770185632832e-05 3.918774491984419544e-06
1.560000000000000000e+02 4.496903418164259930e-05 2.894295456639938478e-06
1.570000000000000000e+02 3.645694246896870349e-05 2.127905955545366072e-06
1.580000000000000000e+02 2.947533062018185818e-05 1.557299574461046642e-06
1.590000000000000000e+02 2.376486388844747350e-05 1.134475134762575407e-06
