0.000000000000000000e+00 -3.874905443915290939e-08 -3.522309967833279547e-08
1.000000000000000000e+00 4.777036246125567573e-08 1.478027396337237629e-07
2.000000000000000000e+00 6.496164969601044716e-08 1.896984381732356644e-07
3.000000000000000000e+00 9.655990397698072317e-08 2.713464214521575082e-07
4.000000000000000000e+00 1.431727204154796639e-07 3.883221959151819300e-07
5.000000000000000000e+00 2.110612606706270631e-07 5.531169105669098145e-07
6.000000000000000000e+00 3.092742679485740754e-07 7.838026490145692758e-07
7.000000000000000000e+00 4.504962459666885286e-07 1.104959456421681484e-06
8.000000000000000000e+00 6.523396868800737464e-07 1.549594652331957541e-06
9.000000000000000000e+00 9.390471774527680795e-07 2.161715494568739925e-06
1.000000000000000000e+01 1.343739042471349383e-06 2.999702773708233100e-06
1.100000000000000000e+01 1.911398155365775303e-06 4.140649949907944394e-06
1.200000000000000000e+01 2.702776385306409909e-06 5.685790274652105178e-06
1.300000000000000000e+01 3.799371601414309859e-06 7.767146118200847114e-06
1.400000000000000000e+01 5.309655191791996074e-06 1.055564754740686804e-05
1.500000000000000000e+01 7.376875426983810189e-06 1.427110977439722682e-05
1.600000000000000000e+01 1.018891595117195608e-05 1.919452004795752349e-05
1.700000000000000000e+01 1.399067435395377283e-05 2.568302578025893069e-05
1.800000000000000000e+01 1.909924567843680719e-05 3.418793015131055095e-05
1.900000000000000000e+01 2.592212267663765747e-05 4.527598011126603465e-05
2.000000000000000000e+01 3.497889079575642961e-05 5.965424103957087988e-05
2.100000000000000000e+01 4.692727152134172608e-05 7.819881666519469705e-05
2.200000000000000000e+01 6.259428153536917270e-05 1.019876792650136193e-04
2.300000000000000000e+01 8.301259658326213165e-05 1.323381215218685423e-04
2.400000000000000000e+01 1.094617138685065181e-04 1.708497002154521255e-04
2.500000000000000000e+01 1.435140557478497723e-04 2.194533227272504558e-04
2.600000000000000000e+01 1.870872343657562734e-04 2.804657737772322623e-04
2.700000000000000000e+01 2.425034708470473108e-04 3.566472787909169225e-04
2.800000000000000000e+01 3.125548495760833013e-04 4.512597497749276068e-04
2.900000000000000000e+01 4.005709178455598048e-04 5.681262580727170202e-04
3.000000000000000000e+01 5.104863445297027182e-04 7.116955318294522579e-04
3.100000000000000000e+01 6.469103136670902379e-04 8.871139336018366017e-04
3.200000000000000000e+01 8.152004203395566469e-04 1.100299755647415846e-03
3.300000000000000000e+01 1.021537888946410719e-03 1.358007001255512238e-03
3.400000000000000000e+01 1.272992793752088713e-03 1.667868131646401764e-03
3.500000000000000000e+01 1.577568463021120689e-03 2.038419386511444460e-03
3.600000000000000000e+01 1.944226154589038906e-03 2.479124899220825490e-03
3.700000000000000000e+01 2.382900949696024374e-03 3.000408978744639136e-03
3.800000000000000000e+01 2.904511218403184672e-03 3.613679206853769640e-03
3.900000000000000000e+01 3.520941280071556313e-03 4.331302116358255044e-03
4.000000000000000000e+01 4.244967364654609124e-03 5.166507298824529228e-03
4.100000000000000000e+01 5.090119767763231183e-03 6.133240635841733304e-03
4.200000000000000000e+01 6.070508910642171546e-03 7.246018067599038250e-03
4.300000000000000000e+01 7.200645447289058532e-03 8.519805146916135594e-03
4.400000000000000000e+01 8.495241583036369781e-03 9.969879077049284555e-03
4.500000000000000000e+01 9.968939458643053669e-03 1.161159105292717750e-02
4.600000000000000000e+01 1.163593208493848494e-02 1.345999463441917635e-02
4.700000000000000000e+01 1.350951522171409125e-02 1.552940771400307916e-02
4.800000000000000000e+01 1.560165269039842303e-02 1.783302478097788593e-02
4.900000000000000000e+01 1.792258983777186496e-02 2.038262361870987749e-02
5.000000000000000000e+01 2.048045602994619935e-02 2.318827709448367802e-02
5.100000000000000000e+01 2.328077384903779953e-02 2.625793215254768401e-02
5.200000000000000000e+01 2.632588638434870537e-02 2.959682873293901714e-02
5.300000000000000000e+01 2.961442628762592233e-02 3.320690262697752193e-02
5.400000000000000000e+01 3.314094232071728569e-02 3.708636317254864617e-02
5.500000000000000000e+01 3.689566559716554728e-02 4.122948956524900843e-02
5.600000000000000000e+01 4.086429172501154783e-02 4.562649087911776341e-02
5.700000000000000000e+01 4.502771187252838786e-02 5.026324211608731302e-02
5.800000000000000000e+01 4.936178950139018251e-02 5.512089436748616317e-02
5.900000000000000000e+01 5.383735569579428670e-02 6.017557370909581288e-02
6.000000000000000000e+01 5.842048328285067565e-02 6.539839393704750814e-02
6.100000000000000000e+01 6.307292118934119951e-02 7.075578795425982448e-02
6.200000000000000000e+01 6.775253317645825446e-02 7.620993809547486897e-02
6.300000000000000000e+01 7.241373195250008776e-02 8.171909549706971032e-02
6.400000000000000000e+01 7.700805392971907248e-02 8.723781248204430516e-02
6.500000000000000000e+01 8.148499558123689646e-02 9.271731849932361713e-02
6.600000000000000000e+01 8.579305519501191635e-02 9.810622849020328440e-02
6.700000000000000000e+01 8.988079689610554979e-02 1.033515289284682587e-01
6.800000000000000000e+01 9.369781493384739257e-02 1.083995985602753120e-01
6.900000000000000000e+01 9.719564202408879916e-02 1.131970756488900332e-01
7.000000000000000000e+01 1.003287205630213619e-01 1.176916056142318229e-01
7.100000000000000000e+01 1.030554623657353036e-01 1.218326504976138397e-01
7.200000000000000000e+01 1.053392785141600146e-01 1.255724714721652702e-01
7.300000000000000000e+01 1.071494281251306468e-01 1.288672013710390474e-01
7.400000000000000000e+01 1.084616372518910771e-01 1.316778141987701989e-01
7.500000000000000000e+01 1.092585539125087157e-01 1.339708689818439324e-01
7.600000000000000000e+01 1.095301148768217103e-01 1.357190589427661465e-01
7.700000000000000000e+01 1.092738151815856873e-01 1.369016722858623358e-01
7.800000000000000000e+01 1.084947988020808635e-01 1.375050149611243555e-01
7.900000000000000000e+01 1.072057044451485003e-01 1.375227452063609856e-01
8.000000000000000000e+01 1.054262789032236192e-01 1.369560336370587994e-01
8.100000000000000000e+01 1.031828302915218792e-01 1.358135092121225962e-01
8.200000000000000000e+01 1.005075866623130615e-01 1.341110144722006403e-01
8.300000000000000000e+01 9.743797497421768927e-02 1.318712141585328956e-01
8.400000000000000000e+01 9.401579889861146067e-02 1.291230848289018351e-01
8.500000000000000000e+01 9.028630504354774600e-02 1.259012986884806007e-01
8.600000000000000000e+01 8.629717061650007959e-02 1.222455177655792924e-01
8.700000000000000000e+01 8.209747882633300353e-02 1.181996165852772090e-01
8.800000000000000000e+01 7.773674231771526832e-02 1.138108401686997173e-01
8.900000000000000000e+01 7.326399804432644214e-02 1.091288970288039062e-01
9.000000000000000000e+01 6.872696475222679624e-02 1.042050057932515372e-01
9.100000000000000000e+01 6.417125488211854190e-02 9.909094786005097355e-02
9.200000000000000000e+01 5.963966031674276802e-02 9.383818817326347594e-02
9.300000000000000000e+01 5.517155299793104900e-02 8.849709213710943434e-02
9.400000000000000000e+01 5.080243142204569906e-02 8.311621809934058303e-02
9.500000000000000000e+01 4.656361056497766715e-02 7.774165164164918707e-02
9.600000000000000000e+01 4.248202790347960917e-02 7.241638443622989973e-02
9.700000000000000000e+01 3.858014279021979714e-02 6.717978675497326968e-02
9.800000000000000000e+01 3.487592910828946069e-02 6.206722696470169665e-02
9.900000000000000000e+01 3.138297314079486339e-02 5.710984595400306341e-02
1.000000000000000000e+02 2.811067617066492080e-02 5.233444393020839080e-02
1.010000000000000000e+02 2.506453864470701079e-02 4.776342971257786785e-02
1.020000000000000000e+02 2.224649342027090401e-02 4.341482042077808579e-02
1.030000000000000000e+02 1.965526648511031413e-02 3.930231896188813440e-02
1.040000000000000000e+02 1.728675993238323189e-02 3.543549707200507881e-02
1.050000000000000000e+02 1.513445653028169281e-02 3.182007536675578174e-02
1.060000000000000000e+02 1.318983641149299238e-02 2.845825759175984668e-02
1.070000000000000000e+02 1.144278706886217405e-02 2.534907626887926077e-02
1.080000000000000000e+02 9.881989004369297336e-03 2.248873617191086624e-02
1.090000000000000000e+02 8.495269185804310910e-03 1.987096849059724266e-02
1.100000000000000000e+02 7.269922811804122899e-03 1.748740826559354311e-02
1.110000000000000000e+02 6.193004511924789235e-03 1.532798652378365191e-02
1.120000000000000000e+02 5.251585957747558799e-03 1.338131117971258326e-02
1.130000000000000000e+02 4.432974772487160292e-03 1.163501370580987890e-02
1.140000000000000000e+02 3.724892435578601012e-03 1.007605612903140699e-02
1.150000000000000000e+02 3.115613637139991090e-03 8.691007060779744678e-03
1.160000000000000000e+02 2.594072022162614410e-03 7.466295271543137331e-03
1.170000000000000000e+02 2.149936498704155090e-03 6.388439445288414745e-03
1.180000000000000000e+02 1.773660539556414124e-03 5.444245481834821508e-03
1.190000000000000000e+02 1.456506513841371569e-03 4.620964831423623499e-03
1.200000000000000000e+02 1.190548176279359422e-03 3.906415292896691163e-03
1.210000000000000000e+02 9.686555520781726892e-04 3.289071504545200073e-03
1.220000000000000000e+02 7.844664736381921910e-04 2.758131981533033707e-03
1.230000000000000000e+02 6.323481550748294129e-04 2.303565460277873581e-03
1.240000000000000000e+02 5.073513246079497472e-04 1.916136404486754562e-03
1.250000000000000000e+02 4.051590932892292483e-04 1.587410107105447377e-03
1.260000000000000000e+02 3.220327376656190004e-04 1.309740346509719565e-03
1.270000000000000000e+02 2.547564740001478055e-04 1.076244197010180594e-03
1.280000000000000000e+02 2.005829224284609103e-04 8.807681298855235411e-04
1.290000000000000000e+02 1.571804558897099983e-04 7.178479084346745713e-04
1.300000000000000000e+02 1.225832262828300677e-04 5.826635639831008635e-04
1.310000000000000000e+02 9.514442881612176725e-05 4.709906049790868617e-04
1.320000000000000000e+02 7.349322337565607557e-05 3.791490666223001362e-04
1.330000000000000000e+02 5.649558291447190030e-05 3.039522413329034424e-04
1.340000000000000000e+02 4.321916373331483025e-05 2.426566158648954877e-04
1.350000000000000000e+02 3.290213114001875027e-05 1.929139397572556165e-04
1.360000000000000000e+02 2.492576334329423720e-05 1.527258754171344928e-04
1.370000000000000000e+02 1.879059747181109838e-05 1.204015008977203432e-04
1.380000000000000000e+02 1.409585164298998048e-05 9.451793479036672580e-05
1.390000000000000000e+02 1.052183663817120391e-05 7.388433506307052296e-05
1.400000000000000000e+02 7.815055637167176190e-06 5.750940777714558808e-05
1.410000000000000000e+02 5.775685226015675203e-06 4.457239583968257153e-05
1.420000000000000000e+02 4.247138637857399610e-06 3.439738703525509162e-05
1.430000000000000000e+02 3.107430546114507997e-06 2.643072159756019746e-05
1.440000000000000000e+02 2.262086443022160039e-06 2.022127158690903396e-05
1.450000000000000000e+02 1.638364498737202234e-06 1.540336801661762911e-05
1.460000000000000000e+02 1.180582160629279042e-06 1.168214577885015698e-05
1.470000000000000000e+02 8.463636064418117180e-07 8.821064123406002907e-06
1.480000000000000000e+02 6.036476340679946458e-07 6.631354359976096921e-06
1.490000000000000000e+02 4.283182206559944747e-07 4.963153602204149565e-06
1.500000000000000000e+02 3.023410300943105775e-07 3.698101363974628060e-06
1.510000000000000000e+02 2.123079674266447354e-07 2.743197852895190678e-06
1.520000000000000000e+02 1.483082877956725378e-07 2.025743669068924607e-06
1.530000000000000000e+02 1.030589417479122726e-07 1.489198929819125224e-06
1.540000000000000000e+02 7.123906348019479366e-08 1.089816740208004485e-06
1.550000000000000000e+02 4.898399626492907155e-08 7.939227516574599639e-07
1.560000000000000000e+02 3.350311822487944903e-08 5.757295314610777530e-07
1.570000000000000000e+02 2.279308530358590082e-08 4.155908430793045368e-07
1.580000000000000000e+02 1.542410262349571056e-08 2.986157612699833728e-07
1.590000000000000000e+02 1.038167743679577263e-08 2.135753407238474312e-07
