0.000000000000000000e+00 8.661270354448763318e-11 -1.389248810629772520e-09
1.000000000000000000e+00 2.163751293466452927e-10 2.420719833751222056e-09
2.000000000000000000e+00 3.737622241329027486e-10 3.745978148627152897e-09
3.000000000000000000e+00 6.464486070991913162e-10 6.015420892157023922e-09
4.000000000000000000e+00 1.107390675773186653e-09 9.592628616329980616e-09
5.000000000000000000e+00 1.878787740706931863e-09 1.518060065002358921e-08
6.000000000000000000e+00 3.157090284690108603e-09 2.384059185273792610e-08
7.000000000000000000e+00 5.254670660791039081e-09 3.715646257862070036e-08
8.000000000000000000e+00 8.663249416292775993e-09 5.747180080008382591e-08
9.000000000000000000e+00 1.414870303080073628e-08 8.822534665320553303e-08
1.000000000000000000e+01 2.289172916588517942e-08 1.344204934645315529e-07
1.100000000000000000e+01 3.669371036797308659e-08 2.032762354294053167e-07
1.200000000000000000e+01 5.827510357701647299e-08 3.051213951996199369e-07
1.300000000000000000e+01 9.170217340046671039e-08 4.546110819403506957e-07
1.400000000000000000e+01 1.429912755583542238e-07 6.723658891313654345e-07
1.500000000000000000e+01 2.209537666371622499e-07 9.871589670773374613e-07
1.600000000000000000e+01 3.383645508059439166e-07 1.438805696644272750e-06
1.700000000000000000e+01 5.135587986994992713e-07 2.081944334520802461e-06
1.800000000000000000e+01 7.725890951554427857e-07 2.990933968815478432e-06
1.900000000000000000e+01 1.152105238226174415e-06 4.266136021168207849e-06
2.000000000000000000e+01 1.703154000775044522e-06 6.041888230914421609e-06
2.100000000000000000e+01 2.496133686053999755e-06 8.496523465165270296e-06
2.200000000000000000e+01 3.627177983549772711e-06 1.186482719911892044e-05
2.300000000000000000e+01 5.226283559367250209e-06 1.645336459952202800e-05
2.400000000000000000e+01 7.467533432643890109e-06 2.265913505611780675e-05
2.500000000000000000e+01 1.058180115931009085e-05 3.099202601554830808e-05
2.600000000000000000e+01 1.487234516002514695e-05 4.210153620191922592e-05
2.700000000000000000e+01 2.073371458513809779e-05 5.680821177167746689e-05
2.800000000000000000e+01 2.867438412813578052e-05 7.614018473247425797e-05
2.900000000000000000e+01 3.934351009674109760e-05 1.013751142650040046e-04
3.000000000000000000e+01 5.356215183065283391e-05 1.340877034479932340e-04
3.100000000000000000e+01 7.235922622547111185e-05 1.762027930827124358e-04
3.200000000000000000e+01 9.701235774478393636e-05 2.300538170260665676e-04
3.300000000000000000e+01 1.290936515276183336e-04 2.984461414723748392e-04
3.400000000000000000e+01 1.705202524058316554e-04 3.847245071395037565e-04
3.500000000000000000e+01 2.236093617983944595e-04 4.928434462041799118e-04
3.600000000000000000e+01 2.911371699577645108e-04 6.274391565783697710e-04
3.700000000000000000e+01 3.764009300418240866e-04 7.939008985757935784e-04
3.800000000000000000e+01 4.832831566596365851e-04 9.984395609107790323e-04
3.900000000000000000e+01 6.163166831824333676e-04 1.248150634971493741e-03
4.000000000000000000e+01 7.807490628399491343e-04 1.551068432575058520e-03
4.100000000000000000e+01 9.826045541088564410e-04 1.916207990228842133e-03
4.200000000000000000e+01 1.228741692402672081e-03 2.353590768086955606e-03
4.300000000000000000e+01 1.526904217845081319e-03 2.874250028551677584e-03
4.400000000000000000e+01 1.885762899020411746e-03 3.490211666099356669e-03
4.500000000000000000e+01 2.314945560392810391e-03 4.214446221450614954e-03
4.600000000000000000e+01 2.825052381578067092e-03 5.060787864395580038e-03
4.700000000000000000e+01 3.427653281382801731e-03 6.043816357847197653e-03
4.800000000000000000e+01 4.135263927035667982e-03 7.178698481556780413e-03
4.900000000000000000e+01 4.961296619484907404e-03 8.480986053138498196e-03
5.000000000000000000e+01 5.919982010560555750e-03 9.966368465150171607e-03
5.100000000000000000e+01 7.026257327711305303e-03 1.165037860081915601e-02
5.200000000000000000e+01 8.295616550779953344e-03 1.354805221000488294e-02
5.300000000000000000e+01 9.743917854281268498e-03 1.567354234683969796e-02
5.400000000000000000e+01 1.138714366448410897e-02 1.803969218868498037e-02
5.500000000000000000e+01 1.324110896466695539e-02 2.065757140035072784e-02
5.600000000000000000e+01 1.532111410619325410e-02 2.353598321635674839e-02
5.700000000000000000e+01 1.764153944892292089e-02 2.668095160201227473e-02
5.800000000000000000e+01 2.021538075857333069e-02 3.009520011011864588e-02
5.900000000000000000e+01 2.305372650939184823e-02 3.377763628062339235e-02
6.000000000000000000e+01 2.616518112686128106e-02 3.772285764993446588e-02
6.100000000000000000e+01 2.955524177995246665e-02 4.192069751010183559e-02
6.200000000000000000e+01 3.322564056178134440e-02 4.635583003147970144e-02
6.300000000000000000e+01 3.717366864491999934e-02 5.100745494921626877e-02
6.400000000000000000e+01 4.139150402827075637e-02 5.584908214425019640e-02
6.500000000000000000e+01 4.586556955297211441e-02 6.084843660234846852e-02
6.600000000000000000e+01 5.057595267267180755e-02 6.596750357331417070e-02
6.700000000000000000e+01 5.549592253145067822e-02 7.116273057165779792e-02
6.800000000000000000e+01 6.059158254422909035e-02 7.638539730097769487e-02
6.900000000000000000e+01 6.582169743141356999e-02 8.158215951724179238e-02
7.000000000000000000e+01 7.113773246677337903e-02 8.669576986027983934e-02
7.100000000000000000e+01 7.648413917810839568e-02 9.166597423281655499e-02
7.200000000000000000e+01 8.179891486707815962e-02 9.643057192021688151e-02
7.300000000000000000e+01 8.701445284739720010e-02 1.009266145301647433e-01
7.400000000000000000e+01 9.205868781821852087e-02 1.050917123570177525e-01
7.500000000000000000e+01 9.685652733327958230e-02 1.088654183949794851e-01
7.600000000000000000e+01 1.013315442613199335e-01 1.121906577153437001e-01
7.700000000000000000e+01 1.054078859890731912e-01 1.150151548738071738e-01
7.800000000000000000e+01 1.090123387610472117e-01 1.172927978231258911e-01
7.900000000000000000e+01 1.120764741612082088e-01 1.189848835256550885e-01
8.000000000000000000e+01 1.145387950567564039e-01 1.200612113644301815e-01
8.100000000000000000e+01 1.163467861786643964e-01 1.205009951272713598e-01
8.200000000000000000e+01 1.174587686505845496e-01 1.202935454793951364e-01
8.300000000000000000e+01 1.178454677353334423e-01 1.194386682085740725e-01
8.400000000000000000e+01 1.174912186147026860e-01 1.179467569368457674e-01
8.500000000000000000e+01 1.163947419186452392e-01 1.158386011561603202e-01
8.600000000000000000e+01 1.145694313133213682e-01 1.131449301294417398e-01
8.700000000000000000e+01 1.120431288491939570e-01 1.099056817658960183e-01
8.800000000000000000e+01 1.088574027492233698e-01 1.061689889695978661e-01
8.900000000000000000e+01 1.050663572498872489e-01 1.019899321238671719e-01
9.000000000000000000e+01 1.007350108582882875e-01 9.742914679964789770e-02
9.100000000000000000e+01 9.593731234639013561e-02 9.255134639563949994e-02
9.200000000000000000e+01 9.075390266901467440e-02 8.742377040934179444e-02
9.300000000000000000e+01 8.526973048205402361e-02 8.211458268140642280e-02
9.400000000000000000e+01 7.957160742430270661e-02 7.669130400321659546e-02
9.500000000000000000e+01 7.374579809839423850e-02 7.121937542607689742e-02
9.600000000000000000e+01 6.787576126576136404e-02 6.576088688868099441e-02
9.700000000000000000e+01 6.204013740468736215e-02 6.037345601524810729e-02
9.800000000000000000e+01 5.631103040005874805e-02 5.510926840441647545e-02
9.900000000000000000e+01 5.075261832437063386e-02 5.001433789978936700e-02
1.000000000000000000e+02 4.542013867156108331e-02 4.512802753967220387e-02
1.010000000000000000e+02 4.035926957966197437e-02 4.048280587980079143e-02
1.020000000000000000e+02 3.560588115077430865e-02 3.610418723646502404e-02
1.030000000000000000e+02 3.118611641658381242e-02 3.201084067547405043e-02
1.040000000000000000e+02 2.711677452307980837e-02 2.821488169336710053e-02
1.050000000000000000e+02 2.340596002996747985e-02 2.472233371723963138e-02
1.060000000000000000e+02 2.005393479986506550e-02 2.153370440180044088e-02
1.070000000000000000e+02 1.705410476009965731e-02 1.864462285294517588e-02
1.080000000000000000e+02 1.439409210365299140e-02 1.604651815804684564e-02
1.090000000000000000e+02 1.205684995486276147e-02 1.372733407438783693e-02
1.100000000000000000e+02 1.002176924247419332e-02 1.167225588257529353e-02
1.110000000000000000e+02 8.265731447172767685e-03 9.864409685521364698e-03
1.120000000000000000e+02 6.764077737101562363e-03 8.285506894896502161e-03
1.130000000000000000e+02 5.491476112620154865e-03 6.916428986303789148e-03
1.140000000000000000e+02 4.422670459124936927e-03 5.737753051665489545e-03
1.150000000000000000e+02 3.533100415694670916e-03 4.730209749023223630e-03
1.160000000000000000e+02 2.799390893087700272e-03 3.875062386593317552e-03
1.170000000000000000e+02 2.199717525895298134e-03 3.154405428631486957e-03
1.180000000000000000e+02 1.714057176740480274e-03 2.551390619123248063e-03
1.190000000000000000e+02 1.324334633904232202e-03 2.050389673592656163e-03
1.200000000000000000e+02 1.014479376590920546e-03 1.637098411364728764e-03
1.210000000000000000e+02 7.704081380999476970e-04 1.298586595953201946e-03
1.220000000000000000e+02 5.799491508756001671e-04 1.023301290522919205e-03
1.230000000000000000e+02 4.327229829941848247e-04 8.010340413756722585e-04
1.240000000000000000e+02 3.199934589622467586e-04 6.228610382128873342e-04
1.250000000000000000e+02 2.345006760122471921e-04 4.810628634500050543e-04
1.260000000000000000e+02 1.702865489656083930e-04 3.690293764638871298e-04
1.270000000000000000e+02 1.225213629339590377e-04 2.811555804085358497e-04
1.280000000000000000e+02 8.733761213533396573e-05 2.127341764308653192e-04
1.290000000000000000e+02 6.167549911196027954e-05 1.598492032283791331e-04
1.300000000000000000e+02 4.314303553526840945e-05 1.192735839250087907e-04
1.310000000000000000e+02 2.989240586720073970e-05 8.837250095099376777e-05
1.320000000000000000e+02 2.051301303664694196e-05 6.501419380911312455e-05
1.330000000000000000e+02 1.394068053681831505e-05 4.748938247288993989e-05
1.340000000000000000e+02 9.381951942782522570e-06 3.443983710374318901e-05
1.350000000000000000e+02 6.252109553991101458e-06 2.479596526111983943e-05
1.360000000000000000e+02 4.125285619034302028e-06 1.772296385217479809e-05
1.370000000000000000e+02 2.694924915837377283e-06 1.257499969217174782e-05
1.380000000000000000e+02 1.742919289023391299e-06 8.856800584401509769e-06
1.390000000000000000e+02 1.115884740488089500e-06 6.191894670607304305e-06
1.400000000000000000e+02 7.072065534149211348e-07 4.296639527713963645e-06
1.410000000000000000e+02 4.436416615552855884e-07 2.959205353652170706e-06
1.420000000000000000e+02 2.754569913359234168e-07 2.022764873834780494e-06
1.430000000000000000e+02 1.692732151087776607e-07 1.372217377668515886e-06
1.440000000000000000e+02 1.029466995071016273e-07 9.238254139651069229e-07
1.450000000000000000e+02 6.195878484148705505e-08 6.172043989781916186e-07
1.460000000000000000e+02 3.690104374415887460e-08 4.091898047828066777e-07
1.470000000000000000e+02 2.174709413559213386e-08 2.691927164363803060e-07
1.480000000000000000e+02 1.268151242474486392e-08 1.757234677172577502e-07
1.490000000000000000e+02 7.316884151370571012e-09 1.138171691845739025e-07
1.500000000000000000e+02 4.176829677664505751e-09 7.314446444318999046e-08
1.510000000000000000e+02 2.358945807413337315e-09 4.663779086979680189e-08
1.520000000000000000e+02 1.318028956033019178e-09 2.950301724008867484e-08
1.530000000000000000e+02 7.285298836020988554e-10 1.851629568978354698e-08
1.540000000000000000e+02 3.983492946492287231e-10 1.152882591813819574e-08
1.550000000000000000e+02 2.154576815723884310e-10 7.121053210371561220e-09
1.560000000000000000e+02 1.152744516830556195e-10 4.363364833514541452e-09
1.570000000000000000e+02 6.100437618265966624e-11 2.652222780622502778e-09
1.580000000000000000e+02 3.193160527551723667e-11 1.599185619606835953e-09
1.590000000000000000e+02 1.653087823465498027e-11 9.564699107612554746e-10
