0.000000000000000000e+00 -5.237542700646026663e-07 -1.002544531886204410e-06
1.000000000000000000e+00 5.884756816074019687e-07 1.148319328527049204e-06
2.000000000000000000e+00 7.170864622472405542e-07 1.333674056392022888e-06
3.000000000000000000e+00 9.826395975138869320e-07 1.771096577117806237e-06
4.000000000000000000e+00 1.349124837517132801e-06 2.364164457267107906e-06
5.000000000000000000e+00 1.845121523564185948e-06 3.146626888072734501e-06
6.000000000000000000e+00 2.512214926123961574e-06 4.171805032775582393e-06
7.000000000000000000e+00 3.404985043913188408e-06 5.508685600604923558e-06
8.000000000000000000e+00 4.594102429223956365e-06 7.244493360644749092e-06
9.000000000000000000e+00 6.170490012695806461e-06 9.488686148976616742e-06
1.000000000000000000e+01 8.250475004035932403e-06 1.237790728744441147e-05
1.100000000000000000e+01 1.098207295849903180e-05 1.608191717480623388e-05
1.200000000000000000e+01 1.455260967616030285e-05 2.081060368934901103e-05
1.300000000000000000e+01 1.919791920617678428e-05 2.682219585187156378e-05
1.400000000000000000e+01 2.521336163122499325e-05 3.443283007452577590e-05
1.500000000000000000e+01 3.296689183456087479e-05 4.402764212709245545e-05
1.600000000000000000e+01 4.291440954064032194e-05 5.607356284126001182e-05
1.700000000000000000e+01 5.561765359655059269e-05 7.113396764295168515e-05
1.800000000000000000e+01 7.176495666457835174e-05 8.988528255109581270e-05
1.900000000000000000e+01 9.219519581874706209e-05 1.131356112563453785e-04
2.000000000000000000e+01 1.179252116722904743e-04 1.418454472408389624e-04
2.100000000000000000e+01 1.501808363590260910e-04 1.771505592774687884e-04
2.200000000000000000e+01 1.904315540621339482e-04 2.203871336390351163e-04
2.300000000000000000e+01 2.404287994964950180e-04 2.731191678187053283e-04
2.400000000000000000e+01 3.022479575175664917e-04 3.371679340223168253e-04
2.500000000000000000e+01 3.783341131454898577e-04 4.146431472510278527e-04
2.600000000000000000e+01 4.715513662244873259e-04 5.079753816900441825e-04
2.700000000000000000e+01 5.852350911113202332e-04 6.199493147863885346e-04
2.800000000000000000e+01 7.232461230539309572e-04 7.537374384810424741e-04
2.900000000000000000e+01 8.900257388943344072e-04 9.129337807061707133e-04
3.000000000000000000e+01 1.090650452974495019e-03 1.101586826370471719e-03
3.100000000000000000e+01 1.330885700662769525e-03 1.324230329826456103e-03
3.200000000000000000e+01 1.617237034904816986e-03 1.585910376805843959e-03
3.300000000000000000e+01 1.956996539179075862e-03 1.892207147926074084e-03
3.400000000000000000e+01 2.358281359009779202e-03 2.249250294991240150e-03
3.500000000000000000e+01 2.830061237999252285e-03 2.663727202378901680e-03
3.600000000000000000e+01 3.382172711281249741e-03 3.142883112246692371e-03
3.700000000000000000e+01 4.025318258382586112e-03 3.694511039031239327e-03
3.800000000000000000e+01 4.771048209194078682e-03 4.326928263577969197e-03
3.900000000000000000e+01 5.631721568930714295e-03 5.048936120837111546e-03
4.000000000000000000e+01 6.620440667626502698e-03 5.869761392320965027e-03
4.100000000000000000e+01 7.750955377395166677e-03 6.798980059896916027e-03
4.200000000000000000e+01 9.037535566832592335e-03 7.846425363924833599e-03
4.300000000000000000e+01 1.049481306875989228e-02 9.022080301420813686e-03
4.400000000000000000e+01 1.213759388512709869e-02 1.033595065669469515e-02
4.500000000000000000e+01 1.398063766851725433e-02 1.179791209325387058e-02
4.600000000000000000e+01 1.603839876535037567e-02 1.341752781368221042e-02
4.700000000000000000e+01 1.832472612101331000e-02 1.520384182638197593e-02
4.800000000000000000e+01 2.085252814190996160e-02 1.716516081488010312e-02
4.900000000000000000e+01 2.363341624707099298e-02 1.930883653845405848e-02
5.000000000000000000e+01 2.667733890900072374e-02 2.164104822809117395e-02
5.100000000000000000e+01 2.999220621477177023e-02 2.416656991775062435e-02
5.200000000000000000e+01 3.358349508228488517e-02 2.688850712217144556e-02
5.300000000000000000e+01 3.745383171511472431e-02 2.980800845668501314e-02
5.400000000000000000e+01 4.160257137598855071e-02 3.292398750951927577e-02
5.500000000000000000e+01 4.602541628346346753e-02 3.623290000146042744e-02
5.600000000000000000e+01 5.071410549960599784e-02 3.972859254518673611e-02
5.700000000000000000e+01 5.565617409839523910e-02 4.340218863298273000e-02
5.800000000000000000e+01 6.083474514549150336e-02 4.724195207735577828e-02
5.900000000000000000e+01 6.622832841445140672e-02 5.123310550871525149e-02
6.000000000000000000e+01 7.181065834411465287e-02 5.535766402086463034e-02
6.100000000000000000e+01 7.755065845045991391e-02 5.959439790154547056e-02
6.200000000000000000e+01 8.341260362862086553e-02 6.391899497011487019e-02
6.300000000000000000e+01 8.935645803273727095e-02 6.830436587158020267e-02
6.400000000000000000e+01 9.533827508003608897e-02 7.272093299934699606e-02
6.500000000000000000e+01 1.013105606906360007e-01 7.713678120903774693e-02
6.600000000000000000e+01 1.072226335953355147e-01 8.151772611848365213e-02
6.700000000000000000e+01 1.130211472461888494e-01 8.582752365899182223e-02
6.800000000000000000e+01 1.186509141207850171e-01 9.002842150145655420e-02
6.900000000000000000e+01 1.240559767830729659e-01 9.408201176894297191e-02
7.000000000000000000e+01 1.291806737445049258e-01 9.795008067317034772e-02
7.100000000000000000e+01 1.339704678277263139e-01 1.015951310762354121e-01
7.200000000000000000e+01 1.383725652103260095e-01 1.049805516970867963e-01
7.300000000000000000e+01 1.423366165663165761e-01 1.080707811609885188e-01
7.400000000000000000e+01 1.458157668186964295e-01 1.108318970096187489e-01
7.500000000000000000e+01 1.487679771183032240e-01 1.132327094051891608e-01
7.600000000000000000e+01 1.511571966298194403e-01 1.152459344651882989e-01
7.700000000000000000e+01 1.529539868902211053e-01 1.168488469648187034e-01
7.800000000000000000e+01 1.541356303559270335e-01 1.180231945433748986e-01
7.900000000000000000e+01 1.546861884675884702e-01 1.187547942419532598e-01
8.000000000000000000e+01 1.545969542311189104e-01 1.190335263115260278e-01
8.100000000000000000e+01 1.538672393534940008e-01 1.188540571891162773e-01
8.200000000000000000e+01 1.525049291918831040e-01 1.182168667679748125e-01
8.300000000000000000e+01 1.505262662116478578e-01 1.171287322012959514e-01
8.400000000000000000e+01 1.479549075097607858e-01 1.156021787628037784e-01
8.500000000000000000e+01 1.448208845103670928e-01 1.136542653077765863e-01
8.600000000000000000e+01 1.411600757673209527e-01 1.113056348568561976e-01
8.700000000000000000e+01 1.370141757213396427e-01 1.085804707172651068e-01
8.800000000000000000e+01 1.324305221126625132e-01 1.055070918371097954e-01
8.900000000000000000e+01 1.274611672022621101e-01 1.021182410445602429e-01
9.000000000000000000e+01 1.221612383255997608e-01 9.845032401938956512e-02
9.100000000000000000e+01 1.165872770571792644e-01 9.454177405905342391e-02
9.200000000000000000e+01 1.107962295380392759e-01 9.043149278974239869e-02
9.300000000000000000e+01 1.048451046895811922e-01 8.615822130589771699e-02
9.400000000000000000e+01 9.879068241815482099e-02 8.176082300421343152e-02
9.500000000000000000e+01 9.268866485534997535e-02 7.727863201217699540e-02
9.600000000000000000e+01 8.659228439059551974e-02 7.275100615691780515e-02
9.700000000000000000e+01 8.055097627516265291e-02 6.821600927647650248e-02
9.800000000000000000e+01 7.460971218291988227e-02 6.370897841808885464e-02
9.900000000000000000e+01 6.880902062490937277e-02 5.926184227986543152e-02
1.000000000000000000e+02 6.318517642646716281e-02 5.490338542922476583e-02
1.010000000000000000e+02 5.777003930441007573e-02 5.065985649714819378e-02
1.020000000000000000e+02 5.259051067484157849e-02 4.655512532616003923e-02
1.030000000000000000e+02 4.766804284808495024e-02 4.261012827208891102e-02
1.040000000000000000e+02 4.301863705140085425e-02 3.884205739170629168e-02
1.050000000000000000e+02 3.865335527397550930e-02 3.526398877863631126e-02
1.060000000000000000e+02 3.457897907552658079e-02 3.188524248699182995e-02
1.070000000000000000e+02 3.079843617165752001e-02 2.871214766754581066e-02
1.080000000000000000e+02 2.731094009711824630e-02 2.574862220959523232e-02
1.090000000000000000e+02 2.411210075521688645e-02 2.299625386476243302e-02
1.100000000000000000e+02 2.119427999416727618e-02 2.045407432424392949e-02
1.110000000000000000e+02 1.854722030256019533e-02 1.811847745357146253e-02
1.120000000000000000e+02 1.615873472752781329e-02 1.598355833938575402e-02
1.130000000000000000e+02 1.401522864324015148e-02 1.404175839014744354e-02
1.140000000000000000e+02 1.210200481166394046e-02 1.228446536187111082e-02
1.150000000000000000e+02 1.040348398702345932e-02 1.070231349026646087e-02
1.160000000000000000e+02 8.903494811051043678e-03 9.285218915368981599e-03
1.170000000000000000e+02 7.585664207310296309e-03 8.022388698806682747e-03
1.180000000000000000e+02 6.433812915264582565e-03 6.902503004062533233e-03
1.190000000000000000e+02 5.432243413418302858e-03 5.914069276857542197e-03
1.200000000000000000e+02 4.565890966536444162e-03 5.045785840026781321e-03
1.210000000000000000e+02 3.820397943913634436e-03 4.286757961543140663e-03
1.220000000000000000e+02 3.182189086236288707e-03 3.626543086435965457e-03
1.230000000000000000e+02 2.638574370446101613e-03 3.055125670999531227e-03
1.240000000000000000e+02 2.177848074052828129e-03 2.562936530843293401e-03
1.250000000000000000e+02 1.789339247545504528e-03 2.140950255952429361e-03
1.260000000000000000e+02 1.463399810850750252e-03 1.780806278080694117e-03
1.270000000000000000e+02 1.191353741125292460e-03 1.474878071079516184e-03
1.280000000000000000e+02 9.654412561119436525e-04 1.216261626519108893e-03
1.290000000000000000e+02 7.787742976584262084e-04 9.987141737492672994e-04
1.300000000000000000e+02 6.252965709487919455e-04 8.165956702317607539e-04
1.310000000000000000e+02 4.997333391842498406e-04 6.648416173397044210e-04
1.320000000000000000e+02 3.975249091244351411e-04 5.389573919199938104e-04
1.330000000000000000e+02 3.147506074080277179e-04 4.350057082709125411e-04
1.340000000000000000e+02 2.480549504028500005e-04 3.495690421871542556e-04
1.350000000000000000e+02 1.945829510705901770e-04 2.796915087550009530e-04
1.360000000000000000e+02 1.519238135804434550e-04 2.228183245619898669e-04
1.370000000000000000e+02 1.180585263359739100e-04 1.767474919006535854e-04
1.380000000000000000e+02 9.130847684822170312e-05 1.395953755920903417e-04
1.390000000000000000e+02 7.028584477955647058e-05 1.097681041925631840e-04
1.400000000000000000e+02 5.384845025934198069e-05 8.593053991719275405e-05
1.410000000000000000e+02 4.106092884807479280e-05 6.697094442198826337e-05
1.420000000000000000e+02 3.116208965827791039e-05 5.196537720627335217e-05
1.430000000000000000e+02 2.353700893884214064e-05 4.014690956257610001e-05
1.440000000000000000e+02 1.769248839679770456e-05 3.088166268694450171e-05
1.450000000000000000e+02 1.323534122888193175e-05 2.365009555358007888e-05
1.460000000000000000e+02 9.853619161912284481e-06 1.803066835371369036e-05
1.470000000000000000e+02 7.300941973996198366e-06 1.368413889273679757e-05
1.480000000000000000e+02 5.383743884088380437e-06 1.033861437535147606e-05
1.490000000000000000e+02 3.950931415323821410e-06 7.776444776823022525e-06
1.500000000000000000e+02 2.885390341230345049e-06 5.823721442165996748e-06
1.510000000000000000e+02 2.096936611396233248e-06 4.342234254873845423e-06
1.520000000000000000e+02 1.516497478543903113e-06 3.223119629578039479e-06
1.530000000000000000e+02 1.091405849792767127e-06 2.381448163093919529e-06
1.540000000000000000e+02 7.816846602910621320e-07 1.751415742345995179e-06
1.550000000000000000e+02 5.571549455030201251e-07 1.282180956277452773e-06
1.560000000000000000e+02 3.951840727144284802e-07 9.344916923095471802e-07
1.570000000000000000e+02 2.789164916160258754e-07 6.781134902652292391e-07
1.580000000000000000e+02 1.958771905400307809e-07 4.899043719657899706e-07
1.590000000000000000e+02 1.368787134723772603e-07 3.523188019203094624e-07
