0.000000000000000000e+00 -7.914856804526125523e-05 -7.119484160637537973e-05
1.000000000000000000e+00 -2.880878739344365182e-05 -1.617495863989078106e-05
2.000000000000000000e+00 -2.865413041620197757e-05 -1.694282029722982889e-05
3.000000000000000000e+00 -3.303869402641178450e-05 -1.989669928575494974e-05
4.000000000000000000e+00 -3.928922243553209341e-05 -2.393680652071594108e-05
5.000000000000000000e+00 -4.704259060120444507e-05 -2.893783319254685830e-05
6.000000000000000000e+00 -5.636430960212043448e-05 -3.498508941898205698e-05
7.000000000000000000e+00 -6.745149334615097492e-05 -4.223464353267552868e-05
8.000000000000000000e+00 -8.056975203224419734e-05 -5.088560425905904730e-05
9.000000000000000000e+00 -9.603810047795273116e-05 -6.117500395459877030e-05
1.000000000000000000e+01 -1.142270918718969470e-04 -7.337889692179546211e-05
1.100000000000000000e+01 -1.355616225975085133e-04 -8.781575539218380735e-05
1.200000000000000000e+01 -1.605257335255921673e-04 -1.048510137927811020e-04
1.300000000000000000e+01 -1.896682808868575159e-04 -1.249023704775262386e-04
1.400000000000000000e+01 -2.236089025215657873e-04 -1.484457038010524640e-04
1.500000000000000000e+01 -2.630440863836679979e-04 -1.760215362145386465e-04
1.600000000000000000e+01 -3.087535171287526239e-04 -2.082419753090422284e-04
1.700000000000000000e+01 -3.616071447113347755e-04 -2.457980197203691979e-04
1.800000000000000000e+01 -4.225734108165399468e-04 -2.894670907032421839e-04
1.900000000000000000e+01 -4.927286725660371541e-04 -3.401206873735969686e-04
2.000000000000000000e+01 -5.732671717661522170e-04 -3.987321851657348536e-04
2.100000000000000000e+01 -6.655102560203661650e-04 -4.663849589442539993e-04
2.200000000000000000e+01 -7.709134337283250890e-04 -5.442810985546138805e-04
2.300000000000000000e+01 -8.910705657085925919e-04 -6.337508541830145581e-04
2.400000000000000000e+01 -1.027715969301455515e-03 -7.362625412638463575e-04
2.500000000000000000e+01 -1.182726784304740774e-03 -8.534320835478263149e-04
2.600000000000000000e+01 -1.358128564366920714e-03 -9.870310211644831196e-04
2.700000000000000000e+01 -1.556105782142363581e-03 -1.138992048504445381e-03
2.800000000000000000e+01 -1.779015736759041689e-03 -1.311412121656732079e-03
2.900000000000000000e+01 -2.029400568140539169e-03 -1.506554541520076836e-03
3.000000000000000000e+01 -2.309990065457013554e-03 -1.726852329607520605e-03
3.100000000000000000e+01 -2.623689828301431146e-03 -1.974914684696990434e-03
3.200000000000000000e+01 -2.973555498750587826e-03 -2.253535919257782828e-03
3.300000000000000000e+01 -3.362761981108664498e-03 -2.565702850749500795e-03
3.400000000000000000e+01 -3.794582201503260161e-03 -2.914594267251022480e-03
3.500000000000000000e+01 -4.272388043388262828e-03 -3.303567142344236533e-03
3.600000000000000000e+01 -4.799674623600205629e-03 -3.736129600930775986e-03
3.700000000000000000e+01 -5.380091945112052028e-03 -4.215908297435333289e-03
3.800000000000000000e+01 -6.017454643294530697e-03 -4.746623290047147919e-03
3.900000000000000000e+01 -6.715701403952139235e-03 -5.332081585985077102e-03
4.000000000000000000e+01 -7.478795284056819620e-03 -5.976189250312121531e-03
4.100000000000000000e+01 -8.310588740806800281e-03 -6.682965472372856888e-03
4.200000000000000000e+01 -9.214706391481647038e-03 -7.456530381788896780e-03
4.300000000000000000e+01 -1.019450391103520273e-02 -8.301042476010907570e-03
4.400000000000000000e+01 -1.125313031820305426e-02 -9.220584704570334786e-03
4.500000000000000000e+01 -1.239366073510080046e-02 -1.021903138358284599e-02
4.600000000000000000e+01 -1.361920794942167792e-02 -1.129995133439391612e-02
4.700000000000000000e+01 -1.493290314229027069e-02 -1.246659532321199755e-02
4.800000000000000000e+01 -1.633768305333415868e-02 -1.372197120654881572e-02
4.900000000000000000e+01 -1.783592227115948087e-02 -1.506894628843340883e-02
5.000000000000000000e+01 -1.942905799404355885e-02 -1.651027296190066967e-02
5.100000000000000000e+01 -2.111740373968352263e-02 -1.804844971792519959e-02
5.200000000000000000e+01 -2.290028709544861610e-02 -1.968541372217894048e-02
5.300000000000000000e+01 -2.477648010547899710e-02 -2.142217623023931136e-02
5.400000000000000000e+01 -2.674469792988300523e-02 -2.325858762750493414e-02
5.500000000000000000e+01 -2.880384073797122302e-02 -2.519338897205575592e-02
5.600000000000000000e+01 -3.095273267880661178e-02 -2.722455794545830532e-02
5.700000000000000000e+01 -3.318936352035189996e-02 -2.934975673591285611e-02
5.800000000000000000e+01 -3.550994962095119223e-02 -3.156656510093208690e-02
5.900000000000000000e+01 -3.790832445949882806e-02 -3.387224421100146904e-02
6.000000000000000000e+01 -4.037609303376536729e-02 -3.626303291213182900e-02
6.100000000000000000e+01 -4.290361707299514271e-02 -3.873330151304602009e-02
6.200000000000000000e+01 -4.548140431296952835e-02 -4.127507553644477883e-02
6.300000000000000000e+01 -4.810114398610827041e-02 -4.387832924894132652e-02
6.400000000000000000e+01 -5.075570275438877343e-02 -4.653203389952410840e-02
6.500000000000000000e+01 -5.343789846687638928e-02 -4.922543819303266954e-02
6.600000000000000000e+01 -5.613857638562846919e-02 -5.194879045677566060e-02
6.700000000000000000e+01 -5.884503848172560614e-02 -5.469292407139422774e-02
6.800000000000000000e+01 -6.154086602839887316e-02 -5.744777504782851152e-02
6.900000000000000000e+01 -6.420752503564364222e-02 -6.020063288319740802e-02
7.000000000000000000e+01 -6.682713682046152737e-02 -6.293527154120016898e-02
7.100000000000000000e+01 -6.938500532664754195e-02 -6.563275819970192104e-02
7.200000000000000000e+01 -7.187044202060299813e-02 -6.827378512127141308e-02
7.300000000000000000e+01 -7.427524180441204271e-02 -7.084134079698353736e-02
7.400000000000000000e+01 -7.659046053659070152e-02 -7.332211969077709335e-02
7.500000000000000000e+01 -7.880323060699397086e-02 -7.570565169667392569e-02
7.600000000000000000e+01 -8.089555930536272699e-02 -7.798147205000591220e-02
7.700000000000000000e+01 -8.284612896095844281e-02 -8.013597287422476179e-02
7.800000000000000000e+01 -8.463445910196831790e-02 -8.215101735088273238e-02
7.900000000000000000e+01 -8.624533139987962393e-02 -8.400554439993929146e-02
8.000000000000000000e+01 -8.767103219195201969e-02 -8.567961465253062792e-02
8.100000000000000000e+01 -8.891002511697379540e-02 -8.715869653992865118e-02
8.200000000000000000e+01 -8.996259950036648856e-02 -8.843558673308378471e-02
8.300000000000000000e+01 -9.082580564973576076e-02 -8.950860915138794671e-02
8.400000000000000000e+01 -9.149057020277429064e-02 -9.037697454912055339e-02
8.500000000000000000e+01 -9.194283438142050735e-02 -9.103605006235551689e-02
8.600000000000000000e+01 -9.216834242939307698e-02 -9.147556958118040205e-02
8.700000000000000000e+01 -9.215857169482349898e-02 -9.168219282303785578e-02
8.800000000000000000e+01 -9.191453317411772683e-02 -9.164515808026851840e-02
8.900000000000000000e+01 -9.144626899740290749e-02 -9.136171280447027976e-02
9.000000000000000000e+01 -9.076821768100272469e-02 -9.083894507596353141e-02
9.100000000000000000e+01 -8.989291285497204298e-02 -9.009072851335674093e-02
9.200000000000000000e+01 -8.882646256446946609e-02 -8.913147339471819142e-02
9.300000000000000000e+01 -8.756832515084377044e-02 -8.797039926242310182e-02
9.400000000000000000e+01 -8.611550053585675935e-02 -8.660982804899525211e-02
9.500000000000000000e+01 -8.446875373776699392e-02 -8.504859550539417556e-02
9.600000000000000000e+01 -8.263736517294621720e-02 -8.328851158997005455e-02
9.700000000000000000e+01 -8.063978794465773148e-02 -8.133986246488833505e-02
9.800000000000000000e+01 -7.849989702920882884e-02 -7.922251419185685761e-02
9.900000000000000000e+01 -7.624090927843112098e-02 -7.696189540445270982e-02
1.000000000000000000e+02 -7.388025494531280657e-02 -7.458226295136817507e-02
1.010000000000000000e+02 -7.142806661844523786e-02 -7.210125772485004303e-02
1.020000000000000000e+02 -6.888986766605437184e-02 -6.952889930329714252e-02
1.030000000000000000e+02 -6.627169764094484328e-02 -6.687140274023006814e-02
1.040000000000000000e+02 -6.358468302750226731e-02 -6.413724851802693472e-02
1.050000000000000000e+02 -6.084658619004944258e-02 -6.134165288688842033e-02
1.060000000000000000e+02 -5.807968292362022250e-02 -5.850673918545119812e-02
1.070000000000000000e+02 -5.530631254497091198e-02 -5.565746137930621673e-02
1.080000000000000000e+02 -5.254456285691212758e-02 -5.281587743848920741e-02
1.090000000000000000e+02 -4.980628785325035002e-02 -4.999719085032974797e-02
1.100000000000000000e+02 -4.709822735777816766e-02 -4.720970713598919566e-02
1.110000000000000000e+02 -4.442526071476778776e-02 -4.445837354136623204e-02
1.120000000000000000e+02 -4.179379855286913942e-02 -4.174945173997685055e-02
1.130000000000000000e+02 -3.921350892849222169e-02 -3.909340425326719715e-02
1.140000000000000000e+02 -3.669669973745152969e-02 -3.650442823809128823e-02
1.150000000000000000e+02 -3.425598043161205697e-02 -3.399723568004488217e-02
1.160000000000000000e+02 -3.190161689849625726e-02 -3.158324862327936688e-02
1.170000000000000000e+02 -2.963996103976675872e-02 -2.926849035721451261e-02
1.180000000000000000e+02 -2.747359324216185755e-02 -2.705421194840274338e-02
1.190000000000000000e+02 -2.540282979857078419e-02 -2.493956925931456112e-02
1.200000000000000000e+02 -2.342759940351115538e-02 -2.292453618746947974e-02
1.210000000000000000e+02 -2.154869988231172470e-02 -2.101133553151727368e-02
1.220000000000000000e+02 -1.976797006222887412e-02 -1.920379005281981286e-02
1.230000000000000000e+02 -1.808754752258908902e-02 -1.750531489407739644e-02
1.240000000000000000e+02 -1.650878829139926576e-02 -1.591696256332668716e-02
1.250000000000000000e+02 -1.503146772223393560e-02 -1.443668850052175906e-02
1.260000000000000000e+02 -1.365361451794737911e-02 -1.306011758914356335e-02
1.270000000000000000e+02 -1.237193555397481104e-02 -1.178216980777230596e-02
1.280000000000000000e+02 -1.118250374117138804e-02 -1.059849679296824901e-02
1.290000000000000000e+02 -1.008134536230111296e-02 -9.505965530323890605e-03
1.300000000000000000e+02 -9.064727212384769348e-03 -8.502122135287441818e-03
1.310000000000000000e+02 -8.129146242811274847e-03 -7.584180584270192385e-03
1.320000000000000000e+02 -7.271147932593707494e-03 -6.748255343678065052e-03
1.330000000000000000e+02 -6.487124389431280121e-03 -5.989277103030762189e-03
1.340000000000000000e+02 -5.773197394197036869e-03 -5.301547643331498520e-03
1.350000000000000000e+02 -5.125214540906342618e-03 -4.679519825189567758e-03
1.360000000000000000e+02 -4.538825860864494077e-03 -4.118329795214843193e-03
1.370000000000000000e+02 -4.009595806774447942e-03 -3.613843779292586888e-03
1.380000000000000000e+02 -3.533126300021621844e-03 -3.162315155326743399e-03
1.390000000000000000e+02 -3.105179637365731386e-03 -2.759955451200893188e-03
1.400000000000000000e+02 -2.721781046030899084e-03 -2.402706113588686312e-03
1.410000000000000000e+02 -2.379271812034224227e-03 -2.086316287487062753e-03
1.420000000000000000e+02 -2.074295481680435427e-03 -1.806627690624336901e-03
1.430000000000000000e+02 -1.803726202951234665e-03 -1.559863692717663270e-03
1.440000000000000000e+02 -1.564573173517731525e-03 -1.342756569912254179e-03
1.450000000000000000e+02 -1.353907111679406939e-03 -1.152475531087587563e-03
1.460000000000000000e+02 -1.168846746832319806e-03 -9.864426640132089186e-04
1.470000000000000000e+02 -1.006613902969851837e-03 -8.421694403737260172e-04
1.480000000000000000e+02 -8.646279146303178544e-04 -7.172030396465946256e-04
1.490000000000000000e+02 -7.405882862528734333e-04 -6.091861963258023540e-04
1.500000000000000000e+02 -6.325033638923778989e-04 -5.159664521626744623e-04
1.510000000000000000e+02 -5.386541767973787760e-04 -4.356754400082895749e-04
1.520000000000000000e+02 -4.575154432619718049e-04 -3.667331128186017376e-04
1.530000000000000000e+02 -3.876732454982825100e-04 -3.077850534422805302e-04
1.540000000000000000e+02 -3.277753606175527854e-04 -2.576177906187338083e-04
1.550000000000000000e+02 -2.765295881498026453e-04 -2.150992405024945557e-04
1.560000000000000000e+02 -2.327391184965183250e-04 -1.791657661700112340e-04
1.570000000000000000e+02 -1.953466267748365094e-04 -1.488456943282184439e-04
1.580000000000000000e+02 -1.634591040223724433e-04 -1.232911487953287965e-04
1.590000000000000000e+02 -1.363404184848274246e-04 -1.017924321109406745e-04
