0.000000000000000000e+00 -2.093671520028978002e-05 -1.805932437569025652e-05
1.000000000000000000e+00 -4.865579098030482638e-11 -1.080888157703699108e-09
2.000000000000000000e+00 -7.467931024066577906e-11 -1.524117025592922017e-09
3.000000000000000000e+00 -1.205485565639663197e-10 -2.315928711909331508e-09
4.000000000000000000e+00 -1.938083679065793224e-10 -3.510713286595625426e-09
5.000000000000000000e+00 -3.097517508646364157e-10 -5.295635835449479896e-09
6.000000000000000000e+00 -4.919347908958487142e-10 -7.949401734145930895e-09
7.000000000000000000e+00 -7.763376814873331252e-10 -1.187568612407726800e-08
8.000000000000000000e+00 -1.217730562772723170e-09 -1.765190881871274672e-08
9.000000000000000000e+00 -1.898927837315696415e-09 -2.609816318145315375e-08
1.000000000000000000e+01 -2.943925708882645570e-09 -3.837674023070094744e-08
1.100000000000000000e+01 -4.536639387061445561e-09 -5.613362460714056156e-08
1.200000000000000000e+01 -6.948138458818123226e-09 -8.169100188258628541e-08
1.300000000000000000e+01 -1.057640262945490982e-08 -1.182988264320282119e-07
1.400000000000000000e+01 -1.600313454452152008e-08 -1.704608236507373763e-07
1.500000000000000000e+01 -2.407252422333291262e-08 -2.443679764042316250e-07
1.600000000000000000e+01 -3.599878422930806556e-08 -3.484917789860538809e-07
1.700000000000000000e+01 -5.351410188654415009e-08 -4.943953832224075195e-07
1.800000000000000000e+01 -7.907493077519744208e-08 -6.978080410509748271e-07
1.900000000000000000e+01 -1.161483982467855009e-07 -9.799945305352574809e-07
2.000000000000000000e+01 -1.696005785651801555e-07 -1.369467907243185195e-06
2.100000000000000000e+01 -2.462100388503398280e-07 -1.904154539482499893e-06
2.200000000000000000e+01 -3.553423381103877309e-07 -2.634195001086330962e-06
2.300000000000000000e+01 -5.098442653697511939e-07 -3.625595139602832405e-06
2.400000000000000000e+01 -7.272357855220734179e-07 -4.964899459396306750e-06
2.500000000000000000e+01 -1.031277610895922914e-06 -6.764988935745820786e-06
2.600000000000000000e+01 -1.453982494388536125e-06 -9.172101692164822049e-06
2.700000000000000000e+01 -2.038153802662196962e-06 -1.237429229476908775e-05
2.800000000000000000e+01 -2.840594491937696376e-06 -1.661173081461543878e-05
2.900000000000000000e+01 -3.936193860541250523e-06 -2.218936713818988923e-05
3.000000000000000000e+01 -5.423099864170449438e-06 -2.949245283310254648e-05
3.100000000000000000e+01 -7.429120267238301375e-06 -3.900523633608372263e-05
3.200000000000000000e+01 -1.011947503044420917e-05 -5.133293337296392241e-05
3.300000000000000000e+01 -1.370614448371536893e-05 -6.722696199711869340e-05
3.400000000000000000e+01 -1.845923579535899432e-05 -8.761355991751384597e-05
3.500000000000000000e+01 -2.472078207555353604e-05 -1.136263433195963571e-04
3.600000000000000000e+01 -3.292111355463687690e-05 -1.466439304574329832e-04
3.700000000000000000e+01 -4.359771257617428472e-05 -1.883338377030200977e-04
3.800000000000000000e+01 -5.741669227599808980e-05 -2.407027940309709117e-04
3.900000000000000000e+01 -7.519758203086132414e-05 -3.061516177794851236e-04
4.000000000000000000e+01 -9.794217143631011300e-05 -3.875315363960908340e-04
4.100000000000000000e+01 -1.268672570213846612e-04 -4.882003639029746430e-04
4.200000000000000000e+01 -1.634400425164563595e-04 -6.120810697753460879e-04
4.300000000000000000e+01 -2.094151817279480787e-04 -7.637280205959647971e-04
4.400000000000000000e+01 -2.668741869089226990e-04 -9.484026527465533058e-04
4.500000000000000000e+01 -3.382689509272040259e-04 -1.172150796992014760e-03
4.600000000000000000e+01 -4.264691466619106560e-04 -1.441866662543034522e-03
4.700000000000000000e+01 -5.348094796234549066e-04 -1.765333667751692271e-03
4.800000000000000000e+01 -6.671317678660444641e-04 -2.151249345947396641e-03
4.900000000000000000e+01 -8.278210955300735040e-04 -2.609254453995664500e-03
5.000000000000000000e+01 -1.021840436818575873e-03 -3.149976689978475908e-03
5.100000000000000000e+01 -1.254766512840370472e-03 -3.785068659219052983e-03
5.200000000000000000e+01 -1.532820426617967574e-03 -4.527196546504621763e-03
5.300000000000000000e+01 -1.862879902326014048e-03 -5.389951510080296174e-03
5.400000000000000000e+01 -2.252466129230679820e-03 -6.387705995348695424e-03
5.500000000000000000e+01 -2.709712989710096401e-03 -7.535474355677379381e-03
5.600000000000000000e+01 -3.243331880748284539e-03 -8.848813006304894618e-03
5.700000000000000000e+01 -3.862570880197646606e-03 -1.034371928006911669e-02
5.800000000000000000e+01 -4.577146814546706813e-03 -1.203643459908490879e-02
5.900000000000000000e+01 -5.397129272553126411e-03 -1.394309635828312743e-02
6.000000000000000000e+01 -6.332782240359351687e-03 -1.607929501294074609e-02
6.100000000000000000e+01 -7.394393247813979379e-03 -1.845966917489701153e-02
6.200000000000000000e+01 -8.592109663204559530e-03 -2.109761808620510756e-02
6.300000000000000000e+01 -9.935764055368773509e-03 -2.400506159805516557e-02
6.400000000000000000e+01 -1.143465039262669958e-02 -2.719208323564092922e-02
6.500000000000000000e+01 -1.309724094387339569e-02 -3.066636992036997703e-02
6.600000000000000000e+01 -1.493088325488489687e-02 -3.443255714908035475e-02
6.700000000000000000e+01 -1.694152862555342240e-02 -3.849170524257672366e-02
6.800000000000000000e+01 -1.913349876831622887e-02 -4.284103248689434540e-02
6.900000000000000000e+01 -2.150924625728539707e-02 -4.747379650084654346e-02
7.000000000000000000e+01 -2.406907116919497838e-02 -5.237908548232692724e-02
7.100000000000000000e+01 -2.681081880107703125e-02 -5.754140690698478222e-02
7.200000000000000000e+01 -2.972962954010532205e-02 -6.294023027140127624e-02
7.300000000000000000e+01 -3.281778457683999506e-02 -6.854977615735165231e-02
7.400000000000000000e+01 -3.606461964350080041e-02 -7.433919309696288003e-02
7.500000000000000000e+01 -3.945644757096752886e-02 -8.027296944794440337e-02
7.600000000000000000e+01 -4.297647714769538968e-02 -8.631129056347773554e-02
7.700000000000000000e+01 -4.660478499538601993e-02 -9.241021571769364451e-02
7.800000000000000000e+01 -5.031840598621434985e-02 -9.852184486199778990e-02
7.900000000000000000e+01 -5.409154517681682983e-02 -1.045947643595172838e-01
8.000000000000000000e+01 -5.789585329229469945e-02 -1.105748802678477166e-01
8.100000000000000000e+01 -6.170071679953043065e-02 -1.164064560664056919e-01
8.200000000000000000e+01 -6.547357640804137013e-02 -1.220330662032506064e-01
8.300000000000000000e+01 -6.918032724167402781e-02 -1.273983517544766686e-01
8.400000000000000000e+01 -7.278582503966245232e-02 -1.324467232413001627e-01
8.500000000000000000e+01 -7.625446194620280616e-02 -1.371242296559221086e-01
8.600000000000000000e+01 -7.955075158036852001e-02 -1.413796418209191386e-01
8.700000000000000000e+01 -8.263989638520871650e-02 -1.451655759862950645e-01
8.800000000000000000e+01 -8.548835547645729227e-02 -1.484394372427205178e-01
8.900000000000000000e+01 -8.806443647365638783e-02 -1.511641172139829292e-01
9.000000000000000000e+01 -9.033889973697076248e-02 -1.533085560527986113e-01
9.100000000000000000e+01 -9.228553155250826534e-02 -1.548482975016770569e-01
9.200000000000000000e+01 -9.388164700973697374e-02 -1.557660349096593733e-01
9.300000000000000000e+01 -9.510851274375914377e-02 -1.560520256956051677e-01
9.400000000000000000e+01 -9.595170007920642008e-02 -1.557042675550769639e-01
9.500000000000000000e+01 -9.640137349495278563e-02 -1.547284461935055644e-01
9.600000000000000000e+01 -9.645250130652946452e-02 -1.531377451685900504e-01
9.700000000000000000e+01 -9.610496745586313838e-02 -1.509525763169207724e-01
9.800000000000000000e+01 -9.536357201170797548e-02 -1.482002016330550287e-01
9.900000000000000000e+01 -9.423792298405696266e-02 -1.449141859684550671e-01
1.000000000000000000e+02 -9.274223124703684373e-02 -1.411336794340104506e-01
1.010000000000000000e+02 -9.089502083324058068e-02 -1.369026052249050773e-01
1.020000000000000000e+02 -8.871876278800511217e-02 -1.322688333954901985e-01
1.030000000000000000e+02 -8.623943709878256758e-02 -1.272833522205979451e-01
1.040000000000000000e+02 -8.348602736365831611e-02 -1.219993895822093499e-01
1.050000000000000000e+02 -8.048995851682338998e-02 -1.164714572998544750e-01
1.060000000000000000e+02 -7.728449692184680142e-02 -1.107543690777751111e-01
1.070000000000000000e+02 -7.390413766078017532e-02 -1.049023302417025350e-01
1.080000000000000000e+02 -7.038399988214272263e-02 -9.896816049730204623e-02
1.090000000000000000e+02 -6.675924017431325574e-02 -9.300262735508239842e-02
1.100000000000000000e+02 -6.306448677438421246e-02 -8.705382435871586444e-02
1.110000000000000000e+02 -5.933330174433379400e-02 -8.116656673863964500e-02
1.120000000000000000e+02 -5.559768900464719110e-02 -7.538185244695293219e-02
1.130000000000000000e+02 -5.188766977201949432e-02 -6.973646746249548278e-02
1.140000000000000000e+02 -4.823093667306992127e-02 -6.426276890505872030e-02
1.150000000000000000e+02 -4.465258213999032805e-02 -5.898860472358518486e-02
1.160000000000000000e+02 -4.117489058435021970e-02 -5.393729744872005627e-02
1.170000000000000000e+02 -3.781719171558127479e-02 -4.912765607100778864e-02
1.180000000000000000e+02 -3.459578296554349092e-02 -4.457404073338688821e-02
1.190000000000000000e+02 -3.152392826369990186e-02 -4.028652740330574550e-02
1.200000000000000000e+02 -2.861192755433705076e-02 -3.627118583231584564e-02
1.210000000000000000e+02 -2.586723943543438320e-02 -3.253043205815129429e-02
1.220000000000000000e+02 -2.329463985076263982e-02 -2.906339719004157399e-02
1.230000000000000000e+02 -2.089641043144347884e-02 -2.586628059788814368e-02
1.240000000000000000e+02 -1.867255793228567162e-02 -2.293269670932795296e-02
1.250000000000000000e+02 -1.662106286464738736e-02 -2.025404082325663394e-02
1.260000000000000000e+02 -1.473814574663309673e-02 -1.781988095084419479e-02
1.270000000000000000e+02 -1.301853476123899199e-02 -1.561835361093498117e-02
1.280000000000000000e+02 -1.145572386597594992e-02 -1.363653106005861121e-02
1.290000000000000000e+02 -1.004221941972858675e-02 -1.186074239775097502e-02
1.300000000000000000e+02 -8.769777114835161647e-03 -1.027685385770160144e-02
1.310000000000000000e+02 -7.629627405276393978e-03 -8.870523488052593081e-03
1.320000000000000000e+02 -6.612682686717285402e-03 -7.627437591430630964e-03
1.330000000000000000e+02 -5.709719509973166379e-03 -6.533522729528564235e-03
1.340000000000000000e+02 -4.911534053811332512e-03 -5.575121894906265134e-03
1.350000000000000000e+02 -4.209073790860899146e-03 -4.739129789638992993e-03
1.360000000000000000e+02 -3.593548811819882380e-03 -4.013092192838198756e-03
1.370000000000000000e+02 -3.056523669282461275e-03 -3.385279028592133588e-03
1.380000000000000000e+02 -2.589988717974905756e-03 -2.844737863748614693e-03
1.390000000000000000e+02 -2.186410870549817306e-03 -2.381329003905087362e-03
1.400000000000000000e+02 -1.838766114773310138e-03 -1.985740752324951629e-03
1.410000000000000000e+02 -1.540557475838455568e-03 -1.649485125997770174e-03
1.420000000000000000e+02 -1.285821446672239486e-03 -1.364877601142141291e-03
1.430000000000000000e+02 -1.069124472090647029e-03 -1.125005996092784529e-03
1.440000000000000000e+02 -8.855504318111524038e-04 -9.236925544568594859e-04
1.450000000000000000e+02 -7.306805131273407927e-04 -7.554512105680940767e-04
1.460000000000000000e+02 -6.005675138451702826e-04 -6.154407665848762822e-04
1.470000000000000000e+02 -4.917066377628892234e-04 -4.994148231311375773e-04
1.480000000000000000e+02 -4.010042549626774335e-04 -4.036700084866370821e-04
1.490000000000000000e+02 -3.257454820165137858e-04 -3.249943660552799454e-04
1.500000000000000000e+02 -2.635612093071424116e-04 -2.606173826436202282e-04
1.510000000000000000e+02 -2.123952788536935695e-04 -2.081624486744122022e-04
1.520000000000000000e+02 -1.704725659018929088e-04 -1.656020362241216750e-04
1.530000000000000000e+02 -1.362685669059174093e-04 -1.312157423624945121e-04
1.540000000000000000e+02 -1.084808344435450416e-04 -1.035514108932173306e-04
1.550000000000000000e+02 -8.600239829325164560e-05 -8.138957493773814095e-05
1.560000000000000000e+02 -6.789723894289752227e-05 -6.371136019976157889e-05
1.570000000000000000e+02 -5.337787414740174230e-05 -4.966981453349044915e-05
1.580000000000000000e+02 -4.178509643391344037e-05 -3.856448933906223003e-05
1.590000000000000000e+02 -3.256983690348007625e-05 -2.981904058071089750e-05
