0.000000000000000000e+00 -3.803612109168920646e-05 -7.488985086629810556e-08
1.000000000000000000e+00 -9.952935360468720003e-08 -4.666165608727677945e-11
2.000000000000000000e+00 -1.196201978456089079e-07 -7.746825792191679427e-11
3.000000000000000000e+00 -1.624468677648108165e-07 -1.327980852910130697e-10
4.000000000000000000e+00 -2.218668880424469665e-07 -2.260573518632045302e-10
5.000000000000000000e+00 -3.021464112998686089e-07 -3.818051924114358250e-10
6.000000000000000000e+00 -4.098504035160374722e-07 -6.398733892409143318e-10
7.000000000000000000e+00 -5.537997169270739854e-07 -1.064263731597674614e-09
8.000000000000000000e+00 -7.455662977627212325e-07 -1.756809373144914159e-09
9.000000000000000000e+00 -1.000071383870902781e-06 -2.877921630902431246e-09
1.000000000000000000e+01 -1.336290014292909930e-06 -4.678208674334165630e-09
1.100000000000000000e+01 -1.778206338521345063e-06 -7.546525729461078802e-09
1.200000000000000000e+01 -2.356205242203133482e-06 -1.208175290644281474e-08
1.300000000000000000e+01 -3.108991266578280069e-06 -1.919783750581983474e-08
1.400000000000000000e+01 -4.085927574931806117e-06 -3.027610824811207095e-08
1.500000000000000000e+01 -5.349531998010400308e-06 -4.738652521947398256e-08
1.600000000000000000e+01 -6.977938578440402609e-06 -7.360830639184508259e-08
1.700000000000000000e+01 -9.067491095741275374e-06 -1.134873412304355468e-07
1.800000000000000000e+01 -1.173608700806722016e-05 -1.736756028559565304e-07
1.900000000000000000e+01 -1.512804982584422889e-05 -2.638155676285007785e-07
2.000000000000000000e+01 -1.942087503921780228e-05 -3.977641026167776684e-07
2.100000000000000000e+01 -2.483329263723899646e-05 -5.952819440693369309e-07
2.200000000000000000e+01 -3.163336039504288340e-05 -8.843302525176019214e-07
2.300000000000000000e+01 -4.014553853325603046e-05 -1.304128200184342057e-06
2.400000000000000000e+01 -5.075713221470513540e-05 -1.909177302560220293e-06
2.500000000000000000e+01 -6.392630188385219645e-05 -2.774557829251854127e-06
2.600000000000000000e+01 -8.019446165271795063e-05 -4.002880103833046492e-06
2.700000000000000000e+01 -1.002041652746691182e-04 -5.733259389788085154e-06
2.800000000000000000e+01 -1.247200952004140788e-04 -8.152646606172282649e-06
2.900000000000000000e+01 -1.546480526252244506e-04 -1.150995642148333830e-05
3.000000000000000000e+01 -1.910477885229159233e-04 -1.613368694839663746e-05
3.100000000000000000e+01 -2.351407147918781952e-04 -2.245382555434010597e-05
3.200000000000000000e+01 -2.883197549411086391e-04 -3.102856479407702800e-05
3.300000000000000000e+01 -3.521703160325173870e-04 -4.257603370544881910e-05
3.400000000000000000e+01 -4.285051474540364802e-04 -5.801145194826045660e-05
3.500000000000000000e+01 -5.194044582669986787e-04 -7.849069496557188185e-05
3.600000000000000000e+01 -6.272448362533190880e-04 -1.054611905940740506e-04
3.700000000000000000e+01 -7.547048299154107296e-04 -1.407198542033145873e-04
3.800000000000000000e+01 -9.047516438638373258e-04 -1.864766574503285074e-04
3.900000000000000000e+01 -1.080630856718273539e-03 -2.454230090331338716e-04
4.000000000000000000e+01 -1.285883362206686337e-03 -3.208055653343573599e-04
4.100000000000000000e+01 -1.524393785426048607e-03 -4.165054271819243936e-04
4.200000000000000000e+01 -1.800443964952748010e-03 -5.371192136540901526e-04
4.300000000000000000e+01 -2.118728867134707199e-03 -6.880361278194122238e-04
4.400000000000000000e+01 -2.484309628312614694e-03 -8.755074282846424293e-04
4.500000000000000000e+01 -2.902522637745146017e-03 -1.106708493994326865e-03
4.600000000000000000e+01 -3.378901354361354623e-03 -1.389791851046885988e-03
4.700000000000000000e+01 -3.919162765160646988e-03 -1.733922126694210399e-03
4.800000000000000000e+01 -4.529256888432066364e-03 -2.149280709021617400e-03
4.900000000000000000e+01 -5.215412669258500181e-03 -2.647035180081133872e-03
5.000000000000000000e+01 -5.984093524077402360e-03 -3.239277231045217722e-03
5.100000000000000000e+01 -6.841828615409872687e-03 -3.938928883661887113e-03
5.200000000000000000e+01 -7.794979229446892532e-03 -4.759603822888544902e-03
5.300000000000000000e+01 -8.849557938517448735e-03 -5.715408486395781237e-03
5.400000000000000000e+01 -1.001118326425054668e-02 -6.820684185388482812e-03
5.500000000000000000e+01 -1.128513930585483237e-02 -8.089706720543852342e-03
5.600000000000000000e+01 -1.267640619323975350e-02 -9.536351727002413334e-03
5.700000000000000000e+01 -1.418952674322563647e-02 -1.117371377949352707e-02
5.800000000000000000e+01 -1.582829283476722138e-02 -1.301366819498711233e-02
5.900000000000000000e+01 -1.759538432316345297e-02 -1.506639228110839140e-02
6.000000000000000000e+01 -1.949214755913319594e-02 -1.733988212641542764e-02
6.100000000000000000e+01 -2.151860173341813010e-02 -1.983948456888677547e-02
6.200000000000000000e+01 -2.367357903717519363e-02 -2.256743587858013600e-02
6.300000000000000000e+01 -2.595478893385621058e-02 -2.552240311078718404e-02
6.400000000000000000e+01 -2.835865333280378903e-02 -2.869905927935191559e-02
6.500000000000000000e+01 -3.087995289005827579e-02 -3.208774042038042146e-02
6.600000000000000000e+01 -3.351149902872160163e-02 -3.567420559886248788e-02
6.700000000000000000e+01 -3.624405183385864815e-02 -3.943948725130707461e-02
6.800000000000000000e+01 -3.906652701677079675e-02 -4.335982603935367025e-02
6.900000000000000000e+01 -4.196631741263803783e-02 -4.740671923481241251e-02
7.000000000000000000e+01 -4.492947817672795358e-02 -5.154712052697235647e-02
7.100000000000000000e+01 -4.794065734297714432e-02 -5.574379527897131703e-02
7.200000000000000000e+01 -5.098288683859865389e-02 -5.995580255585793161e-02
7.300000000000000000e+01 -5.403748913202762599e-02 -6.413908331827515574e-02
7.400000000000000000e+01 -5.708428395400746286e-02 -6.824716264084364215e-02
7.500000000000000000e+01 -6.010205678186607281e-02 -7.223197532588998548e-02
7.600000000000000000e+01 -6.306906159447743521e-02 -7.604479308896083811e-02
7.700000000000000000e+01 -6.596332990467269897e-02 -7.963720761988632435e-02
7.800000000000000000e+01 -6.876274139945653952e-02 -8.296213332345604707e-02
7.900000000000000000e+01 -7.144502211214331933e-02 -8.597481505706981719e-02
8.000000000000000000e+01 -7.398790014509565305e-02 -8.863382656487907296e-02
8.100000000000000000e+01 -7.636951950087700336e-02 -9.090202588709223042e-02
8.200000000000000000e+01 -7.856900326013378788e-02 -9.274742320716593269e-02
8.300000000000000000e+01 -8.056694227645228024e-02 -9.414392785280080445e-02
8.400000000000000000e+01 -8.234565320004744171e-02 -9.507195849974861557e-02
8.500000000000000000e+01 -8.388923502202588756e-02 -9.551890513702465668e-02
8.600000000000000000e+01 -8.518359990379059665e-02 -9.547942557213116854e-02
8.700000000000000000e+01 -8.621664591790632881e-02 -9.495555870686206434e-02
8.800000000000000000e+01 -8.697859239085786731e-02 -9.395664756665063344e-02
8.900000000000000000e+01 -8.746233992214129394e-02 -9.249907877386376320e-02
9.000000000000000000e+01 -8.766367589273997563e-02 -9.060585253993394539e-02
9.100000000000000000e+01 -8.758124926434017465e-02 -8.830599848336342927e-02
9.200000000000000000e+01 -8.721639538547895643e-02 -8.563385387257833881e-02
9.300000000000000000e+01 -8.657297426640635230e-02 -8.262822598576936850e-02
9.400000000000000000e+01 -8.565733267257909234e-02 -7.933146737329938025e-02
9.500000000000000000e+01 -8.447836150387551257e-02 -7.578849752248731364e-02
9.600000000000000000e+01 -8.304751137010579765e-02 -7.204580412937082456e-02
9.700000000000000000e+01 -8.137863729670131996e-02 -6.815045329721990119e-02
9.800000000000000000e+01 -7.948765733430757097e-02 -6.414913460759352759e-02
9.900000000000000000e+01 -7.739213487435921135e-02 -6.008726650267613711e-02
1.000000000000000000e+02 -7.511093094610951648e-02 -5.600818737457970153e-02
1.010000000000000000e+02 -7.266399514050278508e-02 -5.195245380015701964e-02
1.020000000000000000e+02 -7.007223823342711988e-02 -4.795725906808043226e-02
1.030000000000000000e+02 -6.735735798498142246e-02 -4.405597723677948802e-02
1.040000000000000000e+02 -6.454152718641059661e-02 -4.027783445304022186e-02
1.050000000000000000e+02 -6.164696602790831897e-02 -3.664770828211869058e-02
1.060000000000000000e+02 -5.869551662045848633e-02 -3.318605240202082002e-02
1.070000000000000000e+02 -5.570834042093066735e-02 -2.990893719903935793e-02
1.080000000000000000e+02 -5.270577039889200177e-02 -2.682819096587520449e-02
1.090000000000000000e+02 -4.970724287450227485e-02 -2.395162531179549636e-02
1.100000000000000000e+02 -4.673119380151375540e-02 -2.128333026799338751e-02
1.110000000000000000e+02 -4.379485858696519074e-02 -1.882402492936809807e-02
1.120000000000000000e+02 -4.091401487033947959e-02 -1.657144728441949447e-02
1.130000000000000000e+02 -3.810277203538053881e-02 -1.452076545703450891e-02
1.140000000000000000e+02 -3.537349104068937544e-02 -1.266499458681505548e-02
1.150000000000000000e+02 -3.273683459952682340e-02 -1.099540752758763895e-02
1.160000000000000000e+02 -3.020187015756849516e-02 -9.501930201008578283e-03
1.170000000000000000e+02 -2.777613575053045764e-02 -8.173513078353730060e-03
1.180000000000000000e+02 -2.546563507580008184e-02 -6.998470986712045094e-03
1.190000000000000000e+02 -2.327480280116259528e-02 -5.964785848885202808e-03
1.200000000000000000e+02 -2.120651476923863035e-02 -5.060370147090067355e-03
1.210000000000000000e+02 -1.926218884414870186e-02 -4.273291009464976788e-03
1.220000000000000000e+02 -1.744195981627576914e-02 -3.591955513683067844e-03
1.230000000000000000e+02 -1.574486744861351706e-02 -3.005258250657736122e-03
1.240000000000000000e+02 -1.416900171616846879e-02 -2.502693247478799884e-03
1.250000000000000000e+02 -1.271159321810298205e-02 -2.074433599299063593e-03
1.260000000000000000e+02 -1.136908117669726062e-02 -1.711382789783898010e-03
1.270000000000000000e+02 -1.013720316018807549e-02 -1.405201582896169503e-03
1.280000000000000000e+02 -9.011126209471916754e-03 -1.148314093389616241e-03
1.290000000000000000e+02 -7.985602701095086131e-03 -9.338965814999150919e-04
1.300000000000000000e+02 -7.055115216867525497e-03 -7.558525338788636434e-04
1.310000000000000000e+02 -6.213984165748908176e-03 -6.087773952777683238e-04
1.320000000000000000e+02 -5.456437941924165147e-03 -4.879158779024300122e-04
1.330000000000000000e+02 -4.776665995671182038e-03 -3.891143020545610796e-04
1.340000000000000000e+02 -4.168876582996917414e-03 -3.087700580372450265e-04
1.350000000000000000e+02 -3.627366228657465282e-03 -2.437799887487754932e-04
1.360000000000000000e+02 -3.146591308421191162e-03 -1.914891841395483722e-04
1.370000000000000000e+02 -2.721226181808943101e-03 -1.496413393890167268e-04
1.380000000000000000e+02 -2.346199020015112165e-03 -1.163315157150488801e-04
1.390000000000000000e+02 -2.016708246829216223e-03 -8.996189418887428680e-05
1.400000000000000000e+02 -1.728229828091556444e-03 -6.920091943403096000e-05
1.410000000000000000e+02 -1.476524444266928259e-03 -5.294606270025758793e-05
1.420000000000000000e+02 -1.257646871699619672e-03 -4.029028489385185895e-05
1.430000000000000000e+02 -1.067953833676642435e-03 -3.049215776489810198e-05
1.440000000000000000e+02 -9.041052527331274943e-04 -2.294951237553103453e-05
1.450000000000000000e+02 -7.630568873276650328e-04 -1.717642210828080977e-05
1.460000000000000000e+02 -6.420464212831481898e-04 -1.278328616066698323e-05
1.470000000000000000e+02 -5.385770394318809820e-04 -9.459751430072704901e-06
1.480000000000000000e+02 -4.504015860724196120e-04 -6.960195640109032769e-06
1.490000000000000000e+02 -3.755080186713274340e-04 -5.091492283527099646e-06
1.500000000000000000e+02 -3.121050635354790910e-04 -3.702784364810635910e-06
1.510000000000000000e+02 -2.586067645775474706e-04 -2.677007519007039493e-06
1.520000000000000000e+02 -2.136156019993260197e-04 -1.923920626880242124e-06
1.530000000000000000e+02 -1.759049564558598272e-04 -1.374421884314349279e-06
1.540000000000000000e+02 -1.444020923537805382e-04 -9.759503214898471478e-07
1.550000000000000000e+02 -1.181724599961714496e-04 -6.887949605903064809e-07
1.560000000000000000e+02 -9.640544685679327684e-05 -4.831556911801891926e-07
1.570000000000000000e+02 -7.840125950546390820e-05 -3.368215510095964954e-07
1.580000000000000000e+02 -6.355858637088787036e-05 -2.333509094014032726e-07
1.590000000000000000e+02 -5.136292980108888591e-05 -1.606562766300151666e-07
