0.000000000000000000e+00 -1.162399739419160783e-05 -1.951309186764575487e-05
1.000000000000000000e+00 -3.153902887511415017e-09 -8.189507138223388367e-09
2.000000000000000000e+00 -4.270935212102524063e-09 -1.086912890569696921e-08
3.000000000000000000e+00 -6.304216184445301196e-09 -1.568805443187795136e-08
4.000000000000000000e+00 -9.302174086167863058e-09 -2.264422582010406229e-08
5.000000000000000000e+00 -1.366170778275409785e-08 -3.255039671623761766e-08
6.000000000000000000e+00 -1.996014305549751001e-08 -4.657517291627069792e-08
7.000000000000000000e+00 -2.901283722720861486e-08 -6.632893950031499382e-08
8.000000000000000000e+00 -4.196487334850356151e-08 -9.401379458790020186e-08
9.000000000000000000e+00 -6.041132896234135168e-08 -1.326267236008931813e-07
1.000000000000000000e+01 -8.655164506390155757e-08 -1.862257444441282401e-07
1.100000000000000000e+01 -1.233929417346828905e-07 -2.602733931303879243e-07
1.200000000000000000e+01 -1.750272944746417186e-07 -3.620785604818055103e-07
1.300000000000000000e+01 -2.470118447852642923e-07 -5.013666467678967817e-07
1.400000000000000000e+01 -3.468742621666370404e-07 -6.910153143831727161e-07
1.500000000000000000e+01 -4.847565434394358367e-07 -9.479956329000553065e-07
1.600000000000000000e+01 -6.742133892081417355e-07 -1.294558895744748565e-06
1.700000000000000000e+01 -9.332082182361150639e-07 -1.759716172495595028e-06
1.800000000000000000e+01 -1.285390536226669600e-06 -2.381076224819809836e-06
1.900000000000000000e+01 -1.761763844708044941e-06 -3.207131089981381881e-06
2.000000000000000000e+01 -2.402839320126173614e-06 -4.300091119774865101e-06
2.100000000000000000e+01 -3.261326498639741747e-06 -5.739364318073536863e-06
2.200000000000000000e+01 -4.405384263553954020e-06 -7.625764731786127860e-06
2.300000000000000000e+01 -5.922491664802237488e-06 -1.008655285775156948e-05
2.400000000000000000e+01 -7.924100992263145472e-06 -1.328146681578571054e-05
2.500000000000000000e+01 -1.055134516632635399e-05 -1.740995534400363882e-05
2.600000000000000000e+01 -1.398210153967684127e-05 -2.271980851994382999e-05
2.700000000000000000e+01 -1.843961733890022876e-05 -2.951729019157543941e-05
2.800000000000000000e+01 -2.420271881666048752e-05 -3.817879962417217361e-05
2.900000000000000000e+01 -3.161748577229170094e-05 -4.916415299340958639e-05
3.000000000000000000e+01 -4.111033338844654694e-05 -6.303177665185368244e-05
3.100000000000000000e+01 -5.320277056046412647e-05 -8.045624004805638715e-05
3.200000000000000000e+01 -6.852853488925122344e-05 -1.022483795974552087e-04
3.300000000000000000e+01 -8.785392811036881909e-05 -1.293777946081390987e-04
3.400000000000000000e+01 -1.121015964144305544e-04 -1.629971412952771666e-04
3.500000000000000000e+01 -1.423768369052029557e-04 -2.044678791052679167e-04
3.600000000000000000e+01 -1.799946743262332237e-04 -2.553878779902248345e-04
3.700000000000000000e+01 -2.265065973880570614e-04 -3.176217955211192213e-04
3.800000000000000000e+01 -2.837280665533375122e-04 -3.933345146190616779e-04
3.900000000000000000e+01 -3.537698674177346255e-04 -4.850263042009142966e-04
4.000000000000000000e+01 -4.390753796927377882e-04 -5.955671223283302710e-04
4.100000000000000000e+01 -5.424611924504932001e-04 -7.282281511371475370e-04
4.200000000000000000e+01 -6.671536695830933717e-04 -8.867110733412731467e-04
4.300000000000000000e+01 -8.168146149348261666e-04 -1.075177426022441143e-03
4.400000000000000000e+01 -9.955569514886540138e-04 -1.298279038912660910e-03
4.500000000000000000e+01 -1.207960260038567178e-03 -1.561186291347743237e-03
4.600000000000000000e+01 -1.459095798144190810e-03 -1.869607447986923075e-03
4.700000000000000000e+01 -1.754557327958255076e-03 -2.229793771379644067e-03
4.800000000000000000e+01 -2.100477822244040116e-03 -2.648531280776172687e-03
4.900000000000000000e+01 -2.503510670364916813e-03 -3.133125319309468682e-03
5.000000000000000000e+01 -2.970774546035372977e-03 -3.691382267106635851e-03
5.100000000000000000e+01 -3.509787677604354894e-03 -4.331583856089589804e-03
5.200000000000000000e+01 -4.128421415117921114e-03 -5.062441612394739943e-03
5.300000000000000000e+01 -4.834872926758843753e-03 -5.893021006707297067e-03
5.400000000000000000e+01 -5.637616605014704810e-03 -6.832637194661524659e-03
5.500000000000000000e+01 -6.545286194895508572e-03 -7.890735989566396991e-03
5.600000000000000000e+01 -7.566482502145760111e-03 -9.076772552038625194e-03
5.700000000000000000e+01 -8.709560322183134209e-03 -1.040008539443916871e-02
5.800000000000000000e+01 -9.982462186747151703e-03 -1.186974845929769304e-02
5.900000000000000000e+01 -1.139261091438110995e-02 -1.349438531874215703e-02
6.000000000000000000e+01 -1.294679489149060982e-02 -1.528194855396180184e-02
6.100000000000000000e+01 -1.465096091826957950e-02 -1.723948744775164951e-02
6.200000000000000000e+01 -1.650990137280023556e-02 -1.937292847169737320e-02
6.300000000000000000e+01 -1.852692385708392189e-02 -2.168687303348918599e-02
6.400000000000000000e+01 -2.070361912319260492e-02 -2.418439451995194403e-02
6.500000000000000000e+01 -2.303975787923498095e-02 -2.686681468506794263e-02
6.600000000000000000e+01 -2.553322542261781194e-02 -2.973346153325124794e-02
6.700000000000000000e+01 -2.817986917438418393e-02 -3.278143670107949714e-02
6.800000000000000000e+01 -3.097323263571964344e-02 -3.600542520541473446e-02
6.900000000000000000e+01 -3.390428948999554826e-02 -3.939755981667825147e-02
7.000000000000000000e+01 -3.696133161030203812e-02 -4.294732648108252199e-02
7.100000000000000000e+01 -4.013005648697601929e-02 -4.664149065427979773e-02
7.200000000000000000e+01 -4.339374521997551443e-02 -5.046404161751776030e-02
7.300000000000000000e+01 -4.673337610263984809e-02 -5.439617421502471184e-02
7.400000000000000000e+01 -5.012763011405566016e-02 -5.841633349663317293e-02
7.500000000000000000e+01 -5.355290346133380341e-02 -6.250033434327571802e-02
7.600000000000000000e+01 -5.698348880478008166e-02 -6.662155064676254790e-02
7.700000000000000000e+01 -6.039197304383199516e-02 -7.075116199568380615e-02
7.800000000000000000e+01 -6.374973818213997001e-02 -7.485844962573195982e-02
7.900000000000000000e+01 -6.702740138862003927e-02 -7.891113688429281237e-02
8.000000000000000000e+01 -7.019513596440261904e-02 -8.287576822408389277e-02
8.100000000000000000e+01 -7.322296648779927364e-02 -8.671812212372785600e-02
8.200000000000000000e+01 -7.608117840887911043e-02 -9.040366296994320483e-02
8.300000000000000000e+01 -7.874088355553383878e-02 -9.389804471014755183e-02
8.400000000000000000e+01 -8.117464106079282093e-02 -9.716766689707337368e-02
8.500000000000000000e+01 -8.335698630519752794e-02 -1.001802509696313737e-01
8.600000000000000000e+01 -8.526480632161302642e-02 -1.029053799482591569e-01
8.700000000000000000e+01 -8.687762725486440629e-02 -1.053149618470547444e-01
8.800000000000000000e+01 -8.817792489604991957e-02 -1.073836331704488556e-01
8.900000000000000000e+01 -8.915149780251072076e-02 -1.090891636872095005e-01
9.000000000000000000e+01 -8.978783201558758476e-02 -1.104129033881122435e-01
9.100000000000000000e+01 -9.008034444876808489e-02 -1.113402311685686291e-01
9.200000000000000000e+01 -9.002645271325278309e-02 -1.118608957852313124e-01
9.300000000000000000e+01 -8.962751869307644670e-02 -1.119691611860718777e-01
9.400000000000000000e+01 -8.888875822699841833e-02 -1.116637782966093256e-01
9.500000000000000000e+01 -8.781916509824905237e-02 -1.109479070599682510e-01
9.600000000000000000e+01 -8.643141400881561298e-02 -1.098291007415257009e-01
9.700000000000000000e+01 -8.474166551152120808e-02 -1.083193357855831013e-01
9.800000000000000000e+01 -8.276923224233603826e-02 -1.064349423926873178e-01
9.900000000000000000e+01 -8.053614270635739425e-02 -1.041962959002048772e-01
1.000000000000000000e+02 -7.806668475869006640e-02 -1.016272788593593768e-01
1.010000000000000000e+02 -7.538698714605684970e-02 -9.875468413174538773e-02
1.020000000000000000e+02 -7.252463084315505237e-02 -9.560774288846003721e-02
1.030000000000000000e+02 -6.950823622864010787e-02 -9.221780528997597370e-02
1.040000000000000000e+02 -6.636698812316495222e-02 -8.861802049784289759e-02
1.050000000000000000e+02 -6.313012024002660760e-02 -8.484283360630982818e-02
1.060000000000000000e+02 -5.982642637590259577e-02 -8.092727451257041016e-02
1.070000000000000000e+02 -5.648385574339007814e-02 -7.690620985632148909e-02
1.080000000000000000e+02 -5.312919549648394135e-02 -7.281377486120105269e-02
1.090000000000000000e+02 -4.978779617896068876e-02 -6.868305183838326056e-02
1.100000000000000000e+02 -4.648329747247224170e-02 -6.454585979258153916e-02
1.110000000000000000e+02 -4.323735633377037008e-02 -6.043245706464132894e-02
1.120000000000000000e+02 -4.006942200028948409e-02 -5.637109044927061247e-02
1.130000000000000000e+02 -3.699660227696651565e-02 -5.238751745987025449e-02
1.140000000000000000e+02 -3.403362509862599417e-02 -4.850469787893282869e-02
1.150000000000000000e+02 -3.119285784667676087e-02 -4.474273692488817816e-02
1.160000000000000000e+02 -2.848434126427414406e-02 -4.111898136297643946e-02
1.170000000000000000e+02 -2.591582573713836074e-02 -3.764809254897007185e-02
1.180000000000000000e+02 -2.349283244525385284e-02 -3.434200787762219792e-02
1.190000000000000000e+02 -2.121876795163323698e-02 -3.120985786566274345e-02
1.200000000000000000e+02 -1.909509579131372925e-02 -2.825798030372797184e-02
1.210000000000000000e+02 -1.712153886363046093e-02 -2.549010662201274535e-02
1.220000000000000000e+02 -1.529627920402304442e-02 -2.290766506749002118e-02
1.230000000000000000e+02 -1.361614029517848289e-02 -2.051007578533236425e-02
1.240000000000000000e+02 -1.207676120212120702e-02 -1.829495807388418355e-02
1.250000000000000000e+02 -1.067277954807643175e-02 -1.625827298669153820e-02
1.260000000000000000e+02 -9.398028075197786477e-03 -1.439448516414509362e-02
1.270000000000000000e+02 -8.245732084598424161e-03 -1.269679998412927280e-02
1.280000000000000000e+02 -7.208689167799362842e-03 -1.115745590327405640e-02
1.290000000000000000e+02 -6.279421725417105166e-03 -9.768003112174877822e-03
1.300000000000000000e+02 -5.450306432279915236e-03 -8.519516196341191117e-03
1.310000000000000000e+02 -4.713690794791398041e-03 -7.402743830582759511e-03
1.320000000000000000e+02 -4.062002262037746857e-03 -6.408237612166579368e-03
1.330000000000000000e+02 -3.487846846608924200e-03 -5.526495441746552724e-03
1.340000000000000000e+02 -2.984090391881666880e-03 -4.748118728795281893e-03
1.350000000000000000e+02 -2.543918898680421793e-03 -4.063955090155567211e-03
1.360000000000000000e+02 -2.160880405791734855e-03 -3.465200979412574791e-03
1.370000000000000000e+02 -1.828914172548096097e-03 -2.943462533780874957e-03
1.380000000000000000e+02 -1.542371514613638875e-03 -2.490792883131266820e-03
1.390000000000000000e+02 -1.296029127443726120e-03 -2.099724785167266568e-03
1.400000000000000000e+02 -1.085093651810850601e-03 -1.763303501939151403e-03
1.410000000000000000e+02 -9.051969003702613507e-04 -1.475111958362028061e-03
1.420000000000000000e+02 -7.523831900394953396e-04 -1.229278840375722234e-03
1.430000000000000000e+02 -6.230914970638205385e-04 -1.020468297945709840e-03
1.440000000000000000e+02 -5.141348046701350698e-04 -8.438580096813224317e-04
1.450000000000000000e+02 -4.226777640843159384e-04 -6.951138561408217809e-04
1.460000000000000000e+02 -3.462128483352000866e-04 -5.703650512779170033e-04
1.470000000000000000e+02 -2.825350997404585049e-04 -4.661785843002004895e-04
1.480000000000000000e+02 -2.297160283691085565e-04 -3.795303438538403054e-04
1.490000000000000000e+02 -1.860775691655918687e-04 -3.077722744796304241e-04
1.500000000000000000e+02 -1.501669223186554759e-04 -2.485975153845228517e-04
1.510000000000000000e+02 -1.207327275738177580e-04 -2.000062888205313973e-04
1.520000000000000000e+02 -9.670268400317503306e-05 -1.602741786074485914e-04
1.530000000000000000e+02 -7.716260666508094118e-05 -1.279228269999963018e-04
1.540000000000000000e+02 -6.133696143562307392e-05 -1.016923281327572140e-04
1.550000000000000000e+02 -4.857098592488728802e-05 -8.051491029008737608e-05
1.560000000000000000e+02 -3.831448911312281246e-05 -6.349016938452077682e-05
1.570000000000000000e+02 -3.010733852285290576e-05 -4.986242277411698915e-05
1.580000000000000000e+02 -2.356655809941007106e-05 -3.900053303949022504e-05
1.590000000000000000e+02 -1.837491661271572224e-05 -3.038013260998911500e-05
