0.000000000000000000e+00 -2.026989557557268092e-05 -8.651912867912299693e-05
1.000000000000000000e+00 -1.010703954751369060e-07 -1.514294177946062693e-07
2.000000000000000000e+00 -1.231532434885525094e-07 -1.787639500444300569e-07
3.000000000000000000e+00 -1.703437777282736522e-07 -2.426938398142902146e-07
4.000000000000000000e+00 -2.356551126067270374e-07 -3.298952130756079695e-07
5.000000000000000000e+00 -3.246646570519096753e-07 -4.467569947866047296e-07
6.000000000000000000e+00 -4.457055106746646577e-07 -6.032406900020419934e-07
7.000000000000000000e+00 -6.100269239288339090e-07 -8.126950773601407278e-07
8.000000000000000000e+00 -8.323406883534636277e-07 -1.092241689613759681e-06
9.000000000000000000e+00 -1.131460702286130324e-06 -1.463189604881243133e-06
1.000000000000000000e+01 -1.531307702358445544e-06 -1.951870355245696344e-06
1.100000000000000000e+01 -2.062660053399899080e-06 -2.591450556655934995e-06
1.200000000000000000e+01 -2.765841284202988582e-06 -3.425008000672951199e-06
1.300000000000000000e+01 -3.694094541869378016e-06 -4.509502724726949843e-06
1.400000000000000000e+01 -4.916999169001751187e-06 -5.919618767460448842e-06
1.500000000000000000e+01 -6.523370761560232046e-06 -7.750403952061027334e-06
1.600000000000000000e+01 -8.623879336461547546e-06 -1.011861088742076466e-05
1.700000000000000000e+01 -1.135477968998487614e-05 -1.316436473791513609e-05
1.800000000000000000e+01 -1.488476914036860974e-05 -1.705613254869906473e-05
1.900000000000000000e+01 -1.942617352815590842e-05 -2.200153736326666829e-05
2.000000000000000000e+01 -2.524940850545028681e-05 -2.826377450389995204e-05
2.100000000000000000e+01 -3.269736433061441283e-05 -3.617947596887559391e-05
2.200000000000000000e+01 -4.219622699972752796e-05 -4.617172267703501085e-05
2.300000000000000000e+01 -5.426258009055393743e-05 -5.875435240446192178e-05
2.400000000000000000e+01 -6.951206672467401184e-05 -7.453093396085541038e-05
2.500000000000000000e+01 -8.867834054428932176e-05 -9.419979737087692405e-05
2.600000000000000000e+01 -1.126482453647618975e-04 -1.185786969975231761e-04
2.700000000000000000e+01 -1.425096941446291738e-04 -1.486543616720055667e-04
2.800000000000000000e+01 -1.795982257685273785e-04 -1.856456597273414030e-04
2.900000000000000000e+01 -2.255260275233504424e-04 -2.310549002605671984e-04
3.000000000000000000e+01 -2.821891629456643041e-04 -2.866831819029775773e-04
3.100000000000000000e+01 -3.517700227933065775e-04 -3.546082837036733642e-04
3.200000000000000000e+01 -4.367669408815495909e-04 -4.371570142370751443e-04
3.300000000000000000e+01 -5.400749137180916194e-04 -5.369241469617780718e-04
3.400000000000000000e+01 -6.651080078968771379e-04 -6.568744571980859219e-04
3.500000000000000000e+01 -8.159152937277799021e-04 -8.005117542915252430e-04
3.600000000000000000e+01 -9.972311280089388510e-04 -9.720390184603887708e-04
3.700000000000000000e+01 -1.214438095400267306e-03 -1.176414318243830786e-03
3.800000000000000000e+01 -1.473491171547212800e-03 -1.419259282421042037e-03
3.900000000000000000e+01 -1.780903139213738974e-03 -1.706682627419739808e-03
4.000000000000000000e+01 -2.143870590427726652e-03 -2.045171270346092442e-03
4.100000000000000000e+01 -2.570519729800805567e-03 -2.441695732059356080e-03
4.200000000000000000e+01 -3.070133693749010559e-03 -2.904047403583915297e-03
4.300000000000000000e+01 -3.653187350777878113e-03 -3.441238854492696762e-03
4.400000000000000000e+01 -4.331119937657394899e-03 -4.063689813919009984e-03
4.500000000000000000e+01 -5.115971681808812073e-03 -4.783003675938134538e-03
4.600000000000000000e+01 -6.020152360892131252e-03 -5.611401775478894877e-03
4.700000000000000000e+01 -7.056556397573586319e-03 -6.561163594447426244e-03
4.800000000000000000e+01 -8.238981001070670718e-03 -7.644498059390427910e-03
4.900000000000000000e+01 -9.582510383289251713e-03 -8.874026408233110647e-03
5.000000000000000000e+01 -1.110344814812909767e-02 -1.026360298389858081e-02
5.100000000000000000e+01 -1.281863790585398288e-02 -1.182884898109982930e-02
5.200000000000000000e+01 -1.474446961299942169e-02 -1.358683317195382746e-02
5.300000000000000000e+01 -1.689617822499466654e-02 -1.555485270962243989e-02
5.400000000000000000e+01 -1.928790100313578990e-02 -1.774893774467952573e-02
5.500000000000000000e+01 -2.193339083718994290e-02 -2.018302793128418787e-02
5.600000000000000000e+01 -2.484668333748149549e-02 -2.286941783016606389e-02
5.700000000000000000e+01 -2.804189477732938612e-02 -2.582018148208575781e-02
5.800000000000000000e+01 -3.153188391472033780e-02 -2.904845873352634306e-02
5.900000000000000000e+01 -3.532639604888519747e-02 -3.256837923181579719e-02
6.000000000000000000e+01 -3.943083023990780894e-02 -3.639322488328768090e-02
6.100000000000000000e+01 -4.384642771450091014e-02 -4.053270124472783953e-02
6.200000000000000000e+01 -4.857162224391985139e-02 -4.499098949361876598e-02
6.300000000000000000e+01 -5.360330556006676073e-02 -4.976689306703684090e-02
6.400000000000000000e+01 -5.893668395399795368e-02 -5.485598581685997149e-02
6.500000000000000000e+01 -6.456342119964607329e-02 -6.025315474923190889e-02
6.600000000000000000e+01 -7.046916256634594422e-02 -6.595346186874602445e-02
6.700000000000000000e+01 -7.663219500656075212e-02 -7.195030741117290629e-02
6.800000000000000000e+01 -8.302429216264314848e-02 -7.823181841660938052e-02
6.900000000000000000e+01 -8.961316796326619649e-02 -8.477782595533728260e-02
7.000000000000000000e+01 -9.636467829338579705e-02 -9.155959360264835645e-02
7.100000000000000000e+01 -1.032430516580996605e-01 -9.854262804393019992e-02
7.200000000000000000e+01 -1.102089817929819415e-01 -1.056906960369941029e-01
7.300000000000000000e+01 -1.172171962098071119e-01 -1.129682284448368657e-01
7.400000000000000000e+01 -1.242156832934691313e-01 -1.203393947034143013e-01
7.500000000000000000e+01 -1.311475922844681230e-01 -1.277645569850506535e-01
7.600000000000000000e+01 -1.379547906505865784e-01 -1.351968105539581577e-01
7.700000000000000000e+01 -1.445807887349485898e-01 -1.425813833283260390e-01
7.800000000000000000e+01 -1.509712703353907892e-01 -1.498586938531270285e-01
7.900000000000000000e+01 -1.570724003586763118e-01 -1.569692709389868268e-01
8.000000000000000000e+01 -1.628288733473181038e-01 -1.638574355660510629e-01
8.100000000000000000e+01 -1.681838795457777369e-01 -1.704716031641378693e-01
8.200000000000000000e+01 -1.730816331118826545e-01 -1.767615646729141232e-01
8.300000000000000000e+01 -1.774710753340512370e-01 -1.826752933120570632e-01
8.400000000000000000e+01 -1.813084680613824828e-01 -1.881581022770997258e-01
8.500000000000000000e+01 -1.845575152445388389e-01 -1.931551878251059062e-01
8.600000000000000000e+01 -1.871875981691332735e-01 -1.976161090794945896e-01
8.700000000000000000e+01 -1.891720962047021004e-01 -2.014984281918217601e-01
8.800000000000000000e+01 -1.904885173637074769e-01 -2.047684782011081062e-01
8.900000000000000000e+01 -1.911205622380391378e-01 -2.073993802182053092e-01
9.000000000000000000e+01 -1.910606378361473234e-01 -2.093683376775750671e-01
9.100000000000000000e+01 -1.903109997646114382e-01 -2.106555240412891772e-01
9.200000000000000000e+01 -1.888828138761896314e-01 -2.112454626947670167e-01
9.300000000000000000e+01 -1.867940074753160207e-01 -2.111298484975702439e-01
9.400000000000000000e+01 -1.840675466831232787e-01 -2.103097564062136327e-01
9.500000000000000000e+01 -1.807311977029047445e-01 -2.087957729498901571e-01
9.600000000000000000e+01 -1.768184818004386871e-01 -2.066061769940579218e-01
9.700000000000000000e+01 -1.723695515114719579e-01 -2.037646137122742229e-01
9.800000000000000000e+01 -1.674308386025094020e-01 -2.002988137049979689e-01
9.900000000000000000e+01 -1.620533448923625608e-01 -1.962408677190652373e-01
1.000000000000000000e+02 -1.562904703089215974e-01 -1.916282848969597663e-01
1.010000000000000000e+02 -1.501964973335420672e-01 -1.865045266282481518e-01
1.020000000000000000e+02 -1.438261913510767431e-01 -1.809182298036633718e-01
1.030000000000000000e+02 -1.372350501404288325e-01 -1.749213865373069055e-01
1.040000000000000000e+02 -1.304792980771940780e-01 -1.685674697816418321e-01
1.050000000000000000e+02 -1.236150528030012657e-01 -1.619103824751603748e-01
1.060000000000000000e+02 -1.166968374580274193e-01 -1.550043529369211637e-01
1.070000000000000000e+02 -1.097761365357625002e-01 -1.479041568357257197e-01
1.080000000000000000e+02 -1.029006191012197119e-01 -1.406648830559391328e-01
1.090000000000000000e+02 -9.611411597309395261e-02 -1.333409315650032623e-01
1.100000000000000000e+02 -8.945691325574216257e-02 -1.259845964623592662e-01
1.110000000000000000e+02 -8.296581251488330255e-02 -1.186449115380950881e-01
1.120000000000000000e+02 -7.667373229338150797e-02 -1.113672098756681994e-01
1.130000000000000000e+02 -7.060907239094672827e-02 -1.041933081831807190e-01
1.140000000000000000e+02 -6.479527182810648767e-02 -9.716181612666900669e-02
1.150000000000000000e+02 -5.925084094864417616e-02 -9.030808524719166619e-02
1.160000000000000000e+02 -5.398980734300320300e-02 -8.366369044593105486e-02
1.170000000000000000e+02 -4.902226994319497377e-02 -7.725575257582160960e-02
1.180000000000000000e+02 -4.435477218169664448e-02 -7.110654891878220862e-02
1.190000000000000000e+02 -3.999042547124975061e-02 -6.523365039752358763e-02
1.200000000000000000e+02 -3.592893895835311269e-02 -5.965046490444692040e-02
1.210000000000000000e+02 -3.216677431764267125e-02 -5.436683426606221670e-02
1.220000000000000000e+02 -2.869752968177536126e-02 -4.938937701282482967e-02
1.230000000000000000e+02 -2.551248248640133540e-02 -4.472151990764868662e-02
1.240000000000000000e+02 -2.260112561093309547e-02 -4.036341081306100975e-02
1.250000000000000000e+02 -1.995156821244307294e-02 -3.631197864751121301e-02
1.260000000000000000e+02 -1.755078872919408131e-02 -3.256127936398153094e-02
1.270000000000000000e+02 -1.538482362528546810e-02 -2.910306027884975583e-02
1.280000000000000000e+02 -1.343898828938032246e-02 -2.592734412580587761e-02
1.290000000000000000e+02 -1.169816625698133147e-02 -2.302285543897826178e-02
1.300000000000000000e+02 -1.014712936099407964e-02 -2.037724416356301999e-02
1.310000000000000000e+02 -8.770819855188845965e-03 -1.797719573448130354e-02
1.320000000000000000e+02 -7.554548595663146751e-03 -1.580856353044591059e-02
1.330000000000000000e+02 -6.484112218313091772e-03 -1.385660539318391352e-02
1.340000000000000000e+02 -5.545867173908479095e-03 -1.210630770923114968e-02
1.350000000000000000e+02 -4.726799394124583074e-03 -1.054271263969252734e-02
1.360000000000000000e+02 -4.014603804177618862e-03 -9.151164756022612395e-03
1.370000000000000000e+02 -3.397761618695810740e-03 -7.917447385700998250e-03
1.380000000000000000e+02 -2.865593843771761708e-03 -6.827839699237931055e-03
1.390000000000000000e+02 -2.408278565474628735e-03 -5.869152673664031553e-03
1.400000000000000000e+02 -2.016836064849979702e-03 -5.028786492326310295e-03
1.410000000000000000e+02 -1.683096430737772735e-03 -4.294814285452872374e-03
1.420000000000000000e+02 -1.399663709499765355e-03 -3.656066988163656287e-03
1.430000000000000000e+02 -1.159882424974772487e-03 -3.102188709888053370e-03
1.440000000000000000e+02 -9.578041473130391881e-04 -2.623648335751963250e-03
1.450000000000000000e+02 -7.881489304712928053e-04 -2.211715111505208661e-03
1.460000000000000000e+02 -6.462589698432595533e-04 -1.858418399395025651e-03
1.470000000000000000e+02 -5.280462456483225441e-04 -1.556509538366855844e-03
1.480000000000000000e+02 -4.299385909116192669e-04 -1.299432303105699281e-03
1.490000000000000000e+02 -3.488282534733730162e-04 -1.081297466525023851e-03
1.500000000000000000e+02 -2.820247296211840764e-04 -8.968529615993405847e-04
1.510000000000000000e+02 -2.272114443219514412e-04 -7.414443706462054166e-04
1.520000000000000000e+02 -1.824050158513742625e-04 -6.109666601983637559e-04
1.530000000000000000e+02 -1.459163423254615738e-04 -5.018124435626788006e-04
1.540000000000000000e+02 -1.163137087350843424e-04 -4.108224241954354827e-04
1.550000000000000000e+02 -9.238869060949161493e-05 -3.352410045084859352e-04
1.560000000000000000e+02 -7.312553465902458876e-05 -2.726768423884192902e-04
1.570000000000000000e+02 -5.767418724544202182e-05 -2.210664148611668099e-04
1.580000000000000000e+02 -4.532665483316440403e-05 -1.786388672725873299e-04
1.590000000000000000e+02 -3.549618755848786545e-05 -1.438817281550591439e-04
