0.000000000000000000e+00 -4.745679274918555597e-07 -4.235151992951450976e-06
1.000000000000000000e+00 -1.281450928558656795e-13 -3.968299967761117083e-10
2.000000000000000000e+00 -2.444349317327527521e-13 -5.888186181288739179e-10
3.000000000000000000e+00 -4.707029528412555343e-13 -9.275469374360341471e-10
4.000000000000000000e+00 -8.982919594560438308e-13 -1.455245890277884304e-09
5.000000000000000000e+00 -1.699252573962109592e-12 -2.269703278724257395e-09
6.000000000000000000e+00 -3.186937775335960615e-12 -3.519640778478702582e-09
7.000000000000000000e+00 -5.925269742749789913e-12 -5.427445299614912745e-09
8.000000000000000000e+00 -1.091816506524308570e-11 -8.322021388482373758e-09
9.000000000000000000e+00 -1.993815246855844572e-11 -1.268555312214925981e-08
1.000000000000000000e+01 -3.609144602824121533e-11 -1.922136837465027142e-08
1.100000000000000000e+01 -6.477099289321519412e-11 -2.895216177743818763e-08
1.200000000000000000e+01 -1.152374416328913417e-10 -4.335816823456468245e-08
1.300000000000000000e+01 -2.032282718261737489e-10 -6.456551436222851254e-08
1.400000000000000000e+01 -3.552587565139839268e-10 -9.560030780662710431e-08
1.500000000000000000e+01 -6.156431731189040554e-10 -1.407360427730860616e-07
1.600000000000000000e+01 -1.057750315990134417e-09 -2.059754239104231615e-07
1.700000000000000000e+01 -1.801777773178753298e-09 -2.997135320807905610e-07
1.800000000000000000e+01 -3.042671359732095285e-09 -4.336262331604693788e-07
1.900000000000000000e+01 -5.093848143538761099e-09 -6.238309280591269492e-07
2.000000000000000000e+01 -8.454915860489314310e-09 -8.923954831189751442e-07
2.100000000000000000e+01 -1.391473550298231458e-08 -1.269322047054927440e-06
2.200000000000000000e+01 -2.270616405715137524e-08 -1.795170406145387902e-06
2.300000000000000000e+01 -3.673717981403517819e-08 -2.524479439372571876e-06
2.400000000000000000e+01 -5.893444404342626691e-08 -3.530119347992003770e-06
2.500000000000000000e+01 -9.374758260813837468e-08 -4.908735518444705421e-06
2.600000000000000000e+01 -1.478767513765280534e-07 -6.787561938541275892e-06
2.700000000000000000e+01 -2.313096759662493773e-07 -9.333006231954646463e-06
2.800000000000000000e+01 -3.587922092650386388e-07 -1.276140761466430698e-05
2.900000000000000000e+01 -5.518997334690145800e-07 -1.735224574873565404e-05
3.000000000000000000e+01 -8.419129721670688652e-07 -2.346403473163573045e-05
3.100000000000000000e+01 -1.273742968862132781e-06 -3.155334317308787517e-05
3.200000000000000000e+01 -1.911229906454638024e-06 -4.219766776589444889e-05
3.300000000000000000e+01 -2.844258847208623718e-06 -5.612283238494602703e-05
3.400000000000000000e+01 -4.198229883218428594e-06 -7.423508864994740543e-05
3.500000000000000000e+01 -6.146452173082582727e-06 -9.765774158531753115e-05
3.600000000000000000e+01 -8.926086610454413161e-06 -1.277725808582949303e-04
3.700000000000000000e+01 -1.285845120566973511e-05 -1.662672904532105000e-04
3.800000000000000000e+01 -1.837472947526127398e-05 -2.151898928341264175e-04
3.900000000000000000e+01 -2.604812302208242518e-05 -2.770094262127523101e-04
4.000000000000000000e+01 -3.663326046201718157e-05 -3.546801295564187199e-04
4.100000000000000000e+01 -5.111362510644164287e-05 -4.517072015779163906e-04
4.200000000000000000e+01 -7.075809671045694667e-05 -5.722156809324514251e-04
4.300000000000000000e+01 -9.718783079067210018e-05 -7.210256939839849999e-04
4.400000000000000000e+01 -1.324539399978654213e-04 -9.037329106124226789e-04
4.500000000000000000e+01 -1.791253173616024689e-04 -1.126785275232692262e-03
4.600000000000000000e+01 -2.403857600197605829e-04 -1.397545289218385389e-03
4.700000000000000000e+01 -3.201401847108405435e-04 -1.724336375042977718e-03
4.800000000000000000e+01 -4.231291077231567909e-04 -2.116483189031608675e-03
4.900000000000000000e+01 -5.550478052167957203e-04 -2.584352966885325974e-03
5.000000000000000000e+01 -7.226642806334996521e-04 -3.139385284220861869e-03
5.100000000000000000e+01 -9.339310272973200440e-04 -3.794081464828176313e-03
5.200000000000000000e+01 -1.198087293111689241e-03 -4.561936119117974107e-03
5.300000000000000000e+01 -1.525746261015909540e-03 -5.457326600631234176e-03
5.400000000000000000e+01 -1.928956125389527654e-03 -6.495393807677790447e-03
5.500000000000000000e+01 -2.421222769813213826e-03 -7.691920900869894835e-03
5.600000000000000000e+01 -3.017487228101310530e-03 -9.063167930277834378e-03
5.700000000000000000e+01 -3.734054968923799372e-03 -1.062560943930122327e-02
5.800000000000000000e+01 -4.588468922805729461e-03 -1.239557522496996175e-02
5.900000000000000000e+01 -5.599311591755836218e-03 -1.438886053262612881e-02
6.000000000000000000e+01 -6.785926736506029192e-03 -1.662037037179761936e-02
6.100000000000000000e+01 -8.168064753078128556e-03 -1.910378212185816216e-02
6.200000000000000000e+01 -9.765459860435629635e-03 -2.185113954906361955e-02
6.300000000000000000e+01 -1.159733724018747157e-02 -2.487232398006623130e-02
6.400000000000000000e+01 -1.368184417226131488e-02 -2.817446467414442754e-02
6.500000000000000000e+01 -1.603541506730353505e-02 -3.176142147515255421e-02
6.600000000000000000e+01 -1.867209866291306974e-02 -3.563340612506471494e-02
6.700000000000000000e+01 -2.160287213596017927e-02 -3.978666939821212667e-02
6.800000000000000000e+01 -2.483495049847041919e-02 -4.421313173873962776e-02
6.900000000000000000e+01 -2.837110147907235744e-02 -4.889994529740643997e-02
7.000000000000000000e+01 -3.220899909667724464e-02 -5.382912743020220464e-02
7.100000000000000000e+01 -3.634066027875479388e-02 -5.897742120367988755e-02
7.200000000000000000e+01 -4.075199094706218050e-02 -6.431638913896527143e-02
7.300000000000000000e+01 -4.542244862395650867e-02 -6.981259769671116500e-02
7.400000000000000000e+01 -5.032483687614233703e-02 -7.542777286764720812e-02
7.500000000000000000e+01 -5.542526624559213078e-02 -8.111897609087617700e-02
7.600000000000000000e+01 -6.068331090269703937e-02 -8.683896815352219745e-02
7.700000000000000000e+01 -6.605236242495324261e-02 -9.253685718290211026e-02
7.800000000000000000e+01 -7.148016776392150662e-02 -9.815894442525641139e-02
7.900000000000000000e+01 -7.690954956130191533e-02 -1.036495920321250652e-01
8.000000000000000000e+01 -8.227931470786130352e-02 -1.089520330795047259e-01
8.100000000000000000e+01 -8.752533979471756320e-02 -1.140092060365323623e-01
8.200000000000000000e+01 -9.258179823813077192e-02 -1.187647373541536183e-01
8.300000000000000000e+01 -9.738248987043932048e-02 -1.231640758918270268e-01
8.400000000000000000e+01 -1.018622438382282419e-01 -1.271556418145833589e-01
8.500000000000000000e+01 -1.059583652019897571e-01 -1.306918431174104167e-01
8.600000000000000000e+01 -1.096120810850801097e-01 -1.337299323432128706e-01
8.700000000000000000e+01 -1.127699329949506807e-01 -1.362327843757239754e-01
8.800000000000000000e+01 -1.153850682058189248e-01 -1.381696611933314056e-01
8.900000000000000000e+01 -1.174183930473620546e-01 -1.395169229979570380e-01
9.000000000000000000e+01 -1.188395525021460480e-01 -1.402585719098227712e-01
9.100000000000000000e+01 -1.196276986738601666e-01 -1.403865497360430037e-01
9.200000000000000000e+01 -1.197720163789110920e-01 -1.399008096390645106e-01
9.300000000000000000e+01 -1.192719870610670918e-01 -1.388092396307776533e-01
9.400000000000000000e+01 -1.181373837497026874e-01 -1.371274852832893298e-01
9.500000000000000000e+01 -1.163879966856263132e-01 -1.348786468112523618e-01
9.600000000000000000e+01 -1.140530964113613266e-01 -1.320927937758719917e-01
9.700000000000000000e+01 -1.111706520149412514e-01 -1.288062804797601990e-01
9.800000000000000000e+01 -1.077863336490976764e-01 -1.250609133487543267e-01
9.900000000000000000e+01 -1.039523360188355783e-01 -1.209030515137149986e-01
1.000000000000000000e+02 -9.972606359882271732e-02 -1.163826905194445399e-01
1.010000000000000000e+02 -9.516872209302645880e-02 -1.115525250604151308e-01
1.020000000000000000e+02 -9.034386456727590275e-02 -1.064669665124725467e-01
1.030000000000000000e+02 -8.531594191913957625e-02 -1.011811226255389246e-01
1.040000000000000000e+02 -8.014890418919522197e-02 -9.574979421498906740e-02
1.050000000000000000e+02 -7.490489364971016084e-02 -9.022655665583566298e-02
1.060000000000000000e+02 -6.964306536760203614e-02 -8.466295922018074460e-02
1.070000000000000000e+02 -6.441856572505393064e-02 -7.910782840350298606e-02
1.080000000000000000e+02 -5.928169188273890722e-02 -7.360664789950664699e-02
1.090000000000000000e+02 -5.427724522982545902e-02 -6.820101584172864884e-02
1.100000000000000000e+02 -4.944408236404973511e-02 -6.292821373684197306e-02
1.110000000000000000e+02 -4.481486024791336842e-02 -5.782092188406518646e-02
1.120000000000000000e+02 -4.041596668193463138e-02 -5.290708155031979137e-02
1.130000000000000000e+02 -3.626762098935056716e-02 -4.820987000141172679e-02
1.140000000000000000e+02 -3.238412343252677905e-02 -4.374775278453422317e-02
1.150000000000000000e+02 -2.877422798985142596e-02 -3.953460411237740696e-02
1.160000000000000000e+02 -2.544161247954201260e-02 -3.557990827836485237e-02
1.170000000000000000e+02 -2.238542058322241443e-02 -3.188904904052612677e-02
1.180000000000000000e+02 -1.960085040052526525e-02 -2.846366862637581679e-02
1.190000000000000000e+02 -1.707976464533764172e-02 -2.530206140000948456e-02
1.200000000000000000e+02 -1.481130009448541895e-02 -2.239957485064515696e-02
1.210000000000000000e+02 -1.278245804441226728e-02 -1.974901130184207251e-02
1.220000000000000000e+02 -1.097866145406812058e-02 -1.734103535731268408e-02
1.230000000000000000e+02 -9.384267353240018789e-03 -1.516458571243174507e-02
1.240000000000000000e+02 -7.983025876575400304e-03 -1.320727664679996992e-02
1.250000000000000000e+02 -6.758480714488712855e-03 -1.145577029934354528e-02
1.260000000000000000e+02 -5.694309254383675412e-03 -9.896109508134983898e-03
1.270000000000000000e+02 -4.774603225209657874e-03 -8.514012782558179337e-03
1.280000000000000000e+02 -3.984092211096169900e-03 -7.295137117852312260e-03
1.290000000000000000e+02 -3.308313651812356485e-03 -6.225309987844923100e-03
1.300000000000000000e+02 -2.733734202688799155e-03 -5.290726482639218457e-03
1.310000000000000000e+02 -2.247828240371310422e-03 -4.478107662245519975e-03
1.320000000000000000e+02 -1.839119571481475160e-03 -3.774821120432770346e-03
1.330000000000000000e+02 -1.497192222638750155e-03 -3.168969209259878735e-03
1.340000000000000000e+02 -1.212675919051878519e-03 -2.649450810731149124e-03
1.350000000000000000e+02 -9.772115830257810474e-04 -2.206000079091024590e-03
1.360000000000000000e+02 -7.834017720360324103e-04 -1.829203609368392500e-03
1.370000000000000000e+02 -6.247503854050662393e-04 -1.510497794009575722e-03
1.380000000000000000e+02 -4.955953226951488556e-04 -1.242149696544481065e-03
1.390000000000000000e+02 -3.910371926278122506e-04 -1.017225649145443202e-03
1.400000000000000000e+02 -3.068666536499285486e-04 -8.295512243561989699e-04
1.410000000000000000e+02 -2.394924694482600269e-04 -6.736650211414216705e-04
1.420000000000000000e+02 -1.858718843243974789e-04 -5.447679203697300106e-04
1.430000000000000000e+02 -1.434444981706968372e-04 -4.386693960923407679e-04
1.440000000000000000e+02 -1.100704689070089058e-04 -3.517326483617693291e-04
1.450000000000000000e+02 -8.397358054866071650e-05 -2.808202311401412996e-04
1.460000000000000000e+02 -6.368946831087418995e-05 -2.232414208983131095e-04
1.470000000000000000e+02 -4.801908826009610614e-05 -1.767020843435005166e-04
1.480000000000000000e+02 -3.598735701427695997e-05 -1.392575003571003961e-04
1.490000000000000000e+02 -2.680676795022892477e-05 -1.092684788710602758e-04
1.500000000000000000e+02 -1.984570281996214785e-05 -8.536105589587337714e-05
1.510000000000000000e+02 -1.460109859044246717e-05 -6.638993047618533616e-05
1.520000000000000000e+02 -1.067509107026478555e-05 -5.140565462287172453e-05
1.530000000000000000e+02 -7.755238743440388019e-06 -3.962545564354997727e-05
1.540000000000000000e+02 -5.597929044575198177e-06 -3.040749642565700607e-05
1.550000000000000000e+02 -4.014578517636444000e-06 -2.322835088553003156e-05
1.560000000000000000e+02 -2.860258105134393978e-06 -1.766345676737958250e-05
1.570000000000000000e+02 -2.024399370549959527e-06 -1.337029149569869533e-05
1.580000000000000000e+02 -1.423267478875987255e-06 -1.007400331065830889e-05
1.590000000000000000e+02 -9.939179803137381716e-07 -7.555226635601907806e-06
