0.000000000000000000e+00 -1.132568917668431787e-06 -4.713519924125563019e-06
1.000000000000000000e+00 -1.628244684112059909e-09 -2.802334572474871111e-09
2.000000000000000000e+00 -2.457260866525665031e-09 -3.875866756199662416e-09
3.000000000000000000e+00 -3.657170426457242666e-09 -5.806475248431756680e-09
4.000000000000000000e+00 -5.419431447292065256e-09 -8.686652737263472902e-09
5.000000000000000000e+00 -7.988872431901787293e-09 -1.293003131794068956e-08
6.000000000000000000e+00 -1.171429320788212369e-08 -1.914119722239525248e-08
7.000000000000000000e+00 -1.708640984283294724e-08 -2.818317989967985571e-08
8.000000000000000000e+00 -2.479126727070781823e-08 -4.128065432527856492e-08
9.000000000000000000e+00 -3.578242239290379425e-08 -6.015738461569471397e-08
1.000000000000000000e+01 -5.137763593387236444e-08 -8.721677454556777387e-08
1.100000000000000000e+01 -7.338753693705279591e-08 -1.257840861653531704e-07
1.200000000000000000e+01 -1.042857427511627295e-07 -1.804386068193573819e-07
1.300000000000000000e+01 -1.474323687323453524e-07 -2.574670029138471370e-07
1.400000000000000000e+01 -2.073658148734100751e-07 -3.654638572263220751e-07
1.500000000000000000e+01 -2.901812414114000084e-07 -5.161018920297800936e-07
1.600000000000000000e+01 -4.040183245056412900e-07 -7.251075773420250330e-07
1.700000000000000000e+01 -5.596858015117980252e-07 -1.013510846260263446e-06
1.800000000000000000e+01 -7.714560400539268115e-07 -1.409271803516643188e-06
1.900000000000000000e+01 -1.058069430434568289e-06 -1.949395928391985644e-06
2.000000000000000000e+01 -1.443995815658924108e-06 -2.682628183988997159e-06
2.100000000000000000e+01 -1.961008437664274528e-06 -3.672798027623610593e-06
2.200000000000000000e+01 -2.650134984135673610e-06 -5.002912794948356326e-06
2.300000000000000000e+01 -3.564060221939491160e-06 -6.780168574591732597e-06
2.400000000000000000e+01 -4.770065279510983019e-06 -9.142117186387744979e-06
2.500000000000000000e+01 -6.353599678830487356e-06 -1.226424521429595261e-05
2.600000000000000000e+01 -8.422593423663051474e-06 -1.636919118303836615e-05
2.700000000000000000e+01 -1.111262745890388706e-05 -2.173779746964157037e-05
2.800000000000000000e+01 -1.459309118548109246e-05 -2.872218285286950399e-05
2.900000000000000000e+01 -1.907446493082225609e-05 -3.776099823140091833e-05
3.000000000000000000e+01 -2.481687275570883264e-05 -4.939699839948222823e-05
3.100000000000000000e+01 -3.214005605232942488e-05 -6.429713573622377232e-05
3.200000000000000000e+01 -4.143492019473013022e-05 -8.327562455073707337e-05
3.300000000000000000e+01 -5.317680391419508110e-05 -1.073206054380042919e-04
3.400000000000000000e+01 -6.794061281848237785e-05 -1.376246836867606974e-04
3.500000000000000000e+01 -8.641794348033111613e-05 -1.756186139016516798e-04
3.600000000000000000e+01 -1.094363021076577656e-04 -2.230065780721019451e-04
3.700000000000000000e+01 -1.379804913301422653e-04 -2.818021156969137430e-04
3.800000000000000000e+01 -1.732161987185748694e-04 -3.543658723431077290e-04
3.900000000000000000e+01 -2.165157689575727159e-04 -4.434477732091014800e-04
4.000000000000000000e+01 -2.694860759400744747e-04 -5.522342474714221237e-04
4.100000000000000000e+01 -3.339983312255530171e-04 -6.843960163835259222e-04
4.200000000000000000e+01 -4.122195733529613725e-04 -8.441285481298445520e-04
4.300000000000000000e+01 -5.066454800866158729e-04 -1.036180838708961700e-03
4.400000000000000000e+01 -6.201340304032995025e-04 -1.265877349649908740e-03
4.500000000000000000e+01 -7.559394087102149374e-04 -1.539143145374191179e-03
4.600000000000000000e+01 -9.177453874043739641e-04 -1.862534567745132048e-03
4.700000000000000000e+01 -1.109697254097450746e-03 -2.243261058212498490e-03
4.800000000000000000e+01 -1.336431185185995348e-03 -2.689175330903316712e-03
4.900000000000000000e+01 -1.603099818682039235e-03 -3.208722866808591707e-03
5.000000000000000000e+01 -1.915392630044369026e-03 -3.810868776562561892e-03
5.100000000000000000e+01 -2.279549530806678631e-03 -4.505031695917828191e-03
5.200000000000000000e+01 -2.702365886728792365e-03 -5.301031198286123083e-03
5.300000000000000000e+01 -3.191186960026580303e-03 -6.209014763922562040e-03
5.400000000000000000e+01 -3.753889728055022357e-03 -7.239316909801967251e-03
5.500000000000000000e+01 -4.398850138000902528e-03 -8.402241033466593609e-03
5.600000000000000000e+01 -5.134893959794227351e-03 -9.707812949961027935e-03
5.700000000000000000e+01 -5.971229277775576619e-03 -1.116557079431903556e-02
5.800000000000000000e+01 -6.917358370339059086e-03 -1.278440155876535769e-02
5.900000000000000000e+01 -7.982966756921255902e-03 -1.457235945228086381e-02
6.000000000000000000e+01 -9.177788055385398616e-03 -1.653638947003478396e-02
6.100000000000000000e+01 -1.051144473453526768e-02 -1.868195741282068986e-02
6.200000000000000000e+01 -1.199326566787846556e-02 -2.101268245437228413e-02
6.300000000000000000e+01 -1.363208065835425087e-02 -2.353007622621845762e-02
6.400000000000000000e+01 -1.543599082053435240e-02 -2.623339302586885982e-02
6.500000000000000000e+01 -1.741211465037728265e-02 -2.911948756074527259e-02
6.600000000000000000e+01 -1.956631419904024047e-02 -3.218257957295617838e-02
6.700000000000000000e+01 -2.190291089871928068e-02 -3.541394692150504064e-02
6.800000000000000000e+01 -2.442440042973540587e-02 -3.880168631431887838e-02
6.900000000000000000e+01 -2.713116918042408551e-02 -4.233066478406172922e-02
7.000000000000000000e+01 -3.002120922504373374e-02 -4.598264370654904509e-02
7.100000000000000000e+01 -3.308983501439088232e-02 -4.973643590815682997e-02
7.200000000000000000e+01 -3.632942201746246214e-02 -5.356798476994757696e-02
7.300000000000000000e+01 -3.972919739975838693e-02 -5.745040443305896027e-02
7.400000000000000000e+01 -4.327509823918768844e-02 -6.135413319256986103e-02
7.500000000000000000e+01 -4.694968311383073550e-02 -6.524730677845504145e-02
7.600000000000000000e+01 -5.073207362236550194e-02 -6.909630084621908030e-02
7.700000000000000000e+01 -5.459793579915657447e-02 -7.286628619141383156e-02
7.800000000000000000e+01 -5.851955793426483199e-02 -7.652169201488956407e-02
7.900000000000000000e+01 -6.246607909545028731e-02 -8.002662097350016213e-02
8.000000000000000000e+01 -6.640385235992209145e-02 -8.334534668891881160e-02
8.100000000000000000e+01 -7.029685676157540475e-02 -8.644296306323426271e-02
8.200000000000000000e+01 -7.410709595519404669e-02 -8.928611498776106714e-02
8.300000000000000000e+01 -7.779503634116610722e-02 -9.184366684107765633e-02
8.400000000000000000e+01 -8.132021260393901274e-02 -9.408722606903525965e-02
8.500000000000000000e+01 -8.464204491792959306e-02 -9.599156239611236763e-02
8.600000000000000000e+01 -8.772072951843937205e-02 -9.753502195801694308e-02
8.700000000000000000e+01 -9.051799521880175836e-02 -9.869997905309818576e-02
8.800000000000000000e+01 -9.299768239794298230e-02 -9.947326397022995814e-02
8.900000000000000000e+01 -9.512633784530742653e-02 -9.984646094176158337e-02
9.000000000000000000e+01 -9.687403235643227140e-02 -9.981602422504393113e-02
9.100000000000000000e+01 -9.821532895540525943e-02 -9.938325283648613562e-02
9.200000000000000000e+01 -9.913005893553446246e-02 -9.855420572950493452e-02
9.300000000000000000e+01 -9.960365218176785163e-02 -9.733959786427491545e-02
9.400000000000000000e+01 -9.962716925193768058e-02 -9.575464353468837730e-02
9.500000000000000000e+01 -9.919743888037975410e-02 -9.381878180153740976e-02
9.600000000000000000e+01 -9.831747456254211204e-02 -9.155525775691578105e-02
9.700000000000000000e+01 -9.699685653177181344e-02 -8.899060197021606278e-02
9.800000000000000000e+01 -9.525160333335441765e-02 -8.615408383652410629e-02
9.900000000000000000e+01 -9.310346052786165616e-02 -8.307718550945013269e-02
1.000000000000000000e+02 -9.057906298416348867e-02 -7.979308441980569044e-02
1.010000000000000000e+02 -8.770945064416239834e-02 -7.633610189329217977e-02
1.020000000000000000e+02 -8.452988157618357423e-02 -7.274110029896714569e-02
1.030000000000000000e+02 -8.107941454435288464e-02 -6.904286435122372612e-02
1.040000000000000000e+02 -7.739989616110475035e-02 -6.527553081196064977e-02
1.050000000000000000e+02 -7.353460702869553389e-02 -6.147210796536599353e-02
1.060000000000000000e+02 -6.952717164077222567e-02 -5.766407536994413996e-02
1.070000000000000000e+02 -6.542101078281642446e-02 -5.388102440161400553e-02
1.080000000000000000e+02 -6.125900470371852674e-02 -5.015031677514268649e-02
1.090000000000000000e+02 -5.708285216871568368e-02 -4.649678062658851863e-02
1.100000000000000000e+02 -5.293204232421600680e-02 -4.294248736520707432e-02
1.110000000000000000e+02 -4.884287378898675980e-02 -3.950663419215511007e-02
1.120000000000000000e+02 -4.484796579953954226e-02 -3.620551620290701766e-02
1.130000000000000000e+02 -4.097623610938493088e-02 -3.305254805540124713e-02
1.140000000000000000e+02 -3.725293230816540541e-02 -3.005830814709185492e-02
1.150000000000000000e+02 -3.369941082636887519e-02 -2.723061068793265413e-02
1.160000000000000000e+02 -3.033278090147846495e-02 -2.457462895815265211e-02
1.170000000000000000e+02 -2.716576711741282638e-02 -2.209308047601970387e-02
1.180000000000000000e+02 -2.420696374126515837e-02 -1.978645716609536004e-02
1.190000000000000000e+02 -2.146130941799677047e-02 -1.765326886645676718e-02
1.200000000000000000e+02 -1.893048933033167347e-02 -1.569027867785170033e-02
1.210000000000000000e+02 -1.661316035497530097e-02 -1.389273064043405892e-02
1.220000000000000000e+02 -1.450514088935090512e-02 -1.225458204856766722e-02
1.230000000000000000e+02 -1.259974769712009397e-02 -1.076874572010093518e-02
1.240000000000000000e+02 -1.088829795828218268e-02 -9.427332235481786921e-03
1.250000000000000000e+02 -9.360634452754097723e-03 -8.221874903901256471e-03
1.260000000000000000e+02 -8.005535254857670813e-03 -7.143526789316997049e-03
1.270000000000000000e+02 -6.810997710791967877e-03 -6.183231434249607597e-03
1.280000000000000000e+02 -5.764487103994347418e-03 -5.331875282391894399e-03
1.290000000000000000e+02 -4.853224216866738709e-03 -4.580426479759842386e-03
1.300000000000000000e+02 -4.064498621851012246e-03 -3.920057561563137366e-03
1.310000000000000000e+02 -3.385938443139862707e-03 -3.342246371736749995e-03
1.320000000000000000e+02 -2.805689222126580250e-03 -2.838852672921402844e-03
1.330000000000000000e+02 -2.312515271613851432e-03 -2.402173284706443385e-03
1.340000000000000000e+02 -1.895870810464719228e-03 -2.024981180220745362e-03
1.350000000000000000e+02 -1.545971554306617033e-03 -1.700552471756348319e-03
1.360000000000000000e+02 -1.253859665975189022e-03 -1.422682218447095031e-03
1.370000000000000000e+02 -1.011437080596131128e-03 -1.185688596978276121e-03
1.380000000000000000e+02 -8.114556776288616487e-04 -9.844059269465336819e-04
1.390000000000000000e+02 -6.474767459980229232e-04 -8.141687699603454694e-04
1.400000000000000000e+02 -5.138216528190317142e-04 -6.707900366570536876e-04
1.410000000000000000e+02 -4.055257649368894965e-04 -5.505353603239944915e-04
1.420000000000000000e+02 -3.182927929048390845e-04 -4.500948447358692033e-04
1.430000000000000000e+02 -2.484416137719901705e-04 -3.665526703662507066e-04
1.440000000000000000e+02 -1.928436976418785079e-04 -2.973551548507375538e-04
1.450000000000000000e+02 -1.488571948796935606e-04 -2.402782247760982799e-04
1.460000000000000000e+02 -1.142653555308033970e-04 -1.933953479103208740e-04
1.470000000000000000e+02 -8.722243719054045602e-05 -1.550466999646605529e-04
1.480000000000000000e+02 -6.620535865309792336e-05 -1.238099503354016067e-04
1.490000000000000000e+02 -4.996831478239555026e-05 -9.847280915057136323e-05
1.500000000000000000e+02 -3.749974489023934893e-05 -7.800743412607479715e-05
1.510000000000000000e+02 -2.798317690537437881e-05 -6.154682911994808255e-05
1.520000000000000000e+02 -2.076352219893357406e-05 -4.836335544279764931e-05
1.530000000000000000e+02 -1.531895160195426338e-05 -3.784939503617186794e-05
1.540000000000000000e+02 -1.123726012092131449e-05 -2.950010645929218282e-05
1.550000000000000000e+02 -8.195534578595313810e-06 -2.289815147855034182e-05
1.560000000000000000e+02 -5.942584744131262369e-06 -1.770025276041159313e-05
1.570000000000000000e+02 -4.284131789214385097e-06 -1.362544754826641063e-05
1.580000000000000000e+02 -3.070760842304130502e-06 -1.044490410948139182e-05
1.590000000000000000e+02 -2.188342391141539640e-06 -7.973161697381185608e-06
