0.000000000000000000e+00 -2.056410349825896588e-06 -1.098454306319987147e-05
1.000000000000000000e+00 -9.177233186970091910e-11 -3.929941045746656833e-09
2.000000000000000000e+00 -1.441121702588191586e-10 -5.369125804830830268e-09
3.000000000000000000e+00 -2.365511888864065513e-10 -7.959606300411411553e-09
4.000000000000000000e+00 -3.861391613241849010e-10 -1.178651651486580343e-08
5.000000000000000000e+00 -6.260311233271481915e-10 -1.736710436815496202e-08
6.000000000000000000e+00 -1.008165651655868661e-09 -2.545809629311534067e-08
7.000000000000000000e+00 -1.612986724028286554e-09 -3.713035154231716402e-08
8.000000000000000000e+00 -2.563841550618203964e-09 -5.388225888011522376e-08
9.000000000000000000e+00 -4.048093146591072889e-09 -7.779157349606360039e-08
1.000000000000000000e+01 -6.348431369839967713e-09 -1.117220202047706576e-07
1.100000000000000000e+01 -9.889236257260965059e-09 -1.596068159239073530e-07
1.200000000000000000e+01 -1.530377011681256218e-08 -2.268302074789333230e-07
1.300000000000000000e+01 -2.352915026845669990e-08 -3.207238837172129517e-07
1.400000000000000000e+01 -3.593938737872986067e-08 -4.511977074966486206e-07
1.500000000000000000e+01 -5.453320018115218381e-08 -6.315413985451705664e-07
1.600000000000000000e+01 -8.220043990966149054e-08 -8.794601655663475413e-07
1.700000000000000000e+01 -1.230949165613741740e-07 -1.218424914268247300e-06
1.800000000000000000e+01 -1.831433442307148256e-07 -1.679413241152530761e-06
1.900000000000000000e+01 -2.707289655799765819e-07 -2.303100619246595688e-06
2.000000000000000000e+01 -3.976115089229499585e-07 -3.142560752294677388e-06
2.100000000000000000e+01 -5.801737744589708559e-07 -4.266568938064623241e-06
2.200000000000000000e+01 -8.410982696722737995e-07 -5.763657071979149968e-06
2.300000000000000000e+01 -1.211571179387355080e-06 -7.747106417226642933e-06
2.400000000000000000e+01 -1.734120021082997731e-06 -1.036106549701283370e-05
2.500000000000000000e+01 -2.466254243481694228e-06 -1.378796264356134575e-05
2.600000000000000000e+01 -3.485169871586703910e-06 -1.825736774441347467e-05
2.700000000000000000e+01 -4.893810467710027498e-06 -2.405643774391132443e-05
2.800000000000000000e+01 -6.828508977352977039e-06 -3.154204812578061340e-05
2.900000000000000000e+01 -9.468385116259017231e-06 -4.115472527365184491e-05
3.000000000000000000e+01 -1.304680429892595809e-05 -5.343464009800848256e-05
3.100000000000000000e+01 -1.786546006134391926e-05 -6.904014349686073213e-05
3.200000000000000000e+01 -2.431169908659368620e-05 -8.876931197870411802e-05
3.300000000000000000e+01 -3.287937824035655818e-05 -1.135844359123048847e-04
3.400000000000000000e+01 -4.419318667397147571e-05 -1.446385706469545960e-04
3.500000000000000000e+01 -5.903658138074376744e-05 -1.833030728160769561e-04
3.600000000000000000e+01 -7.838418712681577915e-05 -2.311961422185877368e-04
3.700000000000000000e+01 -1.034396734730875432e-04 -2.902140495396446948e-04
3.800000000000000000e+01 -1.356790146958720825e-04 -3.625668530043115920e-04
3.900000000000000000e+01 -1.768976541818332129e-04 -4.508176437772141044e-04
4.000000000000000000e+01 -2.292603642564528107e-04 -5.579205141411536402e-04
4.100000000000000000e+01 -2.953545786724577214e-04 -6.872518445589470256e-04
4.200000000000000000e+01 -3.782488088405866044e-04 -8.426344822690455365e-04
4.300000000000000000e+01 -4.815550077484857111e-04 -1.028361037297950958e-03
4.400000000000000000e+01 -6.094896991546319264e-04 -1.249222817313786881e-03
4.500000000000000000e+01 -7.669287548691895631e-04 -1.510541358529545256e-03
4.600000000000000000e+01 -9.594559558618108268e-04 -1.818187767981271430e-03
4.700000000000000000e+01 -1.193409064605974960e-03 -2.178574891053171314e-03
4.800000000000000000e+01 -1.475922098323108507e-03 -2.598623272969277382e-03
4.900000000000000000e+01 -1.814952868173420625e-03 -3.085720164217293972e-03
5.000000000000000000e+01 -2.219283487548448074e-03 -3.647689865839779180e-03
5.100000000000000000e+01 -2.698493136266305690e-03 -4.292768478393148637e-03
5.200000000000000000e+01 -3.262913347616471730e-03 -5.029549703422520231e-03
5.300000000000000000e+01 -3.923569689866968253e-03 -5.866872263042525668e-03
5.400000000000000000e+01 -4.692094667338747582e-03 -6.813657748183273022e-03
5.500000000000000000e+01 -5.580590333931655621e-03 -7.878744490725083857e-03
5.600000000000000000e+01 -6.601439022420830562e-03 -9.070755584681905112e-03
5.700000000000000000e+01 -7.767085184971275237e-03 -1.039798688051261910e-02
5.800000000000000000e+01 -9.089807378837837931e-03 -1.186825533012501530e-02
5.900000000000000000e+01 -1.058146813987454610e-02 -1.348866355782473228e-02
6.000000000000000000e+01 -1.225321193581090443e-02 -1.526530691624405044e-02
6.100000000000000000e+01 -1.411510682367660141e-02 -1.720300477742264453e-02
6.200000000000000000e+01 -1.617576722326341532e-02 -1.930511472938816267e-02
6.300000000000000000e+01 -1.844199964128645161e-02 -2.157340261286395250e-02
6.400000000000000000e+01 -2.091847113707352712e-02 -2.400788099382866747e-02
6.500000000000000000e+01 -2.360736574425873618e-02 -2.660656332843644445e-02
6.600000000000000000e+01 -2.650801619136348639e-02 -2.936518203525558326e-02
6.700000000000000000e+01 -2.961655329854202476e-02 -3.227698177024450332e-02
6.800000000000000000e+01 -3.292563285158008751e-02 -3.533265379934696915e-02
6.900000000000000000e+01 -3.642425464271986657e-02 -3.852036617513001499e-02
7.000000000000000000e+01 -4.009763733773251404e-02 -4.182578298858362353e-02
7.100000000000000000e+01 -4.392712165124363494e-02 -4.523202033021043317e-02
7.200000000000000000e+01 -4.789013098093407306e-02 -4.871960061280869447e-02
7.300000000000000000e+01 -5.196024831804425120e-02 -5.226652035641943944e-02
7.400000000000000000e+01 -5.610743113070602861e-02 -5.584848291179896063e-02
7.500000000000000000e+01 -6.029832827539470530e-02 -5.943923371248993615e-02
7.600000000000000000e+01 -6.449665510219892983e-02 -6.301088912962694855e-02
7.700000000000000000e+01 -6.866362841773646086e-02 -6.653421444080548364e-02
7.800000000000000000e+01 -7.275849821439721310e-02 -6.997890874036917508e-02
7.900000000000000000e+01 -7.673919204189241783e-02 -7.331398684041062763e-02
8.000000000000000000e+01 -8.056303820008808847e-02 -7.650828129013877155e-02
8.100000000000000000e+01 -8.418751555571901690e-02 -7.953099601608208669e-02
8.200000000000000000e+01 -8.757100596872252618e-02 -8.235222020584116731e-02
8.300000000000000000e+01 -9.067355772067189901e-02 -8.494337206717557376e-02
8.400000000000000000e+01 -9.345766428623167310e-02 -8.727761590316204798e-02
8.500000000000000000e+01 -9.588903178965857421e-02 -8.933030661328955624e-02
8.600000000000000000e+01 -9.793729064830800080e-02 -9.107946026819550844e-02
8.700000000000000000e+01 -9.957662028201325066e-02 -9.250619236981547089e-02
8.800000000000000000e+01 -1.007862797573898656e-01 -9.359506506110937263e-02
8.900000000000000000e+01 -1.015510445698402653e-01 -9.433433426537843336e-02
9.000000000000000000e+01 -1.018615390041347213e-01 -9.471613101815028191e-02
9.100000000000000000e+01 -1.017144440396663685e-01 -9.473660595838991061e-02
9.200000000000000000e+01 -1.011125655415319596e-01 -9.439602575436498166e-02
9.300000000000000000e+01 -1.000647608563830365e-01 -9.369878359252081790e-02
9.400000000000000000e+01 -9.858573178071344811e-02 -9.265330141238828365e-02
9.500000000000000000e+01 -9.669569431111731117e-02 -9.127184033062391011e-02
9.600000000000000000e+01 -9.441993501001258449e-02 -8.957025577753749412e-02
9.700000000000000000e+01 -9.178826441372710254e-02 -8.756771681615915792e-02
9.800000000000000000e+01 -8.883438032268103912e-02 -8.528637760833898684e-02
9.900000000000000000e+01 -8.559515784011983985e-02 -8.275097990825944216e-02
1.000000000000000000e+02 -8.210988838655203237e-02 -7.998838966728291644e-02
1.010000000000000000e+02 -7.841949396397729366e-02 -7.702710261833195515e-02
1.020000000000000000e+02 -7.456574170784149858e-02 -7.389675934988687578e-02
1.030000000000000000e+02 -7.059047744584411033e-02 -7.062768418352714794e-02
1.040000000000000000e+02 -6.653489176970844854e-02 -6.725043201982278118e-02
1.050000000000000000e+02 -6.243883342445125106e-02 -6.379532484985576957e-02
1.060000000000000000e+02 -5.834018966223711300e-02 -6.029198698685485358e-02
1.070000000000000000e+02 -5.427435285683440691e-02 -5.676891596830334341e-02
1.080000000000000000e+02 -5.027378355149478284e-02 -5.325312459023949507e-02
1.090000000000000000e+02 -4.636766913327622364e-02 -4.976985907588846875e-02
1.100000000000000000e+02 -4.258167392462290646e-02 -4.634236883236146631e-02
1.110000000000000000e+02 -3.893778094037426973e-02 -4.299170285365055272e-02
1.120000000000000000e+02 -3.545422863856277640e-02 -3.973653457801293309e-02
1.130000000000000000e+02 -3.214554056424263895e-02 -3.659304174732592313e-02
1.140000000000000000e+02 -2.902263569033404836e-02 -3.357486472679278161e-02
1.150000000000000000e+02 -2.609300233159156726e-02 -3.069313906459303007e-02
1.160000000000000000e+02 -2.336092239941307130e-02 -2.795657326945712173e-02
1.170000000000000000e+02 -2.082773896826170534e-02 -2.537154380289216582e-02
1.180000000000000000e+02 -1.849216054444113508e-02 -2.294220227815284632e-02
1.190000000000000000e+02 -1.635059011301442586e-02 -2.067061018183934118e-02
1.200000000000000000e+02 -1.439746321083527035e-02 -1.855691458510875386e-02
1.210000000000000000e+02 -1.262558194339796595e-02 -1.659955834736843994e-02
1.220000000000000000e+02 -1.102643819430833630e-02 -1.479550134159909706e-02
1.230000000000000000e+02 -9.590522900521125313e-03 -1.314043106784948053e-02
1.240000000000000000e+02 -8.307617067283478915e-03 -1.162895771795858894e-02
1.250000000000000000e+02 -7.167057943906832151e-03 -1.025480302250644966e-02
1.260000000000000000e+02 -6.157974727970585808e-03 -9.010991722801647841e-03
1.270000000000000000e+02 -5.269492093523338132e-03 -7.890042728669820551e-03
1.280000000000000000e+02 -4.490903146042548796e-03 -6.884147339229842316e-03
1.290000000000000000e+02 -3.811813807613972059e-03 -5.985323398373843320e-03
1.300000000000000000e+02 -3.222259376116436060e-03 -5.185544018185852394e-03
1.310000000000000000e+02 -2.712793658456442384e-03 -4.476847587045274315e-03
1.320000000000000000e+02 -2.274552408720140195e-03 -3.851435742690614578e-03
1.330000000000000000e+02 -1.899294392668530659e-03 -3.301760064362010451e-03
1.340000000000000000e+02 -1.579423776965397990e-03 -2.820593408378633139e-03
1.350000000000000000e+02 -1.307996795555467929e-03 -2.401082414621908551e-03
1.360000000000000000e+02 -1.078714906800452801e-03 -2.036782132114374564e-03
1.370000000000000000e+02 -8.859066148117152083e-04 -1.721677273411783247e-03
1.380000000000000000e+02 -7.245004589840805522e-04 -1.450194523265406618e-03
1.390000000000000000e+02 -5.899917175753588297e-04 -1.217207700581838517e-03
1.400000000000000000e+02 -4.784049423426987553e-04 -1.018035395951215425e-03
1.410000000000000000e+02 -3.862538844482248123e-04 -8.484307098959804937e-04
1.420000000000000000e+02 -3.105000366960577714e-04 -7.045642113575275884e-04
1.430000000000000000e+02 -2.485109080470576486e-04 -5.830024221094460288e-04
1.440000000000000000e+02 -1.980190519886687573e-04 -4.806840010642916610e-04
1.450000000000000000e+02 -1.570826601022412442e-04 -3.948947753612206671e-04
1.460000000000000000e+02 -1.240482615534765519e-04 -3.232418898682049382e-04
1.470000000000000000e+02 -9.751585415748008779e-05 -2.636272021843465239e-04
1.480000000000000000e+02 -7.630667158794418961e-05 -2.142204084549658870e-04
1.490000000000000000e+02 -5.943371862064320129e-05 -1.734326756695373038e-04
1.500000000000000000e+02 -4.607512911282226920e-05 -1.398914696211331387e-04
1.510000000000000000e+02 -3.555031339832949460e-05 -1.124169268163442410e-04
1.520000000000000000e+02 -2.729878741066834046e-05 -8.999982334263325148e-05
1.530000000000000000e+02 -2.086153026361073644e-05 -7.178110536145238744e-05
1.540000000000000000e+02 -1.586469690409872223e-05 -5.703300432176224835e-05
1.550000000000000000e+02 -1.200550045569384972e-05 -4.514181620094838112e-05
1.560000000000000000e+02 -9.040070663871558839e-06 -3.559239527661551021e-05
1.570000000000000000e+02 -6.773089247642359358e-06 -2.795432767321646527e-05
1.580000000000000000e+02 -5.049004332395262318e-06 -2.186967677654818749e-05
1.590000000000000000e+02 -3.744635048437366080e-06 -1.704216905166192463e-05
