0.000000000000000000e+00 -2.464217369243909935e-05 -1.283594989161068690e-04
1.000000000000000000e+00 -3.230339750001297098e-08 -8.321927162890028719e-07
2.000000000000000000e+00 -4.048905066453985313e-08 -9.266340670191688479e-07
3.000000000000000000e+00 -5.659733958941727911e-08 -1.188073591195920124e-06
4.000000000000000000e+00 -7.929756649531122484e-08 -1.542319447477292016e-06
5.000000000000000000e+00 -1.107361203692821633e-07 -2.001246204259022991e-06
6.000000000000000000e+00 -1.540373149709808855e-07 -2.589382306834635049e-06
7.000000000000000000e+00 -2.134044282887646098e-07 -3.339304176132813342e-06
8.000000000000000000e+00 -2.944273335172464234e-07 -4.292374032500170000e-06
9.000000000000000000e+00 -4.045099841507878080e-07 -5.500327505358952891e-06
1.000000000000000000e+01 -5.534335216306431481e-07 -7.026912232896831621e-06
1.100000000000000000e+01 -7.540763989770435544e-07 -8.949526470400739038e-06
1.200000000000000000e+01 -1.023311523257063053e-06 -1.136124719757086268e-05
1.300000000000000000e+01 -1.383108593798853587e-06 -1.437386185020913585e-05
1.400000000000000000e+01 -1.861892692626628280e-06 -1.812235016723825394e-05
1.500000000000000000e+01 -2.496241255522803734e-06 -2.277068445018177377e-05
1.600000000000000000e+01 -3.333025070445479818e-06 -2.851812489755421002e-05
1.700000000000000000e+01 -4.432100211466721414e-06 -3.560490522824476641e-05
1.800000000000000000e+01 -5.869635661784603409e-06 -4.431674680111012216e-05
1.900000000000000000e+01 -7.742133648760090138e-06 -5.498891604549459538e-05
2.000000000000000000e+01 -1.017119607603344920e-05 -6.801181558992496553e-05
2.100000000000000000e+01 -1.330913470321922692e-05 -8.384033272341474829e-05
2.200000000000000000e+01 -1.734561317996684157e-05 -1.030077385208696332e-04
2.300000000000000000e+01 -2.251560781691783010e-05 -1.261423214031795015e-04
2.400000000000000000e+01 -2.910901543471764377e-05 -1.539827943699535143e-04
2.500000000000000000e+01 -3.748216098310263970e-05 -1.873887388763701377e-04
2.600000000000000000e+01 -4.807126479638100367e-05 -2.273456260228425322e-04
2.700000000000000000e+01 -6.140772318760638778e-05 -2.749687444159423550e-04
2.800000000000000000e+01 -7.813502329181773042e-05 -3.315133477937063462e-04
2.900000000000000000e+01 -9.902739785035006214e-05 -3.983964757478827379e-04
3.000000000000000000e+01 -1.250108474035692147e-04 -4.772289936457144340e-04
3.100000000000000000e+01 -1.571875291472859767e-04 -5.698482377775089145e-04
3.200000000000000000e+01 -1.968642314649792814e-04 -6.783383019582386961e-04
3.300000000000000000e+01 -2.455845595460499279e-04 -8.050305929040327095e-04
3.400000000000000000e+01 -3.051631249378481043e-04 -9.524900703856898536e-04
3.500000000000000000e+01 -3.777196154156856360e-04 -1.123504598647219249e-03
3.600000000000000000e+01 -4.657119704311489593e-04 -1.321096376420745388e-03
3.700000000000000000e+01 -5.719704664702243051e-04 -1.548561283975911527e-03
3.800000000000000000e+01 -6.997362101259183573e-04 -1.809520427701992104e-03
3.900000000000000000e+01 -8.527060407958485288e-04 -2.107952798286260622e-03
4.000000000000000000e+01 -1.035080992681398308e-03 -2.448182320619965609e-03
4.100000000000000000e+01 -1.251610449331027686e-03 -2.834818055022151999e-03
4.200000000000000000e+01 -1.507623751030153468e-03 -3.272678157928833424e-03
4.300000000000000000e+01 -1.809047467678941406e-03 -3.766743321864652033e-03
4.400000000000000000e+01 -2.162416016536749305e-03 -4.322168455465967389e-03
4.500000000000000000e+01 -2.574887399991661850e-03 -4.944338555621321900e-03
4.600000000000000000e+01 -3.054268313843865566e-03 -5.638913725726341607e-03
4.700000000000000000e+01 -3.609036774944441878e-03 -6.411800929503614320e-03
4.800000000000000000e+01 -4.248338438879613148e-03 -7.269028214391208206e-03
4.900000000000000000e+01 -4.981937961501288828e-03 -8.216559884570406522e-03
5.000000000000000000e+01 -5.820129603900972906e-03 -9.260135179442682135e-03
5.100000000000000000e+01 -6.773635206555077802e-03 -1.040520217331766112e-02
5.200000000000000000e+01 -7.853520044436106823e-03 -1.165695266388049912e-02
5.300000000000000000e+01 -9.071129678664689375e-03 -1.302038464183576799e-02
5.400000000000000000e+01 -1.043801207755669369e-02 -1.450028454093595966e-02
5.500000000000000000e+01 -1.196577335330187807e-02 -1.610106353172045118e-02
5.600000000000000000e+01 -1.366584373692760965e-02 -1.782647841844806763e-02
5.700000000000000000e+01 -1.554918729610375167e-02 -1.967935262746824468e-02
5.800000000000000000e+01 -1.762602801334552105e-02 -2.166142199400550652e-02
5.900000000000000000e+01 -1.990564625092393347e-02 -2.377334926835090664e-02
6.000000000000000000e+01 -2.239622927034055563e-02 -2.601483252275278366e-02
6.100000000000000000e+01 -2.510469320662056525e-02 -2.838466137831919395e-02
6.200000000000000000e+01 -2.803639474983595295e-02 -3.088060789514977117e-02
6.300000000000000000e+01 -3.119473099463146437e-02 -3.349915879716121314e-02
6.400000000000000000e+01 -3.458072612579741328e-02 -3.623521901897584080e-02
6.500000000000000000e+01 -3.819273565551253857e-02 -3.908195205263945149e-02
6.600000000000000000e+01 -4.202632295571211846e-02 -4.203083909299546589e-02
6.700000000000000000e+01 -4.607423201710334620e-02 -4.507189295571670945e-02
6.800000000000000000e+01 -5.032630614580396039e-02 -4.819386062222996703e-02
6.900000000000000000e+01 -5.476926027414222298e-02 -5.138426807545837249e-02
7.000000000000000000e+01 -5.938636999341023737e-02 -5.462929173689582557e-02
7.100000000000000000e+01 -6.415726507844320137e-02 -5.791358707999502697e-02
7.200000000000000000e+01 -6.905799212604593618e-02 -6.122025658449660457e-02
7.300000000000000000e+01 -7.406134198739174057e-02 -6.453105383639418102e-02
7.400000000000000000e+01 -7.913725671983688759e-02 -6.782675909355104227e-02
7.500000000000000000e+01 -8.425309776659797856e-02 -7.108754561802485550e-02
7.600000000000000000e+01 -8.937371667313645518e-02 -7.429317632361422119e-02
7.700000000000000000e+01 -9.446149844835098619e-02 -7.742301513446911421e-02
7.800000000000000000e+01 -9.947664716656134942e-02 -8.045599799121000428e-02
7.900000000000000000e+01 -1.043778501369894418e-01 -8.337075918541374253e-02
8.000000000000000000e+01 -1.091231847662942622e-01 -8.614600418916443236e-02
8.100000000000000000e+01 -1.136709478828299563e-01 -8.876103432701783202e-02
8.200000000000000000e+01 -1.179801610523959626e-01 -9.119620374389497686e-02
8.300000000000000000e+01 -1.220107943236804771e-01 -9.343312805511293229e-02
8.400000000000000000e+01 -1.257240177282700211e-01 -9.545464707829025286e-02
8.500000000000000000e+01 -1.290827967459312609e-01 -9.724473667665435583e-02
8.600000000000000000e+01 -1.320528667001698853e-01 -9.878861571597155611e-02
8.700000000000000000e+01 -1.346037755056826712e-01 -1.000731521063884244e-01
8.800000000000000000e+01 -1.367095724164988091e-01 -1.010874322983176532e-01
8.900000000000000000e+01 -1.383489575233894375e-01 -1.018232002959229138e-01
9.000000000000000000e+01 -1.395051104261554875e-01 -1.022749251664225451e-01
9.100000000000000000e+01 -1.401656470942380939e-01 -1.024394971072470351e-01
9.200000000000000000e+01 -1.403230022097864960e-01 -1.023158121054980052e-01
9.300000000000000000e+01 -1.399751122798423564e-01 -1.019045880292185069e-01
9.400000000000000000e+01 -1.391259354177032670e-01 -1.012085852270661335e-01
9.500000000000000000e+01 -1.377853849279498388e-01 -1.002330925433405351e-01
9.600000000000000000e+01 -1.359686569688851598e-01 -9.898630937298284749e-02
9.700000000000000000e+01 -1.336953661418334716e-01 -9.747928279152476283e-02
9.800000000000000000e+01 -1.309889993908673611e-01 -9.572534023931676683e-02
9.900000000000000000e+01 -1.278768708532338205e-01 -9.373929937525204981e-02
1.000000000000000000e+02 -1.243902820245643831e-01 -9.153689123547598117e-02
1.010000000000000000e+02 -1.205643675180166491e-01 -8.913468115225885169e-02
1.020000000000000000e+02 -1.164373269005549993e-01 -8.655041351647327352e-02
1.030000000000000000e+02 -1.120492205982655809e-01 -8.380339383091327254e-02
1.040000000000000000e+02 -1.074408402158666120e-01 -8.091447989164024523e-02
1.050000000000000000e+02 -1.026530771352571758e-01 -7.790551748796853415e-02
1.060000000000000000e+02 -9.772679150901752987e-02 -7.479844036858571132e-02
1.070000000000000000e+02 -9.270278711460899768e-02 -7.161448767480699251e-02
1.080000000000000000e+02 -8.762145106052719734e-02 -6.837391051607688564e-02
1.090000000000000000e+02 -8.252194057524674109e-02 -6.509620317303192738e-02
1.100000000000000000e+02 -7.744120524753621282e-02 -6.180054261237788449e-02
1.110000000000000000e+02 -7.241328485814203797e-02 -5.850599758006520129e-02
1.120000000000000000e+02 -6.746911466855663730e-02 -5.523125323892007221e-02
1.130000000000000000e+02 -6.263669754861216077e-02 -5.199394997246363503e-02
1.140000000000000000e+02 -5.794127815706615753e-02 -4.881000515647965221e-02
1.150000000000000000e+02 -5.340524237015424613e-02 -4.569329279792139209e-02
1.160000000000000000e+02 -4.904776147745989329e-02 -4.265580842075027829e-02
1.170000000000000000e+02 -4.488444577567089061e-02 -3.970812972908500244e-02
1.180000000000000000e+02 -4.092727748475276373e-02 -3.685981689651687820e-02
1.190000000000000000e+02 -3.718488364537288204e-02 -3.411948078389211159e-02
1.200000000000000000e+02 -3.366297768994858108e-02 -3.149450508395013754e-02
1.210000000000000000e+02 -3.036472726324675186e-02 -2.899065058345770551e-02
1.220000000000000000e+02 -2.729092656772380207e-02 -2.661183555920951585e-02
1.230000000000000000e+02 -2.444004064248072108e-02 -2.436024974359114401e-02
1.240000000000000000e+02 -2.180828987915841080e-02 -2.223673301150083312e-02
1.250000000000000000e+02 -1.938989369629979739e-02 -2.024119410290050464e-02
1.260000000000000000e+02 -1.717745724426910509e-02 -1.837285362307515893e-02
1.270000000000000000e+02 -1.516238294611942095e-02 -1.663024243141756481e-02
1.280000000000000000e+02 -1.333519079508852304e-02 -1.501105661897301179e-02
1.290000000000000000e+02 -1.168571581348438679e-02 -1.351204914642970337e-02
1.300000000000000000e+02 -1.020323830561793363e-02 -1.212908785315313515e-02
1.310000000000000000e+02 -8.876627569663668449e-03 -1.085738247211165061e-02
1.320000000000000000e+02 -7.694538266944044892e-03 -9.691774045773590002e-03
1.330000000000000000e+02 -6.645636842059474136e-03 -8.626956418817560354e-03
1.340000000000000000e+02 -5.718803820099518410e-03 -7.657562137516738150e-03
1.350000000000000000e+02 -4.903272726751180255e-03 -6.778138878251262905e-03
1.360000000000000000e+02 -4.188705891245868805e-03 -5.983101944833951746e-03
1.370000000000000000e+02 -3.565237073624129976e-03 -5.266742117983658905e-03
1.380000000000000000e+02 -3.023512213563020034e-03 -4.623313049304771626e-03
1.390000000000000000e+02 -2.554739405574431993e-03 -4.047163228780811459e-03
1.400000000000000000e+02 -2.150737847021628405e-03 -3.532852596459755672e-03
1.410000000000000000e+02 -1.803968530110271196e-03 -3.075211692351007692e-03
1.420000000000000000e+02 -1.507537748594967898e-03 -2.669341479461642686e-03
1.430000000000000000e+02 -1.255177844586446252e-03 -2.310584536024663533e-03
1.440000000000000000e+02 -1.041217219149482079e-03 -1.994504667299605138e-03
1.450000000000000000e+02 -8.605498975917814496e-04 -1.716894340905722330e-03
1.460000000000000000e+02 -7.086078565990822347e-04 -1.473804410697720406e-03
1.470000000000000000e+02 -5.813333179370993491e-04 -1.261575574406924175e-03
1.480000000000000000e+02 -4.751469391685605418e-04 -1.076852686819930027e-03
1.490000000000000000e+02 -3.869105180545523480e-04 -9.165761364991777387e-04
1.500000000000000000e+02 -3.138862561866230592e-04 -7.779579888639531976e-04
1.510000000000000000e+02 -2.536961463368275619e-04 -6.584561242747238386e-04
1.520000000000000000e+02 -2.042841788633054036e-04 -5.557559269900568802e-04
1.530000000000000000e+02 -1.638821022161599211e-04 -4.677609633181333861e-04
1.540000000000000000e+02 -1.309780008419660557e-04 -3.925876707383800534e-04
1.550000000000000000e+02 -1.042866906703673988e-04 -3.285577251857446169e-04
1.560000000000000000e+02 -8.272155107363935399e-05 -2.741847761119475119e-04
1.570000000000000000e+02 -6.536813750999464427e-05 -2.281564961830729568e-04
1.580000000000000000e+02 -5.146018845126212155e-05 -1.893154319734047589e-04
1.590000000000000000e+02 -4.035840782437267007e-05 -1.566419465519489160e-04
