0.000000000000000000e+00 -9.656317873439306988e-06 -2.082384159006530361e-09
1.000000000000000000e+00 -9.794119885207390610e-10 -1.870058080778659738e-13
2.000000000000000000e+00 -1.394180192118029518e-09 -3.663392042035933614e-13
3.000000000000000000e+00 -2.129630618824053248e-09 -7.196363020293741742e-13
4.000000000000000000e+00 -3.245559364995278942e-09 -1.400515656716124647e-12
5.000000000000000000e+00 -4.922141916150408544e-09 -2.700343065594013276e-12
6.000000000000000000e+00 -7.425771463879500628e-09 -5.158103621201381120e-12
7.000000000000000000e+00 -1.114147140422795340e-08 -9.760450247581750626e-12
8.000000000000000000e+00 -1.662277502860850514e-08 -1.829633261409140962e-11
9.000000000000000000e+00 -2.466345134634136824e-08 -3.397903627228888530e-11
1.000000000000000000e+01 -3.639710496480900572e-08 -6.252273313611617762e-11
1.100000000000000000e+01 -5.343097976639774703e-08 -1.139832216201720162e-10
1.200000000000000000e+01 -7.802373767500980348e-08 -2.058777082601703902e-10
1.300000000000000000e+01 -1.133250360250837580e-07 -3.684283815384038509e-10
1.400000000000000000e+01 -1.637040859593765271e-07 -6.532779107884983775e-10
1.500000000000000000e+01 -2.351987956140480232e-07 -1.147789194882773262e-09
1.600000000000000000e+01 -3.361146890726245777e-07 -1.998241788021665454e-09
1.700000000000000000e+01 -4.778018051585180735e-07 -3.447122796609089346e-09
1.800000000000000000e+01 -6.756514271493199774e-07 -5.892518416195177042e-09
1.900000000000000000e+01 -9.503853996404562373e-07 -9.981601101191586639e-09
2.000000000000000000e+01 -1.329741618608933403e-06 -1.675594317089608993e-08
2.100000000000000000e+01 -1.850666736215871382e-06 -2.787493751331465786e-08
2.200000000000000000e+01 -2.562111758921154771e-06 -4.595609915010872367e-08
2.300000000000000000e+01 -3.528522870991471893e-06 -7.508806933310252506e-08
2.400000000000000000e+01 -4.834163525298413048e-06 -1.215945581711800210e-07
2.500000000000000000e+01 -6.588480026962096306e-06 -1.951580005424043832e-07
2.600000000000000000e+01 -8.932768572239822315e-06 -3.104546339316635577e-07
2.700000000000000000e+01 -1.204837927820863790e-05 -4.895100245915365512e-07
2.800000000000000000e+01 -1.616665449674997636e-05 -7.650542027870852304e-07
2.900000000000000000e+01 -2.158083647083875454e-05 -1.185239993222847399e-06
3.000000000000000000e+01 -2.866028525658254918e-05 -1.820196976814760988e-06
3.100000000000000000e+01 -3.786737520373976312e-05 -2.771035466198397490e-06
3.200000000000000000e+01 -4.977728743772695535e-05 -4.182080627142074824e-06
3.300000000000000000e+01 -6.510075296924374235e-05 -6.257288084232899942e-06
3.400000000000000000e+01 -8.470994013106436537e-05 -9.281974236617141806e-06
3.500000000000000000e+01 -1.096681025133078682e-04 -1.365121493541887761e-05
3.600000000000000000e+01 -1.412637104012667627e-04 -1.990651715997285461e-05
3.700000000000000000e+01 -1.810489896529014092e-04 -2.878257684562650549e-05
3.800000000000000000e+01 -2.308815266288375713e-04 -4.126604465125770173e-05
3.900000000000000000e+01 -2.929673767512428221e-04 -5.866827398655200779e-05
4.000000000000000000e+01 -3.699058373854794963e-04 -8.271407947948726286e-05
4.100000000000000000e+01 -4.647381586492071830e-04 -1.156484836835896689e-04
4.200000000000000000e+01 -5.810017565461534587e-04 -1.603630559110739843e-04
4.300000000000000000e+01 -7.227869200664165019e-04 -2.205427113276271756e-04
4.400000000000000000e+01 -8.947885249134951424e-04 -3.008329626499566651e-04
4.500000000000000000e+01 -1.102346878532333829e-03 -4.070266982105787655e-04
4.600000000000000000e+01 -1.351480062482644448e-03 -5.462682689605543847e-04
4.700000000000000000e+01 -1.648916587187681561e-03 -7.272706480636569049e-04
4.800000000000000000e+01 -2.002131893545183901e-03 -9.605389514448225974e-04
4.900000000000000000e+01 -2.419376763662905473e-03 -1.258591372039077156e-03
5.000000000000000000e+01 -2.909675950603318306e-03 -1.636166694204507777e-03
5.100000000000000000e+01 -3.482786141930597351e-03 -2.110405268265047856e-03
5.200000000000000000e+01 -4.149127392653516322e-03 -2.700987289434018165e-03
5.300000000000000000e+01 -4.919714434775088706e-03 -3.430209580230320424e-03
5.400000000000000000e+01 -5.806094128414353295e-03 -4.322981291935592066e-03
5.500000000000000000e+01 -6.820258183317928595e-03 -5.406719640617244950e-03
5.600000000000000000e+01 -7.974487886593750394e-03 -6.711127155822300266e-03
5.700000000000000000e+01 -9.281122831322744307e-03 -8.267831909170190313e-03
5.800000000000000000e+01 -1.075229868008817542e-02 -1.010987462738037815e-02
5.900000000000000000e+01 -1.239971071353825061e-02 -1.227103321649507077e-02
6.000000000000000000e+01 -1.423440787029775674e-02 -1.478498327909672297e-02
6.100000000000000000e+01 -1.626655615996360285e-02 -1.768429913517968743e-02
6.200000000000000000e+01 -1.850510751964149631e-02 -2.099930542696930996e-02
6.300000000000000000e+01 -2.095738649503786979e-02 -2.475679952020266514e-02
6.400000000000000000e+01 -2.362868779366909464e-02 -2.897867891571699953e-02
6.500000000000000000e+01 -2.652197104473287895e-02 -3.368051866158856822e-02
6.600000000000000000e+01 -2.963764193571349209e-02 -3.887014836520103628e-02
6.700000000000000000e+01 -3.297332241069780151e-02 -4.454628302727128841e-02
6.800000000000000000e+01 -3.652353706614787365e-02 -5.069727120943044035e-02
6.900000000000000000e+01 -4.027936169842581682e-02 -5.730003163534092003e-02
7.000000000000000000e+01 -4.422816780835855249e-02 -6.431924675730643637e-02
7.100000000000000000e+01 -4.835355361920774808e-02 -7.170687222423192952e-02
7.200000000000000000e+01 -5.263541775267157469e-02 -7.940201405331857865e-02
7.300000000000000000e+01 -5.705004883450266046e-02 -8.733122027594457382e-02
7.400000000000000000e+01 -6.157016350557346224e-02 -9.540922118986804035e-02
7.500000000000000000e+01 -6.616496329309157209e-02 -1.035401298322921326e-01
7.600000000000000000e+01 -7.080034769104752435e-02 -1.116190914230892617e-01
7.700000000000000000e+01 -7.543934349009519258e-02 -1.195343534217504222e-01
7.800000000000000000e+01 -8.004267100738840512e-02 -1.271697108778697682e-01
7.900000000000000000e+01 -8.456931215453181161e-02 -1.344072596592665036e-01
8.000000000000000000e+01 -8.897702506611793183e-02 -1.411303683382257590e-01
8.100000000000000000e+01 -9.322287288922805060e-02 -1.472267654802400516e-01
8.200000000000000000e+01 -9.726386929176322749e-02 -1.525916314970089116e-01
8.300000000000000000e+01 -1.010577596700018982e-01 -1.571305785572744418e-01
8.400000000000000000e+01 -1.045638477920902837e-01 -1.607624003030818927e-01
8.500000000000000000e+01 -1.077437524305164679e-01 -1.634214797443829525e-01
8.600000000000000000e+01 -1.105620516080072641e-01 -1.650597569014657928e-01
8.700000000000000000e+01 -1.129868599364606402e-01 -1.656481733748356999e-01
8.800000000000000000e+01 -1.149904015639320043e-01 -1.651775308249740226e-01
8.900000000000000000e+01 -1.165495827810263535e-01 -1.636587275238244044e-01
9.000000000000000000e+01 -1.176465014575554524e-01 -1.611223669802649416e-01
9.100000000000000000e+01 -1.182688184351080030e-01 -1.576177576271064751e-01
9.200000000000000000e+01 -1.184099615234519842e-01 -1.532113443788581109e-01
9.300000000000000000e+01 -1.180691885803855090e-01 -1.479846384195963593e-01
9.400000000000000000e+01 -1.172515565341463312e-01 -1.420317379063744390e-01
9.500000000000000000e+01 -1.159678206146490809e-01 -1.354565478862533034e-01
9.600000000000000000e+01 -1.142342496751006520e-01 -1.283698105221001695e-01
9.700000000000000000e+01 -1.120723232952566262e-01 -1.208860576401546566e-01
9.800000000000000000e+01 -1.095082903203340452e-01 -1.131206018566803390e-01
9.900000000000000000e+01 -1.065726061879362779e-01 -1.051866800681413167e-01
1.000000000000000000e+02 -1.032992993200349541e-01 -9.719284571584430044e-02
1.010000000000000000e+02 -9.972531879913593134e-02 -8.924068271443508227e-02
1.020000000000000000e+02 -9.588988438371845446e-02 -8.142289693268683903e-02
1.030000000000000000e+02 -9.183382293366172677e-02 -7.382182799928573014e-02
1.040000000000000000e+02 -8.759886766841834538e-02 -6.650840385269175814e-02
1.050000000000000000e+02 -8.322692780295831705e-02 -5.954153369502494103e-02
1.060000000000000000e+02 -7.875937711388975027e-02 -5.296791420781006565e-02
1.070000000000000000e+02 -7.423641951025675145e-02 -4.682221374412626896e-02
1.080000000000000000e+02 -6.969655564234225609e-02 -4.112759138566084854e-02
1.090000000000000000e+02 -6.517612846097232959e-02 -3.589649632973482274e-02
1.100000000000000000e+02 -6.070891162970840083e-02 -3.113168376761983602e-02
1.110000000000000000e+02 -5.632573430169302009e-02 -2.682738300825219385e-02
1.120000000000000000e+02 -5.205417589332834993e-02 -2.297055918770356947e-02
1.130000000000000000e+02 -4.791837208598642706e-02 -1.954221461294749357e-02
1.140000000000000000e+02 -4.393893991501908458e-02 -1.651867913108882174e-02
1.150000000000000000e+02 -4.013298893751612167e-02 -1.387284525822275738e-02
1.160000000000000000e+02 -3.651417629262115189e-02 -1.157531396237735863e-02
1.170000000000000000e+02 -3.309279084580122460e-02 -9.595427140061563165e-03
1.180000000000000000e+02 -2.987588387391230255e-02 -7.902170483537250198e-03
1.190000000000000000e+02 -2.686746776134105522e-02 -6.464936985387392462e-03
1.200000000000000000e+02 -2.406877859157179750e-02 -5.254148389512494459e-03
1.210000000000000000e+02 -2.147857156460369205e-02 -4.241738629505107001e-03
1.220000000000000000e+02 -1.909341610325464289e-02 -3.401508129597369864e-03
1.230000000000000000e+02 -1.690797898588587006e-02 -2.709360776936722490e-03
1.240000000000000000e+02 -1.491530513561944819e-02 -2.143437407775890518e-03
1.250000000000000000e+02 -1.310710720112584146e-02 -1.684161149346516482e-03
1.260000000000000000e+02 -1.147405959639275982e-02 -1.314210553295150482e-03
1.270000000000000000e+02 -1.000607884065965285e-02 -1.018436002556400571e-03
1.280000000000000000e+02 -8.692573475593663723e-03 -7.837337541102789955e-04
1.290000000000000000e+02 -7.522660065556671660e-03 -5.988905876019576854e-04
1.300000000000000000e+02 -6.485352936096124878e-03 -4.544104608303779617e-04
1.310000000000000000e+02 -5.569735378065576378e-03 -3.423328189426211158e-04
1.320000000000000000e+02 -4.765112295661393105e-03 -2.560503681031652077e-04
1.330000000000000000e+02 -4.061138363777297942e-03 -1.901323648921237339e-04
1.340000000000000000e+02 -3.447917215448205713e-03 -1.401578799712165199e-04
1.350000000000000000e+02 -2.916073289727427308e-03 -1.025620847405620591e-04
1.360000000000000000e+02 -2.456802367862095503e-03 -7.449739192621212148e-05
1.370000000000000000e+02 -2.061906303939000772e-03 -5.371027133998734993e-05
1.380000000000000000e+02 -1.723814044276765142e-03 -3.843376608379963749e-05
1.390000000000000000e+02 -1.435588697883203712e-03 -2.729513840974587231e-05
1.400000000000000000e+02 -1.190920938550912812e-03 -1.923765257290133450e-05
1.410000000000000000e+02 -9.841110271114662539e-04 -1.345523160261222315e-05
1.420000000000000000e+02 -8.100429310623181393e-04 -9.338578704753867454e-06
1.430000000000000000e+02 -6.641534970057292242e-04 -6.431308982687891889e-06
1.440000000000000000e+02 -5.423982727456292839e-04 -4.394664757734999701e-06
1.450000000000000000e+02 -4.412146751354773574e-04 -2.979470217682417471e-06
1.460000000000000000e+02 -3.574832058275108707e-04 -2.004097160700826458e-06
1.470000000000000000e+02 -2.884878324578136512e-04 -1.337349134692110227e-06
1.480000000000000000e+02 -2.318768132888865679e-04 -8.853141143056232242e-07
1.490000000000000000e+02 -1.856249499427441055e-04 -5.813760800145946984e-07
1.500000000000000000e+02 -1.479977829416179234e-04 -3.787085373004536189e-07
1.510000000000000000e+02 -1.175179307547336547e-04 -2.446936127511012541e-07
1.520000000000000000e+02 -9.293370219390156232e-05 -1.568164218330542414e-07
1.530000000000000000e+02 -7.319014648571111627e-05 -9.967680465020269025e-08
1.540000000000000000e+02 -5.740269091608963029e-05 -6.283662057853596371e-08
1.550000000000000000e+02 -4.483341627619460182e-05 -3.928534716187178685e-08
1.560000000000000000e+02 -3.486989967305651367e-05 -2.435738915601366770e-08
1.570000000000000000e+02 -2.700647798181319247e-05 -1.497604592649444709e-08
1.580000000000000000e+02 -2.082776400040544984e-05 -9.130902939648951829e-09
1.590000000000000000e+02 -1.599425128470661459e-05 -5.520332575204509339e-09
