0.000000000000000000e+00 -2.029984551154093858e-05 -3.776385052577142363e-07
1.000000000000000000e+00 -3.321674519556268929e-08 -1.701980897357560767e-08
2.000000000000000000e+00 -4.162358429843047527e-08 -2.295659981641739757e-08
3.000000000000000000e+00 -5.819072781279409915e-08 -3.382860553756040849e-08
4.000000000000000000e+00 -8.165032435662300346e-08 -4.977891912826753849e-08
5.000000000000000000e+00 -1.142171932632371489e-07 -7.289256288263913092e-08
6.000000000000000000e+00 -1.591082017951761466e-07 -1.061980061521874860e-07
7.000000000000000000e+00 -2.206319667782445238e-07 -1.539269472329593049e-07
8.000000000000000000e+00 -3.045272662698116746e-07 -2.219299899666367945e-07
9.000000000000000000e+00 -4.184407961505155932e-07 -3.182539427365162575e-07
1.000000000000000000e+01 -5.725227142316305221e-07 -4.539340039031272322e-07
1.100000000000000000e+01 -7.801200532935723623e-07 -6.440465552271930800e-07
1.200000000000000000e+01 -1.058581090975698870e-06 -9.090567104181803700e-07
1.300000000000000000e+01 -1.430253440429963000e-06 -1.276513204357505518e-06
1.400000000000000000e+01 -1.923821406212336386e-06 -1.783204078769990327e-06
1.500000000000000000e+01 -2.576121429068615503e-06 -2.477957140666986979e-06
1.600000000000000000e+01 -3.434473360821053422e-06 -3.425291502831246726e-06
1.700000000000000000e+01 -4.559430013287196102e-06 -4.710079534609887119e-06
1.800000000000000000e+01 -6.027807649903103375e-06 -6.443319452740408062e-06
1.900000000000000000e+01 -7.936018435164979970e-06 -8.769142203503072690e-06
2.000000000000000000e+01 -1.040403618447019202e-05 -1.187331275792340726e-05
2.100000000000000000e+01 -1.358056224662719793e-05 -1.599364824476765977e-05
2.200000000000000000e+01 -1.764984865201826782e-05 -2.143283201379195632e-05
2.300000000000000000e+01 -2.284011858724676426e-05 -2.857401352393285640e-05
2.400000000000000000e+01 -2.943291732795051723e-05 -3.789943887567336973e-05
2.500000000000000000e+01 -3.777260207500597058e-05 -5.001226740069530398e-05
2.600000000000000000e+01 -4.827590883151343842e-05 -6.566172409835586748e-05
2.700000000000000000e+01 -6.144280443357017017e-05 -8.577181153493272203e-05
2.800000000000000000e+01 -7.787061473294766296e-05 -1.114740140019130022e-04
2.900000000000000000e+01 -9.827266581181297452e-05 -1.441447553369064327e-04
3.000000000000000000e+01 -1.235003746061480152e-04 -1.854484432317599464e-04
3.100000000000000000e+01 -1.545654418223031440e-04 -2.373861313740552369e-04
3.200000000000000000e+01 -1.926588299841418099e-04 -3.023481671603347001e-04
3.300000000000000000e+01 -2.391665474743896280e-04 -3.831680650738578976e-04
3.400000000000000000e+01 -2.956869457886174279e-04 -4.831761498295040385e-04
3.500000000000000000e+01 -3.640560226574791631e-04 -6.062550610699920422e-04
3.600000000000000000e+01 -4.463829323949034152e-04 -7.569012660961320360e-04
3.700000000000000000e+01 -5.450892216285512437e-04 -9.402928862509780028e-04
3.800000000000000000e+01 -6.629391691909443255e-04 -1.162355330780335530e-03
3.900000000000000000e+01 -8.030521996301636994e-04 -1.429810904410112014e-03
4.000000000000000000e+01 -9.689017053521234825e-04 -1.750205425201128116e-03
4.100000000000000000e+01 -1.164317777633096370e-03 -2.131921010293510999e-03
4.200000000000000000e+01 -1.393510781840708642e-03 -2.584192679283109275e-03
4.300000000000000000e+01 -1.661113982199817875e-03 -3.117132151910528750e-03
4.400000000000000000e+01 -1.972219105076326428e-03 -3.741732840759375098e-03
4.500000000000000000e+01 -2.332371425404163034e-03 -4.469816346069205998e-03
4.600000000000000000e+01 -2.747513373869807981e-03 -5.313906486594829719e-03
4.700000000000000000e+01 -3.223904410115497211e-03 -6.287065273374465961e-03
4.800000000000000000e+01 -3.768066154422146548e-03 -7.402744882438269322e-03
4.900000000000000000e+01 -4.386779529622967383e-03 -8.674667149321382137e-03
5.000000000000000000e+01 -5.087105387273592287e-03 -1.011666998662705957e-02
5.100000000000000000e+01 -5.876358100374678983e-03 -1.174243782247627425e-02
5.200000000000000000e+01 -6.761977681548188290e-03 -1.356510309659110514e-02
5.300000000000000000e+01 -7.751318024121374266e-03 -1.559681100221272862e-02
5.400000000000000000e+01 -8.851439130026622290e-03 -1.784836614374276861e-02
5.500000000000000000e+01 -1.006899138585336598e-02 -2.032897972442752194e-02
5.600000000000000000e+01 -1.141019653122275421e-02 -2.304600006502335527e-02
5.700000000000000000e+01 -1.288082843636889456e-02 -2.600448951507818365e-02
5.800000000000000000e+01 -1.448607206628768629e-02 -2.920665339920197265e-02
5.900000000000000000e+01 -1.623022745533641079e-02 -3.265129837077180436e-02
6.000000000000000000e+01 -1.811636021657886397e-02 -3.633350958467045783e-02
6.100000000000000000e+01 -2.014606020851928553e-02 -4.024455276502116735e-02
6.200000000000000000e+01 -2.231938960311320025e-02 -4.437180867464388806e-02
6.300000000000000000e+01 -2.463494025888226385e-02 -4.869855256727455284e-02
6.400000000000000000e+01 -2.708982087222697524e-02 -5.320361478314989540e-02
6.500000000000000000e+01 -2.967945563609310569e-02 -5.786117426313410611e-02
6.600000000000000000e+01 -3.239725477073963911e-02 -6.264090744399909705e-02
6.700000000000000000e+01 -3.523435688090632151e-02 -6.750845447854629533e-02
6.800000000000000000e+01 -3.817961247058067331e-02 -7.242593813491553234e-02
6.900000000000000000e+01 -4.121979552450159151e-02 -7.735231814782432547e-02
7.000000000000000000e+01 -4.433985528817547400e-02 -8.224363939362326625e-02
7.100000000000000000e+01 -4.752301211583286056e-02 -8.705344640859322136e-02
7.200000000000000000e+01 -5.075067068355357952e-02 -9.173356184762951337e-02
7.300000000000000000e+01 -5.400232038859525269e-02 -9.623513829753606308e-02
7.400000000000000000e+01 -5.725563912752201778e-02 -1.005096884154161457e-01
7.500000000000000000e+01 -6.048687027961941604e-02 -1.045098814953421412e-01
7.600000000000000000e+01 -6.367133484700247814e-02 -1.081901678750280676e-01
7.700000000000000000e+01 -6.678385650726652301e-02 -1.115074702923283811e-01
7.800000000000000000e+01 -6.979898782947685509e-02 -1.144220902435332254e-01
7.900000000000000000e+01 -7.269112669966980300e-02 -1.168987249995354777e-01
8.000000000000000000e+01 -7.543472206919675516e-02 -1.189073374895077417e-01
8.100000000000000000e+01 -7.800469380486367565e-02 -1.204237091717941521e-01
8.200000000000000000e+01 -8.037700601204819661e-02 -1.214297305421366130e-01
8.300000000000000000e+01 -8.252920446224329409e-02 -1.219136195924323540e-01
8.400000000000000000e+01 -8.444076567854011395e-02 -1.218701889874898303e-01
8.500000000000000000e+01 -8.609326547882260872e-02 -1.213010990715253229e-01
8.600000000000000000e+01 -8.747051129828126159e-02 -1.202149236647601926e-01
8.700000000000000000e+01 -8.855877882670680490e-02 -1.186269158757166653e-01
8.800000000000000000e+01 -8.934716261566719164e-02 -1.165585202908646922e-01
8.900000000000000000e+01 -8.982791499405598512e-02 -1.140367832806853388e-01
9.000000000000000000e+01 -8.999662598013725978e-02 -1.110937795383689225e-01
9.100000000000000000e+01 -8.985220064046119115e-02 -1.077660498744241052e-01
9.200000000000000000e+01 -8.939672254593444833e-02 -1.040939555442852438e-01
9.300000000000000000e+01 -8.863533799010865633e-02 -1.001208762076456760e-01
9.400000000000000000e+01 -8.757622250386565277e-02 -9.589228183274225992e-02
9.500000000000000000e+01 -8.623057026090620580e-02 -9.145479354708527242e-02
9.600000000000000000e+01 -8.461248606930975302e-02 -8.685534058435409599e-02
9.700000000000000000e+01 -8.273870869993317501e-02 -8.214043536772679122e-02
9.800000000000000000e+01 -8.062820624121205815e-02 -7.735550928112586155e-02
9.900000000000000000e+01 -7.830176066352673159e-02 -7.254424773211586019e-02
1.000000000000000000e+02 -7.578163668947145160e-02 -6.774792918366157046e-02
1.010000000000000000e+02 -7.309133335952161525e-02 -6.300483928268554856e-02
1.020000000000000000e+02 -7.025533174248704826e-02 -5.834983405349446206e-02
1.030000000000000000e+02 -6.729875127440199112e-02 -5.381406622457125810e-02
1.040000000000000000e+02 -6.424690732002782956e-02 -4.942482537608858251e-02
1.050000000000000000e+02 -6.112485166457069102e-02 -4.520543229061856766e-02
1.060000000000000000e+02 -5.795699914133965042e-02 -4.117517157050076815e-02
1.070000000000000000e+02 -5.476688188497570720e-02 -3.734929471040124294e-02
1.080000000000000000e+02 -5.157698363651594398e-02 -3.373913110950444577e-02
1.090000000000000000e+02 -4.840856627638090437e-02 -3.035230644251789636e-02
1.100000000000000000e+02 -4.528143980438623789e-02 -2.719302695876515616e-02
1.110000000000000000e+02 -4.221370676974481317e-02 -2.426238224353003889e-02
1.120000000000000000e+02 -3.922156208611590061e-02 -2.155864736739116633e-02
1.130000000000000000e+02 -3.631920865740159016e-02 -1.907759612683099931e-02
1.140000000000000000e+02 -3.351888003048836273e-02 -1.681284184569463436e-02
1.150000000000000000e+02 -3.083090437601129080e-02 -1.475620208190758266e-02
1.160000000000000000e+02 -2.826374505658948988e-02 -1.289806266413298652e-02
1.170000000000000000e+02 -2.582400503421771951e-02 -1.122771496370209357e-02
1.180000000000000000e+02 -2.351643683252541139e-02 -9.733656525026239750e-03
1.190000000000000000e+02 -2.134401128522634555e-02 -8.403861692607639960e-03
1.200000000000000000e+02 -1.930806214905185850e-02 -7.226031889222510676e-03
1.210000000000000000e+02 -1.740847507493779173e-02 -6.187826308992619255e-03
1.220000000000000000e+02 -1.564386952166744310e-02 -5.277064860906009389e-03
1.230000000000000000e+02 -1.401174322109225052e-02 -4.481895090100531699e-03
1.240000000000000000e+02 -1.250858800674835986e-02 -3.790922110511567734e-03
1.250000000000000000e+02 -1.113000910994381767e-02 -3.193307558345194995e-03
1.260000000000000000e+02 -9.870871530772557662e-03 -2.678844750729797008e-03
1.270000000000000000e+02 -8.725469161796286025e-03 -2.238013654370090300e-03
1.280000000000000000e+02 -7.687690861103250832e-03 -1.862015726598197909e-03
1.290000000000000000e+02 -6.751158795143634254e-03 -1.542788418633844619e-03
1.300000000000000000e+02 -5.909333279875660094e-03 -1.273001447495312240e-03
1.310000000000000000e+02 -5.155597039505071567e-03 -1.046039057425099091e-03
1.320000000000000000e+02 -4.483336011762425327e-03 -8.559726033055621748e-04
1.330000000000000000e+02 -3.886023603833394045e-03 -6.975263383161940320e-04
1.340000000000000000e+02 -3.357301956502024322e-03 -5.660378581628522235e-04
1.350000000000000000e+02 -2.891048524929973849e-03 -4.574142471387311463e-04
1.360000000000000000e+02 -2.481421474807705453e-03 -3.680853651794647758e-04
1.370000000000000000e+02 -2.122886704720117375e-03 -2.949560875689489180e-04
1.380000000000000000e+02 -1.810234746772419918e-03 -2.353591523076683026e-04
1.390000000000000000e+02 -1.538594300301863354e-03 -1.870097066781813296e-04
1.400000000000000000e+02 -1.303443705707947424e-03 -1.479621018869843271e-04
1.410000000000000000e+02 -1.100617447161297054e-03 -1.165692270185655281e-04
1.420000000000000000e+02 -9.263046127313914226e-04 -9.144465263511237574e-05
1.430000000000000000e+02 -7.770391070134538558e-04 -7.142786410468173483e-05
1.440000000000000000e+02 -6.496842780424578545e-04 -5.555277871462070569e-05
1.450000000000000000e+02 -5.414153277620456462e-04 -4.301957506471737160e-05
1.460000000000000000e+02 -4.497014999264138473e-04 -3.316971052212918362e-05
1.470000000000000000e+02 -3.722881735092850347e-04 -2.546392463395091407e-05
1.480000000000000000e+02 -3.071780881865775800e-04 -1.946301195162229190e-05
1.490000000000000000e+02 -2.526112764076221843e-04 -1.481115563826167386e-05
1.500000000000000000e+02 -2.070441565990521716e-04 -1.122161042089228267e-05
1.510000000000000000e+02 -1.691287870665200558e-04 -8.464507652513700319e-06
1.520000000000000000e+02 -1.376931607491073959e-04 -6.356544450101970198e-06
1.530000000000000000e+02 -1.117229038760522372e-04 -4.752320923964007344e-06
1.540000000000000000e+02 -9.034428864064209615e-05 -3.537107287986765695e-06
1.550000000000000000e+02 -7.280833952856281517e-05 -2.620844610813843869e-06
1.560000000000000000e+02 -5.847594462727146949e-05 -1.933204698423923336e-06
1.570000000000000000e+02 -4.680406036075126304e-05 -1.419550400404669353e-06
1.580000000000000000e+02 -3.733315721541291223e-05 -1.037654579095512829e-06
1.590000000000000000e+02 -2.967597996618473417e-05 -7.550508498796918749e-07
