0.000000000000000000e+00 -4.154597881947437945e-08 -6.578602254302697136e-05
1.000000000000000000e+00 8.226293394209081807e-08 5.326844335440849616e-05
2.000000000000000000e+00 1.092507788270749373e-07 5.106520158376418018e-05
3.000000000000000000e+00 1.599044627372904408e-07 6.109749329964242817e-05
4.000000000000000000e+00 2.337148395788990268e-07 7.470601958153806404e-05
5.000000000000000000e+00 3.398162428517073595e-07 9.138528020695690099e-05
6.000000000000000000e+00 4.913257883821414688e-07 1.115283555055798152e-04
7.000000000000000000e+00 7.064135287009653682e-07 1.357406067688368603e-04
8.000000000000000000e+00 1.010076556567646703e-06 1.647495712636788895e-04
9.000000000000000000e+00 1.436453205405866538e-06 1.994000466452138908e-04
1.000000000000000000e+01 2.031768675655629917e-06 2.406641582239720900e-04
1.100000000000000000e+01 2.858129451080188614e-06 2.896551903451326584e-04
1.200000000000000000e+01 3.998490676952654968e-06 3.476434182253205509e-04
1.300000000000000000e+01 5.563128600336106621e-06 4.160735762749848566e-04
1.400000000000000000e+01 7.697861460090703656e-06 4.965833616464331631e-04
1.500000000000000000e+01 1.059420871768671788e-05 5.910218739197401275e-04
1.600000000000000000e+01 1.450181057085244869e-05 7.014667931417866049e-04
1.700000000000000000e+01 1.974370063355957244e-05 8.302397643768628889e-04
1.800000000000000000e+01 2.673520449110354866e-05 9.799207491775852128e-04
1.900000000000000000e+01 3.600714273712547341e-05 1.153363254075738011e-03
2.000000000000000000e+01 4.823378207739736077e-05 1.353712261167843833e-03
2.100000000000000000e+01 6.426591765145048230e-05 1.584424711174547279e-03
2.200000000000000000e+01 8.516966078866351655e-05 1.849289108191928127e-03
2.300000000000000000e+01 1.122716254953826581e-04 2.152438195812562353e-03
2.400000000000000000e+01 1.472109938294585837e-04 2.498349117171687686e-03
2.500000000000000000e+01 1.919987196888248658e-04 2.891830153015342766e-03
2.600000000000000000e+01 2.490844283761216326e-04 3.338000334190481099e-03
2.700000000000000000e+01 3.214320223551531781e-04 3.842273373088171250e-03
2.800000000000000000e+01 4.126042121090546673e-04 4.410355307775833816e-03
2.900000000000000000e+01 5.268536192348146621e-04 5.048254265764881739e-03
3.000000000000000000e+01 6.692160101822359521e-04 5.762285518776819049e-03
3.100000000000000000e+01 8.456030876354632322e-04 6.559045658345315222e-03
3.200000000000000000e+01 1.062897666975203296e-03 7.445336128523726699e-03
3.300000000000000000e+01 1.329056274321774398e-03 8.428040274544136914e-03
3.400000000000000000e+01 1.653216475775662244e-03 9.513988420189564699e-03
3.500000000000000000e+01 2.045792508989159250e-03 1.070986150075669587e-02
3.600000000000000000e+01 2.518538545507722180e-03 1.202216732868468391e-02
3.700000000000000000e+01 3.084574986364076871e-03 1.345727475906150980e-02
3.800000000000000000e+01 3.758397120746281156e-03 1.502143522012820351e-02
3.900000000000000000e+01 4.555887099264851331e-03 1.672069829678546685e-02
4.000000000000000000e+01 5.494315760533664307e-03 1.856066744107327804e-02
4.100000000000000000e+01 6.592280358360298742e-03 2.054613598403044056e-02
4.200000000000000000e+01 7.869529530290676061e-03 2.268074112784681726e-02
4.300000000000000000e+01 9.346690022484709787e-03 2.496680257676189146e-02
4.400000000000000000e+01 1.104497074969136225e-02 2.740542846149645814e-02
4.500000000000000000e+01 1.298589966788829542e-02 2.999680110599375199e-02
4.600000000000000000e+01 1.519104756010144532e-02 3.274039909794651537e-02
4.700000000000000000e+01 1.768161577413333851e-02 3.563488923108457801e-02
4.800000000000000000e+01 2.047781972205647491e-02 3.867758757255857632e-02
4.900000000000000000e+01 2.359815799448184218e-02 4.186367647483534710e-02
5.000000000000000000e+01 2.705875207183311773e-02 4.518559859256273542e-02
5.100000000000000000e+01 3.087284434502111236e-02 4.863304405742759767e-02
5.200000000000000000e+01 3.505033112090957109e-02 5.219364299231637333e-02
5.300000000000000000e+01 3.959711836415313879e-02 5.585401770159430235e-02
5.400000000000000000e+01 4.451425555934561407e-02 5.960052968465327783e-02
5.500000000000000000e+01 4.979707547142204344e-02 6.341913560519102377e-02
5.600000000000000000e+01 5.543464019328332715e-02 6.729427729155740279e-02
5.700000000000000000e+01 6.140955236448981253e-02 7.120740814192412504e-02
5.800000000000000000e+01 6.769787616400779751e-02 7.513615764041810252e-02
5.900000000000000000e+01 7.426888267418377265e-02 7.905491407008542748e-02
6.000000000000000000e+01 8.108465220932958850e-02 8.293679503573456180e-02
6.100000000000000000e+01 8.809989627354652963e-02 8.675603550905762462e-02
6.200000000000000000e+01 9.526232366982495536e-02 9.048938591893466998e-02
6.300000000000000000e+01 1.025134824410350726e-01 9.411556612821332657e-02
6.400000000000000000e+01 1.097896804760239015e-01 9.761300151468815800e-02
6.500000000000000000e+01 1.170226888890659456e-01 1.009572810893747674e-01
6.600000000000000000e+01 1.241403574320258663e-01 1.041201913403594359e-01
6.700000000000000000e+01 1.310675472616634751e-01 1.070713860436270926e-01
6.800000000000000000e+01 1.377275997342380931e-01 1.097821284940290743e-01
6.900000000000000000e+01 1.440441099297627980e-01 1.122290893951668062e-01
7.000000000000000000e+01 1.499425503517846092e-01 1.143959033407156989e-01
7.100000000000000000e+01 1.553515275068994839e-01 1.162714032947889109e-01
7.200000000000000000e+01 1.602038766398147795e-01 1.178455210870442554e-01
7.300000000000000000e+01 1.644379415157881108e-01 1.191054687535289536e-01
7.400000000000000000e+01 1.679991070551569154e-01 1.200348605700261029e-01
7.500000000000000000e+01 1.708412764798828143e-01 1.206167194812573645e-01
7.600000000000000000e+01 1.729279219529480938e-01 1.208388328303999226e-01
7.700000000000000000e+01 1.742326369882324644e-01 1.206982628778012490e-01
7.800000000000000000e+01 1.747394397716744152e-01 1.202021213278301470e-01
7.900000000000000000e+01 1.744430839748123407e-01 1.193639162475606252e-01
8.000000000000000000e+01 1.733493548732452649e-01 1.181975614811692776e-01
8.100000000000000000e+01 1.714750917431846766e-01 1.167127178236896518e-01
8.200000000000000000e+01 1.688477352914453944e-01 1.149144154718160504e-01
8.300000000000000000e+01 1.655044686026850009e-01 1.128072625137139101e-01
8.400000000000000000e+01 1.614912050181012693e-01 1.104016237225147606e-01
8.500000000000000000e+01 1.568615998466618422e-01 1.077178223938078522e-01
8.600000000000000000e+01 1.516760397601440991e-01 1.047855598350236755e-01
8.700000000000000000e+01 1.460004473665094116e-01 1.016386899139748584e-01
8.800000000000000000e+01 1.399048403363770676e-01 9.830838775615075020e-02
8.900000000000000000e+01 1.334617752863615225e-01 9.481875762801680874e-02
9.000000000000000000e+01 1.267448794525628253e-01 9.118738689235870998e-02
9.100000000000000000e+01 1.198275669278017624e-01 8.743026072103865509e-02
9.200000000000000000e+01 1.127818803654632163e-01 8.356776811201288568e-02
9.300000000000000000e+01 1.056773561721046778e-01 7.962791947257023828e-02
9.400000000000000000e+01 9.857990609177660901e-02 7.564470190433701668e-02
9.500000000000000000e+01 9.155082093426879231e-02 7.165254927447511912e-02
9.600000000000000000e+01 8.464601083310691054e-02 6.768026480267234912e-02
9.700000000000000000e+01 7.791550114620439393e-02 6.374795123510031136e-02
9.800000000000000000e+01 7.140310916026076926e-02 5.986853031280445214e-02
9.900000000000000000e+01 6.514622267397585098e-02 5.605259265188096418e-02
1.000000000000000000e+02 5.917567260169959847e-02 5.231339464412090856e-02
1.010000000000000000e+02 5.351575097831833688e-02 4.866893284380038182e-02
1.020000000000000000e+02 4.818441272424490301e-02 4.513999635458489784e-02
1.030000000000000000e+02 4.319363635373468097e-02 4.174560989553455226e-02
1.040000000000000000e+02 3.854987407889069739e-02 3.849875916226828954e-02
1.050000000000000000e+02 3.425453440851897180e-02 3.540490818326015587e-02
1.060000000000000000e+02 3.030448662934877302e-02 3.246396030955825407e-02
1.070000000000000000e+02 2.669260522018254353e-02 2.967422786089100525e-02
1.080000000000000000e+02 2.340835995995172586e-02 2.703593036117146048e-02
1.090000000000000000e+02 2.043842581109907644e-02 2.455226988935834548e-02
1.100000000000000000e+02 1.776727159904648717e-02 2.222777185874703909e-02
1.110000000000000000e+02 1.537770051533696863e-02 2.006523404654755871e-02
1.120000000000000000e+02 1.325134065768094130e-02 1.806329873685385765e-02
1.130000000000000000e+02 1.136909600463038850e-02 1.621606304185780473e-02
1.140000000000000000e+02 9.711561365966828521e-03 1.451478079656339654e-02
1.150000000000000000e+02 8.259392214226031828e-03 1.295048372646932094e-02
1.160000000000000000e+02 6.993616972029296705e-03 1.151596521333795274e-02
1.170000000000000000e+02 5.895887532982408905e-03 1.020614829633599389e-02
1.180000000000000000e+02 4.948674259403673149e-03 9.016932520172821555e-03
1.190000000000000000e+02 4.135415441375590515e-03 7.943477556206860954e-03
1.200000000000000000e+02 3.440627737855898264e-03 6.979056337714952332e-03
1.210000000000000000e+02 2.849979436962170321e-03 6.115100476564602067e-03
1.220000000000000000e+02 2.350327515569156957e-03 5.342271043673073837e-03
1.230000000000000000e+02 1.929722267109999518e-03 4.651821094387368141e-03
1.240000000000000000e+02 1.577386125721522018e-03 4.036466198999412273e-03
1.250000000000000000e+02 1.283673620638686426e-03 3.490390674412969813e-03
1.260000000000000000e+02 1.040017546323917814e-03 3.008571567444961493e-03
1.270000000000000000e+02 8.388645098020816636e-04 2.585951281585409899e-03
1.280000000000000000e+02 6.736023771629339471e-04 2.216969595020815229e-03
1.290000000000000000e+02 5.384824988118796715e-04 1.895659138515103526e-03
1.300000000000000000e+02 4.285398738392161267e-04 1.616145988005204814e-03
1.310000000000000000e+02 3.395140023421309538e-04 1.373196618336468972e-03
1.320000000000000000e+02 2.677722963878781046e-04 1.162496940955061106e-03
1.330000000000000000e+02 2.102371417294668940e-04 9.805634932065880344e-04
1.340000000000000000e+02 1.643173179251404569e-04 8.244122772126047122e-04
1.350000000000000000e+02 1.278443731260711148e-04 6.912160137640848464e-04
1.360000000000000000e+02 9.901444431480094569e-05 5.781330732077436755e-04
1.370000000000000000e+02 7.633578806853472565e-05 4.823527100028791002e-04
1.380000000000000000e+02 5.858200557790974581e-05 4.012700896567618445e-04
1.390000000000000000e+02 4.475072925887775571e-05 3.326528343336200002e-04
1.400000000000000000e+02 3.402743528857354866e-05 2.746989920378985293e-04
1.410000000000000000e+02 2.575401861176276343e-05 2.259711915241365790e-04
1.420000000000000000e+02 1.940175418996905826e-05 1.852637885559883205e-04
1.430000000000000000e+02 1.454824412937219834e-05 1.514820000880353300e-04
1.440000000000000000e+02 1.085792614752714834e-05 1.235851118038436931e-04
1.450000000000000000e+02 8.065714525236483747e-06 1.005976124829031530e-04
1.460000000000000000e+02 5.963365298728954495e-06 8.165471541416103240e-05
1.470000000000000000e+02 4.388192636041663587e-06 6.603990567936698821e-05
1.480000000000000000e+02 3.213800238110633787e-06 5.318902884433141198e-05
1.490000000000000000e+02 2.342524567860091957e-06 4.266147254429456426e-05
1.500000000000000000e+02 1.699317228945436579e-06 3.409717059185500267e-05
1.510000000000000000e+02 1.226824918456930887e-06 2.718083642827575950e-05
1.520000000000000000e+02 8.814575288883720056e-07 2.162517058077206595e-05
1.530000000000000000e+02 6.302661409049615492e-07 1.717167943575495401e-05
1.540000000000000000e+02 4.484806135800393776e-07 1.359929031806362594e-05
1.550000000000000000e+02 3.175804821520699595e-07 1.073032750750911798e-05
1.560000000000000000e+02 2.237934885148205581e-07 8.428557685759222520e-06
1.570000000000000000e+02 1.569341557516428767e-07 6.590307216821002092e-06
1.580000000000000000e+02 1.095107744962702853e-07 5.133326161771017642e-06
1.590000000000000000e+02 7.604294436354177316e-08 3.988026906795057904e-06
