0.000000000000000000e+00 -9.579689825671688095e-05 1.177272233266177302e-04
1.000000000000000000e+00 7.864527928726641282e-05 9.443156892765871492e-06
2.000000000000000000e+00 7.381542181968623326e-05 1.091121850459298069e-05
3.000000000000000000e+00 8.813156020749616918e-05 1.324870848992243802e-05
4.000000000000000000e+00 1.064239357582135587e-04 1.608347649499636815e-05
5.000000000000000000e+00 1.282958084808782776e-04 1.952980281311041214e-05
6.000000000000000000e+00 1.542799155916267444e-04 2.371028794805112662e-05
7.000000000000000000e+00 1.850559658698972963e-04 2.874465818962959038e-05
8.000000000000000000e+00 2.214072606149149192e-04 3.474362437437289886e-05
9.000000000000000000e+00 2.642304649569397128e-04 4.181389576540592295e-05
1.000000000000000000e+01 3.145489665251610645e-04 5.007831371562555703e-05
1.100000000000000000e+01 3.735246299531228388e-04 5.970899585175070399e-05
1.200000000000000000e+01 4.424667215791025423e-04 7.096354610346112222e-05
1.300000000000000000e+01 5.228388100640350266e-04 8.420822625836702673e-05
1.400000000000000000e+01 6.162665702147344503e-04 9.991167927469336428e-05
1.500000000000000000e+01 7.245504809854396485e-04 1.186012621607428604e-04
1.600000000000000000e+01 8.496861575353143251e-04 1.407906439670318925e-04
1.700000000000000000e+01 9.938912439819472776e-04 1.669065866009862955e-04
1.800000000000000000e+01 1.159632804450491531e-03 1.972554504775865156e-04
1.900000000000000000e+01 1.349645757612131895e-03 2.320663247757659702e-04
2.000000000000000000e+01 1.566934045082667062e-03 2.716228423182476585e-04
2.100000000000000000e+01 1.814753184759201757e-03 3.164540283302053991e-04
2.200000000000000000e+01 2.096583589012864044e-03 3.675111973526930514e-04
2.300000000000000000e+01 2.416112926512999342e-03 4.262356597145845706e-04
2.400000000000000000e+01 2.777246018846830922e-03 4.944416184863042497e-04
2.500000000000000000e+01 3.184148535291642969e-03 5.740063899722927998e-04
2.600000000000000000e+01 3.641309282645458813e-03 6.664581900700926754e-04
2.700000000000000000e+01 4.153585672776834679e-03 7.726391491413261200e-04
2.800000000000000000e+01 4.726191507990289836e-03 8.926475889430374525e-04
2.900000000000000000e+01 5.364604704580106312e-03 1.026192692536805886e-03
3.000000000000000000e+01 6.074412263292586038e-03 1.173328271017131871e-03
3.100000000000000000e+01 6.861152895785038730e-03 1.335323100982111367e-03
3.200000000000000000e+01 7.730237051662133818e-03 1.515268490440179307e-03
3.300000000000000000e+01 8.686998324803277619e-03 1.718021727176777909e-03
3.400000000000000000e+01 9.736860883787164939e-03 1.949292227708963486e-03
3.500000000000000000e+01 1.088552529669355867e-02 2.214055898708306488e-03
3.600000000000000000e+01 1.213902808219073821e-02 2.514888117665293153e-03
3.700000000000000000e+01 1.350355920890940718e-02 2.851033444317715212e-03
3.800000000000000000e+01 1.498503277499237812e-02 3.218907586677545972e-03
3.900000000000000000e+01 1.658855544265814413e-02 3.614209057010258665e-03
4.000000000000000000e+01 1.831804130238974537e-02 4.035049140110200105e-03
4.100000000000000000e+01 2.017619936666749381e-02 4.484810676494753109e-03
4.200000000000000000e+01 2.216494849143234649e-02 4.973205413357561361e-03
4.300000000000000000e+01 2.428606296624269065e-02 5.514479477377534286e-03
4.400000000000000000e+01 2.654165731810707862e-02 6.122872839556469174e-03
4.500000000000000000e+01 2.893411567507018708e-02 6.806856280981814222e-03
4.600000000000000000e+01 3.146531037867977137e-02 7.564687754697463004e-03
4.700000000000000000e+01 3.413535249947988182e-02 8.383826934918415727e-03
4.800000000000000000e+01 3.694146695167734029e-02 9.245461634297473877e-03
4.900000000000000000e+01 3.987765314672521433e-02 1.013315325831109018e-02
5.000000000000000000e+01 4.293546607277695659e-02 1.104229546702343093e-02
5.100000000000000000e+01 4.610564887471696460e-02 1.198586941767032510e-02
5.200000000000000000e+01 4.937978360789009591e-02 1.299276915977770792e-02
5.300000000000000000e+01 5.275095388231222648e-02 1.409783231215491935e-02
5.400000000000000000e+01 5.621281270983609357e-02 1.532664747485297518e-02
5.500000000000000000e+01 5.975729655219777503e-02 1.668145751769100488e-02
5.600000000000000000e+01 6.337210058534090140e-02 1.813526569814124037e-02
5.700000000000000000e+01 6.703939628418699448e-02 1.963868153281745493e-02
5.800000000000000000e+01 7.073680005030215379e-02 2.113869753881589264e-02
5.900000000000000000e+01 7.444043136525761717e-02 2.260255425945444790e-02
6.000000000000000000e+01 7.812863789504150003e-02 2.403601859003644953e-02
6.100000000000000000e+01 8.178436295592857175e-02 2.548615039694268267e-02
6.200000000000000000e+01 8.539463999525359617e-02 2.702446150949836673e-02
6.300000000000000000e+01 8.894718122190146958e-02 2.871525204277519325e-02
6.400000000000000000e+01 9.242575425539503731e-02 3.058192425390917485e-02
6.500000000000000000e+01 9.580701094047974764e-02 3.258713406747899138e-02
6.600000000000000000e+01 9.906093401502490126e-02 3.463847229621148938e-02
6.700000000000000000e+01 1.021551954388759259e-01 3.662086020857223401e-02
6.800000000000000000e+01 1.050614495012826555e-01 3.844411813813623791e-02
6.900000000000000000e+01 1.077602401525326326e-01 4.008513259414593632e-02
7.000000000000000000e+01 1.102416674885122877e-01 4.160375939601644590e-02
7.100000000000000000e+01 1.125011331249062690e-01 4.312147476408239449e-02
7.200000000000000000e+01 1.145322800331064345e-01 4.476828887743970753e-02
7.300000000000000000e+01 1.163210865868490179e-01 4.661927767658885502e-02
7.400000000000000000e+01 1.178447565774978778e-01 4.864951287426556858e-02
7.500000000000000000e+01 1.190765296464190021e-01 5.073068681756829484e-02
7.600000000000000000e+01 1.199941501315522213e-01 5.267552610870389340e-02
7.700000000000000000e+01 1.205874480637527252e-01 5.431407486357316128e-02
7.800000000000000000e+01 1.208607082363004070e-01 5.556917533057308123e-02
7.900000000000000000e+01 1.208282250850381268e-01 5.649570734126813099e-02
8.000000000000000000e+01 1.205052406117030767e-01 5.726214253973443968e-02
8.100000000000000000e+01 1.198992291168994306e-01 5.807841729767207473e-02
8.200000000000000000e+01 1.190065410462083639e-01 5.909963988916559774e-02
8.300000000000000000e+01 1.178165315905615185e-01 6.034856027775632736e-02
8.400000000000000000e+01 1.163210380795684645e-01 6.169392938965108375e-02
8.500000000000000000e+01 1.145239212375649962e-01 6.289831573921834951e-02
8.600000000000000000e+01 1.124452175011277227e-01 6.371747163711100059e-02
8.700000000000000000e+01 1.101173837328270344e-01 6.400826920949763410e-02
8.800000000000000000e+01 1.075755213677401512e-01 6.379593805994251965e-02
8.900000000000000000e+01 1.048468953926371544e-01 6.326796181074037517e-02
9.000000000000000000e+01 1.019455429097482629e-01 6.269467555790293745e-02
9.100000000000000000e+01 9.887492535195618881e-02 6.231041025089610608e-02
9.200000000000000000e+01 9.563700051128981583e-02 6.220812195875927153e-02
9.300000000000000000e+01 9.224245489992233260e-02 6.229564585195732779e-02
9.400000000000000000e+01 8.871625207338899866e-02 6.233470269435051336e-02
9.500000000000000000e+01 8.509537214475305922e-02 6.204642836429590663e-02
9.600000000000000000e+01 8.142001532255752072e-02 6.123650307787411456e-02
9.700000000000000000e+01 7.772314704204563718e-02 5.988342932349135367e-02
9.800000000000000000e+01 7.402409567146628344e-02 5.815002111469446539e-02
9.900000000000000000e+01 7.032952878566717247e-02 5.631316480864995144e-02
1.000000000000000000e+02 6.664091836636035215e-02 5.464397208141809348e-02
1.010000000000000000e+02 6.296402870805359320e-02 5.329242745421521044e-02
1.020000000000000000e+02 5.931505792163559165e-02 5.222780045208106486e-02
1.030000000000000000e+02 5.572019525762877956e-02 5.126021203822118955e-02
1.040000000000000000e+02 5.220913537351042771e-02 5.013187663485149659e-02
1.050000000000000000e+02 4.880635217365872358e-02 4.863555080347407855e-02
1.060000000000000000e+02 4.552495201443991502e-02 4.670669188158385610e-02
1.070000000000000000e+02 4.236625551594553479e-02 4.444943753289261335e-02
1.080000000000000000e+02 3.932494087203640409e-02 4.208772517021847764e-02
1.090000000000000000e+02 3.639656543504634495e-02 3.986659516528835712e-02
1.100000000000000000e+02 3.358325034131974529e-02 3.794950110479213684e-02
1.110000000000000000e+02 3.089467530397450867e-02 3.635671831402623178e-02
1.120000000000000000e+02 2.834430171959344963e-02 3.496931151746614924e-02
1.130000000000000000e+02 2.594328786965470132e-02 3.359286177072585977e-02
1.140000000000000000e+02 2.369556050202571706e-02 3.204921467938452728e-02
1.150000000000000000e+02 2.159657639392186662e-02 3.025427269007742448e-02
1.160000000000000000e+02 1.963610285678618270e-02 2.824902145191265229e-02
1.170000000000000000e+02 1.780317289739204167e-02 2.617409208658078371e-02
1.180000000000000000e+02 1.609042207010212902e-02 2.420367498577979601e-02
1.190000000000000000e+02 1.449567474236206771e-02 2.247088033589558428e-02
1.200000000000000000e+02 1.302035242936281506e-02 2.101738135622534254e-02
1.210000000000000000e+02 1.166597779837248716e-02 1.978658739173506931e-02
1.220000000000000000e+02 1.043086452210093169e-02 1.865896046259850685e-02
1.230000000000000000e+02 9.308714925965303616e-03 1.751003522315917882e-02
1.240000000000000000e+02 8.289631309711172069e-03 1.626389544953629751e-02
1.250000000000000000e+02 7.362722621477106252e-03 1.491977844824501388e-02
1.260000000000000000e+02 6.518775791631866053e-03 1.354363022397708782e-02
1.270000000000000000e+02 5.751657560958134408e-03 1.223248369972160937e-02
1.280000000000000000e+02 5.057970836112485845e-03 1.107016617923486240e-02
1.290000000000000000e+02 4.435448039764870037e-03 1.009414494387247778e-02
1.300000000000000000e+02 3.881115942196188343e-03 9.285998820863124170e-03
1.310000000000000000e+02 3.390206192830199066e-03 8.586343376202534156e-03
1.320000000000000000e+02 2.956244789577741096e-03 7.924571722126013545e-03
1.330000000000000000e+02 2.572081947152678703e-03 7.248826986955010654e-03
1.340000000000000000e+02 2.231188169713117526e-03 6.543614202279958089e-03
1.350000000000000000e+02 1.928530290791834970e-03 5.829574986402392620e-03
1.360000000000000000e+02 1.660680977157081694e-03 5.148331691703607500e-03
1.370000000000000000e+02 1.425261399583027406e-03 4.541116967833820454e-03
1.380000000000000000e+02 1.220122438332363378e-03 4.031071467407008717e-03
1.390000000000000000e+02 1.042714216250868698e-03 3.615917669534717774e-03
1.400000000000000000e+02 8.899091905438460352e-04 3.272278798819061238e-03
1.410000000000000000e+02 7.582660955315562515e-04 2.967859926090508742e-03
1.420000000000000000e+02 6.445069834094725465e-04 2.675092424483409368e-03
1.430000000000000000e+02 5.459235828478860818e-04 2.380364857198107031e-03
1.440000000000000000e+02 4.605269892985655415e-04 2.085870532114738642e-03
1.450000000000000000e+02 3.869217940577438517e-04 1.804725441027709874e-03
1.460000000000000000e+02 3.240224176773227774e-04 1.552664718486477819e-03
1.470000000000000000e+02 2.707767828030265261e-04 1.340376806696466899e-03
1.480000000000000000e+02 2.260198029375375768e-04 1.169457946290345177e-03
1.490000000000000000e+02 1.884881044116454556e-04 1.032889354579575930e-03
1.500000000000000000e+02 1.569428050695357787e-04 9.189135492069845125e-04
1.510000000000000000e+02 1.303088415455191831e-04 8.160319018918088963e-04
1.520000000000000000e+02 1.077551275394728666e-04 7.168639201195676526e-04
1.530000000000000000e+02 8.868815427125115766e-05 6.195568934856434925e-04
1.540000000000000000e+02 7.268008384912211922e-05 5.267219604388461438e-04
1.550000000000000000e+02 5.937765192396553292e-05 4.428836748006132634e-04
1.560000000000000000e+02 4.843492064425327401e-05 3.718039737194664711e-04
1.570000000000000000e+02 3.949049329719704578e-05 3.147738302359663642e-04
1.580000000000000000e+02 3.218378021949193937e-05 2.703208255809152636e-04
1.590000000000000000e+02 2.618850654236818095e-05 2.351093651481534960e-04
