0.000000000000000000e+00 1.230979104852638354e-06 7.315393189558708469e-04
1.000000000000000000e+00 6.764260035222714717e-08 6.028463476618771154e-06
2.000000000000000000e+00 8.664641293150323455e-08 5.800830405050268524e-06
3.000000000000000000e+00 1.219663972437908847e-07 6.982567228700035448e-06
4.000000000000000000e+00 1.709437777804092370e-07 8.621820567988007969e-06
5.000000000000000000e+00 2.382374502670160282e-07 1.065146886056170705e-05
6.000000000000000000e+00 3.303817299529403317e-07 1.311228572220535667e-05
7.000000000000000000e+00 4.564183195047160664e-07 1.608411878027076914e-05
8.000000000000000000e+00 6.286051206562097070e-07 1.968109144724906529e-05
9.000000000000000000e+00 8.630153868701486348e-07 2.405201229490874966e-05
1.000000000000000000e+01 1.180151897639579797e-06 2.937513581185901822e-05
1.100000000000000000e+01 1.606008542844471967e-06 3.584670636593115549e-05
1.200000000000000000e+01 2.174122545303772706e-06 4.366877032152910129e-05
1.300000000000000000e+01 2.928835071203282905e-06 5.304519368543347314e-05
1.400000000000000000e+01 3.929285499779982487e-06 6.419376284583291632e-05
1.500000000000000000e+01 5.253110425210675477e-06 7.737586699117622265e-05
1.600000000000000000e+01 6.999092604322657188e-06 9.293563985396744852e-05
1.700000000000000000e+01 9.289362806707813258e-06 1.113322495613595984e-04
1.800000000000000000e+01 1.227345949158618069e-05 1.331475593613958702e-04
1.900000000000000000e+01 1.613705643119518442e-05 1.590597997098565190e-04
2.000000000000000000e+01 2.111626050418683814e-05 1.897908380699181343e-04
2.100000000000000000e+01 2.751464485486692068e-05 2.260531705469993055e-04
2.200000000000000000e+01 3.571742472661535220e-05 2.685321755593425997e-04
2.300000000000000000e+01 4.619877514073142117e-05 3.179304007184463945e-04
2.400000000000000000e+01 5.952498882494901343e-05 3.750730442654064091e-04
2.500000000000000000e+01 7.636391362824976954e-05 4.410382070042439206e-04
2.600000000000000000e+01 9.751263520521688717e-05 5.172505191150703974e-04
2.700000000000000000e+01 1.239459905097225079e-04 6.054796860876948163e-04
2.800000000000000000e+01 1.568721182638849708e-04 7.077227100725342300e-04
2.900000000000000000e+01 1.977706873525721023e-04 8.260090559852888321e-04
3.000000000000000000e+01 2.483978405753106645e-04 9.622237670099581574e-04
3.100000000000000000e+01 3.107696889223628611e-04 1.118059804984313605e-03
3.200000000000000000e+01 3.871648055792317484e-04 1.295166273184292834e-03
3.300000000000000000e+01 4.801879398779393404e-04 1.495463823724196535e-03
3.400000000000000000e+01 5.928987135357266123e-04 1.721495895812538268e-03
3.500000000000000000e+01 7.289505012121126311e-04 1.976631618536006663e-03
3.600000000000000000e+01 8.926540295718886613e-04 2.264974207652922528e-03
3.700000000000000000e+01 1.088917858132530539e-03 2.590957604447540266e-03
3.800000000000000000e+01 1.323114181513685393e-03 2.958783966859856920e-03
3.900000000000000000e+01 1.601003609093246041e-03 3.371978619684403485e-03
4.000000000000000000e+01 1.928841695794208423e-03 3.833333406111697188e-03
4.100000000000000000e+01 2.313658649560380431e-03 4.345346810606656382e-03
4.200000000000000000e+01 2.763533147010771920e-03 4.911011139880600007e-03
4.300000000000000000e+01 3.287618010501063091e-03 5.534573062504660398e-03
4.400000000000000000e+01 3.895813931687052735e-03 6.221835449362415546e-03
4.500000000000000000e+01 4.598262815231648343e-03 6.979736946053180513e-03
4.600000000000000000e+01 5.405031666658594892e-03 7.815290680965938930e-03
4.700000000000000000e+01 6.326274509055661993e-03 8.734329068104141128e-03
4.800000000000000000e+01 7.372788321358422423e-03 9.740686480878680761e-03
4.900000000000000000e+01 8.556479419771167994e-03 1.083631467998821991e-02
5.000000000000000000e+01 9.890187330912738120e-03 1.202238816591179663e-02
5.100000000000000000e+01 1.138672429742791301e-02 1.330092014750923132e-02
5.200000000000000000e+01 1.305762864174484991e-02 1.467606128159660954e-02
5.300000000000000000e+01 1.491247688634820753e-02 1.615430766733089857e-02
5.400000000000000000e+01 1.695927266189972346e-02 1.774332399773373772e-02
5.500000000000000000e+01 1.920557269515143356e-02 1.944979286547724590e-02
5.600000000000000000e+01 2.165927579664133837e-02 2.127728224211031943e-02
5.700000000000000000e+01 2.432807169838254249e-02 2.322524006531009530e-02
5.800000000000000000e+01 2.721751914925403526e-02 2.528974548891664217e-02
5.900000000000000000e+01 3.032890555052214498e-02 2.746576517888175972e-02
6.000000000000000000e+01 3.365842879508485624e-02 2.974982924412769916e-02
6.100000000000000000e+01 3.719836004343905073e-02 3.214171599519778655e-02
6.200000000000000000e+01 4.093926210586462666e-02 3.464413346390937676e-02
6.300000000000000000e+01 4.487132897757646621e-02 3.726035782345982206e-02
6.400000000000000000e+01 4.898343834459345514e-02 3.999087344255953386e-02
6.500000000000000000e+01 5.326031919856720476e-02 4.283068657828498216e-02
6.600000000000000000e+01 5.767992844438880190e-02 4.576876502306266581e-02
6.700000000000000000e+01 6.221323467135777413e-02 4.879003054867715738e-02
6.800000000000000000e+01 6.682686188380046466e-02 5.187900468874833554e-02
6.900000000000000000e+01 7.148675597708915863e-02 5.502328983254202444e-02
7.000000000000000000e+01 7.616010009014460846e-02 5.821506829835140784e-02
7.100000000000000000e+01 8.081402412283951453e-02 6.144975731357235627e-02
7.200000000000000000e+01 8.541227799785193475e-02 6.472241092445037147e-02
7.300000000000000000e+01 8.991284523539402884e-02 6.802367754925084387e-02
7.400000000000000000e+01 9.426890203354852671e-02 7.133744397371954982e-02
7.500000000000000000e+01 9.843293549375606299e-02 7.464149494994158640e-02
7.600000000000000000e+01 1.023612933981256773e-01 7.791097286313564130e-02
7.700000000000000000e+01 1.060160511495691488e-01 8.112295123268659092e-02
7.800000000000000000e+01 1.093632172622434479e-01 8.425983257575470065e-02
7.900000000000000000e+01 1.123692429039292867e-01 8.730986878518909311e-02
8.000000000000000000e+01 1.149991536753669219e-01 9.026457830931400306e-02
8.100000000000000000e+01 1.172182803517744232e-01 9.311444534090138059e-02
8.200000000000000000e+01 1.189966365925732850e-01 9.584519885682638018e-02
8.300000000000000000e+01 1.203128666532922719e-01 9.843668598447799511e-02
8.400000000000000000e+01 1.211550573957837496e-01 1.008649995301913738e-01
8.500000000000000000e+01 1.215182042446894539e-01 1.031068120745767397e-01
8.600000000000000000e+01 1.214006724394875864e-01 1.051437292583310978e-01
8.700000000000000000e+01 1.208025763098912880e-01 1.069644983314890496e-01
8.800000000000000000e+01 1.197272538558609017e-01 1.085640515527461353e-01
8.900000000000000000e+01 1.181844562138633647e-01 1.099400091037847083e-01
9.000000000000000000e+01 1.161925655268407631e-01 1.110885600791532563e-01
9.100000000000000000e+01 1.137780314779575919e-01 1.120019190781107454e-01
9.200000000000000000e+01 1.109724215620880028e-01 1.126686806823726794e-01
9.300000000000000000e+01 1.078091925184546801e-01 1.130768407497618616e-01
9.400000000000000000e+01 1.043222364599678820e-01 1.132178653355303821e-01
9.500000000000000000e+01 1.005466530684886450e-01 1.130896977807152315e-01
9.600000000000000000e+01 9.652044076490495783e-02 1.126972188516716100e-01
9.700000000000000000e+01 9.228524421270399569e-02 1.120500343260706355e-01
9.800000000000000000e+01 8.788522139708218606e-02 1.111588285076665628e-01
9.900000000000000000e+01 8.336461528130122145e-02 1.100321958855094567e-01
1.000000000000000000e+02 7.876550841405398351e-02 1.086755257172453831e-01
1.010000000000000000e+02 7.412691863769138578e-02 1.070923748370790907e-01
1.020000000000000000e+02 6.948527160978607009e-02 1.052874507335182785e-01
1.030000000000000000e+02 6.487531517180478158e-02 1.032695395443070513e-01
1.040000000000000000e+02 6.033041643173565199e-02 1.010528335408861084e-01
1.050000000000000000e+02 5.588185857297905956e-02 9.865601682017074991e-02
1.060000000000000000e+02 5.155759871569996766e-02 9.609963948083827256e-02
1.070000000000000000e+02 4.738131127947987214e-02 9.340313920248838331e-02
1.080000000000000000e+02 4.337224153683586630e-02 9.058295872783383995e-02
1.090000000000000000e+02 3.954576932625982616e-02 8.765255661494357475e-02
1.100000000000000000e+02 3.591414637902164836e-02 8.462409392582175005e-02
1.110000000000000000e+02 3.248690016564598215e-02 8.151074758528006892e-02
1.120000000000000000e+02 2.927077752878697731e-02 7.832836762708353384e-02
1.130000000000000000e+02 2.626948740917812303e-02 7.509563085554320228e-02
1.140000000000000000e+02 2.348361612626992390e-02 7.183266755053138719e-02
1.150000000000000000e+02 2.091090787859746503e-02 6.855890248527637953e-02
1.160000000000000000e+02 1.854682090673222608e-02 6.529118197611451235e-02
1.170000000000000000e+02 1.638510902637841521e-02 6.204302852508861849e-02
1.180000000000000000e+02 1.441822455486681601e-02 5.882523625839315012e-02
1.190000000000000000e+02 1.263751094126717815e-02 5.564734355123079901e-02
1.200000000000000000e+02 1.103330114711722869e-02 5.251913901035160093e-02
1.210000000000000000e+02 9.595064580237656904e-03 4.945143443324240273e-02
1.220000000000000000e+02 8.311663728322451344e-03 4.645578513039366753e-02
1.230000000000000000e+02 7.171676837889159190e-03 4.354339130902234317e-02
1.240000000000000000e+02 6.163694227480281951e-03 4.072379092289038494e-02
1.250000000000000000e+02 5.276522257577213534e-03 3.800399152889614995e-02
1.260000000000000000e+02 4.499292464871957123e-03 3.538840699221078301e-02
1.270000000000000000e+02 3.821520681214322056e-03 3.287953837844261734e-02
1.280000000000000000e+02 3.233164881089262057e-03 3.047899298984949046e-02
1.290000000000000000e+02 2.724701282165080309e-03 2.818833038801433002e-02
1.300000000000000000e+02 2.287205690262921094e-03 2.600937907447234063e-02
1.310000000000000000e+02 1.912414369559732943e-03 2.394397121477569862e-02
1.320000000000000000e+02 1.592748448717078201e-03 2.199332810640571706e-02
1.330000000000000000e+02 1.321304641646048935e-03 2.015746250759061983e-02
1.340000000000000000e+02 1.091827527119847846e-03 1.843490409239039243e-02
1.350000000000000000e+02 8.986785104652469805e-04 1.682285779927372715e-02
1.360000000000000000e+02 7.368080013060477555e-04 1.531768556740297112e-02
1.370000000000000000e+02 6.017286555436399294e-04 1.391546812979631981e-02
1.380000000000000000e+02 4.894843638323915060e-04 1.261240553430089707e-02
1.390000000000000000e+02 3.966120769934962311e-04 1.140492957020223727e-02
1.400000000000000000e+02 3.200979090833607626e-04 1.028955509999077665e-02
1.410000000000000000e+02 2.573316158884292521e-04 9.262611587926666140e-03
1.420000000000000000e+02 2.060632677548624803e-04 8.320024676674791370e-03
1.430000000000000000e+02 1.643638357967611445e-04 7.457262456334903984e-03
1.440000000000000000e+02 1.305893846167797967e-04 6.669462760688297208e-03
1.450000000000000000e+02 1.033477719313528350e-04 5.951670073767722016e-03
1.460000000000000000e+02 8.146714523537216125e-05 5.299072411949022794e-03
1.470000000000000000e+02 6.396632643665615243e-05 4.707148125792436771e-03
1.480000000000000000e+02 5.002766278897371576e-05 4.171689404056631162e-03
1.490000000000000000e+02 3.897286138932346201e-05 3.688729656924045509e-03
1.500000000000000000e+02 3.024192706208381497e-05 3.254437616592224108e-03
1.510000000000000000e+02 2.337493804185774860e-05 2.865040891055407098e-03
1.520000000000000000e+02 1.799623105832015682e-05 2.516813406466538935e-03
1.530000000000000000e+02 1.380062275361565521e-05 2.206123524499982013e-03
1.540000000000000000e+02 1.054143716338019223e-05 1.929511793345515223e-03
1.550000000000000000e+02 8.020213492331704154e-06 1.683759797501206299e-03
1.560000000000000000e+02 6.077987969652083189e-06 1.465923204268763198e-03
1.570000000000000000e+02 4.588005536503914849e-06 1.273323159385629727e-03
1.580000000000000000e+02 3.449674504812635818e-06 1.103508982488812752e-03
1.590000000000000000e+02 2.583565125214890714e-06 9.542138124721148478e-04
