0.000000000000000000e+00 -6.989489494827109421e-07 -5.000124311012754501e-03
1.000000000000000000e+00 7.974106034008758208e-07 2.938190906948385563e-03
2.000000000000000000e+00 9.612145591192971624e-07 2.140978813885993301e-03
3.000000000000000000e+00 1.299934503816187763e-06 2.271934007731755967e-03
4.000000000000000000e+00 1.761545941284951930e-06 2.526102514791838186e-03
5.000000000000000000e+00 2.378287987960151974e-06 2.819255307460301688e-03
6.000000000000000000e+00 3.197333803902343122e-06 3.142700539388707751e-03
7.000000000000000000e+00 4.279922034923664420e-06 3.497158700323786153e-03
8.000000000000000000e+00 5.704388168052586591e-06 3.885107963664199710e-03
9.000000000000000000e+00 7.570309801238409754e-06 4.309733757304243240e-03
1.000000000000000000e+01 1.000360944072762223e-05 4.774618845330603698e-03
1.100000000000000000e+01 1.316272291893993098e-05 5.283431176440933803e-03
1.200000000000000000e+01 1.724599282823273454e-05 5.839564174570454659e-03
1.300000000000000000e+01 2.250046845282728807e-05 6.445825938521743473e-03
1.400000000000000000e+01 2.923231153796781420e-05 7.104299387664763689e-03
1.500000000000000000e+01 3.781902058181411719e-05 7.816460250779489957e-03
1.600000000000000000e+01 4.872369423443103129e-05 8.583563506315490185e-03
1.700000000000000000e+01 6.251155235021046291e-05 9.407215370844934643e-03
1.800000000000000000e+01 7.986892474378488524e-05 1.028996355781515784e-02
1.900000000000000000e+01 1.016249008802120376e-04 1.123569007908436883e-02
2.000000000000000000e+01 1.287758132145737778e-04 1.224960546829818690e-02
2.100000000000000000e+01 1.625126977502333700e-04 1.333773965552278486e-02
2.200000000000000000e+01 2.042518299940435393e-04 1.450599341641348877e-02
2.300000000000000000e+01 2.556683667755006153e-04 1.575900344489076024e-02
2.400000000000000000e+01 3.187330263098195836e-04 1.709920189151533515e-02
2.500000000000000000e+01 3.957516145243368121e-04 1.852644785893381094e-02
2.600000000000000000e+01 4.894070668045625043e-04 2.003845821431184115e-02
2.700000000000000000e+01 6.028035361399152955e-04 2.163201411380370753e-02
2.800000000000000000e+01 7.395119261369963995e-04 2.330464593546008670e-02
2.900000000000000000e+01 9.036161230547268795e-04 2.505628145549687602e-02
3.000000000000000000e+01 1.099758977085751226e-03 2.689025136117428535e-02
3.100000000000000000e+01 1.333186784042353487e-03 2.881314580262342440e-02
3.200000000000000000e+01 1.609790650957739801e-03 3.083333308997396674e-02
3.300000000000000000e+01 1.936142822030308911e-03 3.295842729255901021e-02
3.400000000000000000e+01 2.319525943726108777e-03 3.519245768890411075e-02
3.500000000000000000e+01 2.767953367207393045e-03 3.753373420265967986e-02
3.600000000000000000e+01 3.290178653139681168e-03 3.997427806054421745e-02
3.700000000000000000e+01 3.895692074945432751e-03 4.250121908473591253e-02
3.800000000000000000e+01 4.594701037042807704e-03 4.509991639169388250e-02
3.900000000000000000e+01 5.398090548354720491e-03 4.775794584950432409e-02
4.000000000000000000e+01 6.317360224649791120e-03 5.046869044719505537e-02
4.100000000000000000e+01 7.364536101698189452e-03 5.323320700674885608e-02
4.200000000000000000e+01 8.552057617163518269e-03 5.605942572240509014e-02
4.300000000000000000e+01 9.892640206697151870e-03 5.895856106850452111e-02
4.400000000000000000e+01 1.139911105458649848e-02 6.193965876167754903e-02
4.500000000000000000e+01 1.308421204677259059e-02 6.500405842877908513e-02
4.600000000000000000e+01 1.496036473934952982e-02 6.814179209472437382e-02
4.700000000000000000e+01 1.703939964452576977e-02 7.133139877139657581e-02
4.800000000000000000e+01 1.933226178582391624e-02 7.454351767041310362e-02
4.900000000000000000e+01 2.184870649153409020e-02 7.774735186034568979e-02
5.000000000000000000e+01 2.459698838409086000e-02 8.091807519930860337e-02
5.100000000000000000e+01 2.758353078776901862e-02 8.404276204037695874e-02
5.200000000000000000e+01 3.081256099411841878e-02 8.712263246351770185e-02
5.300000000000000000e+01 3.428571964266357436e-02 9.017041091986827128e-02
5.400000000000000000e+01 3.800168499785059467e-02 9.320323662709562029e-02
5.500000000000000000e+01 4.195586100984274869e-02 9.623330887944807344e-02
5.600000000000000000e+01 4.614014197453037563e-02 9.925953045947689957e-02
5.700000000000000000e+01 5.054271192846692545e-02 1.022632513629888745e-01
5.800000000000000000e+01 5.514782263666109102e-02 1.052098309125715642e-01
5.900000000000000000e+01 5.993555397746221786e-02 1.080557300162764411e-01
6.000000000000000000e+01 6.488165160981834712e-02 1.107589870016688766e-01
6.100000000000000000e+01 6.995756145235453027e-02 1.132897638342017510e-01
6.200000000000000000e+01 7.513068438560800699e-02 1.156374383613518186e-01
6.300000000000000000e+01 8.036472773453065543e-02 1.178115836522235504e-01
6.400000000000000000e+01 8.561998612653175245e-02 1.198360677081687642e-01
6.500000000000000000e+01 9.085352489958538336e-02 1.217379718016152329e-01
6.600000000000000000e+01 9.601945401486508547e-02 1.235351273936752953e-01
6.700000000000000000e+01 1.010695390910693048e-01 1.252267855969664001e-01
6.800000000000000000e+01 1.059541844441215380e-01 1.267908259011442662e-01
6.900000000000000000e+01 1.106235087238942455e-01 1.281884929791930194e-01
7.000000000000000000e+01 1.150281463571041912e-01 1.293750184256080571e-01
7.100000000000000000e+01 1.191196974200186276e-01 1.303125954495468475e-01
7.200000000000000000e+01 1.228511692378506243e-01 1.309814577900305088e-01
7.300000000000000000e+01 1.261778569775432179e-01 1.313853303127505423e-01
7.400000000000000000e+01 1.290587162310004032e-01 1.315492077813764926e-01
7.500000000000000000e+01 1.314577328884261598e-01 1.315099963524689608e-01
7.600000000000000000e+01 1.333446748627569733e-01 1.313032385295941906e-01
7.700000000000000000e+01 1.346951197242681753e-01 1.309507623673757115e-01
7.800000000000000000e+01 1.354903279264276783e-01 1.304537545316298286e-01
7.900000000000000000e+01 1.357176585393598534e-01 1.297935562630701534e-01
8.000000000000000000e+01 1.353715972836436188e-01 1.289395285976039918e-01
8.100000000000000000e+01 1.344546811898271743e-01 1.278609513818932675e-01
8.200000000000000000e+01 1.329774966745956299e-01 1.265388348015846209e-01
8.300000000000000000e+01 1.309576823271822177e-01 1.249737548269022613e-01
8.400000000000000000e+01 1.284187519212053596e-01 1.231871324752482760e-01
8.500000000000000000e+01 1.253896375804306462e-01 1.212155093924736637e-01
8.600000000000000000e+01 1.219050027943639897e-01 1.190998599578687450e-01
8.700000000000000000e+01 1.180054459162645925e-01 1.168739230071995094e-01
8.800000000000000000e+01 1.137366875554906287e-01 1.145559320654481877e-01
8.900000000000000000e+01 1.091477706397850633e-01 1.121466252538644431e-01
9.000000000000000000e+01 1.042892444340852987e-01 1.096337633156609925e-01
9.100000000000000000e+01 9.921227263525105033e-02 1.070009371101224849e-01
9.200000000000000000e+01 9.396863105645850145e-02 1.042372169144690913e-01
9.300000000000000000e+01 8.861065669859537197e-02 1.013443269455389928e-01
9.400000000000000000e+01 8.319030764691522084e-02 9.833909941676050037e-02
9.500000000000000000e+01 7.775746646426059949e-02 9.525055125989376203e-02
9.600000000000000000e+01 7.235844092570462016e-02 9.211273150870183390e-02
9.700000000000000000e+01 6.703545068830564502e-02 8.895605239758608285e-02
9.800000000000000000e+01 6.182695025061693550e-02 8.580045150630187523e-02
9.900000000000000000e+01 5.676791870670618023e-02 8.265294274073134440e-02
1.000000000000000000e+02 5.188945448355393453e-02 7.951016417096365418e-02
1.010000000000000000e+02 4.721786797221365350e-02 7.636443581775022305e-02
1.020000000000000000e+02 4.277405382371984172e-02 7.321065701524795410e-02
1.030000000000000000e+02 3.857367992290471059e-02 7.005146052940430801e-02
1.040000000000000000e+02 3.462797223886119463e-02 6.689901219914663744e-02
1.050000000000000000e+02 3.094440565049099215e-02 6.377310901850487268e-02
1.060000000000000000e+02 2.752686040202291864e-02 6.069642423837336154e-02
1.070000000000000000e+02 2.437544100227455324e-02 5.768868870836053875e-02
1.080000000000000000e+02 2.148650574474198632e-02 5.476202034926823392e-02
1.090000000000000000e+02 1.885321494433566877e-02 5.191920915617430354e-02
1.100000000000000000e+02 1.646638939286814568e-02 4.915553134625018361e-02
1.110000000000000000e+02 1.431521784077652640e-02 4.646314211863768195e-02
1.120000000000000000e+02 1.238756822380608288e-02 4.383608636831038546e-02
1.130000000000000000e+02 1.067006214713046332e-02 4.127394507403635282e-02
1.140000000000000000e+02 9.148249803867750801e-03 3.878293409051941643e-02
1.150000000000000000e+02 7.807044695887256636e-03 3.637434058458455938e-02
1.160000000000000000e+02 6.631276880594456913e-03 3.406106371605557848e-02
1.170000000000000000e+02 5.606106810704797154e-03 3.185355401888353977e-02
1.180000000000000000e+02 4.717184785594405634e-03 2.975659471885638147e-02
1.190000000000000000e+02 3.950660761500332345e-03 2.776808530344978057e-02
1.200000000000000000e+02 3.293227982826785801e-03 2.588025750976391190e-02
1.210000000000000000e+02 2.732279812711957846e-03 2.408278715529276262e-02
1.220000000000000000e+02 2.256107857872604802e-03 2.236650684746181728e-02
1.230000000000000000e+02 1.854019758237381455e-03 2.072627130760378023e-02
1.240000000000000000e+02 1.516328943491516198e-03 1.916201561802739414e-02
1.250000000000000000e+02 1.234270807018250172e-03 1.767784620745798188e-02
1.260000000000000000e+02 9.999320724233193292e-04 1.627970491356917765e-02
1.270000000000000000e+02 8.062312989011723944e-04 1.497252706217834343e-02
1.280000000000000000e+02 6.469222027419631619e-04 1.375786615974596179e-02
1.290000000000000000e+02 5.165702717772054997e-04 1.263274519563943599e-02
1.300000000000000000e+02 4.104831414123783417e-04 1.159007036256717860e-02
1.310000000000000000e+02 3.246160001135148395e-04 1.062039349168167682e-02
1.320000000000000000e+02 2.554863875778943931e-04 9.714319309291497700e-03
1.330000000000000000e+02 2.001145701327365287e-04 8.864647990793020349e-03
1.340000000000000000e+02 1.559805574878907111e-04 8.067525894651244450e-03
1.350000000000000000e+02 1.209797931932926314e-04 7.322334117566097270e-03
1.360000000000000000e+02 9.336901176725575569e-05 6.630529363881029932e-03
1.370000000000000000e+02 7.170779736592876004e-05 5.993962526681075736e-03
1.380000000000000000e+02 5.480668320759591531e-05 5.413277515009145766e-03
1.390000000000000000e+02 4.168748078089559375e-05 4.886883223166452184e-03
1.400000000000000000e+02 3.155345836679479760e-05 4.410765825670796142e-03
1.410000000000000000e+02 2.376345855428717868e-05 3.979126384461255730e-03
1.420000000000000000e+02 1.780629469537074887e-05 3.585559210520361008e-03
1.430000000000000000e+02 1.327592571578142731e-05 3.224320754125430642e-03
1.440000000000000000e+02 9.849935684636569589e-06 2.891249316507814998e-03
1.450000000000000000e+02 7.272866570697218157e-06 2.584075147870750280e-03
1.460000000000000000e+02 5.343831110541492034e-06 2.302113783530205723e-03
1.470000000000000000e+02 3.906670214083600415e-06 2.045544014240697431e-03
1.480000000000000000e+02 2.841285742499978521e-06 1.814566199116611316e-03
1.490000000000000000e+02 2.055828937982057320e-06 1.608717124507049595e-03
1.500000000000000000e+02 1.480100369776085031e-06 1.426523891125207550e-03
1.510000000000000000e+02 1.060463308852425732e-06 1.265553269905732520e-03
1.520000000000000000e+02 7.561398881461136174e-07 1.122787261490847295e-03
1.530000000000000000e+02 5.364531357562781376e-07 9.951609307253638913e-04
1.540000000000000000e+02 3.786020671979543485e-07 8.800645066833859579e-04
1.550000000000000000e+02 2.657773849910757454e-07 7.756506263065759531e-04
1.560000000000000000e+02 1.856108438619433408e-07 6.808795074277573757e-04
1.570000000000000000e+02 1.289913461949068914e-07 5.953353050934852026e-04
1.580000000000000000e+02 8.921962979650844282e-08 5.189144139581421643e-04
1.590000000000000000e+02 6.141122940487074067e-08 4.515044698705660995e-04
