0.000000000000000000e+00 -2.020762732645689214e-08 -2.481237235736628771e-08
1.000000000000000000e+00 2.456593973822494127e-08 8.590297601785128947e-08
2.000000000000000000e+00 3.429226285482419892e-08 1.126968124145401871e-07
3.000000000000000000e+00 5.179584787338973093e-08 1.636451364453071879e-07
4.000000000000000000e+00 7.793978550722321694e-08 2.374187080135307321e-07
5.000000000000000000e+00 1.166012363823560677e-07 3.427289282290525600e-07
6.000000000000000000e+00 1.734017394587396632e-07 4.920687777422701609e-07
7.000000000000000000e+00 2.563052050303096119e-07 7.026373362933034437e-07
8.000000000000000000e+00 3.765260188936342700e-07 9.979575888109418356e-07
9.000000000000000000e+00 5.497835231448398398e-07 1.409978459117226129e-06
1.000000000000000000e+01 7.979739595641905467e-07 1.981718597633861468e-06
1.100000000000000000e+01 1.151342573683751943e-06 2.770630200988172418e-06
1.200000000000000000e+01 1.651304589067677714e-06 3.852976592677289240e-06
1.300000000000000000e+01 2.354164858023610671e-06 5.329546833294284996e-06
1.400000000000000000e+01 3.336039345062131785e-06 7.332940642470153647e-06
1.500000000000000000e+01 4.699235774606971323e-06 1.003655512600482282e-05
1.600000000000000000e+01 6.580286967005874351e-06 1.366545133500608004e-05
1.700000000000000000e+01 9.159911033517795329e-06 1.850951876385300619e-05
1.800000000000000000e+01 1.267542703447417776e-05 2.493962351429849061e-05
1.900000000000000000e+01 1.743635673144519575e-05 3.342748541061617913e-05
2.000000000000000000e+01 2.384383508950755655e-05 4.456982354720337317e-05
2.100000000000000000e+01 3.241413692103826705e-05 5.911703118213956288e-05
2.200000000000000000e+01 4.380657293312857956e-05 7.800652009854280411e-05
2.300000000000000000e+01 5.885645553756089978e-05 1.024009575034381589e-04
2.400000000000000000e+01 7.861427105398024876e-05 1.337318211643023249e-04
2.500000000000000000e+01 1.043918384954059585e-04 1.737489967411422773e-04
2.600000000000000000e+01 1.378152150832645474e-04 2.245774634259938159e-04
2.700000000000000000e+01 1.808837059160006309e-04 2.887819601542773729e-04
2.800000000000000000e+01 2.360353337074256783e-04 3.694391587133622748e-04
2.900000000000000000e+01 3.062201270909618378e-04 4.702145203358867312e-04
3.000000000000000000e+01 3.949812146454465228e-04 5.954398102238671808e-04
3.100000000000000000e+01 5.065402568397822831e-04 7.501896686217836546e-04
3.200000000000000000e+01 6.458822702330114986e-04 9.403607552184020321e-04
3.300000000000000000e+01 8.188384041297778288e-04 1.172758887579963393e-03
3.400000000000000000e+01 1.032169820975253373e-03 1.455192487835432757e-03
3.500000000000000000e+01 1.293653285228076478e-03 1.796557599249389101e-03
3.600000000000000000e+01 1.612158199178724115e-03 2.206894254889904365e-03
3.700000000000000000e+01 1.997697461661540261e-03 2.697407317831731609e-03
3.800000000000000000e+01 2.461443349701497585e-03 3.280468921201790990e-03
3.900000000000000000e+01 3.015718352765778959e-03 3.969627380361690806e-03
4.000000000000000000e+01 3.673974807786069361e-03 4.779620274270712094e-03
4.100000000000000000e+01 4.450752871272344730e-03 5.726346193949357656e-03
4.200000000000000000e+01 5.361577493263740800e-03 6.826739056309231654e-03
4.300000000000000000e+01 6.422762684495270623e-03 8.098538093542589217e-03
4.400000000000000000e+01 7.651139849130735721e-03 9.560017247143001023e-03
4.500000000000000000e+01 9.063763326704527001e-03 1.122974996380049668e-02
4.600000000000000000e+01 1.067761640393076993e-02 1.312640515628306186e-02
4.700000000000000000e+01 1.250926715535214881e-02 1.526846779208202234e-02
4.800000000000000000e+01 1.457439739266020405e-02 1.767377349999775527e-02
4.900000000000000000e+01 1.688720304947122913e-02 2.035887608019639958e-02
5.000000000000000000e+01 1.945976977911207870e-02 2.333841232826396397e-02
5.100000000000000000e+01 2.230153293336323977e-02 2.662462296426716668e-02
5.200000000000000000e+01 2.541880954778610868e-02 3.022700581538873346e-02
5.300000000000000000e+01 2.881427838739556574e-02 3.415189723912095965e-02
5.400000000000000000e+01 3.248633416953165820e-02 3.840181400295071545e-02
5.500000000000000000e+01 3.642842106237908356e-02 4.297464075257090982e-02
5.600000000000000000e+01 4.062855128992064885e-02 4.786296456879274297e-02
5.700000000000000000e+01 4.506909798374253429e-02 5.305378543567651484e-02
5.800000000000000000e+01 4.972673643297698814e-02 5.852851257993470224e-02
5.900000000000000000e+01 5.457235211309555828e-02 6.426292166477166889e-02
6.000000000000000000e+01 5.957092013086012078e-02 7.022686992955608221e-02
6.100000000000000000e+01 6.468157503459791291e-02 7.638394247696961292e-02
6.200000000000000000e+01 6.985806609617306595e-02 8.269143356852542981e-02
6.300000000000000000e+01 7.504954154858896331e-02 8.910088257582367277e-02
6.400000000000000000e+01 8.020141472807190697e-02 9.555895868467349785e-02
6.500000000000000000e+01 8.525615838180308770e-02 1.020082713488121295e-01
6.600000000000000000e+01 9.015413383314045681e-02 1.083879138404804238e-01
6.700000000000000000e+01 9.483467211820867382e-02 1.146339807018726398e-01
6.800000000000000000e+01 9.923745091199984159e-02 1.206804656057949704e-01
6.900000000000000000e+01 1.033039606541545641e-01 1.264606598854109698e-01
7.000000000000000000e+01 1.069788154994098378e-01 1.319087390207251409e-01
7.100000000000000000e+01 1.102108657625195942e-01 1.369611049892916765e-01
7.200000000000000000e+01 1.129542567442648471e-01 1.415573611933080567e-01
7.300000000000000000e+01 1.151695404914376136e-01 1.456411878869509624e-01
7.400000000000000000e+01 1.168247520675130408e-01 1.491614412302915138e-01
7.500000000000000000e+01 1.178962535722883065e-01 1.520734785906772135e-01
7.600000000000000000e+01 1.183692426658208285e-01 1.543403784507905441e-01
7.700000000000000000e+01 1.182379885022647320e-01 1.559337294981559541e-01
7.800000000000000000e+01 1.175059062198658411e-01 1.568339807202767666e-01
7.900000000000000000e+01 1.161854874760106099e-01 1.570306189942361763e-01
8.000000000000000000e+01 1.142980106770206533e-01 1.565223948638175266e-01
8.100000000000000000e+01 1.118729748604657126e-01 1.553175354288823251e-01
8.200000000000000000e+01 1.089472955892545336e-01 1.534336899882076666e-01
8.300000000000000000e+01 1.055643523633543329e-01 1.508974486876326349e-01
8.400000000000000000e+01 1.017729432345245572e-01 1.477435337889299594e-01
8.500000000000000000e+01 9.762615017709215526e-02 1.440139043847527278e-01
8.600000000000000000e+01 9.318011980098915570e-02 1.397569096258529098e-01
8.700000000000000000e+01 8.849280627533098742e-02 1.350264159344446435e-01
8.800000000000000000e+01 8.362274358960911091e-02 1.298807546951535885e-01
8.900000000000000000e+01 7.862788801150125129e-02 1.243814584343462537e-01
9.000000000000000000e+01 7.356453804302590105e-02 1.185919269430172618e-01
9.100000000000000000e+01 6.848634056325769714e-02 1.125762039059247377e-01
9.200000000000000000e+01 6.344341771595085611e-02 1.063979237817848089e-01
9.300000000000000000e+01 5.848165616919073079e-02 1.001193501172263356e-01
9.400000000000000000e+01 5.364217255208798829e-02 9.380041236350503131e-02
9.500000000000000000e+01 4.896093599524620199e-02 8.749775420723213126e-02
9.600000000000000000e+01 4.446852510930875135e-02 8.126390490126529642e-02
9.700000000000000000e+01 4.019001841703415817e-02 7.514667236270615447e-02
9.800000000000000000e+01 3.614503061853466953e-02 6.918875576644784031e-02
9.900000000000000000e+01 3.234789248819035234e-02 6.342749506084688349e-02
1.000000000000000000e+02 2.880794565580690678e-02 5.789468829365378155e-02
1.010000000000000000e+02 2.552991364436992677e-02 5.261648379934767694e-02
1.020000000000000000e+02 2.251432419732292065e-02 4.761340486026860441e-02
1.030000000000000000e+02 1.975797577868101951e-02 4.290054075785981053e-02
1.040000000000000000e+02 1.725444329259183743e-02 3.848787302063436111e-02
1.050000000000000000e+02 1.499460592658239007e-02 3.438066760315363485e-02
1.060000000000000000e+02 1.296717059982043126e-02 3.057988356888344250e-02
1.070000000000000000e+02 1.115916894656483055e-02 2.708259653036813527e-02
1.080000000000000000e+02 9.556418625813049503e-03 2.388246001308699448e-02
1.090000000000000000e+02 8.143948251695598203e-03 2.097021154985513614e-02
1.100000000000000000e+02 6.906384201820292036e-03 1.833419752172388978e-02
1.110000000000000000e+02 5.828292786886796716e-03 1.596087701328085737e-02
1.120000000000000000e+02 4.894470711115162138e-03 1.383528037575545294e-02
1.130000000000000000e+02 4.090181791849572916e-03 1.194142355413027254e-02
1.140000000000000000e+02 3.401343696442899259e-03 1.026269060404699437e-02
1.150000000000000000e+02 2.814670530811818998e-03 8.782188927240178536e-03
1.160000000000000000e+02 2.317775713561020818e-03 7.483068253891947234e-03
1.170000000000000000e+02 1.899237973268869161e-03 6.348790480234100739e-03
1.180000000000000000e+02 1.548633676776770690e-03 5.363345465637991971e-03
1.190000000000000000e+02 1.256540346122301827e-03 4.511418556996348028e-03
1.200000000000000000e+02 1.014517252395705183e-03 3.778519667602859428e-03
1.210000000000000000e+02 8.150685540689141858e-04 3.151080280164099065e-03
1.220000000000000000e+02 6.515932738316828135e-04 2.616519624612805798e-03
1.230000000000000000e+02 5.183255340063163069e-04 2.163279889337904691e-03
1.240000000000000000e+02 4.102682059763412175e-04 1.780832938584222917e-03
1.250000000000000000e+02 3.231230534093430047e-04 1.459664159028469486e-03
1.260000000000000000e+02 2.532201100890237987e-04 1.191239800969720423e-03
1.270000000000000000e+02 1.974484037392956282e-04 9.679625334631914270e-04
1.280000000000000000e+02 1.531894891731062100e-04 7.831179023162380612e-04
1.290000000000000000e+02 1.182547975164031061e-04 6.308135586088979953e-04
1.300000000000000000e+02 9.082753044353190225e-05 5.059134764594712484e-04
1.310000000000000000e+02 6.940960306152545297e-05 4.039698581195584376e-04
1.320000000000000000e+02 5.277389253220426973e-05 3.211552540802870264e-04
1.330000000000000000e+02 3.992180507811753380e-05 2.541966743988034478e-04
1.340000000000000000e+02 3.004598611591805635e-05 2.003126865733933148e-04
1.350000000000000000e+02 2.249788526925298250e-05 1.571540753401383232e-04
1.360000000000000000e+02 1.675982709698798184e-05 1.227485454378994068e-04
1.370000000000000000e+02 1.242120008069747154e-05 9.544991648839124150e-05
1.380000000000000000e+02 9.158349649608490733e-06 7.389211067914708438e-05
1.390000000000000000e+02 6.717749940106828184e-06 5.694799014156138781e-05
1.400000000000000000e+02 4.902037629395587100e-06 4.369288287443467365e-05
1.410000000000000000e+02 3.558515721604998431e-06 3.337252041535400415e-05
1.420000000000000000e+02 2.569767508020748311e-06 2.537508109287322063e-05
1.430000000000000000e+02 1.846055148290194259e-06 1.920702981293944786e-05
1.440000000000000000e+02 1.319211682677540204e-06 1.447243042256959170e-05
1.450000000000000000e+02 9.377699503236862190e-07 1.085538235874122331e-05
1.460000000000000000e+02 6.631063902428472517e-07 8.105220597316722549e-06
1.470000000000000000e+02 4.664105595909454215e-07 6.024128317132925484e-06
1.480000000000000000e+02 3.263210050434187161e-07 4.456839320994571428e-06
1.490000000000000000e+02 2.270943524634791587e-07 3.282139256506489262e-06
1.500000000000000000e+02 1.571973805591960938e-07 2.405903195667791418e-06
1.510000000000000000e+02 1.082318136914415141e-07 1.755432230674070493e-06
1.520000000000000000e+02 7.411880264644580438e-08 1.274876785197129795e-06
1.530000000000000000e+02 5.048462196841548180e-08 9.215608926090547075e-07
1.540000000000000000e+02 3.420114297634278561e-08 6.630483773438823404e-07
1.550000000000000000e+02 2.304444862227144605e-08 4.748163615197040999e-07
1.560000000000000000e+02 1.544291705606960210e-08 3.384226032052265026e-07
1.570000000000000000e+02 1.029254420491478150e-08 2.400711561616112555e-07
1.580000000000000000e+02 6.822443107122970151e-09 1.694965967148378015e-07
1.590000000000000000e+02 4.497537511123507762e-09 1.191011091238818249e-07
