0.000000000000000000e+00 -7.244905666785868529e-08 -4.741101406054363668e-08
1.000000000000000000e+00 1.138354533666165213e-07 6.374874885136481571e-08
2.000000000000000000e+00 1.475572453355095827e-07 8.592105682140631968e-08
3.000000000000000000e+00 2.109425329958714142e-07 1.262886969992964989e-07
4.000000000000000000e+00 3.011579750063971546e-07 1.851605130244081872e-07
5.000000000000000000e+00 4.279263131040838986e-07 2.700196432285450606e-07
6.000000000000000000e+00 6.050476278697680555e-07 3.915906717011554773e-07
7.000000000000000000e+00 8.512244221200605361e-07 5.647545339152533022e-07
8.000000000000000000e+00 1.191597205249960775e-06 8.099799822438212844e-07
9.000000000000000000e+00 1.659776559629334007e-06 1.155236741488410365e-06
1.000000000000000000e+01 2.300455363042662728e-06 1.638522808579684791e-06
1.100000000000000000e+01 3.172716682995756559e-06 2.311161576423992033e-06
1.200000000000000000e+01 4.354184358975330457e-06 3.242032662285289745e-06
1.300000000000000000e+01 5.946218766612736455e-06 4.522937061717754550e-06
1.400000000000000000e+01 8.080419663361452284e-06 6.275383525760149750e-06
1.500000000000000000e+01 1.092672269969483912e-05 8.659183022198990555e-06
1.600000000000000000e+01 1.470335429325998725e-05 1.188327463389052216e-05
1.700000000000000000e+01 1.968888798120697588e-05 1.621915673129824658e-05
1.800000000000000000e+01 2.623669763216161110e-05 2.201725655854632212e-05
1.900000000000000000e+01 3.479224416644047902e-05 2.972668231154914525e-05
2.000000000000000000e+01 4.591375761465816207e-05 3.991905643882031425e-05
2.100000000000000000e+01 6.029683541872469052e-05 5.331729073355106227e-05
2.200000000000000000e+01 7.880324885026988293e-05 7.082997336104810272e-05
2.300000000000000000e+01 1.024940346773504127e-04 9.359159817120509255e-05
2.400000000000000000e+01 1.326670179956878888e-04 1.230086714367984390e-04
2.500000000000000000e+01 1.708992694446161056e-04 1.608121466748094284e-04
2.600000000000000000e+01 2.190952320343913639e-04 2.091172699742716002e-04
2.700000000000000000e+01 2.795408701213767484e-04 2.704917810265321677e-04
2.800000000000000000e+01 3.549632218335210853e-04 3.480320655701273080e-04
2.900000000000000000e+01 4.485939371605720248e-04 4.454453014375286263e-04
3.000000000000000000e+01 5.642355890798926750e-04 5.671355858806353175e-04
3.100000000000000000e+01 7.063306141136003807e-04 7.182937500241253284e-04
3.200000000000000000e+01 8.800333027969592815e-04 9.049918365932945949e-04
3.300000000000000000e+01 1.091283959657142130e-03 1.134281370118379526e-03
3.400000000000000000e+01 1.346881576613749663e-03 1.414290048666290087e-03
3.500000000000000000e+01 1.654549483622892768e-03 1.754308612944987730e-03
3.600000000000000000e+01 2.022989605874489245e-03 2.164862133417587778e-03
3.700000000000000000e+01 2.461924335337663770e-03 2.657765628661022412e-03
3.800000000000000000e+01 2.982126749063668605e-03 3.246165503591546576e-03
3.900000000000000000e+01 3.595436821130358618e-03 3.944561472149306705e-03
4.000000000000000000e+01 4.314755115761753461e-03 4.768793995345049774e-03
4.100000000000000000e+01 5.154002395104716715e-03 5.735981194334291954e-03
4.200000000000000000e+01 6.128038182481825372e-03 6.864400626188591967e-03
4.300000000000000000e+01 7.252540462597664196e-03 8.173324306855815971e-03
4.400000000000000000e+01 8.543853035924945868e-03 9.682814157495075666e-03
4.500000000000000000e+01 1.001880048927603420e-02 1.141346823043276268e-02
4.600000000000000000e+01 1.169445878355102053e-02 1.338609425452281024e-02
4.700000000000000000e+01 1.358786586116702416e-02 1.562129607778756091e-02
4.800000000000000000e+01 1.571566926178531720e-02 1.813898663544646211e-02
4.900000000000000000e+01 1.809372742840348325e-02 2.095786013414163360e-02
5.000000000000000000e+01 2.073668856414608713e-02 2.409484393376486872e-02
5.100000000000000000e+01 2.365755599891617225e-02 2.756451920197910271e-02
5.200000000000000000e+01 2.686722638417159831e-02 3.137848657080276327e-02
5.300000000000000000e+01 3.037398373644064828e-02 3.554468043261518884e-02
5.400000000000000000e+01 3.418295919810424022e-02 4.006668003473439627e-02
5.500000000000000000e+01 3.829560113431026980e-02 4.494308030913023166e-02
5.600000000000000000e+01 4.270920588667865420e-02 5.016695198766966957e-02
5.700000000000000000e+01 4.741652447270058857e-02 5.572537366646130447e-02
5.800000000000000000e+01 5.240541780610877970e-02 6.159901108770148709e-02
5.900000000000000000e+01 5.765853170042933851e-02 6.776176332648456424e-02
6.000000000000000000e+01 6.315301408997604782e-02 7.418054622689823629e-02
6.100000000000000000e+01 6.886035207635901600e-02 8.081528356081327247e-02
6.200000000000000000e+01 7.474640094007821423e-02 8.761911966146734843e-02
6.300000000000000000e+01 8.077160219236149963e-02 9.453880723785461349e-02
6.400000000000000000e+01 8.689131232676050587e-02 1.015152196608433977e-01
6.500000000000000000e+01 9.305617192082843436e-02 1.084839909657243917e-01
6.600000000000000000e+01 9.921254042303656595e-02 1.153763407993516898e-01
6.700000000000000000e+01 1.053031088629408085e-01 1.221201335653180481e-01
6.800000000000000000e+01 1.112677745780800143e-01 1.286411483759706265e-01
6.900000000000000000e+01 1.170447232445433611e-01 1.348644621167576496e-01
7.000000000000000000e+01 1.225715455963611311e-01 1.407158422969594092e-01
7.100000000000000000e+01 1.277862516567813134e-01 1.461231168536751002e-01
7.200000000000000000e+01 1.326282168914704740e-01 1.510175651362218596e-01
7.300000000000000000e+01 1.370392292062999617e-01 1.553353739369789377e-01
7.400000000000000000e+01 1.409647438147181853e-01 1.590191127158197826e-01
7.500000000000000000e+01 1.443552310908953196e-01 1.620190869134773282e-01
7.600000000000000000e+01 1.471673418073493056e-01 1.642944310374220840e-01
7.700000000000000000e+01 1.493647001649347217e-01 1.658139164356960404e-01
7.800000000000000000e+01 1.509184064053815666e-01 1.665565656025666252e-01
7.900000000000000000e+01 1.518075160904498455e-01 1.665121617039763691e-01
8.000000000000000000e+01 1.520196554640820263e-01 1.656816154676854502e-01
8.100000000000000000e+01 1.515516233219573738e-01 1.640770380841569953e-01
8.200000000000000000e+01 1.504096386801384855e-01 1.617214052644930233e-01
8.300000000000000000e+01 1.486090397803003227e-01 1.586478648607127506e-01
8.400000000000000000e+01 1.461735977226313876e-01 1.548988698130449870e-01
8.500000000000000000e+01 1.431348176501568703e-01 1.505252714084479027e-01
8.600000000000000000e+01 1.395314401162018325e-01 1.455853362721550026e-01
8.700000000000000000e+01 1.354089841601785194e-01 1.401435469970694903e-01
8.800000000000000000e+01 1.308189773449352500e-01 1.342691325130102031e-01
8.900000000000000000e+01 1.258177076368135749e-01 1.280344611408778532e-01
9.000000000000000000e+01 1.204647186943812870e-01 1.215135134777648729e-01
9.100000000000000000e+01 1.148214591314596494e-01 1.147805433538360009e-01
9.200000000000000000e+01 1.089502980707318658e-01 1.079088552588199912e-01
9.300000000000000000e+01 1.029137433917575589e-01 1.009695707753244659e-01
9.400000000000000000e+01 9.677352990449472614e-02 9.403037504496537802e-02
9.500000000000000000e+01 9.058944197455565117e-02 8.715438451260783259e-02
9.600000000000000000e+01 8.441808016713840679e-02 8.039929066761618282e-02
9.700000000000000000e+01 7.831191831581452156e-02 7.381680192875385293e-02
9.800000000000000000e+01 7.231880083403430248e-02 6.745227445259968646e-02
9.900000000000000000e+01 6.648171568803702691e-02 6.134442387953588371e-02
1.000000000000000000e+02 6.083856053748322446e-02 5.552512100873487066e-02
1.010000000000000000e+02 5.542178976846897503e-02 5.001936034919880064e-02
1.020000000000000000e+02 5.025808834696431082e-02 4.484546140397698000e-02
1.030000000000000000e+02 4.536830094953121090e-02 4.001546154737335714e-02
1.040000000000000000e+02 4.076769055361139510e-02 3.553559797582020452e-02
1.050000000000000000e+02 3.646638584175367764e-02 3.140680782155699791e-02
1.060000000000000000e+02 3.246981259569604178e-02 2.762525025990119135e-02
1.070000000000000000e+02 2.877902772635236583e-02 2.418288900852973849e-02
1.080000000000000000e+02 2.539103871763224995e-02 2.106814239639527922e-02
1.090000000000000000e+02 2.229923473028592312e-02 1.826655732247315506e-02
1.100000000000000000e+02 1.949395892533608080e-02 1.576144900723134082e-02
1.110000000000000000e+02 1.696313101822903568e-02 1.353447812694600315e-02
1.120000000000000000e+02 1.469280225553111843e-02 1.156617360515202822e-02
1.130000000000000000e+02 1.266759980487677274e-02 9.836418546161060372e-03
1.140000000000000000e+02 1.087110613737562667e-02 8.324899614443570864e-03
1.150000000000000000e+02 9.286239110635929189e-03 7.011502587750777053e-03
1.160000000000000000e+02 7.895648583704678244e-03 5.876637706804762815e-03
1.170000000000000000e+02 6.682088444559714652e-03 4.901493493939202729e-03
1.180000000000000000e+02 5.628713798600540330e-03 4.068230395782431938e-03
1.190000000000000000e+02 4.719290068946099814e-03 3.360126488762529319e-03
1.200000000000000000e+02 3.938340656914620166e-03 2.761680737874688298e-03
1.210000000000000000e+02 3.271267343802793538e-03 2.258674329978314649e-03
1.220000000000000000e+02 2.704455419564023855e-03 1.838191684103136856e-03
1.230000000000000000e+02 2.225351922042599368e-03 1.488606990981357694e-03
1.240000000000000000e+02 1.822502082995645228e-03 1.199544742609915272e-03
1.250000000000000000e+02 1.485543582409516858e-03 9.618219447043887919e-04
1.260000000000000000e+02 1.205172787949489958e-03 7.673772422872546803e-04
1.270000000000000000e+02 9.730990054278166723e-04 6.091903570529394202e-04
1.280000000000000000e+02 7.819939375978376180e-04 4.811948251165912641e-04
1.290000000000000000e+02 6.254347183318977781e-04 3.781873251083061509e-04
1.300000000000000000e+02 4.978373651630730624e-04 2.957369286326233830e-04
1.310000000000000000e+02 3.943818849795092886e-04 2.300970369224470226e-04
1.320000000000000000e+02 3.109344922111882724e-04 1.781218556596725084e-04
1.330000000000000000e+02 2.439725176985220055e-04 1.371884364523128235e-04
1.340000000000000000e+02 1.905145239482561184e-04 1.051248162555535644e-04
1.350000000000000000e+02 1.480552529426963746e-04 8.014458111766910526e-05
1.360000000000000000e+02 1.145043811138529602e-04 6.078808299502898229e-05
1.370000000000000000e+02 8.812910427312378215e-05 4.587038484291293498e-05
1.380000000000000000e+02 6.750157921494882038e-05 3.443576721440852457e-05
1.390000000000000000e+02 5.145218808710331408e-05 2.571838529654758661e-05
1.400000000000000000e+02 3.902876584115018047e-05 1.910852121572958047e-05
1.410000000000000000e+02 2.946120083477354304e-05 1.412385749112584840e-05
1.420000000000000000e+02 2.213065766263409191e-05 1.038524428446896342e-05
1.430000000000000000e+02 1.654291638962626957e-05 7.596470443971323663e-06
1.440000000000000000e+02 1.230556358198944830e-05 5.527550546332415741e-06
1.450000000000000000e+02 9.108792275647822624e-06 4.001034294283476933e-06
1.460000000000000000e+02 6.709443688379939761e-06 2.880866010703002585e-06
1.470000000000000000e+02 4.917826631201822004e-06 2.063376336555927352e-06
1.480000000000000000e+02 3.586863278092543330e-06 1.470053565854178861e-06
1.490000000000000000e+02 2.603192676252674188e-06 1.041795520109660458e-06
1.500000000000000000e+02 1.879941201412389690e-06 7.343798626742748780e-07
1.510000000000000000e+02 1.350908877168691449e-06 5.149211344752647260e-07
1.520000000000000000e+02 9.659368777713369806e-07 3.591158306812963032e-07
1.530000000000000000e+02 6.872403960718281413e-07 2.491126596869506512e-07
1.540000000000000000e+02 4.865211097737448420e-07 1.718779349191681766e-07
1.550000000000000000e+02 3.427072110935688418e-07 1.179516257874193368e-07
1.560000000000000000e+02 2.401973845178680891e-07 8.050853950154169948e-08
1.570000000000000000e+02 1.675064054463969292e-07 5.465455474362110892e-08
1.580000000000000000e+02 1.162273324140052853e-07 3.690189535214778510e-08
1.590000000000000000e+02 8.024109286236763160e-08 2.478008437492973189e-08
