0.000000000000000000e+00 -1.510547312734164997e-05 -3.250961868685826525e-04
1.000000000000000000e+00 1.604304748350677637e-05 2.014735517237801880e-04
2.000000000000000000e+00 1.623104530756136710e-05 1.829001189666558359e-04
3.000000000000000000e+00 2.019444270026967542e-05 2.157589828932977882e-04
4.000000000000000000e+00 2.521781388997157821e-05 2.570184155412957340e-04
5.000000000000000000e+00 3.140737525865588812e-05 3.059116394606799022e-04
6.000000000000000000e+00 3.904672013936813952e-05 3.634500305068959171e-04
7.000000000000000000e+00 4.848029819980700700e-05 4.306996658352659282e-04
8.000000000000000000e+00 6.008732000806848810e-05 5.087343731482899889e-04
9.000000000000000000e+00 7.426391926436493669e-05 5.987724245195735935e-04
1.000000000000000000e+01 9.142857287036338981e-05 7.023695736746329681e-04
1.100000000000000000e+01 1.120628417330014816e-04 8.215741854267774938e-04
1.200000000000000000e+01 1.367802471715700782e-04 9.589496404644028225e-04
1.300000000000000000e+01 1.663938399595039463e-04 1.117417867524395959e-03
1.400000000000000000e+01 2.019428933898149926e-04 1.299967775807986826e-03
1.500000000000000000e+01 2.446532387760750335e-04 1.509363311044798536e-03
1.600000000000000000e+01 2.958435203901942133e-04 1.748024059636831213e-03
1.700000000000000000e+01 3.568331908313392056e-04 2.018198617267537992e-03
1.800000000000000000e+01 4.289282207055436546e-04 2.322413285528062733e-03
1.900000000000000000e+01 5.135339508885102293e-04 2.664014520527381753e-03
2.000000000000000000e+01 6.123734216002137652e-04 3.047521711003982336e-03
2.100000000000000000e+01 7.277088911405863239e-04 3.478541694885488051e-03
2.200000000000000000e+01 8.624276815491231565e-04 3.963182158674001879e-03
2.300000000000000000e+01 1.019901215719631318e-03 4.507168783832605358e-03
2.400000000000000000e+01 1.203652548366811528e-03 5.115086336933903979e-03
2.500000000000000000e+01 1.417010008581354608e-03 5.790188640277546192e-03
2.600000000000000000e+01 1.662987954745624676e-03 6.534996991559523238e-03
2.700000000000000000e+01 1.944550960160124986e-03 7.352505795030649452e-03
2.800000000000000000e+01 2.265199763454140477e-03 8.247431208877307324e-03
2.900000000000000000e+01 2.629578983965054437e-03 9.226795207931733772e-03
3.000000000000000000e+01 3.043706405491872907e-03 1.029936264182958541e-02
3.100000000000000000e+01 3.514567718059631411e-03 1.147398983573289649e-02
3.200000000000000000e+01 4.049176265929447550e-03 1.275755851910372746e-02
3.300000000000000000e+01 4.653578006779009006e-03 1.415352430330255561e-02
3.400000000000000000e+01 5.332433799697446422e-03 1.566195146841358604e-02
3.500000000000000000e+01 6.089572681590637790e-03 1.728123038786486682e-02
3.600000000000000000e+01 6.929349324846203334e-03 1.901077397378435688e-02
3.700000000000000000e+01 7.858062298293300510e-03 2.085333456934565510e-02
3.800000000000000000e+01 8.884481607036682702e-03 2.281557555581406951e-02
3.900000000000000000e+01 1.001891245019674755e-02 2.490627584670607186e-02
4.000000000000000000e+01 1.127105877856126800e-02 2.713274568191361563e-02
4.100000000000000000e+01 1.264778336850218288e-02 2.949709525772726409e-02
4.200000000000000000e+01 1.415213479095700326e-02 3.199431149370877969e-02
4.300000000000000000e+01 1.578443379557813164e-02 3.461337788127739901e-02
4.400000000000000000e+01 1.754500861060481753e-02 3.734117880993909067e-02
4.500000000000000000e+01 1.943702751518417565e-02 4.016739451785512199e-02
4.600000000000000000e+01 2.146755818060630538e-02 4.308785454166246670e-02
4.700000000000000000e+01 2.364582605281879274e-02 4.610436617099111095e-02
4.800000000000000000e+01 2.597928169254096892e-02 4.922071375155304129e-02
4.900000000000000000e+01 2.846957782926627656e-02 5.243655139255054554e-02
5.000000000000000000e+01 3.111090985790477409e-02 5.574222386961234788e-02
5.100000000000000000e+01 3.389199695219169417e-02 5.911735516792365752e-02
5.200000000000000000e+01 3.680083562624955618e-02 6.253429642601074367e-02
5.300000000000000000e+01 3.982951096205460811e-02 6.596503856518221021e-02
5.400000000000000000e+01 4.297602147253209992e-02 6.938825811538210098e-02
5.500000000000000000e+01 4.624163434477964602e-02 7.279285722016397286e-02
5.600000000000000000e+01 4.962494519806337490e-02 7.617595612098106150e-02
5.700000000000000000e+01 5.311599848095852755e-02 7.953608269418654952e-02
5.800000000000000000e+01 5.669410063973612246e-02 8.286488364915847726e-02
5.900000000000000000e+01 6.033097790651894415e-02 8.614166627719886671e-02
6.000000000000000000e+01 6.399776185205290069e-02 8.933383693056967667e-02
6.100000000000000000e+01 6.767183974326057561e-02 9.240337131933329395e-02
6.200000000000000000e+01 7.133946031088922446e-02 9.531631759185787978e-02
6.300000000000000000e+01 7.499236375154252898e-02 9.805064851604843035e-02
6.400000000000000000e+01 7.862027614184220747e-02 1.005984745270070979e-01
6.500000000000000000e+01 8.220372982537563211e-02 1.029614143305715573e-01
6.600000000000000000e+01 8.571167332366411151e-02 1.051414114990562310e-01
6.700000000000000000e+01 8.910560004131701239e-02 1.071316876918249061e-01
6.800000000000000000e+01 9.234804734155953321e-02 1.089125455146238292e-01
6.900000000000000000e+01 9.541065075649746152e-02 1.104543060985124364e-01
7.000000000000000000e+01 9.827713096453896680e-02 1.117260237374826243e-01
7.100000000000000000e+01 1.009395628443491288e-01 1.127056570224608395e-01
7.200000000000000000e+01 1.033902621791142062e-01 1.133866264900525722e-01
7.300000000000000000e+01 1.056142332313063370e-01 1.137775261119499254e-01
7.400000000000000000e+01 1.075867690718160935e-01 1.138952272495567797e-01
7.500000000000000000e+01 1.092777003146217646e-01 1.137549408772826481e-01
7.600000000000000000e+01 1.106598373256407197e-01 1.133622849191520399e-01
7.700000000000000000e+01 1.117167292376312071e-01 1.127112913689073126e-01
7.800000000000000000e+01 1.124453723928799248e-01 1.117891929940548201e-01
7.900000000000000000e+01 1.128525536772324589e-01 1.105853893516547670e-01
8.000000000000000000e+01 1.129472350775880263e-01 1.090999749957620168e-01
8.100000000000000000e+01 1.127335665247782420e-01 1.073475867243860321e-01
8.200000000000000000e+01 1.122085278360465954e-01 1.053548072615687753e-01
8.300000000000000000e+01 1.113653093867500860e-01 1.031526239233709202e-01
8.400000000000000000e+01 1.102001593756782583e-01 1.007678181156279051e-01
8.500000000000000000e+01 1.087185579851401851e-01 9.821749480939329091e-02
8.600000000000000000e+01 1.069372106928965782e-01 9.550917378595324969e-02
8.700000000000000000e+01 1.048809496531919183e-01 9.264597053388476389e-02
8.800000000000000000e+01 1.025765662682332491e-01 8.963391837697819164e-02
8.900000000000000000e+01 1.000471633552759559e-01 8.648763344760307392e-02
9.000000000000000000e+01 9.731001518477655488e-02 8.323160315857920655e-02
9.100000000000000000e+01 9.437867692673815312e-02 7.989671274003949664e-02
9.200000000000000000e+01 9.126762411435428157e-02 7.651397424709406592e-02
9.300000000000000000e+01 8.799645079762338784e-02 7.310862987404767588e-02
9.400000000000000000e+01 8.459119855544156019e-02 6.969735591759372573e-02
9.500000000000000000e+01 8.108223482212859046e-02 6.628955064445143930e-02
9.600000000000000000e+01 7.750007564306725383e-02 6.289162762379084393e-02
9.700000000000000000e+01 7.387153312240042624e-02 5.951190229945128862e-02
9.800000000000000000e+01 7.021811754039369857e-02 5.616363007407958186e-02
9.900000000000000000e+01 6.655715685944815774e-02 5.286490412761619961e-02
1.000000000000000000e+02 6.290455818997855997e-02 4.963576926821412771e-02
1.010000000000000000e+02 5.927739240059190506e-02 4.649420602079414044e-02
1.020000000000000000e+02 5.569483854343075524e-02 4.345299634201442440e-02
1.030000000000000000e+02 5.217713226703839247e-02 4.051882975346329796e-02
1.040000000000000000e+02 4.874330955960352874e-02 3.769378230637217275e-02
1.050000000000000000e+02 4.540908864751103807e-02 3.497816728628612426e-02
1.060000000000000000e+02 4.218597093972652201e-02 3.237324972717887939e-02
1.070000000000000000e+02 3.908183140757479079e-02 2.988259266386321736e-02
1.080000000000000000e+02 3.610243913880429451e-02 2.751162144752855240e-02
1.090000000000000000e+02 3.325295545593582452e-02 2.526589040124114366e-02
1.100000000000000000e+02 3.053864033223419733e-02 2.314907718168857792e-02
1.110000000000000000e+02 2.796456110383614690e-02 2.116170778771914868e-02
1.120000000000000000e+02 2.553467245451183573e-02 1.930112229699921383e-02
1.130000000000000000e+02 2.325091184097458769e-02 1.756253501396549607e-02
1.140000000000000000e+02 2.111283454608480284e-02 1.594056052745849300e-02
1.150000000000000000e+02 1.911793380321493221e-02 1.443046733640345781e-02
1.160000000000000000e+02 1.726240615446472670e-02 1.302867114197616381e-02
1.170000000000000000e+02 1.554193786132632149e-02 1.173241248388484648e-02
1.180000000000000000e+02 1.395216304367916972e-02 1.053894626615408878e-02
1.190000000000000000e+02 1.248868648730177416e-02 9.444734570654639630e-03
1.200000000000000000e+02 1.114681179599631700e-02 8.445041027797417499e-03
1.210000000000000000e+02 9.921236952752708269e-03 7.534064876416429919e-03
1.220000000000000000e+02 8.805936826853100197e-03 6.705478394548566520e-03
1.230000000000000000e+02 7.794303465769467955e-03 5.953072752910772147e-03
1.240000000000000000e+02 6.879462082237168714e-03 5.271224492597805997e-03
1.250000000000000000e+02 6.054604866727787520e-03 4.655031032506567329e-03
1.260000000000000000e+02 5.313207993123342590e-03 4.100140798782697486e-03
1.270000000000000000e+02 4.649084266593993785e-03 3.602432923999203569e-03
1.280000000000000000e+02 4.056314642513304813e-03 3.157733861970865152e-03
1.290000000000000000e+02 3.529148514482986342e-03 2.761699100313227614e-03
1.300000000000000000e+02 3.061951830534387180e-03 2.409884077084537696e-03
1.310000000000000000e+02 2.649233662965461578e-03 2.097936786011784637e-03
1.320000000000000000e+02 2.285730442628669968e-03 1.821804083074691225e-03
1.330000000000000000e+02 1.966499953228744227e-03 1.577860788282017942e-03
1.340000000000000000e+02 1.686981859386059652e-03 1.362924307642422771e-03
1.350000000000000000e+02 1.443007135045536442e-03 1.174175305299616275e-03
1.360000000000000000e+02 1.230766623246377141e-03 1.009040228117990320e-03
1.370000000000000000e+02 1.046764341889352273e-03 8.650937821859847575e-04
1.380000000000000000e+02 8.877796909437301806e-04 7.400156445304132075e-04
1.390000000000000000e+02 7.508498717026919561e-04 6.316028058162571337e-04
1.400000000000000000e+02 6.332693422412563828e-04 5.378138936056225993e-04
1.410000000000000000e+02 5.325947644883183025e-04 4.568136708121359061e-04
1.420000000000000000e+02 4.466439986458357165e-04 3.869938154160576732e-04
1.430000000000000000e+02 3.734836433376677810e-04 3.269624031503272268e-04
1.440000000000000000e+02 3.114066514354450494e-04 2.755099223185592623e-04
1.450000000000000000e+02 2.589058267514099290e-04 2.315676634213968796e-04
1.460000000000000000e+02 2.146492356515720924e-04 1.941733928002145951e-04
1.470000000000000000e+02 1.774608836353492973e-04 1.624521438839569636e-04
1.480000000000000000e+02 1.463066455685328672e-04 1.356115083792810278e-04
1.490000000000000000e+02 1.202832550281745090e-04 1.129450319153521939e-04
1.500000000000000000e+02 9.860781473694537583e-05 9.383593816302274388e-05
1.510000000000000000e+02 8.060632194981457983e-05 7.775574304219330223e-05
1.520000000000000000e+02 6.570113156895326901e-05 6.425630124717929064e-05
1.530000000000000000e+02 5.339826774875576292e-05 5.295727675728151539e-05
1.540000000000000000e+02 4.327570538648491490e-05 4.353262664405353782e-05
1.550000000000000000e+02 3.497333577591173279e-05 3.569928869597341608e-05
1.560000000000000000e+02 2.818471320142172800e-05 2.920962755123737963e-05
1.570000000000000000e+02 2.265021848617355867e-05 2.384738950544089853e-05
1.580000000000000000e+02 1.815113119140308087e-05 1.942575847550231577e-05
1.590000000000000000e+02 1.450422415947808747e-05 1.578588057567038028e-05
