0.000000000000000000e+00 -1.971568105134319991e-05 -2.387209341723197861e-03
1.000000000000000000e+00 1.635984850382589007e-05 1.588339323555628714e-03
2.000000000000000000e+00 1.692643660248289333e-05 1.176152711311961776e-03
3.000000000000000000e+00 2.127581302378712738e-05 1.228502887644956259e-03
4.000000000000000000e+00 2.698915967140379989e-05 1.364713876107233890e-03
5.000000000000000000e+00 3.415598261751573672e-05 1.529423340965237622e-03
6.000000000000000000e+00 4.308404240051582696e-05 1.714222748174822064e-03
7.000000000000000000e+00 5.416293801999299304e-05 1.918785500369074191e-03
8.000000000000000000e+00 6.786176083530859359e-05 2.144114531450654667e-03
9.000000000000000000e+00 8.474088516215443501e-05 2.391469572668738185e-03
1.000000000000000000e+01 1.054663574891215940e-04 2.662315551891982802e-03
1.100000000000000000e+01 1.308254422781891108e-04 2.958436798193179139e-03
1.200000000000000000e+01 1.617433515650736563e-04 3.282030592874991305e-03
1.300000000000000000e+01 1.993018232086000638e-04 3.635708132528086677e-03
1.400000000000000000e+01 2.447604789396471726e-04 4.022369143495805113e-03
1.500000000000000000e+01 2.995814932430757678e-04 4.444960069631114646e-03
1.600000000000000000e+01 3.654570118577487453e-04 4.906176602007200106e-03
1.700000000000000000e+01 4.443375138477030466e-04 5.408210065888124918e-03
1.800000000000000000e+01 5.384588502869273614e-04 5.952643038195571355e-03
1.900000000000000000e+01 6.503667403649620324e-04 6.540564201034668526e-03
2.000000000000000000e+01 7.829398230354336083e-04 7.172905045961461452e-03
2.100000000000000000e+01 9.394145080162124998e-04 7.850922063335418269e-03
2.200000000000000000e+01 1.123414871940457216e-03 8.576679811841332254e-03
2.300000000000000000e+01 1.338987659223911820e-03 9.353354097773321912e-03
2.400000000000000000e+01 1.590637274897213497e-03 1.018519171085365341e-02
2.500000000000000000e+01 1.883351890202585813e-03 1.107704860392148133e-02
2.600000000000000000e+01 2.222613053130790585e-03 1.203357340584727646e-02
2.700000000000000000e+01 2.614388401391989133e-03 1.305826226537448384e-02
2.800000000000000000e+01 3.065116531879341459e-03 1.415271279911217359e-02
2.900000000000000000e+01 3.581697806258385148e-03 1.531638966442179679e-02
3.000000000000000000e+01 4.171499145333051536e-03 1.654707262069660470e-02
3.100000000000000000e+01 4.842365472303032138e-03 1.784193654362544942e-02
3.200000000000000000e+01 5.602614459526364561e-03 1.919898426355519383e-02
3.300000000000000000e+01 6.460987435631029147e-03 2.061838359993259026e-02
3.400000000000000000e+01 7.426545075958591521e-03 2.210320353800042381e-02
3.500000000000000000e+01 8.508525826014004881e-03 2.365914773740371291e-02
3.600000000000000000e+01 9.716208939741066697e-03 2.529316619026967042e-02
3.700000000000000000e+01 1.105882174999501220e-02 2.701123554010210689e-02
3.800000000000000000e+01 1.254549596949238593e-02 2.881598874884730432e-02
3.900000000000000000e+01 1.418522832039838602e-02 3.070505609576316616e-02
4.000000000000000000e+01 1.598677184355572906e-02 3.267083163862968126e-02
4.100000000000000000e+01 1.795840530437355434e-02 3.470193586916114903e-02
4.200000000000000000e+01 2.010759751643018123e-02 3.678607196247070388e-02
4.300000000000000000e+01 2.244066060712169436e-02 3.891346386937607343e-02
4.400000000000000000e+01 2.496251300331170375e-02 4.107976401105106756e-02
4.500000000000000000e+01 2.767661460079599151e-02 4.328732340828253533e-02
4.600000000000000000e+01 3.058501638569255041e-02 4.554409497775091520e-02
4.700000000000000000e+01 3.368836297582798039e-02 4.786017826622658566e-02
4.800000000000000000e+01 3.698568485147185614e-02 5.024292413064025686e-02
4.900000000000000000e+01 4.047394462130123050e-02 5.269223396241862201e-02
5.000000000000000000e+01 4.414749117940051926e-02 5.519783080880907855e-02
5.100000000000000000e+01 4.799769494605402725e-02 5.773970887406598695e-02
5.200000000000000000e+01 5.201297768067283944e-02 6.029189665826731326e-02
5.300000000000000000e+01 5.617921699617837300e-02 6.282852282626613660e-02
5.400000000000000000e+01 6.048024056220207417e-02 6.533033496726134426e-02
5.500000000000000000e+01 6.489802541940334346e-02 6.778950581462907243e-02
5.600000000000000000e+01 6.941239412851664403e-02 7.021087427680607063e-02
5.700000000000000000e+01 7.400037121164451670e-02 7.260874562587052439e-02
5.800000000000000000e+01 7.863568371787470201e-02 7.499987144513159398e-02
5.900000000000000000e+01 8.328890393066420983e-02 7.739477909030917369e-02
6.000000000000000000e+01 8.792837304311830471e-02 7.979052497432528868e-02
6.100000000000000000e+01 9.252151947192950587e-02 8.216766790781104834e-02
6.200000000000000000e+01 9.703586433502651987e-02 8.449282582359277094e-02
6.300000000000000000e+01 1.014391636072622394e-01 8.672620827494714746e-02
6.400000000000000000e+01 1.056987246842869821e-01 8.883180092535461481e-02
6.500000000000000000e+01 1.097805744551843682e-01 9.078694265861836366e-02
6.600000000000000000e+01 1.136493738431209183e-01 9.258805739706854609e-02
6.700000000000000000e+01 1.172695509476947145e-01 9.425029199905014810e-02
6.800000000000000000e+01 1.206072969098752612e-01 9.580066956433330727e-02
6.900000000000000000e+01 1.236324041494766823e-01 9.726668661334614274e-02
7.000000000000000000e+01 1.263189351923792447e-01 9.866421713392897752e-02
7.100000000000000000e+01 1.286444523542122631e-01 9.998916000537320936e-02
7.200000000000000000e+01 1.305885368836502691e-01 1.012160274883920213e-01
7.300000000000000000e+01 1.321318716872827426e-01 1.023041190770521552e-01
7.400000000000000000e+01 1.332568198813624538e-01 1.032092151043586259e-01
7.500000000000000000e+01 1.339493880997588149e-01 1.038969072501039204e-01
7.600000000000000000e+01 1.342014332898314177e-01 1.043531932747733953e-01
7.700000000000000000e+01 1.340117016192459154e-01 1.045887468727315778e-01
7.800000000000000000e+01 1.333850090702961566e-01 1.046351364934477168e-01
7.900000000000000000e+01 1.323301093087121960e-01 1.045338918817154683e-01
8.000000000000000000e+01 1.308576813174801012e-01 1.043219909352026131e-01
8.100000000000000000e+01 1.289797669615902198e-01 1.040189434726395412e-01
8.200000000000000000e+01 1.267109512537249738e-01 1.036202384453165370e-01
8.300000000000000000e+01 1.240703303189635287e-01 1.030995025344363242e-01
8.400000000000000000e+01 1.210827331466525214e-01 1.024184133009498482e-01
8.500000000000000000e+01 1.177781558281128377e-01 1.015407230571281488e-01
8.600000000000000000e+01 1.141895755578843236e-01 1.004456010420367584e-01
8.700000000000000000e+01 1.103503854039968174e-01 9.913593712199021690e-02
8.800000000000000000e+01 1.062928909682626100e-01 9.763888096736288158e-02
8.900000000000000000e+01 1.020485263596294934e-01 9.599831895773132395e-02
9.000000000000000000e+01 9.764925685691726309e-02 9.426172294221459025e-02
9.100000000000000000e+01 9.312887190885894839e-02 9.246597572499801188e-02
9.200000000000000000e+01 8.852302900408315356e-02 9.062733348431069313e-02
9.300000000000000000e+01 8.386782220875388383e-02 8.873911092614757135e-02
9.400000000000000000e+01 7.919765325299243930e-02 8.677759665310678938e-02
9.500000000000000000e+01 7.454359899781332066e-02 8.471361815375946791e-02
9.600000000000000000e+01 6.993306650317142326e-02 8.252542271032879684e-02
9.700000000000000000e+01 6.539064492851578980e-02 8.020852438166439780e-02
9.800000000000000000e+01 6.093933012665504745e-02 7.777946484507677893e-02
9.900000000000000000e+01 5.660117737229646007e-02 7.527244370099414605e-02
1.000000000000000000e+02 5.239693963832971202e-02 7.273003964102539576e-02
1.010000000000000000e+02 4.834497539106324265e-02 7.019126900290346971e-02
1.020000000000000000e+02 4.446016522951819205e-02 6.768127653582065029e-02
1.030000000000000000e+02 4.075350248504441830e-02 6.520636833226235718e-02
1.040000000000000000e+02 3.723253698640497517e-02 6.275593402432085022e-02
1.050000000000000000e+02 3.390231992715327797e-02 6.031005592394572679e-02
1.060000000000000000e+02 3.076626199848938453e-02 5.784960375211241346e-02
1.070000000000000000e+02 2.782647791177493904e-02 5.536512997108730683e-02
1.080000000000000000e+02 2.508358527194954474e-02 5.286174875527137329e-02
1.090000000000000000e+02 2.253627297016547876e-02 5.035874276022380552e-02
1.100000000000000000e+02 2.018104849946448023e-02 4.788433531812772564e-02
1.110000000000000000e+02 1.801240096277503810e-02 4.546756098652118827e-02
1.120000000000000000e+02 1.602332979073962591e-02 4.313012940870396966e-02
1.130000000000000000e+02 1.420598218850123787e-02 4.088118571181748040e-02
1.140000000000000000e+02 1.255212372981196096e-02 3.871672993580012323e-02
1.150000000000000000e+02 1.105331168594278143e-02 3.662356708350335277e-02
1.160000000000000000e+02 9.700832908523046236e-03 3.458592281878272723e-02
1.170000000000000000e+02 8.485585570955939128e-03 3.259209165018782384e-02
1.180000000000000000e+02 7.398073124739131153e-03 3.063885977738209712e-02
1.190000000000000000e+02 6.428572127292317764e-03 2.873252686483261653e-02
1.200000000000000000e+02 5.567414790169073098e-03 2.688656626976981129e-02
1.210000000000000000e+02 4.805264627364261298e-03 2.511696604249114700e-02
1.220000000000000000e+02 4.133283250053392671e-03 2.343693858434358485e-02
1.230000000000000000e+02 3.543160196628658727e-03 2.185284183299594785e-02
1.240000000000000000e+02 3.027052534073326057e-03 2.036268781212520473e-02
1.250000000000000000e+02 2.577514042325109930e-03 1.895759880586164736e-02
1.260000000000000000e+02 2.187475255033282610e-03 1.762541571591527342e-02
1.270000000000000000e+02 1.850287156922350053e-03 1.635492135534549057e-02
1.280000000000000000e+02 1.559796821956435002e-03 1.513912701619343076e-02
1.290000000000000000e+02 1.310407035088410237e-03 1.397665729031292471e-02
1.300000000000000000e+02 1.097087097661544929e-03 1.287106299417517530e-02
1.310000000000000000e+02 9.153331375566380089e-04 1.182855759635424026e-02
1.320000000000000000e+02 7.611020448329623668e-04 1.085507283055871935e-02
1.330000000000000000e+02 6.307500776992225073e-04 9.953649072677199505e-03
1.340000000000000000e+02 5.209955478418083850e-04 9.123007773640223750e-03
1.350000000000000000e+02 4.289056326339849533e-04 8.357708004710990429e-03
1.360000000000000000e+02 3.518930166911137013e-04 7.649690600879995722e-03
1.370000000000000000e+02 2.877056759410443723e-04 6.990510340144137809e-03
1.380000000000000000e+02 2.344011400566732844e-04 6.373382907384049327e-03
1.390000000000000000e+02 1.903078126044596523e-04 5.794376667081076529e-03
1.400000000000000000e+02 1.539830936306799570e-04 5.252498668293285704e-03
1.410000000000000000e+02 1.241780242590083654e-04 4.748833741305382578e-03
1.420000000000000000e+02 9.981277999195713028e-05 4.285155126431717219e-03
1.430000000000000000e+02 7.996101474249964962e-05 3.862511519932919531e-03
1.440000000000000000e+02 6.383762063585963229e-05 3.480237927545000182e-03
1.450000000000000000e+02 5.078507430481522616e-05 3.135664768628629306e-03
1.460000000000000000e+02 4.025670595880955356e-05 2.824548107216801052e-03
1.470000000000000000e+02 3.179840708704949077e-05 2.541990325964947357e-03
1.480000000000000000e+02 2.503165662399106864e-05 2.283468536396185584e-03
1.490000000000000000e+02 1.964003634830954325e-05 2.045602796097428962e-03
1.500000000000000000e+02 1.535962946845048773e-05 1.826452689102532308e-03
1.510000000000000000e+02 1.197217180996989680e-05 1.625333941164020923e-03
1.520000000000000000e+02 9.299336693604725690e-06 1.442303077814243578e-03
1.530000000000000000e+02 7.197038768806054236e-06 1.277527494051384962e-03
1.540000000000000000e+02 5.549543823797016730e-06 1.130749778808665031e-03
1.550000000000000000e+02 4.263838894261021251e-06 1.000994245860916971e-03
1.560000000000000000e+02 3.264854893131638691e-06 8.865720542799784831e-04
1.570000000000000000e+02 2.491843291616689568e-06 7.853406927167235407e-04
1.580000000000000000e+02 1.895798408239537811e-06 6.950939804765270428e-04
1.590000000000000000e+02 1.437561128823480804e-06 6.139304824374578742e-04
