0.000000000000000000e+00 -1.367024897442229913e-10 -2.484621680737348060e-08
1.000000000000000000e+00 2.540952662123378070e-10 3.349183068112831475e-08
2.000000000000000000e+00 4.219769240834137536e-10 4.636445763636981242e-08
3.000000000000000000e+00 7.093916851347392714e-10 6.820499526248843235e-08
4.000000000000000000e+00 1.183528474167705836e-09 9.993031253936110903e-08
5.000000000000000000e+00 1.959413652498578744e-09 1.456540783429967344e-07
6.000000000000000000e+00 3.219157854399470117e-09 2.111917301102444642e-07
7.000000000000000000e+00 5.248559519625753145e-09 3.046242408689027678e-07
8.000000000000000000e+00 8.492458306237803463e-09 4.371103318229519701e-07
9.000000000000000000e+00 1.363755858680600867e-08 6.239686440381989089e-07
1.000000000000000000e+01 2.173515736640145177e-08 8.861058576661779047e-07
1.100000000000000000e+01 3.438167673256990337e-08 1.251888246347490355e-06
1.200000000000000000e+01 5.398137437649144659e-08 1.759577896073261072e-06
1.300000000000000000e+01 8.412560979799300149e-08 2.460482171192835740e-06
1.400000000000000000e+01 1.301353208635014810e-07 3.422997529302471570e-06
1.500000000000000000e+01 1.998297501434662879e-07 4.737764770971303354e-06
1.600000000000000000e+01 3.046063004438420857e-07 6.524194145088359491e-06
1.700000000000000000e+01 4.609429833823874834e-07 8.938663859332135112e-06
1.800000000000000000e+01 6.924704946451597419e-07 1.218474557463266747e-05
1.900000000000000000e+01 1.032802965156119335e-06 1.652586309815459050e-05
2.000000000000000000e+01 1.529369468194824267e-06 2.230084400825635746e-05
2.100000000000000000e+01 2.248551942591204756e-06 2.994287588438263723e-05
2.200000000000000000e+01 3.282510004517965932e-06 4.000242639086696477e-05
2.300000000000000000e+01 4.758160336648264529e-06 5.317472582755452951e-05
2.400000000000000000e+01 6.848877847681307120e-06 7.033243704735231872e-05
2.500000000000000000e+01 9.789595184202918329e-06 9.256414772267911755e-05
2.600000000000000000e+01 1.389609606946476344e-05 1.212193053411386235e-04
2.700000000000000000e+01 1.958942034457642891e-05 1.579601710510563067e-04
2.800000000000000000e+01 2.742642061327010253e-05 2.048212829159855026e-04
2.900000000000000000e+01 3.813762227711207936e-05 2.642767780872601249e-04
3.000000000000000000e+01 5.267363196062548118e-05 3.393157192017633834e-04
3.100000000000000000e+01 7.226139874232932107e-05 4.335253016410168863e-04
3.200000000000000000e+01 9.847164489044269592e-05 5.511814977388325518e-04
3.300000000000000000e+01 1.332987275667457932e-04 6.973463237060230878e-04
3.400000000000000000e+01 1.792540506559607105e-04 8.779704646793177547e-04
3.500000000000000000e+01 2.394738963464878125e-04 1.099999411193445771e-03
3.600000000000000000e+01 3.178421647191291078e-04 1.371480530321498963e-03
3.700000000000000000e+01 4.191279771969697596e-04 1.701667704791219767e-03
3.800000000000000000e+01 5.491373961682031665e-04 2.101119488785049578e-03
3.900000000000000000e+01 7.148776254323034336e-04 2.581786224073091222e-03
4.000000000000000000e+01 9.247309782904097452e-04 3.157081054854454262e-03
4.100000000000000000e+01 1.188634632838198556e-03 3.841928936063410474e-03
4.200000000000000000e+01 1.518260752921775283e-03 4.652786499938681500e-03
4.300000000000000000e+01 1.927189968740064888e-03 5.607624636799174445e-03
4.400000000000000000e+01 2.431069536946386771e-03 6.725865792437867204e-03
4.500000000000000000e+01 3.047745794070227249e-03 8.028269455474353750e-03
4.600000000000000000e+01 3.797358860586400996e-03 9.536760760702991946e-03
4.700000000000000000e+01 4.702386056989354447e-03 1.127419671403103243e-02
4.800000000000000000e+01 5.787619310511353532e-03 1.326406237467562740e-02
4.900000000000000000e+01 7.080061109887439766e-03 1.553008874084935674e-02
5.000000000000000000e+01 8.608723409996445197e-03 1.809578887962152299e-02
5.100000000000000000e+01 1.040431440738754862e-02 2.098391804441623182e-02
5.200000000000000000e+01 1.249879952940466214e-02 2.421586984884243829e-02
5.300000000000000000e+01 1.492482559315285937e-02 2.781101716611247138e-02
5.400000000000000000e+01 1.771500095786403620e-02 3.178599692739482452e-02
5.500000000000000000e+01 2.090102933108198974e-02 3.615393705491594389e-02
5.600000000000000000e+01 2.451270054807100710e-02 4.092364202124451622e-02
5.700000000000000000e+01 2.857674861252464463e-02 4.609878031474148874e-02
5.800000000000000000e+01 3.311559604971350129e-02 5.167712458749506438e-02
5.900000000000000000e+01 3.814601327439497147e-02 5.764986876174711672e-02
6.000000000000000000e+01 4.367773022813813133e-02 6.400101037938042692e-02
6.100000000000000000e+01 4.971204466948944689e-02 7.070678802371219152e-02
6.200000000000000000e+01 5.624047960491867365e-02 7.773521733227009567e-02
6.300000000000000000e+01 6.324355235454820479e-02 8.504582413165656662e-02
6.400000000000000000e+01 7.068972483952269681e-02 9.258965642055137779e-02
6.500000000000000000e+01 7.853460316343233161e-02 1.003095622055812514e-01
6.600000000000000000e+01 8.672044782468360524e-02 1.081406396588066449e-01
6.700000000000000000e+01 9.517605393244613077e-02 1.160108009930365391e-01
6.800000000000000000e+01 1.038170627791086403e-01 1.238415230453158850e-01
6.900000000000000000e+01 1.125467552176533659e-01 1.315489367576058999e-01
7.000000000000000000e+01 1.212573454486837732e-01 1.390453116910342624e-01
7.100000000000000000e+01 1.298317625401863573e-01 1.462407873377317979e-01
7.200000000000000000e+01 1.381459003395417717e-01 1.530451074278622314e-01
7.300000000000000000e+01 1.460713166090107096e-01 1.593692547512582935e-01
7.400000000000000000e+01 1.534783274116440499e-01 1.651271249644075123e-01
7.500000000000000000e+01 1.602393795845649116e-01 1.702374378108023889e-01
7.600000000000000000e+01 1.662325566796641063e-01 1.746258589781155002e-01
7.700000000000000000e+01 1.713451069965903628e-01 1.782270192743564408e-01
7.800000000000000000e+01 1.754769047083226674e-01 1.809860948102069156e-01
7.900000000000000000e+01 1.785437021176833894e-01 1.828599042287838983e-01
8.000000000000000000e+01 1.804799678429035992e-01 1.838177814506040397e-01
8.100000000000000000e+01 1.812411462573506604e-01 1.838424622989463242e-01
8.200000000000000000e+01 1.808052885543597055e-01 1.829308996777201102e-01
8.300000000000000000e+01 1.791740404876808468e-01 1.810946529495510715e-01
8.400000000000000000e+01 1.763728913983637070e-01 1.783595835417512432e-01
8.500000000000000000e+01 1.724505621463449101e-01 1.747649449841216507e-01
8.600000000000000000e+01 1.674775481841387081e-01 1.703622152869398720e-01
8.700000000000000000e+01 1.615439874136027076e-01 1.652139373168198255e-01
8.800000000000000000e+01 1.547569936400194357e-01 1.593925261012142935e-01
8.900000000000000000e+01 1.472374680648544931e-01 1.529787956852643738e-01
9.000000000000000000e+01 1.391164240108334060e-01 1.460600430479180589e-01
9.100000000000000000e+01 1.305310454815109544e-01 1.387278005972510664e-01
9.200000000000000000e+01 1.216207800724602439e-01 1.310755750530458175e-01
9.300000000000000000e+01 1.125236169770444383e-01 1.231968603276949320e-01
9.400000000000000000e+01 1.033725516322780424e-01 1.151834858044067655e-01
9.500000000000000000e+01 9.429231255986071647e-02 1.071241321885781916e-01
9.600000000000000000e+01 8.539657927353673517e-02 9.910280639250533541e-02
9.700000000000000000e+01 7.678587318630980540e-02 9.119725553001264973e-02
9.800000000000000000e+01 6.854609090855266762e-02 8.347755621511820934e-02
9.900000000000000000e+01 6.074756170960712853e-02 7.600518962992688921e-02
1.000000000000000000e+02 5.344463123601994603e-02 6.883270049703946181e-02
1.010000000000000000e+02 4.667585978916399120e-02 6.200371642594011690e-02
1.020000000000000000e+02 4.046480698508217455e-02 5.555298943516809307e-02
1.030000000000000000e+02 3.482121790213856677e-02 4.950634209368158511e-02
1.040000000000000000e+02 2.974244583675374198e-02 4.388073293910357831e-02
1.050000000000000000e+02 2.521507857302119834e-02 3.868474194661790377e-02
1.060000000000000000e+02 2.121676137141386559e-02 3.391951496702416691e-02
1.070000000000000000e+02 1.771810761360279388e-02 2.957987269756105070e-02
1.080000000000000000e+02 1.468453593132377187e-02 2.565523990807664842e-02
1.090000000000000000e+02 1.207795313689712796e-02 2.213032704868910655e-02
1.100000000000000000e+02 9.858292722593186078e-03 1.898579106925100263e-02
1.110000000000000000e+02 7.984906174783201749e-03 1.619910715226193648e-02
1.120000000000000000e+02 6.417748291805490390e-03 1.374562167103120236e-02
1.130000000000000000e+02 5.118307884169304503e-03 1.159953170933585020e-02
1.140000000000000000e+02 4.050300657680877374e-03 9.734580471138043131e-03
1.150000000000000000e+02 3.180171701061146501e-03 8.124495436742686094e-03
1.160000000000000000e+02 2.477429056335978159e-03 6.743361998102470264e-03
1.170000000000000000e+02 1.914807950171315033e-03 5.566067240982276731e-03
1.180000000000000000e+02 1.468283033700139382e-03 4.568766567426055941e-03
1.190000000000000000e+02 1.116970681834950812e-03 3.729227180069877735e-03
1.200000000000000000e+02 8.429596337599852508e-04 3.026971242674585984e-03
1.210000000000000000e+02 6.310887019648520491e-04 2.443277681247626662e-03
1.220000000000000000e+02 4.686838410433811098e-04 1.961158898746409064e-03
1.230000000000000000e+02 3.452739910569787782e-04 1.565370243994849454e-03
1.240000000000000000e+02 2.523070020136066295e-04 1.242419878716182315e-03
1.250000000000000000e+02 1.828783113399149287e-04 9.805186522581455996e-04
1.260000000000000000e+02 1.314768820547144513e-04 7.694538898889585494e-04
1.270000000000000000e+02 9.375185400360230934e-05 6.004259327350130581e-04
1.280000000000000000e+02 6.630446629849713689e-05 4.658966872609971756e-04
1.290000000000000000e+02 4.650775578909944346e-05 3.594673896303390392e-04
1.300000000000000000e+02 3.235297802323404588e-05 2.757692854016585596e-04
1.310000000000000000e+02 2.232020981914181398e-05 2.103461522567225107e-04
1.320000000000000000e+02 1.527102251933078758e-05 1.595261543243333183e-04
1.330000000000000000e+02 1.036126797897016517e-05 1.202974826301760622e-04
1.340000000000000000e+02 6.971389955468680224e-06 9.020220855920934623e-05
1.350000000000000000e+02 4.651314837971765511e-06 6.725080113004662790e-05
1.360000000000000000e+02 3.077329800464253098e-06 4.984999147013005957e-05
1.370000000000000000e+02 2.018860355662899980e-06 3.673658522454300202e-05
1.380000000000000000e+02 1.313287312557657818e-06 2.691584148727619723e-05
1.390000000000000000e+02 8.470717410726175010e-07 1.960755415462442721e-05
1.400000000000000000e+02 5.417255547947936592e-07 1.420248840266175723e-05
1.410000000000000000e+02 3.435059044807517618e-07 1.022851810001150398e-05
1.420000000000000000e+02 2.159617692834525556e-07 7.323543933891366094e-06
1.430000000000000000e+02 1.346138319805996000e-07 5.212604019273051384e-06
1.440000000000000000e+02 8.318725373806523599e-08 3.688280617373838631e-06
1.450000000000000000e+02 5.096556543757673570e-08 2.594649640754778964e-06
1.460000000000000000e+02 3.095672775065689615e-08 1.814924692632788856e-06
1.470000000000000000e+02 1.864151676918290711e-08 1.262252511255858762e-06
1.480000000000000000e+02 1.112826064590555191e-08 8.727136595031990029e-07
1.490000000000000000e+02 6.585281703968717820e-09 5.997532844993509182e-07
1.500000000000000000e+02 3.863082060324728710e-09 4.096907015558000571e-07
1.510000000000000000e+02 2.246597942900582439e-09 2.782277430088546599e-07
1.520000000000000000e+02 1.295190054068408813e-09 1.878808985981946129e-07
1.530000000000000000e+02 7.401330685429145615e-10 1.261522066599075235e-07
1.540000000000000000e+02 4.192065742148900902e-10 8.420425213183262323e-08
1.550000000000000000e+02 2.353539468774068741e-10 5.585835795534394451e-08
1.560000000000000000e+02 1.309894177249428443e-10 3.682535657911605698e-08
1.570000000000000000e+02 7.226886582000676949e-11 2.413387600424134519e-08
1.580000000000000000e+02 3.951668701395677614e-11 1.572792432143225725e-08
1.590000000000000000e+02 2.141297976611333269e-11 1.019303684682381837e-08
