0.000000000000000000e+00 -1.085570582519344215e-07 -1.590164802848968254e-06
1.000000000000000000e+00 1.190143929953547579e-07 2.134540609043204067e-06
2.000000000000000000e+00 1.617833704867505063e-07 2.444683783935113160e-06
3.000000000000000000e+00 2.347511002372422563e-07 3.208756667830602335e-06
4.000000000000000000e+00 3.392179129147189122e-07 4.205425507394709616e-06
5.000000000000000000e+00 4.875871964668455243e-07 5.497440090513405761e-06
6.000000000000000000e+00 6.971349326712328936e-07 7.170982559798262887e-06
7.000000000000000000e+00 9.914643449723368543e-07 9.329695575430299037e-06
8.000000000000000000e+00 1.402614362477048035e-06 1.209417619339259184e-05
9.000000000000000000e+00 1.973810765108399504e-06 1.560607655867878198e-05
1.000000000000000000e+01 2.763018881054291257e-06 2.003973495713030355e-05
1.100000000000000000e+01 3.847497821896669547e-06 2.562014226667319589e-05
1.200000000000000000e+01 5.329595183403282308e-06 3.264072261340563526e-05
1.300000000000000000e+01 7.344064331563162574e-06 4.147216188099330935e-05
1.400000000000000000e+01 1.006723344943049226e-05 5.255795175898326919e-05
1.500000000000000000e+01 1.372840553584920473e-05 6.640288862980303478e-05
1.600000000000000000e+01 1.862392096059436758e-05 8.357118690247021563e-05
1.700000000000000000e+01 2.513436423115829248e-05 1.047118839270718310e-04
1.800000000000000000e+01 3.374544181124904021e-05 1.306154742964875512e-04
1.900000000000000000e+01 4.507309378426249463e-05 1.622823352124002933e-04
2.000000000000000000e+01 5.989342486810523354e-05 2.009663749592699455e-04
2.100000000000000000e+01 7.917804806118425721e-05 2.481640082406798850e-04
2.200000000000000000e+01 1.041354190832421267e-04 3.055536109350454120e-04
2.300000000000000000e+01 1.362586945885636901e-04 3.749359420068588706e-04
2.400000000000000000e+01 1.773805528732909169e-04 4.582470348100119205e-04
2.500000000000000000e+01 2.297352627841837719e-04 5.576839134311688175e-04
2.600000000000000000e+01 2.960280727280539858e-04 6.759059388850765376e-04
2.700000000000000000e+01 3.795117291362968236e-04 8.161982293279515608e-04
2.800000000000000000e+01 4.840696308999514795e-04 9.824731413752498151e-04
2.900000000000000000e+01 6.143047538040518176e-04 1.179074188720065190e-03
3.000000000000000000e+01 7.756329829272359724e-04 1.410495360452826332e-03
3.100000000000000000e+01 9.743788426859044827e-04 1.681234536002979615e-03
3.200000000000000000e+01 1.217870887272572492e-03 1.995960004098018114e-03
3.300000000000000000e+01 1.514533363831691536e-03 2.359968617586558765e-03
3.400000000000000000e+01 1.873970265411754399e-03 2.779666443105952619e-03
3.500000000000000000e+01 2.307037391194490493e-03 3.262696769980864483e-03
3.600000000000000000e+01 2.825897215930097545e-03 3.817505998284640399e-03
3.700000000000000000e+01 3.444050195063439943e-03 4.452520165777810492e-03
3.800000000000000000e+01 4.176335153022556201e-03 5.175454702405283582e-03
3.900000000000000000e+01 5.038891447198018403e-03 5.993304689307308794e-03
4.000000000000000000e+01 6.049076774376356026e-03 6.913154789231388923e-03
4.100000000000000000e+01 7.225335555511924052e-03 7.943323004922835107e-03
4.200000000000000000e+01 8.587012243686254973e-03 9.093958046395301739e-03
4.300000000000000000e+01 1.015410197895497309e-02 1.037641864619372190e-02
4.400000000000000000e+01 1.194693082970418180e-02 1.180155051064506015e-02
4.500000000000000000e+01 1.398576247494884815e-02 1.337784884418650837e-02
4.600000000000000000e+01 1.629033613542527070e-02 1.511077966237135001e-02
4.700000000000000000e+01 1.887934525633485142e-02 1.700388222482586420e-02
4.800000000000000000e+01 2.176986273009315700e-02 1.906101015798342471e-02
4.900000000000000000e+01 2.497671089693514340e-02 2.128806391505168663e-02
5.000000000000000000e+01 2.851177618536349795e-02 2.369265750597396650e-02
5.100000000000000000e+01 3.238328622284224884e-02 2.628147322751724774e-02
5.200000000000000000e+01 3.659508946043244643e-02 2.905678012217510764e-02
5.300000000000000000e+01 4.114597969386141196e-02 3.201446008085678807e-02
5.400000000000000000e+01 4.602908204221028976e-02 3.514509687862946152e-02
5.500000000000000000e+01 5.123128915005849271e-02 3.843759893502883551e-02
5.600000000000000000e+01 5.673274610358021441e-02 4.188286439683163581e-02
5.700000000000000000e+01 6.250643376016824793e-02 4.547467460816990298e-02
5.800000000000000000e+01 6.851794114776305067e-02 4.920676804428049389e-02
5.900000000000000000e+01 7.472548887216301505e-02 5.306780423694411331e-02
6.000000000000000000e+01 8.108017676275139363e-02 5.703769938273255125e-02
6.100000000000000000e+01 8.752637076632323321e-02 6.108816357893263882e-02
6.200000000000000000e+01 9.400219546354361688e-02 6.518745051105860611e-02
6.300000000000000000e+01 1.004402199762148284e-01 6.930626709246504036e-02
6.400000000000000000e+01 1.067684736526215428e-01 7.342075391112332095e-02
6.500000000000000000e+01 1.129118123870324897e-01 7.751035550424317799e-02
6.600000000000000000e+01 1.187934681874036336e-01 8.155202840292044564e-02
6.700000000000000000e+01 1.243365593394766960e-01 8.551500314563531546e-02
6.800000000000000000e+01 1.294655053605064110e-01 8.936013727793096217e-02
6.900000000000000000e+01 1.341075153694770150e-01 9.304476354200932886e-02
7.000000000000000000e+01 1.381943326897220881e-01 9.653003255430978036e-02
7.100000000000000000e+01 1.416641599368283211e-01 9.978590263705369723e-02
7.200000000000000000e+01 1.444634144404197129e-01 1.027905343065918381e-01
7.300000000000000000e+01 1.465479945609995394e-01 1.055247978851885093e-01
7.400000000000000000e+01 1.478840847615305043e-01 1.079660717730653863e-01
7.500000000000000000e+01 1.484488350556042169e-01 1.100859947854622156e-01
7.600000000000000000e+01 1.482311648181698360e-01 1.118539907320140053e-01
7.700000000000000000e+01 1.472325229376051925e-01 1.132442712830562109e-01
7.800000000000000000e+01 1.454671366185688042e-01 1.142416021987783525e-01
7.900000000000000000e+01 1.429614615032265279e-01 1.148420753535280697e-01
8.000000000000000000e+01 1.397530583808020976e-01 1.150486914231529101e-01
8.100000000000000000e+01 1.358894340288474556e-01 1.148651236792573027e-01
8.200000000000000000e+01 1.314271475377959131e-01 1.142920936057279790e-01
8.300000000000000000e+01 1.264309358425199092e-01 1.133287119146035027e-01
8.400000000000000000e+01 1.209723464056488285e-01 1.119775395451198252e-01
8.500000000000000000e+01 1.151276931564339245e-01 1.102496053519684827e-01
8.600000000000000000e+01 1.089757474074489335e-01 1.081658638184550963e-01
8.700000000000000000e+01 1.025958048004514955e-01 1.057542221880676814e-01
8.800000000000000000e+01 9.606637407423708475e-02 1.030443052881007127e-01
8.900000000000000000e+01 8.946412445633279698e-02 1.000634373289583934e-01
9.000000000000000000e+01 8.286255417461069195e-02 9.683615228210502857e-02
9.100000000000000000e+01 7.633028764945576361e-02 9.338692462237528635e-02
9.200000000000000000e+01 6.992948832377998691e-02 8.974367127888345508e-02
9.300000000000000000e+01 6.371495726210590904e-02 8.593931984372175925e-02
9.400000000000000000e+01 5.773398394107413789e-02 8.201033278409275429e-02
9.500000000000000000e+01 5.202646700108501387e-02 7.799323380689426877e-02
9.600000000000000000e+01 4.662480513135038029e-02 7.392138377875331900e-02
9.700000000000000000e+01 4.155355884900509278e-02 6.982381259453131206e-02
9.800000000000000000e+01 3.682933747366884392e-02 6.572633743839245701e-02
9.900000000000000000e+01 3.246128969234354095e-02 6.165369172777991624e-02
1.000000000000000000e+02 2.845208446734464117e-02 5.763094330749780891e-02
1.010000000000000000e+02 2.479890884344233132e-02 5.368323302725440394e-02
1.020000000000000000e+02 2.149414305999096386e-02 4.983413626707095673e-02
1.030000000000000000e+02 1.852581026303910805e-02 4.610382300321305693e-02
1.040000000000000000e+02 1.587815138752282987e-02 4.250815793478812665e-02
1.050000000000000000e+02 1.353250941007414464e-02 3.905911298712493041e-02
1.060000000000000000e+02 1.146835246095087059e-02 3.576598716125880401e-02
1.070000000000000000e+02 9.664116306129712231e-03 3.263653201333010373e-02
1.080000000000000000e+02 8.097726750727646250e-03 2.967733344585809369e-02
1.090000000000000000e+02 6.746938369681166822e-03 2.689341720662225335e-02
1.100000000000000000e+02 5.589707102340774059e-03 2.428756038759606259e-02
1.110000000000000000e+02 4.604660066598407347e-03 2.185989436502135119e-02
1.120000000000000000e+02 3.771539990125762597e-03 1.960809262541167441e-02
1.130000000000000000e+02 3.071477335827088768e-03 1.752801723402724193e-02
1.140000000000000000e+02 2.487071445879391121e-03 1.561444405915973083e-02
1.150000000000000000e+02 2.002384532957663527e-03 1.386152396226530623e-02
1.160000000000000000e+02 1.602952799206593419e-03 1.226287746382492480e-02
1.170000000000000000e+02 1.275827757602707559e-03 1.081146748046787898e-02
1.180000000000000000e+02 1.009589051803959966e-03 9.499492726374592425e-03
1.190000000000000000e+02 7.942807942430404411e-04 8.318467340891536749e-03
1.200000000000000000e+02 6.212835799751379373e-04 7.259490402711434899e-03
1.210000000000000000e+02 4.831728551440263655e-04 6.313583809329403190e-03
1.220000000000000000e+02 3.736007644411015391e-04 5.471957097800547558e-03
1.230000000000000000e+02 2.872001648378211692e-04 4.726128906524818332e-03
1.240000000000000000e+02 2.194882904629288250e-04 4.067930007274890743e-03
1.250000000000000000e+02 1.667567699512193186e-04 3.489467848736048025e-03
1.260000000000000000e+02 1.259554589465284279e-04 2.983124739547359742e-03
1.270000000000000000e+02 9.458662239985599757e-05 2.541613142625471188e-03
1.280000000000000000e+02 7.061849474783426096e-05 2.158062987776577634e-03
1.290000000000000000e+02 5.241495071608859454e-05 1.826096840009074160e-03
1.300000000000000000e+02 3.867308594808855157e-05 1.539862260262654008e-03
1.310000000000000000e+02 2.836439383824233417e-05 1.294019230164183921e-03
1.320000000000000000e+02 2.068113991513403463e-05 1.083702622511685618e-03
1.330000000000000000e+02 1.499140315541742362e-05 9.044841334560178251e-04
1.340000000000000000e+02 1.080382186194894902e-05 7.523475516709925235e-04
1.350000000000000000e+02 7.740000891642163165e-06 6.236765342231050807e-04
1.360000000000000000e+02 5.511700470195121986e-06 5.152451099201164160e-04
1.370000000000000000e+02 3.901215558191625874e-06 4.242013016227274723e-04
1.380000000000000000e+02 2.744878442102387343e-06 3.480404451581019850e-04
1.390000000000000000e+02 1.920030302322212450e-06 2.845713517770980753e-04
1.400000000000000000e+02 1.335255676832368152e-06 2.318814065430347218e-04
1.410000000000000000e+02 9.230752119731549585e-07 1.883054583719329599e-04
1.420000000000000000e+02 6.342341086846701329e-07 1.524000093523820054e-04
1.430000000000000000e+02 4.330892890218434815e-07 1.229213484982447590e-04
1.440000000000000000e+02 2.939541089647610319e-07 9.880532102579337795e-05
1.450000000000000000e+02 1.983569502868312016e-07 7.914720808095083234e-05
1.460000000000000000e+02 1.330795122413813095e-07 6.318161216569742318e-05
1.470000000000000000e+02 8.875513701511686168e-08 5.026323514807533104e-05
1.480000000000000000e+02 5.882587979582740804e-08 3.984956816787318663e-05
1.490000000000000000e+02 3.874197391257454197e-08 3.148600644931496217e-05
1.500000000000000000e+02 2.535812144876294245e-08 2.479326322907023574e-05
1.510000000000000000e+02 1.650174468420049376e-08 1.945658166010404207e-05
1.520000000000000000e+02 1.067811340494572725e-08 1.521623278912102951e-05
1.530000000000000000e+02 6.869251787878521141e-09 1.185900242560187376e-05
1.540000000000000000e+02 4.391053961852972988e-09 9.210601010274542457e-06
1.550000000000000000e+02 2.788397185049565675e-09 7.129043658571339424e-06
1.560000000000000000e+02 1.759425877776785264e-09 5.499027941573131950e-06
1.570000000000000000e+02 1.103754024391958639e-09 4.227250926265878800e-06
1.580000000000000000e+02 6.886921700512105201e-10 3.238531966261509260e-06
1.590000000000000000e+02 4.272864464734390035e-10 2.472584272281983159e-06
