0.000000000000000000e+00 -4.994478894917953836e-07 -1.330565013813208643e-06
1.000000000000000000e+00 6.912456591364076434e-07 1.531216220268458009e-06
2.000000000000000000e+00 8.303767989831703390e-07 1.785057556871265554e-06
3.000000000000000000e+00 1.137616928041407330e-06 2.402066248146959591e-06
4.000000000000000000e+00 1.563795328946519885e-06 3.252486283363767292e-06
5.000000000000000000e+00 2.141726511429897065e-06 4.389923278814309574e-06
6.000000000000000000e+00 2.920264075014738834e-06 5.899063554837132527e-06
7.000000000000000000e+00 3.963669427308593593e-06 7.890974369836135032e-06
8.000000000000000000e+00 5.355276156491338938e-06 1.050862096740143263e-05
9.000000000000000000e+00 7.202563355369305125e-06 1.393439982233409895e-05
1.000000000000000000e+01 9.643420771407969959e-06 1.839844959698190666e-05
1.100000000000000000e+01 1.285367317283153643e-05 2.418798070466141479e-05
1.200000000000000000e+01 1.705606154257088548e-05 3.165890898209497781e-05
1.300000000000000000e+01 2.253102124007142003e-05 4.125140802642875408e-05
1.400000000000000000e+01 2.962970508638730695e-05 5.351006511211378787e-05
1.500000000000000000e+01 3.878971108403584875e-05 6.910748142996440350e-05
1.600000000000000000e+01 5.055385446441183224e-05 8.886883154949986154e-05
1.700000000000000000e+01 6.559210047271032951e-05 1.137956990324047728e-04
1.800000000000000000e+01 8.472656320191873788e-05 1.450906563063365155e-04
1.900000000000000000e+01 1.089594793065484828e-04 1.841874585228858556e-04
2.000000000000000000e+01 1.395044500504830846e-04 2.327919699220295613e-04
2.100000000000000000e+01 1.778218929906043853e-04 2.929341840483218958e-04
2.200000000000000000e+01 2.256599869478793951e-04 3.670243064464282661e-04
2.300000000000000000e+01 2.851017078211043614e-04 4.579020517010342901e-04
2.400000000000000000e+01 3.586167374672991656e-04 5.688734962072296156e-04
2.500000000000000000e+01 4.491152558699010983e-04 7.037426295862847297e-04
2.600000000000000000e+01 5.600008420287695774e-04 8.668552234005952577e-04
2.700000000000000000e+01 6.952227460773566931e-04 1.063168779462430984e-03
2.800000000000000000e+01 8.593316055584591332e-04 1.298341664658610867e-03
2.900000000000000000e+01 1.057542996321221779e-03 1.578810988229262463e-03
3.000000000000000000e+01 1.295807385496492098e-03 1.911825103496600422e-03
3.100000000000000000e+01 1.580876161231643210e-03 2.305424233790372406e-03
3.200000000000000000e+01 1.920349701565654110e-03 2.768405118859960760e-03
3.300000000000000000e+01 2.322701286001051767e-03 3.310324638517297535e-03
3.400000000000000000e+01 2.797286212068787834e-03 3.941564905956209189e-03
3.500000000000000000e+01 3.354354419028980280e-03 4.673413202157671205e-03
3.600000000000000000e+01 4.005074232995232443e-03 5.518062320664059335e-03
3.700000000000000000e+01 4.761548263564483602e-03 6.488465999230526998e-03
3.800000000000000000e+01 5.636783013921537779e-03 7.598084810563831941e-03
3.900000000000000000e+01 6.644585239781496469e-03 8.860650183544318062e-03
4.000000000000000000e+01 7.799398882390032491e-03 1.029006308062590212e-02
4.100000000000000000e+01 9.116132419379811141e-03 1.190041229596919443e-02
4.200000000000000000e+01 1.061001799864080830e-02 1.370594594614424691e-02
4.300000000000000000e+01 1.229648708218836206e-02 1.572080543705364070e-02
4.400000000000000000e+01 1.419098971812487835e-02 1.795848934955610737e-02
4.500000000000000000e+01 1.630868738442152813e-02 2.043124094565744106e-02
4.600000000000000000e+01 1.866402599503030890e-02 2.314963988689767646e-02
4.700000000000000000e+01 2.127028499509826462e-02 2.612251366501805450e-02
4.800000000000000000e+01 2.413921189033458800e-02 2.935698176655403627e-02
4.900000000000000000e+01 2.728076041326493034e-02 3.285827746156429197e-02
5.000000000000000000e+01 3.070282911637200324e-02 3.662914531005480312e-02
5.100000000000000000e+01 3.441086560465007882e-02 4.066898977708263696e-02
5.200000000000000000e+01 3.840730914654191808e-02 4.497322146245090468e-02
5.300000000000000000e+01 4.269100576468491670e-02 4.953313848130636715e-02
5.400000000000000000e+01 4.725679107625589681e-02 5.433624904300662223e-02
5.500000000000000000e+01 5.209532207855429448e-02 5.936656229669742824e-02
5.600000000000000000e+01 5.719304195021779336e-02 6.460441300804979636e-02
5.700000000000000000e+01 6.253206934350416524e-02 7.002584263123418085e-02
5.800000000000000000e+01 6.808991933349071990e-02 7.560203754849917357e-02
5.900000000000000000e+01 7.383919230041476045e-02 8.129937637452719357e-02
6.000000000000000000e+01 7.974749125889817047e-02 8.708018636685595226e-02
6.100000000000000000e+01 8.577771398815604853e-02 9.290374706751863831e-02
6.200000000000000000e+01 9.188860675102719644e-02 9.872692259927683123e-02
6.300000000000000000e+01 9.803530580672753514e-02 1.045042088838777639e-01
6.400000000000000000e+01 1.041696933588016627e-01 1.101875864654870418e-01
6.500000000000000000e+01 1.102406684120590813e-01 1.157268188762973216e-01
6.600000000000000000e+01 1.161946158010851576e-01 1.210704967389087394e-01
6.700000000000000000e+01 1.219762612380548283e-01 1.261675072878456483e-01
6.800000000000000000e+01 1.275298067374838473e-01 1.309682740358036890e-01
6.900000000000000000e+01 1.328000286787878181e-01 1.354253607382943370e-01
7.000000000000000000e+01 1.377330991263825410e-01 1.394936268250033806e-01
7.100000000000000000e+01 1.422771887005579994e-01 1.431305103555828295e-01
7.200000000000000000e+01 1.463831369432077034e-01 1.462968546003285963e-01
7.300000000000000000e+01 1.500054067171875671e-01 1.489581522414037129e-01
7.400000000000000000e+01 1.531032341209627168e-01 1.510856638058530044e-01
7.500000000000000000e+01 1.556416404444929125e-01 1.526569445538804581e-01
7.600000000000000000e+01 1.575920307790261155e-01 1.536557903412230086e-01
7.700000000000000000e+01 1.589324147053223224e-01 1.540720382525235521e-01
7.800000000000000000e+01 1.596475493740708851e-01 1.539016565977848749e-01
7.900000000000000000e+01 1.597292671271358933e-01 1.531471638481100850e-01
8.000000000000000000e+01 1.591769451678551606e-01 1.518180115686869336e-01
8.100000000000000000e+01 1.579978007381066252e-01 1.499305176909485060e-01
8.200000000000000000e+01 1.562067214162935480e-01 1.475072625248955716e-01
8.300000000000000000e+01 1.538256464953564606e-01 1.445762429629322554e-01
8.400000000000000000e+01 1.508828115203997011e-01 1.411701771361534019e-01
8.500000000000000000e+01 1.474121741208745395e-01 1.373261022065278558e-01
8.600000000000000000e+01 1.434530546282517804e-01 1.330850649400238672e-01
8.700000000000000000e+01 1.390497254916613912e-01 1.284915821750005627e-01
8.800000000000000000e+01 1.342506541981990098e-01 1.235927365000615979e-01
8.900000000000000000e+01 1.291073687176658991e-01 1.184370778621899323e-01
9.000000000000000000e+01 1.236732189621598393e-01 1.130736447828947361e-01
9.100000000000000000e+01 1.180023691192301355e-01 1.075512886368094057e-01
9.200000000000000000e+01 1.121491270713353555e-01 1.019182205377201639e-01
9.300000000000000000e+01 1.061674212140958223e-01 9.622154538012930858e-02
9.400000000000000000e+01 1.001101443442924122e-01 9.050662408301218820e-02
9.500000000000000000e+01 9.402826706471248408e-02 8.481632093594647370e-02
9.600000000000000000e+01 8.796989368664909215e-02 7.919034475082489810e-02
9.700000000000000000e+01 8.197954007822402800e-02 7.366485471529068962e-02
9.800000000000000000e+01 7.609777142906498648e-02 6.827232660514108431e-02
9.900000000000000000e+01 7.036109411786438395e-02 6.304152638475329917e-02
1.000000000000000000e+02 6.480187267302137122e-02 5.799743742434994298e-02
1.010000000000000000e+02 5.944813311499976688e-02 5.316111448304011028e-02
1.020000000000000000e+02 5.432331202662972480e-02 4.854956656755134853e-02
1.030000000000000000e+02 4.944612898868635392e-02 4.417579190085373780e-02
1.040000000000000000e+02 4.483070484573221937e-02 4.004899837515073918e-02
1.050000000000000000e+02 4.048688968093495932e-02 3.617493263940276677e-02
1.060000000000000000e+02 3.642065216636172775e-02 3.255620429957718082e-02
1.070000000000000000e+02 3.263440371697653997e-02 2.919254656888114335e-02
1.080000000000000000e+02 2.912724590817802536e-02 2.608104053714925541e-02
1.090000000000000000e+02 2.589522488246261828e-02 2.321637159935345876e-02
1.100000000000000000e+02 2.293167577615045499e-02 2.059115822570372137e-02
1.110000000000000000e+02 2.022766246515580318e-02 1.819633172699103296e-02
1.120000000000000000e+02 1.777244330453020202e-02 1.602150764714338829e-02
1.130000000000000000e+02 1.555388379371816163e-02 1.405530139631532179e-02
1.140000000000000000e+02 1.355878747002986669e-02 1.228558350059574637e-02
1.150000000000000000e+02 1.177317348072212146e-02 1.069970351962621670e-02
1.160000000000000000e+02 1.018254622261569042e-02 9.284712363717322406e-03
1.170000000000000000e+02 8.772175897217585061e-03 8.027588155233642345e-03
1.180000000000000000e+02 7.527371650330585973e-03 6.915446869315351915e-03
1.190000000000000000e+02 6.433714449271603526e-03 5.935714935343653145e-03
1.200000000000000000e+02 5.477231515122251218e-03 5.076255577777954824e-03
1.210000000000000000e+02 4.644519321844941054e-03 4.325458326900294068e-03
1.220000000000000000e+02 3.922835787921396047e-03 3.672307795819436480e-03
1.230000000000000000e+02 3.300177404635242472e-03 3.106441628752449995e-03
1.240000000000000000e+02 2.765343178318423363e-03 2.618196986319894400e-03
1.250000000000000000e+02 2.307978066630468963e-03 2.198639472987339027e-03
1.260000000000000000e+02 1.918589881854509179e-03 1.839570812972566877e-03
1.270000000000000000e+02 1.588541240844935313e-03 1.533517745172653050e-03
1.280000000000000000e+02 1.310024275300549195e-03 1.273708733493163691e-03
1.290000000000000000e+02 1.076026274491756691e-03 1.054044638735139507e-03
1.300000000000000000e+02 8.802906619372448610e-04 8.690661474335809045e-04
1.310000000000000000e+02 7.172738128819050596e-04 7.139178099567073917e-04
1.320000000000000000e+02 5.820969494686500153e-04 5.843079261526032322e-04
1.330000000000000000e+02 4.704935147722177956e-04 4.764647707817976107e-04
1.340000000000000000e+02 3.787541028441073344e-04 3.870910683875320173e-04
1.350000000000000000e+02 3.036716234595928580e-04 3.133189621782154501e-04
1.360000000000000000e+02 2.424887024611268509e-04 2.526669661195625211e-04
1.370000000000000000e+02 1.928481626551047383e-04 2.029993527970219420e-04
1.380000000000000000e+02 1.527466371496299762e-04 1.624878498769179234e-04
1.390000000000000000e+02 1.204912048210382179e-04 1.295755420845864665e-04
1.400000000000000000e+02 9.465914565143248682e-05 1.029431666419620365e-04
1.410000000000000000e+02 7.406110191438919441e-05 8.147815494926974550e-05
1.420000000000000000e+02 5.770790102696818694e-05 6.424667287323623615e-05
1.430000000000000000e+02 4.478109215342072842e-05 5.046866627289036691e-05
1.440000000000000000e+02 3.460702475227512903e-05 3.949571771884540877e-05
1.450000000000000000e+02 2.663416747554379828e-05 3.079145762654037833e-05
1.460000000000000000e+02 2.041334766283645283e-05 2.391431304389029079e-05
1.470000000000000000e+02 1.558063469910018212e-05 1.850243251840495172e-05
1.480000000000000000e+02 1.184263458542641704e-05 1.426063976141156062e-05
1.490000000000000000e+02 8.963977528420380620e-06 1.094924459141199915e-05
1.500000000000000000e+02 6.756769449992969815e-06 8.374510728945856267e-06
1.510000000000000000e+02 5.071764093848088733e-06 6.380572924810007428e-06
1.520000000000000000e+02 3.791013611140960821e-06 4.842612596683472126e-06
1.530000000000000000e+02 2.821776279259310515e-06 3.661127244700444707e-06
1.540000000000000000e+02 2.091491596292524326e-06 2.757150566969978593e-06
1.550000000000000000e+02 1.543663204054747414e-06 2.068293510093317753e-06
1.560000000000000000e+02 1.134511976581620395e-06 1.545485665448433697e-06
1.570000000000000000e+02 8.302759479375521910e-07 1.150306780702373538e-06
1.580000000000000000e+02 6.050455639728293373e-07 8.528114333868084825e-07
1.590000000000000000e+02 4.390361252110077307e-07 6.297643362339537839e-07
