0.000000000000000000e+00 -7.962634104380808910e-05 -1.953965049118721161e-05
1.000000000000000000e+00 7.067333044663753406e-05 1.546248222757165807e-05
2.000000000000000000e+00 6.545831676693970066e-05 1.604203678830352995e-05
3.000000000000000000e+00 7.881558054683882953e-05 2.010820142089576158e-05
4.000000000000000000e+00 9.601429750051869222e-05 2.527719495868773541e-05
5.000000000000000000e+00 1.166133889899957621e-04 3.169378096399716888e-05
6.000000000000000000e+00 1.409946389722710621e-04 3.963333419314932801e-05
7.000000000000000000e+00 1.697382320333941331e-04 4.942073289444772410e-05
8.000000000000000000e+00 2.036658998720567348e-04 6.143000948574099554e-05
9.000000000000000000e+00 2.438799774152258370e-04 7.609429376611370960e-05
1.000000000000000000e+01 2.917175450869229580e-04 9.392512297451440753e-05
1.100000000000000000e+01 3.486200056185947342e-04 1.155381283609270619e-04
1.200000000000000000e+01 4.159759661614103308e-04 1.416771710342538363e-04
1.300000000000000000e+01 4.950331446152162612e-04 1.732277104578049999e-04
1.400000000000000000e+01 5.869654983639190906e-04 2.112151650794360179e-04
1.500000000000000000e+01 6.931148625814533048e-04 2.567940841852643587e-04
1.600000000000000000e+01 8.153258468107854378e-04 3.112436516462427729e-04
1.700000000000000000e+01 9.562106805822452723e-04 3.759870947055306799e-04
1.800000000000000000e+01 1.119172664001764472e-03 4.526425354874352713e-04
1.900000000000000000e+01 1.308109983917062416e-03 5.430935034658416344e-04
2.000000000000000000e+01 1.526890684504283698e-03 6.495494065205836050e-04
2.100000000000000000e+01 1.778854647537658111e-03 7.745632373553278062e-04
2.200000000000000000e+01 2.066655588237638862e-03 9.209929831022111097e-04
2.300000000000000000e+01 2.392637216969124500e-03 1.091928230394188792e-03
2.400000000000000000e+01 2.759667588763358315e-03 1.290634339564133461e-03
2.500000000000000000e+01 3.172060708340135662e-03 1.520569778640364468e-03
2.600000000000000000e+01 3.636066367741481661e-03 1.785496594424927164e-03
2.700000000000000000e+01 4.159531642284794092e-03 2.089642839760807828e-03
2.800000000000000000e+01 4.750724966873683119e-03 2.437824836571807381e-03
2.900000000000000000e+01 5.416803144043469409e-03 2.835435547537398099e-03
3.000000000000000000e+01 6.162724450157178527e-03 3.288268272144864376e-03
3.100000000000000000e+01 6.991329071379948079e-03 3.802246084621640002e-03
3.200000000000000000e+01 7.904775965022266260e-03 4.383206424074211245e-03
3.300000000000000000e+01 8.906767016146555777e-03 5.036885953292740380e-03
3.400000000000000000e+01 1.000441133150624384e-02 5.769144614122788568e-03
3.500000000000000000e+01 1.120855787522694741e-02 6.586307937995503764e-03
3.600000000000000000e+01 1.253207344204926126e-02 7.495390959291726996e-03
3.700000000000000000e+01 1.398662193390475851e-02 8.503985914612282107e-03
3.800000000000000000e+01 1.557946706227530780e-02 9.619767128239706602e-03
3.900000000000000000e+01 1.731208104553414590e-02 1.084980682583234525e-02
4.000000000000000000e+01 1.918160699054166987e-02 1.220005630341388855e-02
4.100000000000000000e+01 2.118475417086165130e-02 1.367530208142220434e-02
4.200000000000000000e+01 2.332224952778259863e-02 1.527964517262892646e-02
4.300000000000000000e+01 2.560136872649991166e-02 1.701720805993264460e-02
4.400000000000000000e+01 2.803478783175610695e-02 1.889256473845679282e-02
4.500000000000000000e+01 3.063581396999369086e-02 2.091047901254977290e-02
4.600000000000000000e+01 3.341210226705880471e-02 2.307491737007397528e-02
4.700000000000000000e+01 3.636110859471761853e-02 2.538777104164292170e-02
4.800000000000000000e+01 3.946997047017560684e-02 2.784798139289814539e-02
4.900000000000000000e+01 4.272034735473158318e-02 3.045160929208088479e-02
5.000000000000000000e+01 4.609604405877171934e-02 3.319286138225728544e-02
5.100000000000000000e+01 4.958947239264286516e-02 3.606547710046525274e-02
5.200000000000000000e+01 5.320325689232183880e-02 3.906357714961457978e-02
5.300000000000000000e+01 5.694560916122418104e-02 4.218131428033793096e-02
5.400000000000000000e+01 6.082140132264636512e-02 4.541136309700639917e-02
5.500000000000000000e+01 6.482342445990377233e-02 4.874304277172708533e-02
5.600000000000000000e+01 6.892861199193178745e-02 5.216120444647037030e-02
5.700000000000000000e+01 7.310166359553051108e-02 5.564666984705689962e-02
5.800000000000000000e+01 7.730463727258538031e-02 5.917812810392655137e-02
5.900000000000000000e+01 8.150775294993441167e-02 6.273449202171008099e-02
6.000000000000000000e+01 8.569573400575934696e-02 6.629635601936796629e-02
6.100000000000000000e+01 8.986611812072393957e-02 6.984566088150653829e-02
6.200000000000000000e+01 9.402010964955170857e-02 7.336373211391357396e-02
6.300000000000000000e+01 9.815059415299036416e-02 7.682889902536302329e-02
6.400000000000000000e+01 1.022336795212724914e-01 8.021526562013929496e-02
6.500000000000000000e+01 1.062284862228455723e-01 8.349361483950262786e-02
6.600000000000000000e+01 1.100856441866636115e-01 8.663418870069040933e-02
6.700000000000000000e+01 1.137603336109410529e-01 8.960992992874314278e-02
6.800000000000000000e+01 1.172232333438663898e-01 9.239841888808120185e-02
6.900000000000000000e+01 1.204637530985149391e-01 9.498145343068811752e-02
7.000000000000000000e+01 1.234839128624825311e-01 9.734261020240975171e-02
7.100000000000000000e+01 1.262861242775248083e-01 9.946436706344478906e-02
7.200000000000000000e+01 1.288613468304166398e-01 1.013266864641675785e-01
7.300000000000000000e+01 1.311838944332797685e-01 1.029081264374665933e-01
7.400000000000000000e+01 1.332156397650970658e-01 1.041890323593395451e-01
7.500000000000000000e+01 1.349174193415003109e-01 1.051550776307611096e-01
7.600000000000000000e+01 1.362617423571860498e-01 1.057991576872004402e-01
7.700000000000000000e+01 1.372403607901599987e-01 1.061205819242558579e-01
7.800000000000000000e+01 1.378630499047552860e-01 1.061220994239239490e-01
7.900000000000000000e+01 1.381485398817455246e-01 1.058065759742740503e-01
8.000000000000000000e+01 1.381125176481796113e-01 1.051753286320663422e-01
8.100000000000000000e+01 1.377589328620905107e-01 1.042290999649130301e-01
8.200000000000000000e+01 1.370788811398701568e-01 1.029710403930639284e-01
8.300000000000000000e+01 1.360572536601282190e-01 1.014098476693934270e-01
8.400000000000000000e+01 1.346833737467517667e-01 9.956112384864204690e-02
8.500000000000000000e+01 1.329600308268302222e-01 9.744609004946659658e-02
8.600000000000000000e+01 1.309064504495691672e-01 9.508837372867080806e-02
8.700000000000000000e+01 1.285540417539265123e-01 9.251069029677415345e-02
8.800000000000000000e+01 1.259374422445868613e-01 8.973322528104163420e-02
8.900000000000000000e+01 1.230855527367611807e-01 8.677443044987129261e-02
9.000000000000000000e+01 1.200169093489104055e-01 8.365347668521502800e-02
9.100000000000000000e+01 1.167412234543250549e-01 8.039265941878127875e-02
9.200000000000000000e+01 1.132656914372721091e-01 7.701817226266183258e-02
9.300000000000000000e+01 1.096024358734177251e-01 7.355872199410048995e-02
9.400000000000000000e+01 1.057732162843660478e-01 7.004276632704169170e-02
9.500000000000000000e+01 1.018092520594347933e-01 6.649591765554878353e-02
9.600000000000000000e+01 9.774660484593014620e-02 6.293985300729558474e-02
9.700000000000000000e+01 9.361970260890496720e-02 5.939309361807539739e-02
9.800000000000000000e+01 8.945623692467756516e-02 5.587290888170386161e-02
9.900000000000000000e+01 8.527564949071399225e-02 5.239702802988312896e-02
1.000000000000000000e+02 8.109142762050673692e-02 4.898409807386683301e-02
1.010000000000000000e+02 7.691556002456960417e-02 4.565267858204723195e-02
1.020000000000000000e+02 7.276267044115999894e-02 4.241945106799251131e-02
1.030000000000000000e+02 6.865182192442026432e-02 3.929771718307489142e-02
1.040000000000000000e+02 6.460536955148266092e-02 3.629698575293132529e-02
1.050000000000000000e+02 6.064574863695648688e-02 3.342374148115410948e-02
1.060000000000000000e+02 5.679197104782215955e-02 3.068281387528892096e-02
1.070000000000000000e+02 5.305751071717908218e-02 2.807851250240035040e-02
1.080000000000000000e+02 4.945036542463563528e-02 2.561495483054523903e-02
1.090000000000000000e+02 4.597493660826299650e-02 2.329556475735951315e-02
1.100000000000000000e+02 4.263456777118392743e-02 2.112220330185583111e-02
1.110000000000000000e+02 3.943345777507614724e-02 1.909453872898896412e-02
1.120000000000000000e+02 3.637716983353912054e-02 1.721003834077085293e-02
1.130000000000000000e+02 3.347175059243683720e-02 1.546455572450364246e-02
1.140000000000000000e+02 3.072213319323997480e-02 1.385315938561340783e-02
1.150000000000000000e+02 2.813072954148380239e-02 1.237077519164380031e-02
1.160000000000000000e+02 2.569687794593807431e-02 1.101239395534828365e-02
1.170000000000000000e+02 2.341729675997307469e-02 9.772880945191542504e-03
1.180000000000000000e+02 2.128719877114470388e-02 8.646635577157750149e-03
1.190000000000000000e+02 1.930147778383654172e-02 7.627381437023965545e-03
1.200000000000000000e+02 1.745545577967663395e-02 6.708235450825154010e-03
1.210000000000000000e+02 1.574497947507674800e-02 5.882016439541317733e-03
1.220000000000000000e+02 1.416599622474231344e-02 5.141624762002602531e-03
1.230000000000000000e+02 1.271395359559363697e-02 4.480315671112410775e-03
1.240000000000000000e+02 1.138337796366298282e-02 3.891779392480551256e-03
1.250000000000000000e+02 1.016782979294837165e-02 3.370059552963903301e-03
1.260000000000000000e+02 9.060215589834500621e-03 2.909416861340053274e-03
1.270000000000000000e+02 8.053274024591355884e-03 2.504245097527645243e-03
1.280000000000000000e+02 7.140010455979820328e-03 2.149088588528066945e-03
1.290000000000000000e+02 6.313923942747401777e-03 1.838739756227891547e-03
1.300000000000000000e+02 5.568996590377447986e-03 1.568353620479984428e-03
1.310000000000000000e+02 4.899526594507415053e-03 1.333519006713811171e-03
1.320000000000000000e+02 4.299935451746585841e-03 1.130261127693280238e-03
1.330000000000000000e+02 3.764657903026549617e-03 9.549903385896874996e-04
1.340000000000000000e+02 3.288156823176811849e-03 8.044342602813892452e-04
1.350000000000000000e+02 2.865035808132219280e-03 6.755876378259930391e-04
1.360000000000000000e+02 2.490182451128914679e-03 5.656943613573932762e-04
1.370000000000000000e+02 2.158876011002490262e-03 4.722542210440084233e-04
1.380000000000000000e+02 1.866823775790963248e-03 3.930353014580195920e-04
1.390000000000000000e+02 1.610129480644827398e-03 3.260747716014344207e-04
1.400000000000000000e+02 1.385224877842084401e-03 2.696614141746357012e-04
1.410000000000000000e+02 1.188802339512241759e-03 2.223044983495164298e-04
1.420000000000000000e+02 1.017774566953103758e-03 1.826994021982916868e-04
1.430000000000000000e+02 8.692673820704171442e-04 1.496992477836420383e-04
1.440000000000000000e+02 7.406345520251788207e-04 1.222963351472000680e-04
1.450000000000000000e+02 6.294764467044261774e-04 9.961146469596954896e-05
1.460000000000000000e+02 5.336474163754569488e-04 8.088630906912436290e-05
1.470000000000000000e+02 4.512457695656082535e-04 6.547447510939606997e-05
1.480000000000000000e+02 3.805894366746146785e-04 5.282946823552861601e-05
1.490000000000000000e+02 3.201856834722224604e-04 4.249045291205214280e-05
1.500000000000000000e+02 2.687033824836076307e-04 3.406807842329181318e-05
1.510000000000000000e+02 2.249527962132266679e-04 2.723241490258141399e-05
1.520000000000000000e+02 1.878732535931952933e-04 2.170384333073525413e-05
1.530000000000000000e+02 1.565258358337723082e-04 1.724648553278791555e-05
1.540000000000000000e+02 1.300872410246397301e-04 1.366309327327316998e-05
1.550000000000000000e+02 1.078420280046266686e-04 1.079037433008326409e-05
1.560000000000000000e+02 8.917235650355960302e-05 8.494244051042525021e-06
1.570000000000000000e+02 7.354602375748679906e-05 6.665046200335928624e-06
1.580000000000000000e+02 6.050439214539745519e-05 5.213096330403149708e-06
1.590000000000000000e+02 4.965164907785495015e-05 4.064897039416386775e-06
