0.000000000000000000e+00 -1.425664010784344652e-05 -5.151538170889614647e-09
1.000000000000000000e+00 2.842522136945604687e-05 7.404616141280394717e-09
2.000000000000000000e+00 2.749401597097424947e-05 1.102495154780332897e-08
3.000000000000000000e+00 3.322698153407852570e-05 1.703449441043115546e-08
4.000000000000000000e+00 4.097429785429788462e-05 2.616678931181473251e-08
5.000000000000000000e+00 5.053174471501566914e-05 3.993892260877889064e-08
6.000000000000000000e+00 6.216807341228532981e-05 6.057142754302220216e-08
7.000000000000000000e+00 7.627580466452782339e-05 9.127982365221616408e-08
8.000000000000000000e+00 9.332938375588579322e-05 1.366874612550824795e-07
9.000000000000000000e+00 1.138859130422641071e-04 2.033952920270789580e-07
1.000000000000000000e+01 1.385930029810266187e-04 3.007620343636235889e-07
1.100000000000000000e+01 1.681986797771763804e-04 4.419638225948151385e-07
1.200000000000000000e+01 2.035635576732860790e-04 6.454222514943081303e-07
1.300000000000000000e+01 2.456761686947728967e-04 9.367133446290241189e-07
1.400000000000000000e+01 2.956715776400745078e-04 1.351099236375487009e-06
1.500000000000000000e+01 3.548520507552794384e-04 1.936858592918749290e-06
1.600000000000000000e+01 4.247073974051081410e-04 2.759632042694171232e-06
1.700000000000000000e+01 5.069325160993792476e-04 3.908045813738674309e-06
1.800000000000000000e+01 6.034410924886100033e-04 5.500929094993571349e-06
1.900000000000000000e+01 7.163769324356342519e-04 7.696499042432903759e-06
2.000000000000000000e+01 8.481268023446441109e-04 1.070395047588941292e-05
2.100000000000000000e+01 1.001339255852270104e-03 1.479795359874775057e-05
2.200000000000000000e+01 1.178951679433669613e-03 2.033663019976318282e-05
2.300000000000000000e+01 1.384223093582701014e-03 2.778364300557609282e-05
2.400000000000000000e+01 1.620765242934592721e-03 3.773508989810849917e-05
2.500000000000000000e+01 1.892562285037881079e-03 5.095193948022778502e-05
2.600000000000000000e+01 2.203972286873619266e-03 6.839876959713561710e-05
2.700000000000000000e+01 2.559711586908730921e-03 9.128956861408070607e-05
2.800000000000000000e+01 2.964832471955374665e-03 1.211413194979358773e-04
2.900000000000000000e+01 3.424710051127555395e-03 1.598360006778842411e-04
3.000000000000000000e+01 3.945050904188365098e-03 2.096914926778429081e-04
3.100000000000000000e+01 4.531923285008743370e-03 2.735416680717946917e-04
3.200000000000000000e+01 5.191791448672873448e-03 3.548256508716520581e-04
3.300000000000000000e+01 5.931524604028013889e-03 4.576858521015863862e-04
3.400000000000000000e+01 6.758353376962343215e-03 5.870739103147993654e-04
3.500000000000000000e+01 7.679766494649835178e-03 7.488630862881100149e-04
3.600000000000000000e+01 8.703370502616368867e-03 9.499649819530763331e-04
3.700000000000000000e+01 9.836759865903972264e-03 1.198447686868026919e-03
3.800000000000000000e+01 1.108744660378084036e-02 1.503651611393001710e-03
3.900000000000000000e+01 1.246286964674018539e-02 1.876298358247954073e-03
4.000000000000000000e+01 1.397045359520783514e-02 2.328587023368956961e-03
4.100000000000000000e+01 1.561764045613860119e-02 2.874271351547241695e-03
4.200000000000000000e+01 1.741180713947424255e-02 3.528710288399361256e-03
4.300000000000000000e+01 1.936002321713851601e-02 4.308883763694969574e-03
4.400000000000000000e+01 2.146868617659365708e-02 5.233365027079981725e-03
4.500000000000000000e+01 2.374315420312573394e-02 6.322240486985500341e-03
4.600000000000000000e+01 2.618752671862614040e-02 7.596967823960415998e-03
4.700000000000000000e+01 2.880466649217251415e-02 9.080163464749413035e-03
4.800000000000000000e+01 3.159642663066091622e-02 1.079531166774317513e-02
4.900000000000000000e+01 3.456390561141366863e-02 1.276638938998397865e-02
5.000000000000000000e+01 3.770749185853555091e-02 1.501740313557272007e-02
5.100000000000000000e+01 4.102653594030369888e-02 1.757183579655128766e-02
5.200000000000000000e+01 4.451868859766158759e-02 2.045200403311607518e-02
5.300000000000000000e+01 4.817916868824529547e-02 2.367833147599519156e-02
5.400000000000000000e+01 5.200033806055042590e-02 2.726854955927660029e-02
5.500000000000000000e+01 5.597186035688618555e-02 3.123684302292991169e-02
5.600000000000000000e+01 6.008142240795991823e-02 3.559295885896958389e-02
5.700000000000000000e+01 6.431564855701525640e-02 4.034129878558947307e-02
5.800000000000000000e+01 6.866065406796219295e-02 4.548002216710902990e-02
5.900000000000000000e+01 7.310181587850216045e-02 5.100019814561442683e-02
6.000000000000000000e+01 7.762276599623679774e-02 5.688505201430598540e-02
6.100000000000000000e+01 8.220412014760780650e-02 6.310934315147880003e-02
6.200000000000000000e+01 8.682273321578401482e-02 6.963889956302568573e-02
6.300000000000000000e+01 9.145210100540769604e-02 7.643033731468255876e-02
6.400000000000000000e+01 9.606393228553092301e-02 8.343101281487279308e-02
6.500000000000000000e+01 1.006302043532525115e-01 9.057926213820297057e-02
6.600000000000000000e+01 1.051246248477329392e-01 9.780494976930233231e-02
6.700000000000000000e+01 1.095226489382781082e-01 1.050303043935361530e-01
6.800000000000000000e+01 1.137999915361508768e-01 1.121710161558064633e-01
6.900000000000000000e+01 1.179305119080530651e-01 1.191376132115866127e-01
7.000000000000000000e+01 1.218848631171848274e-01 1.258371532984277341e-01
7.100000000000000000e+01 1.256310079166278182e-01 1.321752000246801950e-01
7.200000000000000000e+01 1.291366854503356032e-01 1.380579608931727931e-01
7.300000000000000000e+01 1.323727250151606194e-01 1.433944647771363545e-01
7.400000000000000000e+01 1.353154718307981452e-01 1.480987599797860821e-01
7.500000000000000000e+01 1.379469635004390016e-01 1.520921711820111821e-01
7.600000000000000000e+01 1.402527362130548683e-01 1.553055515651303176e-01
7.700000000000000000e+01 1.422185594681512066e-01 1.576813183681190222e-01
7.800000000000000000e+01 1.438281373491694937e-01 1.591750837766482130e-01
7.900000000000000000e+01 1.450633598307592143e-01 1.597568935894565223e-01
8.000000000000000000e+01 1.459072310106060144e-01 1.594122024679096583e-01
8.100000000000000000e+01 1.463479777436355045e-01 1.581425705126303372e-01
8.200000000000000000e+01 1.463820400430282664e-01 1.559658561930451770e-01
8.300000000000000000e+01 1.460141892518411755e-01 1.529157340742570703e-01
8.400000000000000000e+01 1.452546357563774537e-01 1.490406644762315991e-01
8.500000000000000000e+01 1.441147426730111925e-01 1.444026001879292198e-01
8.600000000000000000e+01 1.426038048329011931e-01 1.390755121291176177e-01
8.700000000000000000e+01 1.407287475421066802e-01 1.331435415596302907e-01
8.800000000000000000e+01 1.384968798703022919e-01 1.266986570777793863e-01
8.900000000000000000e+01 1.359200254384284878e-01 1.198380472546272113e-01
9.000000000000000000e+01 1.330175336164777788e-01 1.126616330364276636e-01
9.100000000000000000e+01 1.298163245411247113e-01 1.052698180512257192e-01
9.200000000000000000e+01 1.263478428269302067e-01 9.776127929709844955e-02
9.300000000000000000e+01 1.226435655624178167e-01 9.023067668168430200e-02
9.400000000000000000e+01 1.187314931465122680e-01 8.276650970820270681e-02
9.500000000000000000e+01 1.146354068907350920e-01 7.544946521601757217e-02
9.600000000000000000e+01 1.103770237734628679e-01 6.835130864240837600e-02
9.700000000000000000e+01 1.059795233459008140e-01 6.153407117029388584e-02
9.800000000000000000e+01 1.014702253784203340e-01 5.504936834393533984e-02
9.900000000000000000e+01 9.688080395281949142e-02 4.893799380974048902e-02
1.000000000000000000e+02 9.224490867117306203e-02 4.323000960924237857e-02
1.010000000000000000e+02 8.759452998809080793e-02 3.794529857934835632e-02
1.020000000000000000e+02 8.295706251203262271e-02 3.309431600236419774e-02
1.030000000000000000e+02 7.835449389570833811e-02 2.867886767487480906e-02
1.040000000000000000e+02 7.380486432938772323e-02 2.469298541897221519e-02
1.050000000000000000e+02 6.932489523490537042e-02 2.112402336851783302e-02
1.060000000000000000e+02 6.493217056319376679e-02 1.795391722729084566e-02
1.070000000000000000e+02 6.064567813582472794e-02 1.516040829519727656e-02
1.080000000000000000e+02 5.648454758021896616e-02 1.271811473139963615e-02
1.090000000000000000e+02 5.246582802394526845e-02 1.059949922536097301e-02
1.100000000000000000e+02 4.860258419058006291e-02 8.775814685499806062e-03
1.110000000000000000e+02 4.490327895279691561e-02 7.218002269248591576e-03
1.120000000000000000e+02 4.137261491846389028e-02 5.897442539187350286e-03
1.130000000000000000e+02 3.801322533154103539e-02 4.786513996795345970e-03
1.140000000000000000e+02 3.482725451482989593e-02 3.859005825317049498e-03
1.150000000000000000e+02 3.181707161437125758e-02 3.090446603103979249e-03
1.160000000000000000e+02 2.898492905427710320e-02 2.458355161864982964e-03
1.170000000000000000e+02 2.633195825616990032e-02 1.942384161873458338e-03
1.180000000000000000e+02 2.385718284166836456e-02 1.524351475430713639e-03
1.190000000000000000e+02 2.155711670419362819e-02 1.188193913517226422e-03
1.200000000000000000e+02 1.942612490942392106e-02 9.198814899565627319e-04
1.210000000000000000e+02 1.745730989458300561e-02 7.073050103347516956e-04
1.220000000000000000e+02 1.564346175541967907e-02 5.401334804746570637e-04
1.230000000000000000e+02 1.397765751255402276e-02 4.096448639957891080e-04
1.240000000000000000e+02 1.245333880138847944e-02 3.085459409550926190e-04
1.250000000000000000e+02 1.106398370546785546e-02 2.307967274705921383e-04
1.260000000000000000e+02 9.802665494104372337e-03 1.714453165616699668e-04
1.270000000000000000e+02 8.661789080208651820e-03 1.264726585654958428e-04
1.280000000000000000e+02 7.633149770991126508e-03 9.264770598645260288e-05
1.290000000000000000e+02 6.708269584383803712e-03 6.739598102015283609e-05
1.300000000000000000e+02 5.878835404139242694e-03 4.868420324070116159e-05
1.310000000000000000e+02 5.137042267633548653e-03 3.492107453379387735e-05
1.320000000000000000e+02 4.475723222718481706e-03 2.487264178295539455e-05
1.330000000000000000e+02 3.888268365606604299e-03 1.759063448047482159e-05
1.340000000000000000e+02 3.368432743756354444e-03 1.235262647940776857e-05
1.350000000000000000e+02 2.910162647333143678e-03 8.612913155105931336e-06
1.360000000000000000e+02 2.507531198068429189e-03 5.962774827994670959e-06
1.370000000000000000e+02 2.154799906646663772e-03 4.098704581811080451e-06
1.380000000000000000e+02 1.846555951737018347e-03 2.797265763801354885e-06
1.390000000000000000e+02 1.577845754047969926e-03 1.895387944868501408e-06
1.400000000000000000e+02 1.344240611112696056e-03 1.275066207516382202e-06
1.410000000000000000e+02 1.141813872925051022e-03 8.516033327820115672e-07
1.420000000000000000e+02 9.670543734810871633e-04 5.646929534298240379e-07
1.430000000000000000e+02 8.167649425681331246e-04 3.717480738166156514e-07
1.440000000000000000e+02 6.879903793273265799e-04 2.429555186405732129e-07
1.450000000000000000e+02 5.779945963436910854e-04 1.576267912040946223e-07
1.460000000000000000e+02 4.842780434024208046e-04 1.015220759971336523e-07
1.470000000000000000e+02 4.046086287438479330e-04 6.491330262032752101e-08
1.480000000000000000e+02 3.370385881079937355e-04 4.120529986885782654e-08
1.490000000000000000e+02 2.798928221443235500e-04 2.596522080314080691e-08
1.500000000000000000e+02 2.317315965468373130e-04 1.624097447711420849e-08
1.510000000000000000e+02 1.913025271250076709e-04 1.008332531375554159e-08
1.520000000000000000e+02 1.574987291273580203e-04 6.214420939419725129e-09
1.530000000000000000e+02 1.293333437626454144e-04 3.802234714904262141e-09
1.540000000000000000e+02 1.059307015598783848e-04 2.309411162932911951e-09
1.550000000000000000e+02 8.652678135839246174e-05 1.392249396490494387e-09
1.560000000000000000e+02 7.046951686250253755e-05 8.329795273863033696e-10
1.570000000000000000e+02 5.721256871387890802e-05 4.946375307489773222e-10
1.580000000000000000e+02 4.630158221534580226e-05 2.915858681381741534e-10
1.590000000000000000e+02 3.735638711673904786e-05 1.706511949097641320e-10
