0.000000000000000000e+00 -5.926126402161925123e-07 -1.069933165207692728e-11
1.000000000000000000e+00 6.654785448663109007e-07 2.742439611383922473e-11
2.000000000000000000e+00 8.130243778200127080e-07 5.100825138731393694e-11
3.000000000000000000e+00 1.108461789035909372e-06 9.457412411945156777e-11
4.000000000000000000e+00 1.512649604069729951e-06 1.735517976219625127e-10
5.000000000000000000e+00 2.056111902813974810e-06 3.152534978714199566e-10
6.000000000000000000e+00 2.782676407771739894e-06 5.668284339812641618e-10
7.000000000000000000e+00 3.749467038627185042e-06 1.008900246467145909e-09
8.000000000000000000e+00 5.030029544323377417e-06 1.777718016514494379e-09
9.000000000000000000e+00 6.718491217846556846e-06 3.101148440211272544e-09
1.000000000000000000e+01 8.934694841248721491e-06 5.356091610312629806e-09
1.100000000000000000e+01 1.183044685307080166e-05 9.159320042548672444e-09
1.200000000000000000e+01 1.559706321903637309e-05 1.550935003594231036e-08
1.300000000000000000e+01 2.047441928073065958e-05 2.600539658100558159e-08
1.400000000000000000e+01 2.676172878776758831e-05 4.318162152584768611e-08
1.500000000000000000e+01 3.483029600914576705e-05 7.101106926853229950e-08
1.600000000000000000e+01 4.513849978468574428e-05 1.156569031950683328e-07
1.700000000000000000e+01 5.824927588248148929e-05 1.865788952153446626e-07
1.800000000000000000e+01 7.485036058132893172e-05 2.981443617753021064e-07
1.900000000000000000e+01 9.577754261168103863e-05 4.719455998132746716e-07
2.000000000000000000e+01 1.220411453799733923e-04 7.400945542718790018e-07
2.100000000000000000e+01 1.548559310572301679e-04 1.149850894320649566e-06
2.200000000000000000e+01 1.956745774043136901e-04 1.770046015491957736e-06
2.300000000000000000e+01 2.462248170335253278e-04 2.699892344150518970e-06
2.400000000000000000e+01 3.085502285577534985e-04 4.080917878119322400e-06
2.500000000000000000e+01 3.850545247811260150e-04 6.112936752383446595e-06
2.600000000000000000e+01 4.785490104077662170e-04 9.075158056455468513e-06
2.700000000000000000e+01 5.923027155169912055e-04 1.335373662889237889e-05
2.800000000000000000e+01 7.300945694117581212e-04 1.947727662100815318e-05
2.900000000000000000e+01 8.962668299508535401e-04 2.816199330937067271e-05
3.000000000000000000e+01 1.095778744032693906e-03 4.036840412788761162e-05
3.100000000000000000e+01 1.334259029822904962e-03 5.737153155369459150e-05
3.200000000000000000e+01 1.618055304991939010e-03 8.084662934520181184e-05
3.300000000000000000e+01 1.954278240218447829e-03 1.129723563096466114e-04
3.400000000000000000e+01 2.350838170186456133e-03 1.565530796063651232e-04
3.500000000000000000e+01 2.816472057157360862e-03 2.151615555900691587e-04
3.600000000000000000e+01 3.360758649115850628e-03 2.933025696963216977e-04
3.700000000000000000e+01 3.994118992672037946e-03 3.965971839037654777e-04
3.800000000000000000e+01 4.727798328251854587e-03 5.319860121589265606e-04
3.900000000000000000e+01 5.573824787665629561e-03 7.079484048613637458e-04
4.000000000000000000e+01 6.544941272942158758e-03 9.347325704635955999e-04
4.100000000000000000e+01 7.654509201319113602e-03 1.224589516035287954e-03
4.200000000000000000e+01 8.916384445777820328e-03 1.592001290867832214e-03
4.300000000000000000e+01 1.034476451074812196e-02 2.053891441599385061e-03
4.400000000000000000e+01 1.195400208632749206e-02 2.629802935724869645e-03
4.500000000000000000e+01 1.375837776109563315e-02 3.342026222359805593e-03
4.600000000000000000e+01 1.577182867827869525e-02 4.215657746905848192e-03
4.700000000000000000e+01 1.800763989947142679e-02 5.278567326674564637e-03
4.800000000000000000e+01 2.047811306004878110e-02 6.561251564621620007e-03
4.900000000000000000e+01 2.319422288484162056e-02 8.096550190358740157e-03
5.000000000000000000e+01 2.616525670448125937e-02 9.919203150362898916e-03
5.100000000000000000e+01 2.939842057355783120e-02 1.206522869565122835e-02
5.200000000000000000e+01 3.289840614293963739e-02 1.457110688067222298e-02
5.300000000000000000e+01 3.666694436210771874e-02 1.747275900287742489e-02
5.400000000000000000e+01 4.070239745003832732e-02 2.080432172645328703e-02
5.500000000000000000e+01 4.499942667386202383e-02 2.459672496031147654e-02
5.600000000000000000e+01 4.954872163648989247e-02 2.887609482492081714e-02
5.700000000000000000e+01 5.433673548430525274e-02 3.366201693214677243e-02
5.800000000000000000e+01 5.934539489926392991e-02 3.896571028751395771e-02
5.900000000000000000e+01 6.455184020095558473e-02 4.478817765895637404e-02
6.000000000000000000e+01 6.992831819329071996e-02 5.111841305664357321e-02
6.100000000000000000e+01 7.544231015178035071e-02 5.793175980411185977e-02
6.200000000000000000e+01 8.105683888903481016e-02 6.518852260572577384e-02
6.300000000000000000e+01 8.673079182375018070e-02 7.283294275228371917e-02
6.400000000000000000e+01 9.241915506805639668e-02 8.079264508633472730e-02
6.500000000000000000e+01 9.807325522567868215e-02 8.897865713313596325e-02
6.600000000000000000e+01 1.036412528930300558e-01 9.728608535274863023e-02
6.700000000000000000e+01 1.090690346637980673e-01 1.055955110438119848e-01
6.800000000000000000e+01 1.143013534743494986e-01 1.137751372145912321e-01
6.900000000000000000e+01 1.192828590419863083e-01 1.216836777190253571e-01
7.000000000000000000e+01 1.239587961327680010e-01 1.291739363456722578e-01
7.100000000000000000e+01 1.282755447699482076e-01 1.360969806548761873e-01
7.200000000000000000e+01 1.321814331299469569e-01 1.423067710992986512e-01
7.300000000000000000e+01 1.356280508276451191e-01 1.476650610053195645e-01
7.400000000000000000e+01 1.385717713766390913e-01 1.520463484688036326e-01
7.500000000000000000e+01 1.409748856353678081e-01 1.553426446442497666e-01
7.600000000000000000e+01 1.428060282992686114e-01 1.574678166641997890e-01
7.700000000000000000e+01 1.440402193377627871e-01 1.583612636718937927e-01
7.800000000000000000e+01 1.446591814681909838e-01 1.579907055223717660e-01
7.900000000000000000e+01 1.446522266355231290e-01 1.563539123705095513e-01
8.000000000000000000e+01 1.440172624116211053e-01 1.534792606438167284e-01
8.100000000000000000e+01 1.427611351376421589e-01 1.494250544205968922e-01
8.200000000000000000e+01 1.408990038257336708e-01 1.442776164837231700e-01
8.300000000000000000e+01 1.384532712132719445e-01 1.381482356475943751e-01
8.400000000000000000e+01 1.354529103868488682e-01 1.311691291319419250e-01
8.500000000000000000e+01 1.319334598958238625e-01 1.234886242876681861e-01
8.600000000000000000e+01 1.279370981649778916e-01 1.152658010553965218e-01
8.700000000000000000e+01 1.235119728185717219e-01 1.066648738606761626e-01
8.800000000000000000e+01 1.187106204852421687e-01 9.784960600442098311e-02
8.900000000000000000e+01 1.135881725784840812e-01 8.897802880056930597e-02
9.000000000000000000e+01 1.082011864819784897e-01 8.019770158569525242e-02
9.100000000000000000e+01 1.026072245821908341e-01 7.164171184174793205e-02
9.200000000000000000e+01 9.686450479384954571e-02 6.342556713409255864e-02
9.300000000000000000e+01 9.103091622794923232e-02 5.564506565142648270e-02
9.400000000000000000e+01 8.516243644864596174e-02 4.837516282807242940e-02
9.500000000000000000e+01 7.931168013820658058e-02 4.166979350958511380e-02
9.600000000000000000e+01 7.352721815821178231e-02 3.556256451213304220e-02
9.700000000000000000e+01 6.785356673332060273e-02 3.006819369196757352e-02
9.800000000000000000e+01 6.233117527281339249e-02 2.518453701543070522e-02
9.900000000000000000e+01 5.699592507582545986e-02 2.089502582010887080e-02
1.000000000000000000e+02 5.187833662335472606e-02 1.717134050888409133e-02
1.010000000000000000e+02 4.700310556553469188e-02 1.397616271618399436e-02
1.020000000000000000e+02 4.238932129785217412e-02 1.126586174673185718e-02
1.030000000000000000e+02 3.805110308490836785e-02 8.992989941997703643e-03
1.040000000000000000e+02 3.399809330788602230e-02 7.108495882405928105e-03
1.050000000000000000e+02 3.023554941318222500e-02 5.563602049537969170e-03
1.060000000000000000e+02 2.676429924439729935e-02 4.311319075910381368e-03
1.070000000000000000e+02 2.358100292455015887e-02 3.307588381072345748e-03
1.080000000000000000e+02 2.067885258775167129e-02 2.512069730800075857e-03
1.090000000000000000e+02 1.804841582435426361e-02 1.888612126207086465e-03
1.100000000000000000e+02 1.567823770026384803e-02 1.405454752223859148e-03
1.110000000000000000e+02 1.355511042666093617e-02 1.035205780159187232e-03
1.120000000000000000e+02 1.166425316606865131e-02 7.546497937280676784e-04
1.130000000000000000e+02 9.989679833466463821e-03 5.444356501688551835e-04
1.140000000000000000e+02 8.514780182639961753e-03 3.886901833962782193e-04
1.150000000000000000e+02 7.222893768015067537e-03 2.745938557573845019e-04
1.160000000000000000e+02 6.097658968212499482e-03 1.919478823357653611e-04
1.170000000000000000e+02 5.123128328313228397e-03 1.327566411087572967e-04
1.180000000000000000e+02 4.283821322007946505e-03 9.084160641687014917e-05
1.190000000000000000e+02 3.564870817151916810e-03 6.149574013314215877e-05
1.200000000000000000e+02 2.952261852006391948e-03 4.118262797627016630e-05
1.210000000000000000e+02 2.433038266864130834e-03 2.728154984159322744e-05
1.220000000000000000e+02 1.995373155434769161e-03 1.787667768201615167e-05
1.230000000000000000e+02 1.628514432424872128e-03 1.158631023723371344e-05
1.240000000000000000e+02 1.322700472019687230e-03 7.427171403518243915e-06
1.250000000000000000e+02 1.069123549175901534e-03 4.708700597394768029e-06
1.260000000000000000e+02 8.599398003813426856e-04 2.952272127236128955e-06
1.270000000000000000e+02 6.882694735642447097e-04 1.830495242939438933e-06
1.280000000000000000e+02 5.481432631582445038e-04 1.122327176971769075e-06
1.290000000000000000e+02 4.344014221573691786e-04 6.804417659475116686e-07
1.300000000000000000e+02 3.425866808259861668e-04 4.079084565500308121e-07
1.310000000000000000e+02 2.688638209964571693e-04 2.417768582793376714e-07
1.320000000000000000e+02 2.099665524009962445e-04 1.416873607769174912e-07
1.330000000000000000e+02 1.631503521770656217e-04 8.209128974290553913e-08
1.340000000000000000e+02 1.261336810099631094e-04 4.702118338973090032e-08
1.350000000000000000e+02 9.702829536171008579e-05 2.662563999770573257e-08
1.360000000000000000e+02 7.427203743350159373e-05 1.490398733541996307e-08
1.370000000000000000e+02 5.657538269264520526e-05 8.246899193426005533e-09
1.380000000000000000e+02 4.288241129043564228e-05 4.510738764587014214e-09
1.390000000000000000e+02 3.233915975207291515e-05 2.438655196155973048e-09
1.400000000000000000e+02 2.426278568922110704e-05 1.303120304530789199e-09
1.410000000000000000e+02 1.811040486809650812e-05 6.882505217871987974e-10
1.420000000000000000e+02 1.345065467585107058e-05 3.592731233853127399e-10
1.430000000000000000e+02 9.940993403914897316e-06 1.853494281910474868e-10
1.440000000000000000e+02 7.310983549878752114e-06 9.449872720899991769e-11
1.450000000000000000e+02 5.349522663594034297e-06 4.761381461319237005e-11
1.460000000000000000e+02 3.893835732236943400e-06 2.370902494210843434e-11
1.470000000000000000e+02 2.819370620753564766e-06 1.166639673676148744e-11
1.480000000000000000e+02 2.030959000408026407e-06 5.672375299648559939e-12
1.490000000000000000e+02 1.455826166777420758e-06 2.725234060576890311e-12
1.500000000000000000e+02 1.038496563998489653e-06 1.293841484718237360e-12
1.510000000000000000e+02 7.370910799642745241e-07 6.069818948029084145e-13
1.520000000000000000e+02 5.204059342334512339e-07 2.813327311122216541e-13
1.530000000000000000e+02 3.654273347115954241e-07 1.288236705301142340e-13
1.540000000000000000e+02 2.552375639394392144e-07 5.828592040801459903e-14
1.550000000000000000e+02 1.773798447542216752e-07 2.605874465657130151e-14
1.560000000000000000e+02 1.226827850015982206e-07 1.150997578730278763e-14
1.570000000000000000e+02 8.444149423660340741e-08 5.021456115843577147e-15
1.580000000000000000e+02 5.781852139000896127e-08 2.164104934068411774e-15
1.590000000000000000e+02 3.936909818758629695e-08 9.216320089846480396e-16
