0.000000000000000000e+00 -8.458325318899515997e-05 -2.136933493841806328e-05
1.000000000000000000e+00 7.626973179275375197e-05 1.714530856729630677e-05
2.000000000000000000e+00 7.002509778833720955e-05 1.756144336092185207e-05
3.000000000000000000e+00 8.394155872094447100e-05 2.194368512963227390e-05
4.000000000000000000e+00 1.020429854645460628e-04 2.755125603672044826e-05
5.000000000000000000e+00 1.236700974661238627e-04 3.450952787412827022e-05
6.000000000000000000e+00 1.492315987997801545e-04 4.310573685420196455e-05
7.000000000000000000e+00 1.794035554326575124e-04 5.367989733229592371e-05
8.000000000000000000e+00 2.151210013738654879e-04 6.662595547019731213e-05
9.000000000000000000e+00 2.575684252547999725e-04 8.240619182282828885e-05
1.000000000000000000e+01 3.080928376174765630e-04 1.015730591247308796e-04
1.100000000000000000e+01 3.680646670023056334e-04 1.247928890886106567e-04
1.200000000000000000e+01 4.387609955563561651e-04 1.528634708726356588e-04
1.300000000000000000e+01 5.213588451459077707e-04 1.867196077573401265e-04
1.400000000000000000e+01 6.170881669037329249e-04 2.274279970843071444e-04
1.500000000000000000e+01 7.275125740747386298e-04 2.761818386506263929e-04
1.600000000000000000e+01 8.548181420844567493e-04 3.343104950561292176e-04
1.700000000000000000e+01 1.001948725506712767e-03 4.033151195917279697e-04
1.800000000000000000e+01 1.172469204123459440e-03 4.849271563342261778e-04
1.900000000000000000e+01 1.370165780076698344e-03 5.811696828808647890e-04
2.000000000000000000e+01 1.598553553355347391e-03 6.943929296678574012e-04
2.100000000000000000e+01 1.860567028474306500e-03 8.272640370913231494e-04
2.200000000000000000e+01 2.158676169206495167e-03 9.827167027185708479e-04
2.300000000000000000e+01 2.495479855049910316e-03 1.163895972140117615e-03
2.400000000000000000e+01 2.874555584266097301e-03 1.374147141652113692e-03
2.500000000000000000e+01 3.301133916695970366e-03 1.617080757125796426e-03
2.600000000000000000e+01 3.782159042073989907e-03 1.896700598391428934e-03
2.700000000000000000e+01 4.325546750675994881e-03 2.217531864906463306e-03
2.800000000000000000e+01 4.938874566961968041e-03 2.584666264432911552e-03
2.900000000000000000e+01 5.628127215530564012e-03 3.003671932556780354e-03
3.000000000000000000e+01 6.397230188956276251e-03 3.480391295821648641e-03
3.100000000000000000e+01 7.248800953622957198e-03 4.020728398483081056e-03
3.200000000000000000e+01 8.185922603064173242e-03 4.630555236386367686e-03
3.300000000000000000e+01 9.214106145961907177e-03 5.315812178201820976e-03
3.400000000000000000e+01 1.034232805181513511e-02 6.082758117656696627e-03
3.500000000000000000e+01 1.158233907698927312e-02 6.938208591732070857e-03
3.600000000000000000e+01 1.294627361239885678e-02 7.889565748600932404e-03
3.700000000000000000e+01 1.444356706522331030e-02 8.944534367919787163e-03
3.800000000000000000e+01 1.607876838206936249e-02 1.011059823110608755e-02
3.900000000000000000e+01 1.785159568622889797e-02 1.139449785910236039e-02
4.000000000000000000e+01 1.975951907653170081e-02 1.280198929794660462e-02
4.100000000000000000e+01 2.180175715734593289e-02 1.433802404686525603e-02
4.200000000000000000e+01 2.398260365718870094e-02 1.600723335932004512e-02
4.300000000000000000e+01 2.631207040368817307e-02 1.781437674335940163e-02
4.400000000000000000e+01 2.880304756860518206e-02 1.976437806197036545e-02
4.500000000000000000e+01 3.146602138293853879e-02 2.186177682239836412e-02
4.600000000000000000e+01 3.430390221772727788e-02 2.410977016793917557e-02
4.700000000000000000e+01 3.730978692543014674e-02 2.650930741091757359e-02
4.800000000000000000e+01 4.046918202738233189e-02 2.905872962428162828e-02
4.900000000000000000e+01 4.376590471261763982e-02 3.175416837299294137e-02
5.000000000000000000e+01 4.718876574226361920e-02 3.459047065011593147e-02
5.100000000000000000e+01 5.073542604579631132e-02 3.756206723566039157e-02
5.200000000000000000e+01 5.441102601070403610e-02 4.066318141771077532e-02
5.300000000000000000e+01 5.822182625017444102e-02 4.388713125712116747e-02
5.400000000000000000e+01 6.216685634916065822e-02 4.722502546498093257e-02
5.500000000000000000e+01 6.623192329364914477e-02 5.066456748328352494e-02
5.600000000000000000e+01 7.038939277005915041e-02 5.418969543793217269e-02
5.700000000000000000e+01 7.460426418078430766e-02 5.778135581912702268e-02
5.800000000000000000e+01 7.884369967935220269e-02 6.141906533923113809e-02
5.900000000000000000e+01 8.308516551686073726e-02 6.508243447207193166e-02
6.000000000000000000e+01 8.731884687562947722e-02 6.875180914165454626e-02
6.100000000000000000e+01 9.154284580743905775e-02 7.240767387759725060e-02
6.200000000000000000e+01 9.575345565420786964e-02 7.602918989967311081e-02
6.300000000000000000e+01 9.993553694131240839e-02 7.959279328087297267e-02
6.400000000000000000e+01 1.040581614148933381e-01 8.307181309281722048e-02
6.500000000000000000e+01 1.080780551772796971e-01 8.643753873136350574e-02
6.600000000000000000e+01 1.119493161470148795e-01 8.966135271143196861e-02
6.700000000000000000e+01 1.156345734171087825e-01 9.271691266992784786e-02
6.800000000000000000e+01 1.191119577691810427e-01 9.558129343469834449e-02
6.900000000000000000e+01 1.223743845659225338e-01 9.823455716176947294e-02
7.000000000000000000e+01 1.254216138406341607e-01 1.006581110451563038e-01
7.100000000000000000e+01 1.282492956381361404e-01 1.028329316141286948e-01
7.200000000000000000e+01 1.308407608162899527e-01 1.047388530316318844e-01
7.300000000000000000e+01 1.331658458876426865e-01 1.063555377060667884e-01
7.400000000000000000e+01 1.351873462387088998e-01 1.076647791197353904e-01
7.500000000000000000e+01 1.368717676318248477e-01 1.086529808675240766e-01
7.600000000000000000e+01 1.381989397690643329e-01 1.093124947297512833e-01
7.700000000000000000e+01 1.391657798242091348e-01 1.096411059258530912e-01
7.800000000000000000e+01 1.397825787344538773e-01 1.096399959877218944e-01
7.900000000000000000e+01 1.400639922036261420e-01 1.093113902094604017e-01
8.000000000000000000e+01 1.400194915814942376e-01 1.086572823312857011e-01
8.100000000000000000e+01 1.396480843130729066e-01 1.076799945383907636e-01
8.200000000000000000e+01 1.389397203676982495e-01 1.063842346739405365e-01
8.300000000000000000e+01 1.378823152765953353e-01 1.047794017839320801e-01
8.400000000000000000e+01 1.364705826983433623e-01 1.028807153750611464e-01
8.500000000000000000e+01 1.347121999596525010e-01 1.007084161913250897e-01
8.600000000000000000e+01 1.326284146016933618e-01 9.828540742191593793e-02
8.700000000000000000e+01 1.302491068176941935e-01 9.563460268976847756e-02
8.800000000000000000e+01 1.276050315707203120e-01 9.277738411990105183e-02
8.900000000000000000e+01 1.247211387404375676e-01 8.973387615304515008e-02
9.000000000000000000e+01 1.216140268197729024e-01 8.652464162371455159e-02
9.100000000000000000e+01 1.182943056453823610e-01 8.317257627948176912e-02
9.200000000000000000e+01 1.147721876225246407e-01 7.970370732378212475e-02
9.300000000000000000e+01 1.110632183006025342e-01 7.614630532707952759e-02
9.400000000000000000e+01 1.071912760354370719e-01 7.252874305395516641e-02
9.500000000000000000e+01 1.031875532664021933e-01 6.887725217745691020e-02
9.600000000000000000e+01 9.908628732134092121e-02 6.521472707043060590e-02
9.700000000000000000e+01 9.491949544658261073e-02 6.156104658961335241e-02
9.800000000000000000e+01 9.071321472405215192e-02 5.793447816875865741e-02
9.900000000000000000e+01 8.648675921732819349e-02 5.435314939457641659e-02
1.000000000000000000e+02 8.225490354029474371e-02 5.083563790035953989e-02
1.010000000000000000e+02 7.803153235262541565e-02 4.740034657621156750e-02
1.020000000000000000e+02 7.383278590253913864e-02 4.406408415008265800e-02
1.030000000000000000e+02 6.967821860837383752e-02 4.084070451158303833e-02
1.040000000000000000e+02 6.558961880677129097e-02 3.774054885959210459e-02
1.050000000000000000e+02 6.158829704230345953e-02 3.477090465481740000e-02
1.060000000000000000e+02 5.769227871210214770e-02 3.193710256117768959e-02
1.070000000000000000e+02 5.391469915029505761e-02 2.924357051364090410e-02
1.080000000000000000e+02 5.026396363745443824e-02 2.669429129214732216e-02
1.090000000000000000e+02 4.674533717819403383e-02 2.429253593118894244e-02
1.100000000000000000e+02 4.336301897993628113e-02 2.204018308998650921e-02
1.110000000000000000e+02 4.012167928353177482e-02 1.993713016717529180e-02
1.120000000000000000e+02 3.702684860981213244e-02 1.798117838305903632e-02
1.130000000000000000e+02 3.408418484453408503e-02 1.616845101472162705e-02
1.140000000000000000e+02 3.129816857619237974e-02 1.449409821231014035e-02
1.150000000000000000e+02 2.867095976237199820e-02 1.295292483152961187e-02
1.160000000000000000e+02 2.620195655100054921e-02 1.153968367314527933e-02
1.170000000000000000e+02 2.388818274609694203e-02 1.024900658357611946e-02
1.180000000000000000e+02 2.172522741381979761e-02 9.075148339409528156e-03
1.190000000000000000e+02 1.970825567286724200e-02 8.011784539815953315e-03
1.200000000000000000e+02 1.783266410392479392e-02 7.052023597888348351e-03
1.210000000000000000e+02 1.609419578791564803e-02 6.188638711985288213e-03
1.220000000000000000e+02 1.448861237246015093e-02 5.414399232916793786e-03
1.230000000000000000e+02 1.301120441930683769e-02 4.722346653195116581e-03
1.240000000000000000e+02 1.165643896662429957e-02 4.105918012569331928e-03
1.250000000000000000e+02 1.041791842808364836e-02 3.558917571894604573e-03
1.260000000000000000e+02 9.288644321448120272e-03 3.075413646843397353e-03
1.270000000000000000e+02 8.261438535208684084e-03 2.649654913687544879e-03
1.280000000000000000e+02 7.329331025454987637e-03 2.276063251383683445e-03
1.290000000000000000e+02 6.485775800545360084e-03 1.949301387039762941e-03
1.300000000000000000e+02 5.724661768436715981e-03 1.664370302854554671e-03
1.310000000000000000e+02 5.040182160336370738e-03 1.416683101678877952e-03
1.320000000000000000e+02 4.426672730290486489e-03 1.202084559605206757e-03
1.330000000000000000e+02 3.878514596800005688e-03 1.016819153583393585e-03
1.340000000000000000e+02 3.390142923103064976e-03 8.574742471435972506e-04
1.350000000000000000e+02 2.956142291943909730e-03 7.209291284472218618e-04
1.360000000000000000e+02 2.571372744034512541e-03 6.043278178815349481e-04
1.370000000000000000e+02 2.231068183880556728e-03 5.050752328410695706e-04
1.380000000000000000e+02 1.930873674296569153e-03 4.208435299526813570e-04
1.390000000000000000e+02 1.666822013724293065e-03 3.495733289796271182e-04
1.400000000000000000e+02 1.435275293150870294e-03 2.894611345130870014e-04
1.410000000000000000e+02 1.232864569893257550e-03 2.389336780525979395e-04
1.420000000000000000e+02 1.056451602640227352e-03 1.966164056719066464e-04
1.430000000000000000e+02 9.031193196987414087e-04 1.613043916001033365e-04
1.440000000000000000e+02 7.701823487300748800e-04 1.319406020090438392e-04
1.450000000000000000e+02 6.552019101480678100e-04 1.076016803737252431e-04
1.460000000000000000e+02 5.559914679270437209e-04 8.748809611353051865e-05
1.470000000000000000e+02 4.706071904660556900e-04 7.091482040297574386e-05
1.480000000000000000e+02 3.973254782648543370e-04 5.730017137802850520e-05
1.490000000000000000e+02 3.346147468909821182e-04 4.615267508211314359e-05
1.500000000000000000e+02 2.811090564505999809e-04 3.705737071151517692e-05
1.510000000000000000e+02 2.355881937911292025e-04 2.966334394610607329e-05
1.520000000000000000e+02 1.969647774678417269e-04 2.367361052789678806e-05
1.530000000000000000e+02 1.642759762501354141e-04 1.883744808215389994e-05
1.540000000000000000e+02 1.366764861150917469e-04 1.494450861197201162e-05
1.550000000000000000e+02 1.134302539302351999e-04 1.181982527303157356e-05
1.560000000000000000e+02 9.390011248497357106e-05 9.319078656039885862e-06
1.570000000000000000e+02 7.753599313407867329e-05 7.323928625109975640e-06
1.580000000000000000e+02 6.386310643354034782e-05 5.737568881508617036e-06
1.590000000000000000e+02 5.247136161722176214e-05 4.480783400542313133e-06
