0.000000000000000000e+00 -2.367948744053166109e-08 1.517742322329894023e-19
1.000000000000000000e+00 3.913835037137946676e-08 -7.174436844574646652e-17
2.000000000000000000e+00 5.371989933101888579e-08 5.689442168705792447e-15
3.000000000000000000e+00 7.941180792102938620e-08 3.546459751166519367e-20
4.000000000000000000e+00 1.170087153693692151e-07 1.875940489335666793e-19
5.000000000000000000e+00 1.714655775197044324e-07 4.266052431392823360e-19
6.000000000000000000e+00 2.498604221770797923e-07 1.243785248654860767e-18
7.000000000000000000e+00 3.620574233278352315e-07 1.807316200352446096e-14
8.000000000000000000e+00 5.217025530013362635e-07 1.332255341872647035e-17
9.000000000000000000e+00 7.475545278981096205e-07 4.539262312327080953e-17
1.000000000000000000e+01 1.065237548427825569e-06 1.264002881043088592e-16
1.100000000000000000e+01 1.509530059789230566e-06 3.919072853960817731e-16
1.200000000000000000e+01 2.127333801334326500e-06 1.186540430408233813e-15
1.300000000000000000e+01 2.981501574481088193e-06 6.001874634333152798e-15
1.400000000000000000e+01 4.155737132732499157e-06 9.997936441301488714e-15
1.500000000000000000e+01 5.760814440972282696e-06 2.805389102026328804e-14
1.600000000000000000e+01 7.942400166328321341e-06 7.752098325460232054e-14
1.700000000000000000e+01 1.089081286580645198e-05 2.106287170801084384e-13
1.800000000000000000e+01 1.485311321881648176e-05 5.599268898390913183e-13
1.900000000000000000e+01 2.014797978430100966e-05 1.460070324216225411e-12
2.000000000000000000e+01 2.718386461844168626e-05 3.735545529351042333e-12
2.100000000000000000e+01 3.648093972812678569e-05 9.366368664529306121e-12
2.200000000000000000e+01 4.869736192225304980e-05 2.302826865119332517e-11
2.300000000000000000e+01 6.466042186128686435e-05 5.552479737725472668e-11
2.400000000000000000e+01 8.540319093405743256e-05 1.312840503375379602e-10
2.500000000000000000e+01 1.122072797423579588e-04 3.044325082587223751e-10
2.600000000000000000e+01 1.466522261250669586e-04 6.924211069922772585e-10
2.700000000000000000e+01 1.906718565700423309e-04 1.544829176314418816e-09
2.800000000000000000e+01 2.466177980235311276e-04 3.381151961082949921e-09
2.900000000000000000e+01 3.173302132910027517e-04 7.260439104890979506e-09
3.000000000000000000e+01 4.062157186133906624e-04 1.529740931328841273e-08
3.100000000000000000e+01 5.173321561975284489e-04 3.162817531483339484e-08
3.200000000000000000e+01 6.554793575359670228e-04 6.417650583128537119e-08
3.300000000000000000e+01 8.262943827143106419e-04 1.278115074515385122e-07
3.400000000000000000e+01 1.036349221249060083e-03 2.498637024105291003e-07
3.500000000000000000e+01 1.293248670023656663e-03 4.795393866246243969e-07
3.600000000000000000e+01 1.605725807773201097e-03 9.036142904826301360e-07
3.700000000000000000e+01 1.983731786393076822e-03 1.671978846453772454e-06
3.800000000000000000e+01 2.438515534094882076e-03 3.038224507241741557e-06
3.900000000000000000e+01 2.982687931431598442e-03 5.422558283066039715e-06
4.000000000000000000e+01 3.630264678213746248e-03 9.506905664840360645e-06
4.100000000000000000e+01 4.396682391757538583e-03 1.637500722860436424e-05
4.200000000000000000e+01 5.298782683228796600e-03 2.771337623564046866e-05
4.300000000000000000e+01 6.354758308587648771e-03 4.609170583069863332e-05
4.400000000000000000e+01 7.584054307898484282e-03 7.534299541105102835e-05
4.500000000000000000e+01 9.007216707399423941e-03 1.210633494313575770e-04
4.600000000000000000e+01 1.064568293357908563e-02 1.912479330469117806e-04
4.700000000000000000e+01 1.252151092281552323e-02 2.970716980105876865e-04
4.800000000000000000e+01 1.465704591271089693e-02 4.538100703871966344e-04
4.900000000000000000e+01 1.707452373918423583e-02 6.818750805880807774e-04
5.000000000000000000e+01 1.979560854698929340e-02 1.007916429099132288e-03
5.100000000000000000e+01 2.284086448091728061e-02 1.465905793253239123e-03
5.200000000000000000e+01 2.622916683062043175e-02 2.098088760804388796e-03
5.300000000000000000e+01 2.997706540852034321e-02 2.955656117976192265e-03
5.400000000000000000e+01 3.409811612336710596e-02 4.098960107718517716e-03
5.500000000000000000e+01 3.860219361860890708e-02 5.597087891562720942e-03
5.600000000000000000e+01 4.349479381343192980e-02 7.526610153862581948e-03
5.700000000000000000e+01 4.877633897035266175e-02 9.969352881768747329e-03
5.800000000000000000e+01 5.444151121228069101e-02 1.300909792112148883e-02
5.900000000000000000e+01 6.047865230504054224e-02 1.672720288787071449e-02
6.000000000000000000e+01 6.686926366739069649e-02 2.119723913921435499e-02
6.100000000000000000e+01 7.358762117435997674e-02 2.647886901187666495e-02
6.200000000000000000e+01 8.060050491961678887e-02 3.261130798394040742e-02
6.300000000000000000e+01 8.786705569184292963e-02 3.960682861853721121e-02
6.400000000000000000e+01 9.533880002097504247e-02 4.744484481661181974e-02
6.500000000000000000e+01 1.029598970373554745e-01 5.606715250492701891e-02
6.600000000000000000e+01 1.106676257591185791e-01 6.537488568248704668e-02
6.700000000000000000e+01 1.183930749009186323e-01 7.522766937959017575e-02
6.800000000000000000e+01 1.260619803541556949e-01 8.544531552858490586e-02
6.900000000000000000e+01 1.335957060954440778e-01 9.581222352230779615e-02
7.000000000000000000e+01 1.409124274699373180e-01 1.060844300478209906e-01
7.100000000000000000e+01 1.479285616978465445e-01 1.159990235073761755e-01
7.200000000000000000e+01 1.545603856187532377e-01 1.252854206654704927e-01
7.300000000000000000e+01 1.607256893972467127e-01 1.336778200616879908e-01
7.400000000000000000e+01 1.663453528309691565e-01 1.409280181929333520e-01
7.500000000000000000e+01 1.713448740218270205e-01 1.468177153021106573e-01
7.600000000000000000e+01 1.756559618309761206e-01 1.511694550569364914e-01
7.700000000000000000e+01 1.792182010853234919e-01 1.538554356086418995e-01
7.800000000000000000e+01 1.819806054202645074e-01 1.548035899229256718e-01
7.900000000000000000e+01 1.839028185092004553e-01 1.540005451711284890e-01
8.000000000000000000e+01 1.849559071570462399e-01 1.514913134585678944e-01
8.100000000000000000e+01 1.851229226174092579e-01 1.473758157661604062e-01
8.200000000000000000e+01 1.843994122852359030e-01 1.418025740072197394e-01
8.300000000000000000e+01 1.827938143677619309e-01 1.349601013007114270e-01
8.400000000000000000e+01 1.803274526255310983e-01 1.270666615217048712e-01
8.500000000000000000e+01 1.770339472560082394e-01 1.183591458418456754e-01
8.600000000000000000e+01 1.729581910752167884e-01 1.090818233933157355e-01
8.700000000000000000e+01 1.681552325799930137e-01 9.947566958438161522e-02
8.800000000000000000e+01 1.626892292112063765e-01 8.976886929322630548e-02
8.900000000000000000e+01 1.566322904268925009e-01 8.016894796109030885e-02
9.000000000000000000e+01 1.500629329063528083e-01 7.085681870510585068e-02
9.100000000000000000e+01 1.430641469687602696e-01 6.198286538680304603e-02
9.200000000000000000e+01 1.357214073811524868e-01 5.366502570866799049e-02
9.300000000000000000e+01 1.281209653803097870e-01 4.598870714566531681e-02
9.400000000000000000e+01 1.203484327335953008e-01 3.900826987037197408e-02
9.500000000000000000e+01 1.124873953007889671e-01 3.274974829741455346e-02
9.600000000000000000e+01 1.046178791932003138e-01 2.721445579634561296e-02
9.700000000000000000e+01 9.681481556938340005e-02 2.238312149384994246e-02
9.800000000000000000e+01 8.914682397039265516e-02 1.822023761678541812e-02
9.900000000000000000e+01 8.167546752730402149e-02 1.467834309464168679e-02
1.000000000000000000e+02 7.445483265543974272e-02 1.170202662487695305e-02
1.010000000000000000e+02 6.753118725975017222e-02 9.231493300480004063e-03
1.020000000000000000e+02 6.094265221961149559e-02 7.205597647623213087e-03
1.030000000000000000e+02 5.471904276697091285e-02 5.564298468484650886e-03
1.040000000000000000e+02 4.888204752762189548e-02 4.250534693306468048e-03
1.050000000000000000e+02 4.344572565495783550e-02 3.211555339971997221e-03
1.060000000000000000e+02 3.841714144759621197e-02 2.399760585297036446e-03
1.070000000000000000e+02 3.379698338307417921e-02 1.773125601416603112e-03
1.080000000000000000e+02 2.958016730740428354e-02 1.295285452705889238e-03
1.090000000000000000e+02 2.575651940049494826e-02 9.353595044368915364e-04
1.100000000000000000e+02 2.231158599125243613e-02 6.675890609095525832e-04
1.110000000000000000e+02 1.922750426269505958e-02 4.708538602465698599e-04
1.120000000000000000e+02 1.648382080130303406e-02 3.281229796226528810e-04
1.130000000000000000e+02 1.405819992551104319e-02 2.258848101577779486e-04
1.140000000000000000e+02 1.192704629575396490e-02 1.535899692536983889e-04
1.150000000000000000e+02 1.006609160696280390e-02 1.031310134428257497e-04
1.160000000000000000e+02 8.450955342838059603e-03 6.837405284812681427e-05
1.170000000000000000e+02 7.057642922511384379e-03 4.475010178752349534e-05
1.180000000000000000e+02 5.862941450188869676e-03 2.890831036224818145e-05
1.190000000000000000e+02 4.844708514135174192e-03 1.842905594845794598e-05
1.200000000000000000e+02 3.982081606912771070e-03 1.159208171920679019e-05
1.210000000000000000e+02 3.255636730261027550e-03 7.193241975532137776e-06
1.220000000000000000e+02 2.647503553919693803e-03 4.402713953108711922e-06
1.230000000000000000e+02 2.141428482392617079e-03 2.657524842439470423e-06
1.240000000000000000e+02 1.722780639046795226e-03 1.581701924471591972e-06
1.250000000000000000e+02 1.378510415545339566e-03 9.280956118196645911e-07
1.260000000000000000e+02 1.097078835812446843e-03 5.368004303334448567e-07
1.270000000000000000e+02 8.683718918562483013e-04 3.059971286429216426e-07
1.280000000000000000e+02 6.836043787458519379e-04 1.718856176721692373e-07
1.290000000000000000e+02 5.352127400750580650e-04 9.512919103420990947e-08
1.300000000000000000e+02 4.167386340767562092e-04 5.186514523699333829e-08
1.310000000000000000e+02 3.227092324505258041e-04 2.785232535062434981e-08
1.320000000000000000e+02 2.485211563609750316e-04 1.473021264953154380e-08
1.330000000000000000e+02 1.903319648747720037e-04 7.671088607707958250e-09
1.340000000000000000e+02 1.449596675867009050e-04 3.933192894929718510e-09
1.350000000000000000e+02 1.097896114633681948e-04 1.985247723995303991e-09
1.360000000000000000e+02 8.268898357719242198e-05 9.862963980033889564e-10
1.370000000000000000e+02 6.193004676496795431e-05 4.822437955696009450e-10
1.380000000000000000e+02 4.612288817907694675e-05 2.320259772448252179e-10
1.390000000000000000e+02 3.415739124623929604e-05 1.098405617555360048e-10
1.400000000000000000e+02 2.515340822141000173e-05 5.115541096175582278e-11
1.410000000000000000e+02 1.841811336451727930e-05 2.343531210680892129e-11
1.420000000000000000e+02 1.340985351386798046e-05 1.055963653936938380e-11
1.430000000000000000e+02 9.707974366223281727e-06 4.679248258749512702e-12
1.440000000000000000e+02 6.987994420919216599e-06 2.038933270462507969e-12
1.450000000000000000e+02 5.001355330052577498e-06 8.735378647134426347e-13
1.460000000000000000e+02 3.558983863385996461e-06 3.679300679069099615e-13
1.470000000000000000e+02 2.518030887539417042e-06 1.523378386304669585e-13
1.480000000000000000e+02 1.771281543702064266e-06 6.199611375929569872e-14
1.490000000000000000e+02 1.238796002930138954e-06 2.479655946246923251e-14
1.500000000000000000e+02 8.613714052636548381e-07 9.746440275275994639e-15
1.510000000000000000e+02 5.954599044078841453e-07 3.764319102035564614e-15
1.520000000000000000e+02 4.092425633294866681e-07 1.428473734830745984e-15
1.530000000000000000e+02 2.796218051985434059e-07 5.325512267140806799e-16
1.540000000000000000e+02 1.899403046296666209e-07 1.950422680557105956e-16
1.550000000000000000e+02 1.282655394384343522e-07 7.016418119907559133e-17
1.560000000000000000e+02 8.610745224407306309e-08 2.479179688799445720e-17
1.570000000000000000e+02 5.746525746007819875e-08 8.605243411004913324e-18
1.580000000000000000e+02 3.812455138309265810e-08 2.931638144804913025e-18
1.590000000000000000e+02 2.514421619098933907e-08 9.830989467254303744e-19
