0.000000000000000000e+00 -3.530045151227548911e-07 -7.362507557041043208e-07
1.000000000000000000e+00 3.975566709597096755e-07 8.338144408444040075e-07
2.000000000000000000e+00 4.947970826263950654e-07 9.868427713945346665e-07
3.000000000000000000e+00 6.871850399235991187e-07 1.327840683109491820e-06
4.000000000000000000e+00 9.546535787262336588e-07 1.792504474515623174e-06
5.000000000000000000e+00 1.320608411650107764e-06 2.411500661509691783e-06
6.000000000000000000e+00 1.818455524468891666e-06 3.231021092182495711e-06
7.000000000000000000e+00 2.492404894193247413e-06 4.311059649723617450e-06
8.000000000000000000e+00 3.400342073454180253e-06 5.728226561632195489e-06
9.000000000000000000e+00 4.617613418401614556e-06 7.579716282598244143e-06
1.000000000000000000e+01 6.241775665914474799e-06 9.988191389902256460e-06
1.100000000000000000e+01 8.398479398564063963e-06 1.310768003873534032e-05
1.200000000000000000e+01 1.124868306978330883e-05 1.713065009865383085e-05
1.300000000000000000e+01 1.499742717316964034e-05 2.229644009348972835e-05
1.400000000000000000e+01 1.990444811497979626e-05 2.890122336308758119e-05
1.500000000000000000e+01 2.629696463123617659e-05 3.730967644397604007e-05
1.600000000000000000e+01 3.458499456014230388e-05 4.796853310749870996e-05
1.700000000000000000e+01 4.527954064986528172e-05 6.142223306252855473e-05
1.800000000000000000e+01 5.901394591808695384e-05 7.833089971445979867e-05
1.900000000000000000e+01 7.656871365614801445e-05 9.949086952333313497e-05
2.000000000000000000e+01 9.890014283903993120e-05 1.258579307203384705e-04
2.100000000000000000e+01 1.271731987363976019e-04 1.585733358839027643e-04
2.200000000000000000e+01 1.627990180196782358e-04 1.989925812425030163e-04
2.300000000000000000e+01 2.074772728148263320e-04 2.487169277555880743e-04
2.400000000000000000e+01 2.632433482891579041e-04 3.096276419377440455e-04
2.500000000000000000e+01 3.325200923545952114e-04 3.839228837641837705e-04
2.600000000000000000e+01 4.181738881462675043e-04 4.741570015054417204e-04
2.700000000000000000e+01 5.235748918943682138e-04 5.832817339547801457e-04
2.800000000000000000e+01 6.526611915931741781e-04 7.146885707062504856e-04
2.900000000000000000e+01 8.100061557449999552e-04 8.722513668339903700e-04
3.000000000000000000e+01 1.000887463435363653e-03 1.060368237452417872e-03
3.100000000000000000e+01 1.231355659889614906e-03 1.284001666256538981e-03
3.200000000000000000e+01 1.508299958353253581e-03 1.548715567463444711e-03
3.300000000000000000e+01 1.839509333938049761e-03 1.860707774815568549e-03
3.400000000000000000e+01 2.233727145655011945e-03 2.226836188900552585e-03
3.500000000000000000e+01 2.700696961646950264e-03 2.654636605692196633e-03
3.600000000000000000e+01 3.251195935931295699e-03 3.152329967217888836e-03
3.700000000000000000e+01 3.897050767094227541e-03 3.728816390800816435e-03
3.800000000000000000e+01 4.651130966257680487e-03 4.393653131601510040e-03
3.900000000000000000e+01 5.527315238324942773e-03 5.157014089084338559e-03
4.000000000000000000e+01 6.540428493443649696e-03 6.029629617634093067e-03
4.100000000000000000e+01 7.706147932888028976e-03 7.022706351310793911e-03
4.200000000000000000e+01 9.040875788081447623e-03 8.147826148240586847e-03
4.300000000000000000e+01 1.056157403744706520e-02 9.416820857399822373e-03
4.400000000000000000e+01 1.228555476495626908e-02 1.084161750785594611e-02
4.500000000000000000e+01 1.423022118959395808e-02 1.243405011227201318e-02
4.600000000000000000e+01 1.641275964104590979e-02 1.420564073893494823e-02
4.700000000000000000e+01 1.884978946049418319e-02 1.616735983495256115e-02
4.800000000000000000e+01 2.155698091149727685e-02 1.832937655951474495e-02
4.900000000000000000e+01 2.454864691935927309e-02 2.070080037302375608e-02
5.000000000000000000e+01 2.783730532186684883e-02 2.328940189790185133e-02
5.100000000000000000e+01 3.143320388758508860e-02 2.610129869682509957e-02
5.200000000000000000e+01 3.534381010327888872e-02 2.914060947418802699e-02
5.300000000000000000e+01 3.957328962138212392e-02 3.240910875845155054e-02
5.400000000000000000e+01 4.412201389427376774e-02 3.590592693331425694e-02
5.500000000000000000e+01 4.898612889269951531e-02 3.962731699478128089e-02
5.600000000000000000e+01 5.415718290346382274e-02 4.356646114708921658e-02
5.700000000000000000e+01 5.962178173521680280e-02 4.771326148227204161e-02
5.800000000000000000e+01 6.536125138548604108e-02 5.205408959060082302e-02
5.900000000000000000e+01 7.135134501231210624e-02 5.657154911781029499e-02
6.000000000000000000e+01 7.756208454921378892e-02 6.124436395584314380e-02
6.100000000000000000e+01 8.395781348778473541e-02 6.604747133984037455e-02
6.200000000000000000e+01 9.049744615705000716e-02 7.095227784801427795e-02
6.300000000000000000e+01 9.713480585157073521e-02 7.592692813199451718e-02
6.400000000000000000e+01 1.038189522481419852e-01 8.093645956168023237e-02
6.500000000000000000e+01 1.104945269598916618e-01 8.594288300180870366e-02
6.600000000000000000e+01 1.171022814132099132e-01 9.090540199376967445e-02
6.700000000000000000e+01 1.235799382328703344e-01 9.578097724733121432e-02
6.800000000000000000e+01 1.298633454557382438e-01 1.005252181901410968e-01
6.900000000000000000e+01 1.358876758915617267e-01 1.050933174723823471e-01
7.000000000000000000e+01 1.415884242193589382e-01 1.094407024314397597e-01
7.100000000000000000e+01 1.469022054400321298e-01 1.135233496960827010e-01
7.200000000000000000e+01 1.517676338969455307e-01 1.172980777347414072e-01
7.300000000000000000e+01 1.561265612002258329e-01 1.207232362086939348e-01
7.400000000000000000e+01 1.599256192982241032e-01 1.237598943100610138e-01
7.500000000000000000e+01 1.631176520951945486e-01 1.263731413927522695e-01
7.600000000000000000e+01 1.656626131595277940e-01 1.285329188713703052e-01
7.700000000000000000e+01 1.675279206692981138e-01 1.302141423158825750e-01
7.800000000000000000e+01 1.686887114615219785e-01 1.313964798028256220e-01
7.900000000000000000e+01 1.691284497989689328e-01 1.320644553901039464e-01
8.000000000000000000e+01 1.688398600883912470e-01 1.322082104908340883e-01
8.100000000000000000e+01 1.678256319378429728e-01 1.318245489979204266e-01
8.200000000000000000e+01 1.660983417337749402e-01 1.309174794811366616e-01
8.300000000000000000e+01 1.636796014940458954e-01 1.294977826901708429e-01
8.400000000000000000e+01 1.605990392764221897e-01 1.275819228116858717e-01
8.500000000000000000e+01 1.568937262016276701e-01 1.251911490283273698e-01
8.600000000000000000e+01 1.526080573075773716e-01 1.223513765877292658e-01
8.700000000000000000e+01 1.477934732920523908e-01 1.190936122051091534e-01
8.800000000000000000e+01 1.425074188211528370e-01 1.154540761388519743e-01
8.900000000000000000e+01 1.368115785775465554e-01 1.114733687647553873e-01
9.000000000000000000e+01 1.307700670478419980e-01 1.071948587635375011e-01
9.100000000000000000e+01 1.244482306271734451e-01 1.026631461394759831e-01
9.200000000000000000e+01 1.179120755458503700e-01 9.792333547112801184e-02
9.300000000000000000e+01 1.112277227687426401e-01 9.302106634613618863e-02
9.400000000000000000e+01 1.044603225160378041e-01 8.800254891411321556e-02
9.500000000000000000e+01 9.767247821573352140e-02 8.291389801642978785e-02
9.600000000000000000e+01 9.092278850314675087e-02 7.779977544382059296e-02
9.700000000000000000e+01 8.426506303786919505e-02 7.270203163218789955e-02
9.800000000000000000e+01 7.774819152153708557e-02 6.765904935366738593e-02
9.900000000000000000e+01 7.141614600682094638e-02 6.270586374030744092e-02
1.000000000000000000e+02 6.530765215197881224e-02 5.787449270207925545e-02
1.010000000000000000e+02 5.945556611413167075e-02 5.319385109377314236e-02
1.020000000000000000e+02 5.388640486837889543e-02 4.868914338978574952e-02
1.030000000000000000e+02 4.862040697518377197e-02 4.438119451125465548e-02
1.040000000000000000e+02 4.367206904713558102e-02 4.028626099668792399e-02
1.050000000000000000e+02 3.905076727409900750e-02 3.641644012432496830e-02
1.060000000000000000e+02 3.476114030502885921e-02 3.278030837089409427e-02
1.070000000000000000e+02 3.080325812268753030e-02 2.938332278428832517e-02
1.080000000000000000e+02 2.717285798674340738e-02 2.622784750238834131e-02
1.090000000000000000e+02 2.386186413809056675e-02 2.331306581208598266e-02
1.100000000000000000e+02 2.085913560352741641e-02 2.063513491634148822e-02
1.110000000000000000e+02 1.815119808111475067e-02 1.818769279930567903e-02
1.120000000000000000e+02 1.572277458309500817e-02 1.596251028540351946e-02
1.130000000000000000e+02 1.355713704398917724e-02 1.394999228019650622e-02
1.140000000000000000e+02 1.163643813083376638e-02 1.213941390149632024e-02
1.150000000000000000e+02 9.942137779658055327e-03 1.051902260543716508e-02
1.160000000000000000e+02 8.455492393629885847e-03 9.076217846326964378e-03
1.170000000000000000e+02 7.157983944613087977e-03 7.797894457953247031e-03
1.180000000000000000e+02 6.031604152738462808e-03 6.670854475702085729e-03
1.190000000000000000e+02 5.059014052537030848e-03 5.682126013114270971e-03
1.200000000000000000e+02 4.223662355274097890e-03 4.819113769936410503e-03
1.210000000000000000e+02 3.509921165260838048e-03 4.069639385167706652e-03
1.220000000000000000e+02 2.903229199442392949e-03 3.421986039378519234e-03
1.230000000000000000e+02 2.390193272888688301e-03 2.865008700580360702e-03
1.240000000000000000e+02 1.958616623837708751e-03 2.388278718619965806e-03
1.250000000000000000e+02 1.597467375955756094e-03 1.982187580491649812e-03
1.260000000000000000e+02 1.296825708189566165e-03 1.637966311706572911e-03
1.270000000000000000e+02 1.047837278277428258e-03 1.347640270450008084e-03
1.280000000000000000e+02 8.426726337291399506e-04 1.103973323449551928e-03
1.290000000000000000e+02 6.744762808981028717e-04 9.004389382088129811e-04
1.300000000000000000e+02 5.372948147585293165e-04 7.312146546568571489e-04
1.310000000000000000e+02 4.259893014118983057e-04 5.911707223622895795e-04
1.320000000000000000e+02 3.361461300658813000e-04 4.758303859905559270e-04
1.330000000000000000e+02 2.639969238891730222e-04 3.813042076952323305e-04
1.340000000000000000e+02 2.063484727557194428e-04 3.042186216143003235e-04
1.350000000000000000e+02 1.605175910190831151e-04 2.416569935500340255e-04
1.360000000000000000e+02 1.242668072879192314e-04 1.911166439739704940e-04
1.370000000000000000e+02 9.574139194532525245e-05 1.504728400198361256e-04
1.380000000000000000e+02 7.341122604895354131e-05 1.179396401439085948e-04
1.390000000000000000e+02 5.602035812028403341e-05 9.202503520726028493e-05
1.400000000000000000e+02 4.254443745316823075e-05 7.148539612288262117e-05
1.410000000000000000e+02 3.215424952521294191e-05 5.528581046513658182e-05
1.420000000000000000e+02 2.418350511047197512e-05 4.256902470950635792e-05
1.430000000000000000e+02 1.810014442841927659e-05 3.263100977770370481e-05
1.440000000000000000e+02 1.348137153090664465e-05 2.489941522106947199e-05
1.450000000000000000e+02 9.992741895067395119e-06 1.891267849989707590e-05
1.460000000000000000e+02 7.371125814508382688e-06 1.430005843241345931e-05
1.470000000000000000e+02 5.410879484957759480e-06 1.076413213848023750e-05
1.480000000000000000e+02 3.952450734389244747e-06 8.066800792077910844e-06
1.490000000000000000e+02 2.872872472218419029e-06 6.018569395851384482e-06
1.500000000000000000e+02 2.077880468707505365e-06 4.470022841398655775e-06
1.510000000000000000e+02 1.495529298662889354e-06 3.304482624034344165e-06
1.520000000000000000e+02 1.071156546735998927e-06 2.431432602389816868e-06
1.530000000000000000e+02 7.634675385530709663e-07 1.780824576282467869e-06
1.540000000000000000e+02 5.414818891435736450e-07 1.298483981446400504e-06
1.550000000000000000e+02 3.821236565728274816e-07 9.426250804004901055e-07
1.560000000000000000e+02 2.683105615509261855e-07 6.812415123882275555e-07
1.570000000000000000e+02 1.874562634861887150e-07 4.900617043705370735e-07
1.580000000000000000e+02 1.303230658981339082e-07 3.508510493609087102e-07
1.590000000000000000e+02 9.016162511702051320e-08 2.499838042597426540e-07
