0.000000000000000000e+00 4.016552312134572888e-08 -2.887590047322286292e-07
1.000000000000000000e+00 3.358060486249370157e-08 3.131636776785462130e-07
2.000000000000000000e+00 4.509871242242237826e-08 3.977246938241718665e-07
3.000000000000000000e+00 6.621743564601898554e-08 5.602941065349775011e-07
4.000000000000000000e+00 9.703802485096035398e-08 7.890014454054086413e-07
5.000000000000000000e+00 1.414763008266526649e-07 1.105943383973214392e-06
6.000000000000000000e+00 2.051584004395757534e-07 1.542529446884692387e-06
7.000000000000000000e+00 2.959125166856361946e-07 2.140763198131966906e-06
8.000000000000000000e+00 4.245450674206405576e-07 2.956243581941191010e-06
9.000000000000000000e+00 6.058698471629983476e-07 4.062099969921559807e-06
1.000000000000000000e+01 8.600552261535033674e-07 5.553973587586874934e-06
1.100000000000000000e+01 1.214392295470217077e-06 7.556253952788004715e-06
1.200000000000000000e+01 1.705610363753894294e-06 1.022979799826900117e-05
1.300000000000000000e+01 2.382869902381086016e-06 1.378138341454658450e-05
1.400000000000000000e+01 3.311563902168157542e-06 1.847520587233519621e-05
1.500000000000000000e+01 4.578091585687689659e-06 2.464681087610786131e-05
1.600000000000000000e+01 6.295848420353843591e-06 3.271990355676627566e-05
1.700000000000000000e+01 8.612762282183165916e-06 4.322645804546420412e-05
1.800000000000000000e+01 1.172072366141344656e-05 5.683047235498683343e-05
1.900000000000000000e+01 1.586719397627609426e-05 7.435567978389134327e-05
2.000000000000000000e+01 2.136923110866570784e-05 9.681760459597344261e-05
2.100000000000000000e+01 2.863027860781570388e-05 1.254604830818047373e-04
2.200000000000000000e+01 3.816030459725289778e-05 1.617995768783155573e-04
2.300000000000000000e+01 5.060001191187480350e-05 2.076691521926298705e-04
2.400000000000000000e+01 6.674963399750458170e-05 2.652759834212761996e-04
2.500000000000000000e+01 8.760239747172449847e-05 3.372579785115456487e-04
2.600000000000000000e+01 1.143825599805687546e-04 4.267476123643294361e-04
2.700000000000000000e+01 1.485883679958271237e-04 5.374400931907139661e-04
2.800000000000000000e+01 1.920409334681903702e-04 6.736660420188139492e-04
2.900000000000000000e+01 2.469399316955966516e-04 8.404676265793318375e-04
3.000000000000000000e+01 3.159257204896769207e-04 1.043675932571216849e-03
3.100000000000000000e+01 4.021459440084392011e-04 1.289986728598737243e-03
3.200000000000000000e+01 5.093246439191117343e-04 1.587032139253719389e-03
3.300000000000000000e+01 6.418337586641382044e-04 1.943446461576093034e-03
3.400000000000000000e+01 8.047685234059299021e-04 2.368924179864368741e-03
3.500000000000000000e+01 1.004026820083600948e-03 2.874266592885768579e-03
3.600000000000000000e+01 1.246388008324859215e-03 3.471411408100762153e-03
3.700000000000000000e+01 1.539583368483020106e-03 4.173439028178909868e-03
3.800000000000000000e+01 1.892352401143543869e-03 4.994550760068297741e-03
3.900000000000000000e+01 2.314485634313531628e-03 5.950016326976973954e-03
4.000000000000000000e+01 2.816857913502167441e-03 7.056088490954168235e-03
4.100000000000000000e+01 3.411450355185490727e-03 8.329880662077992701e-03
4.200000000000000000e+01 4.111348028056038308e-03 9.789201193301988110e-03
4.300000000000000000e+01 4.930696132136052137e-03 1.145233846912923140e-02
4.400000000000000000e+01 5.884607543939637288e-03 1.333779434227617793e-02
4.500000000000000000e+01 6.989030921828977977e-03 1.546396740856712318e-02
4.600000000000000000e+01 8.260592857066043765e-03 1.784878930682114520e-02
4.700000000000000000e+01 9.716411678452632067e-03 2.050931680634555249e-02
4.800000000000000000e+01 1.137385950552487375e-02 2.346128239558730941e-02
4.900000000000000000e+01 1.325024857921813966e-02 2.671860789597414049e-02
5.000000000000000000e+01 1.536244491488726605e-02 3.029288805704950099e-02
5.100000000000000000e+01 1.772644252142573790e-02 3.419285272868349129e-02
5.200000000000000000e+01 2.035693155259081510e-02 3.842381861179811064e-02
5.300000000000000000e+01 2.326685989996774701e-02 4.298714736113411206e-02
5.400000000000000000e+01 2.646695562515903599e-02 4.787973370169921333e-02
5.500000000000000000e+01 2.996518731227957796e-02 5.309354716200977153e-02
5.600000000000000000e+01 3.376618885226300576e-02 5.861523949304011522e-02
5.700000000000000000e+01 3.787071602910254547e-02 6.442581637097641312e-02
5.800000000000000000e+01 4.227518913284101371e-02 7.050037527554747774e-02
5.900000000000000000e+01 4.697131826434750024e-02 7.680793711331579399e-02
6.000000000000000000e+01 5.194576598967558245e-02 8.331142384811772439e-02
6.100000000000000000e+01 5.717982379235885676e-02 8.996782282382588536e-02
6.200000000000000000e+01 6.264914632915703774e-02 9.672852569528339606e-02
6.300000000000000000e+01 6.832363098498810128e-02 1.035397818952676213e-01
6.400000000000000000e+01 7.416750003316113782e-02 1.103432215758392010e-01
6.500000000000000000e+01 8.013956360543425528e-02 1.170764810193097444e-01
6.600000000000000000e+01 8.619359026659102752e-02 1.236740248984911777e-01
6.700000000000000000e+01 9.227873909665451624e-02 1.300682179957018125e-01
6.800000000000000000e+01 9.834008491515902617e-02 1.361905668649852630e-01
6.900000000000000000e+01 1.043193161651986833e-01 1.419729564530242405e-01
7.000000000000000000e+01 1.101556491594150589e-01 1.473487665945763803e-01
7.100000000000000000e+01 1.157869097259800334e-01 1.522539326541225979e-01
7.200000000000000000e+01 1.211506677576516117e-01 1.566281271992085444e-01
7.300000000000000000e+01 1.261853337190478874e-01 1.604161364003958146e-01
7.400000000000000000e+01 1.308312179149408172e-01 1.635692593516183679e-01
7.500000000000000000e+01 1.350316247759126842e-01 1.660464259624358785e-01
7.600000000000000000e+01 1.387340306011651259e-01 1.678148822641610804e-01
7.700000000000000000e+01 1.418912877085519719e-01 1.688506055459161881e-01
7.800000000000000000e+01 1.444627087857744407e-01 1.691387587331889542e-01
7.900000000000000000e+01 1.464149057158495582e-01 1.686742908743585623e-01
8.000000000000000000e+01 1.477223797944697825e-01 1.674624276792524569e-01
8.100000000000000000e+01 1.483679718316571750e-01 1.655186645609716956e-01
8.200000000000000000e+01 1.483432675793081579e-01 1.628681489434065099e-01
8.300000000000000000e+01 1.476489225648938697e-01 1.595447589426923218e-01
8.400000000000000000e+01 1.462947540043268435e-01 1.555903109036804177e-01
8.500000000000000000e+01 1.442994766665925965e-01 1.510540118036347024e-01
8.600000000000000000e+01 1.416901209359373581e-01 1.459918404214253229e-01
8.700000000000000000e+01 1.385013087008773736e-01 1.404654577629996515e-01
8.800000000000000000e+01 1.347745348578887337e-01 1.345406142364547197e-01
8.900000000000000000e+01 1.305574365724133101e-01 1.282854584230938011e-01
9.000000000000000000e+01 1.259029044712941525e-01 1.217692008860839364e-01
9.100000000000000000e+01 1.208679398169105190e-01 1.150611992355216051e-01
9.200000000000000000e+01 1.155123419731941825e-01 1.082301189320235002e-01
9.300000000000000000e+01 1.098974333965020839e-01 1.013428136052593603e-01
9.400000000000000000e+01 1.040849671059272674e-01 9.446295077750591074e-02
9.500000000000000000e+01 9.813618231464724118e-02 8.764976834303890574e-02
9.600000000000000000e+01 9.211086616152774909e-02 8.095731447875745279e-02
9.700000000000000000e+01 8.606634917931482720e-02 7.443415482563675578e-02
9.800000000000000000e+01 8.005652436971689989e-02 6.812321949186801728e-02
9.900000000000000000e+01 7.413105791098675845e-02 6.206151037651300162e-02
1.000000000000000000e+02 6.833487569691842900e-02 5.627970792298875313e-02
1.010000000000000000e+02 6.270785876851692198e-02 5.080195573014255339e-02
1.020000000000000000e+02 5.728461709806213775e-02 4.564603084707731517e-02
1.030000000000000000e+02 5.209428521003166279e-02 4.082383225776374525e-02
1.040000000000000000e+02 4.716040017639477194e-02 3.634193365127442316e-02
1.050000000000000000e+02 4.250095680148131133e-02 3.220201513784157199e-02
1.060000000000000000e+02 3.812866085485821371e-02 2.840120579922137539e-02
1.070000000000000000e+02 3.405130571040514836e-02 2.493250196783157804e-02
1.080000000000000000e+02 3.027217598160354337e-02 2.178536242808688100e-02
1.090000000000000000e+02 2.679044123908304320e-02 1.894641748585692079e-02
1.100000000000000000e+02 2.360157084698771487e-02 1.640013912026490328e-02
1.110000000000000000e+02 2.069781039683744536e-02 1.412937586135033438e-02
1.120000000000000000e+02 1.806871450345496483e-02 1.211577850916120518e-02
1.130000000000000000e+02 1.570168610058211497e-02 1.034020573530510488e-02
1.140000000000000000e+02 1.358247224964428609e-02 8.783158665955855676e-03
1.150000000000000000e+02 1.169560233401322966e-02 7.425212487000826429e-03
1.160000000000000000e+02 1.002478592274190158e-02 6.247376694907226177e-03
1.170000000000000000e+02 8.553288299968807643e-03 5.231348384204763738e-03
1.180000000000000000e+02 7.264280827517347744e-03 4.359679952809259428e-03
1.190000000000000000e+02 6.141147611126724325e-03 3.615907585780642978e-03
1.200000000000000000e+02 5.167733829878130500e-03 2.984666653658806304e-03
1.210000000000000000e+02 4.328536746585153958e-03 2.451785590034223031e-03
1.220000000000000000e+02 3.608851412652129206e-03 2.004336223895972734e-03
1.230000000000000000e+02 2.994882019141323869e-03 1.630632588708021699e-03
1.240000000000000000e+02 2.473822293222182733e-03 1.320191809835156039e-03
1.250000000000000000e+02 2.033903625709767952e-03 1.063678539915869801e-03
1.260000000000000000e+02 1.664411215932681647e-03 8.528455358643325865e-04
1.270000000000000000e+02 1.355672983775339227e-03 6.804698979380806138e-04
1.280000000000000000e+02 1.099028477200138069e-03 5.402795509724680166e-04
1.290000000000000000e+02 8.867840379326607549e-04 4.268690424833420077e-04
1.300000000000000000e+02 7.121580189134526801e-04 3.356102799873255543e-04
1.310000000000000000e+02 5.692182424945833570e-04 2.625656605877258820e-04
1.320000000000000000e+02 4.528137814415129415e-04 2.044077439685453891e-04
1.330000000000000000e+02 3.585036490485252452e-04 1.583453708072105959e-04
1.340000000000000000e+02 2.824851024035844355e-04 1.220545157757236789e-04
1.350000000000000000e+02 2.215237582917706021e-04 9.361328139964032421e-05
1.360000000000000000e+02 1.728869612746489627e-04 7.144205893938291327e-05
1.370000000000000000e+02 1.342812287911814592e-04 5.425022151010609230e-05
1.380000000000000000e+02 1.037942541569202709e-04 4.098979493737216412e-05
1.390000000000000000e+02 7.984178581947769574e-05 3.081549089460610817e-05
1.400000000000000000e+02 6.111959230950907954e-05 2.305011575059796072e-05
1.410000000000000000e+02 4.656059436815240761e-05 1.715463671082950912e-05
1.420000000000000000e+02 3.529708628255378547e-05 1.270255950814830977e-05
1.430000000000000000e+02 2.662780457794005349e-05 9.358377592874232102e-06
1.440000000000000000e+02 1.998947725324925402e-05 6.859720253817459039e-06
1.450000000000000000e+02 1.493243051819103507e-05 5.002681649300614752e-06
1.460000000000000000e+02 1.109983569715843520e-05 3.629796592071215867e-06
1.470000000000000000e+02 8.210209582901231199e-06 2.620218539609129279e-06
1.480000000000000000e+02 6.042801903734102068e-06 1.881756794374180723e-06
1.490000000000000000e+02 4.425506725523525613e-06 1.344488928405995246e-06
1.500000000000000000e+02 3.224938292994481712e-06 9.556889781419928464e-07
1.510000000000000000e+02 2.338334088979526378e-06 6.758320089503673824e-07
1.520000000000000000e+02 1.686989021692516339e-06 4.754657371685978876e-07
1.530000000000000000e+02 1.210970321888360052e-06 3.327753897006067275e-07
1.540000000000000000e+02 8.648997043002896512e-07 2.317002013007469406e-07
1.550000000000000000e+02 6.146156194768471737e-07 1.604861219634253996e-07
1.560000000000000000e+02 4.345504117708758365e-07 1.105811026563204108e-07
1.570000000000000000e+02 3.056807132151708934e-07 7.579804428007529766e-08
1.580000000000000000e+02 2.139345397731873558e-07 5.168582192810392936e-08
1.590000000000000000e+02 1.489616341703424581e-07 3.506056556021483525e-08
