0.000000000000000000e+00 -3.125928641934010228e-09 -2.874509328016697269e-06
1.000000000000000000e+00 8.993940052570267794e-09 2.769047066558285273e-06
2.000000000000000000e+00 1.303077881322473201e-08 3.204729501344023458e-06
3.000000000000000000e+00 2.003491319936349365e-08 4.246303340055967013e-06
4.000000000000000000e+00 3.065874695409333438e-08 5.642439262634540210e-06
5.000000000000000000e+00 4.663866842548702131e-08 7.471601606164181102e-06
6.000000000000000000e+00 7.052473371913580507e-08 9.854616872409125236e-06
7.000000000000000000e+00 1.060067288159420572e-07 1.294576497178269475e-05
8.000000000000000000e+00 1.583870077121392708e-07 1.693864355342420070e-05
9.000000000000000000e+00 2.352378201762147895e-07 2.207473153395277029e-05
1.000000000000000000e+01 3.473038720971178958e-07 2.865375372721840359e-05
1.100000000000000000e+01 5.097269015572471276e-07 3.704593659727783121e-05
1.200000000000000000e+01 7.436937471204669821e-07 4.770636290404058603e-05
1.300000000000000000e+01 1.078645499128266747e-06 6.119165335018148292e-05
1.400000000000000000e+01 1.555226619228770524e-06 7.817921849677680836e-05
1.500000000000000000e+01 2.229189559299051871e-06 9.948933622453787163e-05
1.600000000000000000e+01 3.176502141080471551e-06 1.261103039884077937e-04
1.700000000000000000e+01 4.499952700964114134e-06 1.592268705949991914e-04
1.800000000000000000e+01 6.337631787431653393e-06 2.002520635491655430e-04
1.900000000000000000e+01 8.873780645017493400e-06 2.508624186584352015e-04
2.000000000000000000e+01 1.235258686775535181e-05 3.130365318007537591e-04
2.100000000000000000e+01 1.709553950414557976e-05 3.890968169789437684e-04
2.200000000000000000e+01 2.352296697794939253e-05 4.817543431638309924e-04
2.300000000000000000e+01 3.218046757204350884e-05 5.941565385986636964e-04
2.400000000000000000e+01 4.377114166355297711e-05 7.299372846589716884e-04
2.500000000000000000e+01 5.919471955671228556e-05 8.932684636601699504e-04
2.600000000000000000e+01 7.959464786164442869e-05 1.088911548909246314e-03
2.700000000000000000e+01 1.064139273793704123e-04 1.322267620273046701e-03
2.800000000000000000e+01 1.414602609542248536e-04 1.599424417067009732e-03
2.900000000000000000e+01 1.869811808010063729e-04 1.927199459315873629e-03
3.000000000000000000e+01 2.457501459016840552e-04 2.313178248641320142e-03
3.100000000000000000e+01 3.211645142155141667e-04 2.765745543660312958e-03
3.200000000000000000e+01 4.173553444880835715e-04 3.294105925884554219e-03
3.300000000000000000e+01 5.393076233164294415e-04 3.908288610874164834e-03
3.400000000000000000e+01 6.929888544305992572e-04 4.619132251998303920e-03
3.500000000000000000e+01 8.854844236839025991e-04 5.438248510544639244e-03
3.600000000000000000e+01 1.125138578559317561e-03 6.377966233407603679e-03
3.700000000000000000e+01 1.421698438398423785e-03 7.451257718006266614e-03
3.800000000000000000e+01 1.786455125012219704e-03 8.671643277792042553e-03
3.900000000000000000e+01 2.232373385429587288e-03 1.005306352934002070e-02
4.000000000000000000e+01 2.774201534804998041e-03 1.160970762363060065e-02
4.100000000000000000e+01 3.428556231909848234e-03 1.335579483309448819e-02
4.200000000000000000e+01 4.213977153932051828e-03 1.530532226771282554e-02
4.300000000000000000e+01 5.150942259261820713e-03 1.747179990049152823e-02
4.400000000000000000e+01 6.261828344954400646e-03 1.986798375895758306e-02
4.500000000000000000e+01 7.570801026422767019e-03 2.250559254868857162e-02
4.600000000000000000e+01 9.103625393072614994e-03 2.539497423228668713e-02
4.700000000000000000e+01 1.088739648709247457e-02 2.854470194893894350e-02
4.800000000000000000e+01 1.295018801921558708e-02 3.196112425846948935e-02
4.900000000000000000e+01 1.532060875006037437e-02 3.564793900825333900e-02
5.000000000000000000e+01 1.802725118042095356e-02 3.960585639122042589e-02
5.100000000000000000e+01 2.109802763571716824e-02 4.383235121593971606e-02
5.200000000000000000e+01 2.455940880284954511e-02 4.832142423078217286e-02
5.300000000000000000e+01 2.843559013887800649e-02 5.306327779283024487e-02
5.400000000000000000e+01 3.274760192405149622e-02 5.804390132756827303e-02
5.500000000000000000e+01 3.751236328436496209e-02 6.324469858299305858e-02
5.600000000000000000e+01 4.274168474540251256e-02 6.864234487722629952e-02
5.700000000000000000e+01 4.844125298576318350e-02 7.420895460004220401e-02
5.800000000000000000e+01 5.460965851954183159e-02 7.991242793537600697e-02
5.900000000000000000e+01 6.123752121322174891e-02 8.571671626570666336e-02
6.000000000000000000e+01 6.830673464392188199e-02 9.158185034463377228e-02
6.100000000000000000e+01 7.578982976113012027e-02 9.746386743095013239e-02
6.200000000000000000e+01 8.364948200774757758e-02 1.033150041637413141e-01
6.300000000000000000e+01 9.183823116367764716e-02 1.090844436671975642e-01
6.400000000000000000e+01 1.002984918495301025e-01 1.147195239169278846e-01
6.500000000000000000e+01 1.089628807171952873e-01 1.201669392659331093e-01
6.600000000000000000e+01 1.177548220094758319e-01 1.253734641232904234e-01
6.700000000000000000e+01 1.265893884043896300e-01 1.302861658525678312e-01
6.800000000000000000e+01 1.353743953555154866e-01 1.348526032547514297e-01
6.900000000000000000e+01 1.440118143979720877e-01 1.390216316511272143e-01
7.000000000000000000e+01 1.523995258752683934e-01 1.427449741358799984e-01
7.100000000000000000e+01 1.604333210598847814e-01 1.459790266704720230e-01
7.200000000000000000e+01 1.680090048652689294e-01 1.486860639940751905e-01
7.300000000000000000e+01 1.750245153369739959e-01 1.508344283225272475e-01
7.400000000000000000e+01 1.813820907944308780e-01 1.523981019077276511e-01
7.500000000000000000e+01 1.869905314003144914e-01 1.533565724590493506e-01
7.600000000000000000e+01 1.917674766563759459e-01 1.536956106605773531e-01
7.700000000000000000e+01 1.956414893374514852e-01 1.534087020432614024e-01
7.800000000000000000e+01 1.985537655500860255e-01 1.524981687733696911e-01
7.900000000000000000e+01 2.004594679550421865e-01 1.509751201614124017e-01
8.000000000000000000e+01 2.013288068013290577e-01 1.488582244342167571e-01
8.100000000000000000e+01 2.011479163641519408e-01 1.461721757286938428e-01
8.200000000000000000e+01 1.999193813550854959e-01 1.429468801241663978e-01
8.300000000000000000e+01 1.976622034029313912e-01 1.392176722295768998e-01
8.400000000000000000e+01 1.944111686326591981e-01 1.350259102524654364e-01
8.500000000000000000e+01 1.902158077248924661e-01 1.304188988700245577e-01
8.600000000000000000e+01 1.851391694037745617e-01 1.254485792693050272e-01
8.700000000000000000e+01 1.792564286780348459e-01 1.201693813931756089e-01
8.800000000000000000e+01 1.726531704336758122e-01 1.146362619434944247e-01
8.900000000000000000e+01 1.654232570631796462e-01 1.089037546899751657e-01
9.000000000000000000e+01 1.576664369567190860e-01 1.030260261423083940e-01
9.100000000000000000e+01 1.494859910049546048e-01 9.705714921070569823e-02
9.200000000000000000e+01 1.409865858082377243e-01 9.105069412615426905e-02
9.300000000000000000e+01 1.322722617348218999e-01 8.505835057487540207e-02
9.400000000000000000e+01 1.234444120456757166e-01 7.912812520055453880e-02
9.500000000000000000e+01 1.145997751486313720e-01 7.330304204175637495e-02
9.600000000000000000e+01 1.058286523196113743e-01 6.762092274768252698e-02
9.700000000000000000e+01 9.721354790061463580e-02 6.211503767879097276e-02
9.800000000000000000e+01 8.882822988275300424e-02 5.681482837840735878e-02
9.900000000000000000e+01 8.073705498220251631e-02 5.174596395994414399e-02
1.000000000000000000e+02 7.299444948722381976e-02 4.692963662926777357e-02
1.010000000000000000e+02 6.564459821451272548e-02 4.238168989777132967e-02
1.020000000000000000e+02 5.872146518020743278e-02 3.811235083768275966e-02
1.030000000000000000e+02 5.224917462090648834e-02 3.412688117036193070e-02
1.040000000000000000e+02 4.624263966165019502e-02 3.042676717938309558e-02
1.050000000000000000e+02 4.070829351029588150e-02 2.701070963865130625e-02
1.060000000000000000e+02 3.564486832175461223e-02 2.387492548377081331e-02
1.070000000000000000e+02 3.104425964653352230e-02 2.101289041359537257e-02
1.080000000000000000e+02 2.689250950472954482e-02 1.841510554001230676e-02
1.090000000000000000e+02 2.317086351744471889e-02 1.606940414873929759e-02
1.100000000000000000e+02 1.985680652915327443e-02 1.396182761333964600e-02
1.110000000000000000e+02 1.692500894391330349e-02 1.207763105618362733e-02
1.120000000000000000e+02 1.434818119821761398e-02 1.040191138913128428e-02
1.130000000000000000e+02 1.209786505181148497e-02 8.919694928886379853e-03
1.140000000000000000e+02 1.014516812118473194e-02 7.615749275188312892e-03
1.150000000000000000e+02 8.461413018099798664e-03 6.474537511398308076e-03
1.160000000000000000e+02 7.018668556339871349e-03 5.480527086370605774e-03
1.170000000000000000e+02 5.790158241829638890e-03 4.618721103236939074e-03
1.180000000000000000e+02 4.750567927586043376e-03 3.875096598318243223e-03
1.190000000000000000e+02 3.876276376912948449e-03 3.236734439342475386e-03
1.200000000000000000e+02 3.145516785564708012e-03 2.691680138319642313e-03
1.210000000000000000e+02 2.538466496989036369e-03 2.228753057171783351e-03
1.220000000000000000e+02 2.037266791411394568e-03 1.837496278593434441e-03
1.230000000000000000e+02 1.625986145844583210e-03 1.508291196795329744e-03
1.240000000000000000e+02 1.290545289923461254e-03 1.232511982674595712e-03
1.250000000000000000e+02 1.018617488899073876e-03 1.002578669589634887e-03
1.260000000000000000e+02 7.995100186310284901e-04 8.118672026776963197e-04
1.270000000000000000e+02 6.240300889830841663e-04 6.545458121521448812e-04
1.280000000000000000e+02 4.843406610496799351e-04 5.254402141186555967e-04
1.290000000000000000e+02 3.738138624715085659e-04 4.199784782267929062e-04
1.300000000000000000e+02 2.868887134275192180e-04 3.341907996838019220e-04
1.310000000000000000e+02 2.189366664135591347e-04 2.647039264018916441e-04
1.320000000000000000e+02 1.661359715761159545e-04 2.086909340761214729e-04
1.330000000000000000e+02 1.253554170249233913e-04 1.637828232680548684e-04
1.340000000000000000e+02 9.404853224836890499e-05 1.279770880787050127e-04
1.350000000000000000e+02 7.015936188946593466e-05 9.957297727579035042e-05
1.360000000000000000e+02 5.204007624637895115e-05 7.713751513724165069e-05
1.370000000000000000e+02 3.837972172454607277e-05 5.948561293045561419e-05
1.380000000000000000e+02 2.814301166106319586e-05 4.565566785462312177e-05
1.390000000000000000e+02 2.051818214461908192e-05 3.487439637982720040e-05
1.400000000000000000e+02 1.487313197201119978e-05 2.651750176402519992e-05
1.410000000000000000e+02 1.071904789892597736e-05 2.007642281469743732e-05
1.420000000000000000e+02 7.680572032775966008e-06 1.513617550306387962e-05
1.430000000000000000e+02 5.471509547189879430e-06 1.136198042310057632e-05
1.440000000000000000e+02 3.875171157137325275e-06 8.489012245000767209e-06
1.450000000000000000e+02 2.728604023901486892e-06 6.311273583009293250e-06
1.460000000000000000e+02 1.910082547570323420e-06 4.669304999195948735e-06
1.470000000000000000e+02 1.329291067224109691e-06 3.438795493708458428e-06
1.480000000000000000e+02 9.196801429048203137e-07 2.521975654073517106e-06
1.490000000000000000e+02 6.325504061430312276e-07 1.842047884538212524e-06
1.500000000000000000e+02 4.325043665214627020e-07 1.339558621610111889e-06
1.510000000000000000e+02 2.939816659295756668e-07 9.694171968235050197e-07
1.520000000000000000e+02 1.986463173309538275e-07 6.979287725397705767e-07
1.530000000000000000e+02 1.334332408549934405e-07 4.999442719983037642e-07
1.540000000000000000e+02 8.909675683968154367e-08 3.565083100261886884e-07
1.550000000000000000e+02 5.913817135577532615e-08 2.532112185938888924e-07
1.560000000000000000e+02 3.901938865918036725e-08 1.791431985450111292e-07
1.570000000000000000e+02 2.559171052524462304e-08 1.261874202739545213e-07
1.580000000000000000e+02 1.668474964622225021e-08 8.843374870398448328e-08
1.590000000000000000e+02 1.081261776697907026e-08 6.163498927987053390e-08
