0.000000000000000000e+00 -4.884304839220783643e-06 -1.752763947077255073e-06
1.000000000000000000e+00 1.580883184336411378e-05 2.236793428860622533e-06
2.000000000000000000e+00 1.586490852368880553e-05 2.504132713438900563e-06
3.000000000000000000e+00 1.964057069999304973e-05 3.262381237973599053e-06
4.000000000000000000e+00 2.468718957230781898e-05 4.265853462946806709e-06
5.000000000000000000e+00 3.100518218123121341e-05 5.561038520448701903e-06
6.000000000000000000e+00 3.884207410505596591e-05 7.224302062375311491e-06
7.000000000000000000e+00 4.851868681164240828e-05 9.352200980038153502e-06
8.000000000000000000e+00 6.041446693093412482e-05 1.206455044339959582e-05
9.000000000000000000e+00 7.497726696623129104e-05 1.550922761916038062e-05
1.000000000000000000e+01 9.274196824409306893e-05 1.986793716981497573e-05
1.100000000000000000e+01 1.143524688364125829e-04 2.536297415487156147e-05
1.200000000000000000e+01 1.405808730304186139e-04 3.226510891340984291e-05
1.300000000000000000e+01 1.723387547975276915e-04 4.090273518028504000e-05
1.400000000000000000e+01 2.106802344926115623e-04 5.167242416240032843e-05
1.500000000000000000e+01 2.568035565565462931e-04 6.505101726545997414e-05
1.600000000000000000e+01 3.120626181714072325e-04 8.160936926643705977e-05
1.700000000000000000e+01 3.779981223332311594e-04 1.020278237323405345e-04
1.800000000000000000e+01 4.563885100803655951e-04 1.271134740783241650e-04
1.900000000000000000e+01 5.493076274203642162e-04 1.578192529908718376e-04
2.000000000000000000e+01 6.591675009424270790e-04 1.952649130337349406e-04
2.100000000000000000e+01 7.887284927059919331e-04 2.407599964144455313e-04
2.200000000000000000e+01 9.410769143056313141e-04 2.958288840076803584e-04
2.300000000000000000e+01 1.119593637439866623e-03 3.622378849619238453e-04
2.400000000000000000e+01 1.327951218600511348e-03 4.420240410303636312e-04
2.500000000000000000e+01 1.570168316209080445e-03 5.375249710449810222e-04
2.600000000000000000e+01 1.850717684538360445e-03 6.514088992788087760e-04
2.700000000000000000e+01 2.174643712094615888e-03 7.867042245780339529e-04
2.800000000000000000e+01 2.547623922679981626e-03 9.468285736124984649e-04
2.900000000000000000e+01 2.975927028304120939e-03 1.135617802027825887e-03
3.000000000000000000e+01 3.466276367519543784e-03 1.357355160780194690e-03
3.100000000000000000e+01 4.025692451136883912e-03 1.616799422594670122e-03
3.200000000000000000e+01 4.661418092356707857e-03 1.919208683977287073e-03
3.300000000000000000e+01 5.380993584460442430e-03 2.270355352573403141e-03
3.400000000000000000e+01 6.192455839929609726e-03 2.676529128265972904e-03
3.500000000000000000e+01 7.104536018112994449e-03 3.144528726183921756e-03
3.600000000000000000e+01 8.126693946407328312e-03 3.681647278748383881e-03
3.700000000000000000e+01 9.268895309770128904e-03 4.295656761059802112e-03
3.800000000000000000e+01 1.054118571419611870e-02 4.994790841990584714e-03
3.900000000000000000e+01 1.195325874566596433e-02 5.787715561286337421e-03
4.000000000000000000e+01 1.351425187183078087e-02 6.683470709057785959e-03
4.100000000000000000e+01 1.523288588630410632e-02 7.691369888574149140e-03
4.200000000000000000e+01 1.711784095222030830e-02 8.820865113361411186e-03
4.300000000000000000e+01 1.917807000010877255e-02 1.008140193433015516e-02
4.400000000000000000e+01 2.142272865565006748e-02 1.148229580216964842e-02
4.500000000000000000e+01 2.386059726946739706e-02 1.303263832403888343e-02
4.600000000000000000e+01 2.649918864869661717e-02 1.474120221883867474e-02
4.700000000000000000e+01 2.934397648456876090e-02 1.661628592739391660e-02
4.800000000000000000e+01 3.239816428316011354e-02 1.866545445414331816e-02
4.900000000000000000e+01 3.566311048376012705e-02 2.089519627206530908e-02
5.000000000000000000e+01 3.913909624142790367e-02 2.331058867644401206e-02
5.100000000000000000e+01 4.282584544608789012e-02 2.591508354467285391e-02
5.200000000000000000e+01 4.672229544846193128e-02 2.871045441422703445e-02
5.300000000000000000e+01 5.082556268800494242e-02 3.169681564009069197e-02
5.400000000000000000e+01 5.512959381651118956e-02 3.487253217190481452e-02
5.500000000000000000e+01 5.962427971411937005e-02 3.823388083097679219e-02
5.600000000000000000e+01 6.429560694689702427e-02 4.177450872376609753e-02
5.700000000000000000e+01 6.912680593269163176e-02 4.548494370152467159e-02
5.800000000000000000e+01 7.409979869106064765e-02 4.935246731963761901e-02
5.900000000000000000e+01 7.919599489212879317e-02 5.336146587530529034e-02
6.000000000000000000e+01 8.439584909506103738e-02 5.749402716022768145e-02
6.100000000000000000e+01 8.967739081462605677e-02 6.173031096470865675e-02
6.200000000000000000e+01 9.501467425752883889e-02 6.604832890607040263e-02
6.300000000000000000e+01 1.003772618988217485e-01 7.042322231076546257e-02
6.400000000000000000e+01 1.057312885324079993e-01 7.482662132928902254e-02
6.500000000000000000e+01 1.110416682086674822e-01 7.922678630407928302e-02
6.600000000000000000e+01 1.162742357447651559e-01 8.358978077593827438e-02
6.700000000000000000e+01 1.213965933148552223e-01 8.788115965283942177e-02
6.800000000000000000e+01 1.263772295832245318e-01 9.206715913662733008e-02
6.900000000000000000e+01 1.311836159944560765e-01 9.611462432624881536e-02
7.000000000000000000e+01 1.357807233325958596e-01 9.998984485579241743e-02
7.100000000000000000e+01 1.401312214613305573e-01 1.036574329318551979e-01
7.200000000000000000e+01 1.441975906064918156e-01 1.070805664107811889e-01
7.300000000000000000e+01 1.479451268161804389e-01 1.102230366008339207e-01
7.400000000000000000e+01 1.513441872007006694e-01 1.130521421877455357e-01
7.500000000000000000e+01 1.543704431936849530e-01 1.155406347619178653e-01
7.600000000000000000e+01 1.570031559460172699e-01 1.176664221840110491e-01
7.700000000000000000e+01 1.592227655307569545e-01 1.194103518890911458e-01
7.800000000000000000e+01 1.610095540922408253e-01 1.207539529474817991e-01
7.900000000000000000e+01 1.623444684410974836e-01 1.216792340078582946e-01
8.000000000000000000e+01 1.632117826424590856e-01 1.221711788811096211e-01
8.100000000000000000e+01 1.636020530407725215e-01 1.222214498771985874e-01
8.200000000000000000e+01 1.635135749293973872e-01 1.218306540774888591e-01
8.300000000000000000e+01 1.629514624267775491e-01 1.210073711930714918e-01
8.400000000000000000e+01 1.619249571923251363e-01 1.197644834089801463e-01
8.500000000000000000e+01 1.604446687501351887e-01 1.181154387092104296e-01
8.600000000000000000e+01 1.585214503923657592e-01 1.160732385394588617e-01
8.700000000000000000e+01 1.561675236156778168e-01 1.136529196099016203e-01
8.800000000000000000e+01 1.533989945627100837e-01 1.108755728739991703e-01
8.900000000000000000e+01 1.502380097266529380e-01 1.077706213163781707e-01
9.000000000000000000e+01 1.467130387539121728e-01 1.043742582018972742e-01
9.100000000000000000e+01 1.428569672445117178e-01 1.007247972715341194e-01
9.200000000000000000e+01 1.387040438919106000e-01 9.685803495546865816e-02
9.300000000000000000e+01 1.342873858166147849e-01 9.280573880883608018e-02
9.400000000000000000e+01 1.296383129826509384e-01 8.859801358180072195e-02
9.500000000000000000e+01 1.247875773576896524e-01 8.426736078455797363e-02
9.600000000000000000e+01 1.197673725865352201e-01 7.985099137905750377e-02
9.700000000000000000e+01 1.146125959381792125e-01 7.538932408951545816e-02
9.800000000000000000e+01 1.093603985560860775e-01 7.092152238843542345e-02
9.900000000000000000e+01 1.040481856221985857e-01 6.648113903588279139e-02
1.000000000000000000e+02 9.871117588792072128e-02 6.209478684836973461e-02
1.010000000000000000e+02 9.338082600567294833e-02 5.778443080907097462e-02
1.020000000000000000e+02 8.808480715216726598e-02 5.357123373805847827e-02
1.030000000000000000e+02 8.284823954310846505e-02 4.947789592123071067e-02
1.040000000000000000e+02 7.769518223306622062e-02 4.552776079394931646e-02
1.050000000000000000e+02 7.264934872987506564e-02 4.174148316311218632e-02
1.060000000000000000e+02 6.773361856651144430e-02 3.813381775811588992e-02
1.070000000000000000e+02 6.296870728729438149e-02 3.471283451835003447e-02
1.080000000000000000e+02 5.837183952306401746e-02 3.148194736193353493e-02
1.090000000000000000e+02 5.395618623515981843e-02 2.844310778027261954e-02
1.100000000000000000e+02 4.973129719633443552e-02 2.559886500231246115e-02
1.110000000000000000e+02 4.570416013832771795e-02 2.295207087131968110e-02
1.120000000000000000e+02 4.188021891315588108e-02 2.050384653729643569e-02
1.130000000000000000e+02 3.826382114543391832e-02 1.825160907984170119e-02
1.140000000000000000e+02 3.485799402072176784e-02 1.618870140976947161e-02
1.150000000000000000e+02 3.166386614722606352e-02 1.430583893024665529e-02
1.160000000000000000e+02 2.868021670351883143e-02 1.259327570434739391e-02
1.170000000000000000e+02 2.590348498192469179e-02 1.104223849875764045e-02
1.180000000000000000e+02 2.332825329131536091e-02 9.644899039490791026e-03
1.190000000000000000e+02 2.094794279662142919e-02 8.393281091027776294e-03
1.200000000000000000e+02 1.875538810844919191e-02 7.278167758788182777e-03
1.210000000000000000e+02 1.674308873626421251e-02 6.288885992507843407e-03
1.220000000000000000e+02 1.490315737309767623e-02 5.414074718553403033e-03
1.230000000000000000e+02 1.322714995752252015e-02 4.642831509457677475e-03
1.240000000000000000e+02 1.170598638344085007e-02 3.965468972555197605e-03
1.250000000000000000e+02 1.033006872683358418e-02 3.373511437017980875e-03
1.260000000000000000e+02 9.089561635748675400e-03 2.859140833758916540e-03
1.270000000000000000e+02 7.974708368187465382e-03 2.414621526125718554e-03
1.280000000000000000e+02 6.976057417886112784e-03 2.032127258862996902e-03
1.290000000000000000e+02 6.084546904085007084e-03 1.704021118297101723e-03
1.300000000000000000e+02 5.291479078800933634e-03 1.423313343775710858e-03
1.310000000000000000e+02 4.588463788005311267e-03 1.183955511755400633e-03
1.320000000000000000e+02 3.967400459542291639e-03 9.808107135270949760e-04
1.330000000000000000e+02 3.420522273643807325e-03 8.093878396353326775e-04
1.340000000000000000e+02 2.940479110128515431e-03 6.655593554311961145e-04
1.350000000000000000e+02 2.520414898972813626e-03 5.454354219971867994e-04
1.360000000000000000e+02 2.154005240200740010e-03 4.454178199014139413e-04
1.370000000000000000e+02 1.835448375085745607e-03 3.623308074993861054e-04
1.380000000000000000e+02 1.559426695873747121e-03 2.935014198072008777e-04
1.390000000000000000e+02 1.321064204085302092e-03 2.367286089471914328e-04
1.400000000000000000e+02 1.115897473636658782e-03 1.901699073302237999e-04
1.410000000000000000e+02 9.398627481984923870e-04 1.522204985682195353e-04
1.420000000000000000e+02 7.892902911339838914e-04 1.214441234886538574e-04
1.430000000000000000e+02 6.608945082600551149e-04 9.656570920225628291e-05
1.440000000000000000e+02 5.517534253979181590e-04 7.649422032996033437e-05
1.450000000000000000e+02 4.592785543646183679e-04 6.033563606174955967e-05
1.460000000000000000e+02 3.811810117685382059e-04 4.737593855711413416e-05
1.470000000000000000e+02 3.154400061600457828e-04 3.704080387094746667e-05
1.480000000000000000e+02 2.602767382286252972e-04 2.885278145291298650e-05
1.490000000000000000e+02 2.141331264496814865e-04 2.240302432964450918e-05
1.500000000000000000e+02 1.756527964882133471e-04 1.734116756467575670e-05
1.510000000000000000e+02 1.436620196080980443e-04 1.337551721374414699e-05
1.520000000000000000e+02 1.171498526990724426e-04 1.027294347327709834e-05
1.530000000000000000e+02 9.524825416320126161e-05 7.852640592876634917e-06
1.540000000000000000e+02 7.721354272257878611e-05 5.974625646201425712e-06
1.550000000000000000e+02 6.241017879785452677e-05 4.527577756678253010e-06
1.560000000000000000e+02 5.029701228485334739e-05 3.420067735109844121e-06
1.570000000000000000e+02 4.041547420067666241e-05 2.576267924702817449e-06
1.580000000000000000e+02 3.237901334833750034e-05 1.934586522805428486e-06
1.590000000000000000e+02 2.586332631556910878e-05 1.446885299713749350e-06
