0.000000000000000000e+00 -2.362581126105992044e-08 -2.704662758608279637e-08
1.000000000000000000e+00 2.883359049440154448e-08 9.788591104998966299e-08
2.000000000000000000e+00 3.999246544444887893e-08 1.277588509150837177e-07
3.000000000000000000e+00 6.018472993153752233e-08 1.848946501744030679e-07
4.000000000000000000e+00 9.026584562960924056e-08 2.674330485227153595e-07
5.000000000000000000e+00 1.346014135286877021e-07 3.848820726274827367e-07
6.000000000000000000e+00 1.995065364232360515e-07 5.509189350978287722e-07
7.000000000000000000e+00 2.939047443607433994e-07 7.843515142931871588e-07
8.000000000000000000e+00 4.303360220283378015e-07 1.110818600974762280e-06
9.000000000000000000e+00 6.263250708451430390e-07 1.564978703596235791e-06
1.000000000000000000e+01 9.061751151485346851e-07 2.193284564503502796e-06
1.100000000000000000e+01 1.303295347018255717e-06 3.057569432560237153e-06
1.200000000000000000e+01 1.863255992595498086e-06 4.239736351731434633e-06
1.300000000000000000e+01 2.647838556883488797e-06 5.847802341377677660e-06
1.400000000000000000e+01 3.740341215476270222e-06 8.023452649067473795e-06
1.500000000000000000e+01 5.252335643162868664e-06 1.095124574213383669e-05
1.600000000000000000e+01 7.332086728671170056e-06 1.486976358396807147e-05
1.700000000000000000e+01 1.017503256699126547e-05 2.008524657225901796e-05
1.800000000000000000e+01 1.403695454668368232e-05 2.698838389742089846e-05
1.900000000000000000e+01 1.925048381437648466e-05 3.607483552412625225e-05
2.000000000000000000e+01 2.624533836738227703e-05 4.796984378024462333e-05
2.100000000000000000e+01 3.557251035705855932e-05 6.345715189457681730e-05
2.200000000000000000e+01 4.793289621528011053e-05 8.351245552249866421e-05
2.300000000000000000e+01 6.421136794773267900e-05 1.093417033188395782e-04
2.400000000000000000e+01 8.551726879576047196e-05 1.424247283855917950e-04
2.500000000000000000e+01 1.132314855150993299e-04 1.845650098250931916e-04
2.600000000000000000e+01 1.490595034740705099e-04 2.379465952972469912e-04
2.700000000000000000e+01 1.950903622273415772e-04 3.051986079701792063e-04
2.800000000000000000e+01 2.538627113125908495e-04 3.894658575147840873e-04
2.900000000000000000e+01 3.284389507696551871e-04 4.944820667011222458e-04
3.000000000000000000e+01 4.224856113530867574e-04 6.246427297915036099e-04
3.100000000000000000e+01 5.403553743611587846e-04 7.850786881496494944e-04
3.200000000000000000e+01 6.871675561482991010e-04 9.817355124684509944e-04
3.300000000000000000e+01 8.688887866944353501e-04 1.221461244968884878e-03
3.400000000000000000e+01 1.092416854771563993e-03 1.512094332258148363e-03
3.500000000000000000e+01 1.365662986995363169e-03 1.862533633614117754e-03
3.600000000000000000e+01 1.697617552180848578e-03 2.282776678140726549e-03
3.700000000000000000e+01 2.098385352412926452e-03 2.783932459741981710e-03
3.800000000000000000e+01 2.579192503497760094e-03 3.378231885641599756e-03
3.900000000000000000e+01 3.152379426702872980e-03 4.079048086416754010e-03
4.000000000000000000e+01 3.831382411721574299e-03 4.900900942451977271e-03
4.100000000000000000e+01 4.630676272179157921e-03 5.859392230701318885e-03
4.200000000000000000e+01 5.565639553873279535e-03 6.971039824267616890e-03
4.300000000000000000e+01 6.652335865556044912e-03 8.253043556442192508e-03
4.400000000000000000e+01 7.907251278191482560e-03 9.723057291269668334e-03
4.500000000000000000e+01 9.347028775389870647e-03 1.139900216253795021e-02
4.600000000000000000e+01 1.098818147594122357e-02 1.329885798152714502e-02
4.700000000000000000e+01 1.284671266228586822e-02 1.544031706093143552e-02
4.800000000000000000e+01 1.493760127739897185e-02 1.784025662077972502e-02
4.900000000000000000e+01 1.727421156836197319e-02 2.051413221706875623e-02
5.000000000000000000e+01 1.986774125223650378e-02 2.347546146634218317e-02
5.100000000000000000e+01 2.272675219212994327e-02 2.673545852706074241e-02
5.200000000000000000e+01 2.585670000072091620e-02 3.030268705682247210e-02
5.300000000000000000e+01 2.925935398564150774e-02 3.418253394901225872e-02
5.400000000000000000e+01 3.293213172079986067e-02 3.837647128361827698e-02
5.500000000000000000e+01 3.686752103340338454e-02 4.288132154011375929e-02
5.600000000000000000e+01 4.105273968291082987e-02 4.768880158336251396e-02
5.700000000000000000e+01 4.546959485979244764e-02 5.278539839097484004e-02
5.800000000000000000e+01 5.009436787816903824e-02 5.815233889698554620e-02
5.900000000000000000e+01 5.489763997875284074e-02 6.376537708722454512e-02
6.000000000000000000e+01 5.984419889728731512e-02 6.959440372139431841e-02
6.100000000000000000e+01 6.489325252708104397e-02 7.560320196333342180e-02
6.200000000000000000e+01 6.999900511081247334e-02 8.174967393283864847e-02
6.300000000000000000e+01 7.511141260159326372e-02 8.798652129478932993e-02
6.400000000000000000e+01 8.017690776303681988e-02 9.426202791604564035e-02
6.500000000000000000e+01 8.513910149812292660e-02 1.005206250908615845e-01
6.600000000000000000e+01 8.993966103104608645e-02 1.067032927540326193e-01
6.700000000000000000e+01 9.451949942363231660e-02 1.127481649791294283e-01
6.800000000000000000e+01 9.882016047741361275e-02 1.185916216040421717e-01
6.900000000000000000e+01 1.027851433357681865e-01 1.241697457978318403e-01
7.000000000000000000e+01 1.063610370930299365e-01 1.294197336806668375e-01
7.100000000000000000e+01 1.094985630257401255e-01 1.342809611962613725e-01
7.200000000000000000e+01 1.121536778850922844e-01 1.386958069720282682e-01
7.300000000000000000e+01 1.142887241610103383e-01 1.426105752347102129e-01
7.400000000000000000e+01 1.158734371542057828e-01 1.459767097648953238e-01
7.500000000000000000e+01 1.168856417791872271e-01 1.487521166767559189e-01
7.600000000000000000e+01 1.173116519381548900e-01 1.509022192607974988e-01
7.700000000000000000e+01 1.171465035588717118e-01 1.524005431370633046e-01
7.800000000000000000e+01 1.163940878733421558e-01 1.532289729612463514e-01
7.900000000000000000e+01 1.150671102574152699e-01 1.533779747962794315e-01
8.000000000000000000e+01 1.131867637321995052e-01 1.528469061798873319e-01
8.100000000000000000e+01 1.107821107709046349e-01 1.516442465879389023e-01
8.200000000000000000e+01 1.078892793179191817e-01 1.497874827720594992e-01
8.300000000000000000e+01 1.045505749619179137e-01 1.473025629104218193e-01
8.400000000000000000e+01 1.008135192707579481e-01 1.442230892318751845e-01
8.500000000000000000e+01 9.672976991050834250e-02 1.405894928920370102e-01
8.600000000000000000e+01 9.235392303177311635e-02 1.364482773688584227e-01
8.700000000000000000e+01 8.774227724545621832e-02 1.318512129577208147e-01
8.800000000000000000e+01 8.295165402325782589e-02 1.268543252555774103e-01
8.900000000000000000e+01 7.803831099744500122e-02 1.215166679476989420e-01
9.000000000000000000e+01 7.305692855480976078e-02 1.158990392099802091e-01
9.100000000000000000e+01 6.805965776598024708e-02 1.100628229921326584e-01
9.200000000000000000e+01 6.309526642661990314e-02 1.040690063646475677e-01
9.300000000000000000e+01 5.820844184553138068e-02 9.797728601237103152e-02
9.400000000000000000e+01 5.343927632481953321e-02 9.184516428382427655e-02
9.500000000000000000e+01 4.882291292293296225e-02 8.572704139289022418e-02
9.600000000000000000e+01 4.438931627857890111e-02 7.967341318289916652e-02
9.700000000000000000e+01 4.016315958725470703e-02 7.373027998760127433e-02
9.800000000000000000e+01 3.616384384022095638e-02 6.793877560656505499e-02
9.900000000000000000e+01 3.240565737500884086e-02 6.233493821895941256e-02
1.000000000000000000e+02 2.889805357819282342e-02 5.694954585281213066e-02
1.010000000000000000e+02 2.564600644767074666e-02 5.180801035861744286e-02
1.020000000000000000e+02 2.265041346027899666e-02 4.693038340476556741e-02
1.030000000000000000e+02 1.990853639213323312e-02 4.233151813723747686e-02
1.040000000000000000e+02 1.741447870909565085e-02 3.802136946046878740e-02
1.050000000000000000e+02 1.515968795993365148e-02 3.400536895941688731e-02
1.060000000000000000e+02 1.313345908686714379e-02 3.028481815872059724e-02
1.070000000000000000e+02 1.132341492321305501e-02 2.685728842629783730e-02
1.080000000000000000e+02 9.715952034892163733e-03 2.371704863420086296e-02
1.090000000000000000e+02 8.296650756598229412e-03 2.085553491574780940e-02
1.100000000000000000e+02 7.050649482508025701e-03 1.826184574605287103e-02
1.110000000000000000e+02 5.962978435862991387e-03 1.592322521520960626e-02
1.120000000000000000e+02 5.018845783387239703e-03 1.382550555474319938e-02
1.130000000000000000e+02 4.203872611400664462e-03 1.195350429589958803e-02
1.140000000000000000e+02 3.504279262818940123e-03 1.029138752109280686e-02
1.150000000000000000e+02 2.907028673586192768e-03 8.823007476198274288e-03
1.160000000000000000e+02 2.399931546414146247e-03 7.532209541246268070e-03
1.170000000000000000e+02 1.971716289332198051e-03 6.403096153529322550e-03
1.180000000000000000e+02 1.612066391780725806e-03 5.420240108293062666e-03
1.190000000000000000e+02 1.311629350551395123e-03 4.568850218670659873e-03
1.200000000000000000e+02 1.062002585283040607e-03 3.834898564061782304e-03
1.210000000000000000e+02 8.557017417352202806e-04 3.205216947563429512e-03
1.220000000000000000e+02 6.861157153814348084e-04 2.667564994084040218e-03
1.230000000000000000e+02 5.474517249635841871e-04 2.210669557545941015e-03
1.240000000000000000e+02 4.346733853123463777e-04 1.824236664270847226e-03
1.250000000000000000e+02 3.434346941935647116e-04 1.498940486409575199e-03
1.260000000000000000e+02 2.700126425904706643e-04 1.226395424610436571e-03
1.270000000000000000e+02 2.112406207596733364e-04 9.991163566944712485e-04
1.280000000000000000e+02 1.644441469848260571e-04 8.104700376445837231e-04
1.290000000000000000e+02 1.273799532583627637e-04 6.546193955811070980e-04
1.300000000000000000e+02 9.817917280117157504e-05 5.264625437823722146e-04
1.310000000000000000e+02 7.529517261493353991e-05 4.215688938151673738e-04
1.320000000000000000e+02 5.745635518079419312e-05 3.361148568197948436e-04
1.330000000000000000e+02 4.362401436759617097e-05 2.668210489944279661e-04
1.340000000000000000e+02 3.295512873960556330e-05 2.108921213202523328e-04
1.350000000000000000e+02 2.476984720481109262e-05 1.659598017137301536e-04
1.360000000000000000e+02 1.852335519958095552e-05 1.300295776544827713e-04
1.370000000000000000e+02 1.378177154543154161e-05 1.014314435714974564e-04
1.380000000000000000e+02 1.020169743782562928e-05 7.877505789607121473e-05
1.390000000000000000e+02 7.513020891515645257e-06 6.090945034516114204e-05
1.400000000000000000e+02 5.504579645477485552e-06 4.688719089735538464e-05
1.410000000000000000e+02 4.012303361018998437e-06 3.593278296107078190e-05
1.420000000000000000e+02 2.909484808571530189e-06 2.741499340440457967e-05
1.430000000000000000e+02 2.098861916047191862e-06 2.082283157058552835e-05
1.440000000000000000e+02 1.506224506597918265e-06 1.574488594510468307e-05
1.450000000000000000e+02 1.075291280989899268e-06 1.185170695903370165e-05
1.460000000000000000e+02 7.636345600733765457e-07 8.880904491269896303e-06
1.470000000000000000e+02 5.394617063015701815e-07 6.624627494504007537e-06
1.480000000000000000e+02 3.790914391370063820e-07 4.919113061611208698e-06
1.490000000000000000e+02 2.649893479127596395e-07 3.636022386131799276e-06
1.500000000000000000e+02 1.842496301309203571e-07 2.675310296703267429e-06
1.510000000000000000e+02 1.274298435470646561e-07 1.959399619253538379e-06
1.520000000000000000e+02 8.766263938692100702e-08 1.428453938795624983e-06
1.530000000000000000e+02 5.998319146750656711e-08 1.036565515229648744e-06
1.540000000000000000e+02 4.082341071981018610e-08 7.486995596222261836e-07
1.550000000000000000e+02 2.763419819019288194e-08 5.382598939306608139e-07
1.560000000000000000e+02 1.860524218660856920e-08 3.851622135082877658e-07
1.570000000000000000e+02 1.245854780045125254e-08 2.743191381244030214e-07
1.580000000000000000e+02 8.297282764961599304e-09 1.944565654912240415e-07
1.590000000000000000e+02 5.495836960652853146e-09 1.371943431629855281e-07
