0.000000000000000000e+00 -1.140001840548464090e-09 2.007290477994232362e-10
1.000000000000000000e+00 1.615955457584524986e-09 3.276987864259696073e-10
2.000000000000000000e+00 2.488670897838805079e-09 5.187730356770527433e-10
3.000000000000000000e+00 3.899982652694059867e-09 8.351313159922537633e-10
4.000000000000000000e+00 6.076228286498356127e-09 1.336331663743307043e-09
5.000000000000000000e+00 9.411657734228340254e-09 2.125379906509511401e-09
6.000000000000000000e+00 1.449304048582064611e-08 3.359878707085959774e-09
7.000000000000000000e+00 2.218793113575173151e-08 5.279311392161728822e-09
8.000000000000000000e+00 3.377077253469486695e-08 8.245215636445436788e-09
9.000000000000000000e+00 5.110164764127102201e-08 1.279970369945195345e-08
1.000000000000000000e+01 7.687773437386093709e-08 1.975039428538192173e-08
1.100000000000000000e+01 1.149844657892186458e-07 3.029236428367785992e-08
1.200000000000000000e+01 1.709826940793983455e-07 4.618222975264927669e-08
1.300000000000000000e+01 2.527791614366437289e-07 6.998484368596167875e-08
1.400000000000000000e+01 3.715426223953435613e-07 1.054200696617024552e-07
1.500000000000000000e+01 5.429457319063151954e-07 1.578468967807408306e-07
1.600000000000000000e+01 7.888353723509540813e-07 2.349338649477019272e-07
1.700000000000000000e+01 1.139462182574505484e-06 3.475803016012638755e-07
1.800000000000000000e+01 1.636433293311691055e-06 5.111725784619997465e-07
1.900000000000000000e+01 2.336592205593295961e-06 7.472835579685057214e-07
2.000000000000000000e+01 3.317074785313836596e-06 1.085954120177497312e-06
2.100000000000000000e+01 4.681842724919293522e-06 1.568731034886481427e-06
2.200000000000000000e+01 6.570054516729302742e-06 2.252678703656219273e-06
2.300000000000000000e+01 9.166698084080311513e-06 3.215632781560528691e-06
2.400000000000000000e+01 1.271597751151294636e-05 4.563021511198296317e-06
2.500000000000000000e+01 1.753801406679659006e-05 6.436647644127491117e-06
2.600000000000000000e+01 2.404948739086986057e-05 9.025896242903646912e-06
2.700000000000000000e+01 3.278890114501384627e-05 1.258190993134228887e-05
2.800000000000000000e+01 4.444720090564194557e-05 1.743534996083868430e-05
2.900000000000000000e+01 5.990448671897975026e-05 2.401843547012764575e-05
3.000000000000000000e+01 8.027354072353076546e-05 3.289202299011276644e-05
3.100000000000000000e+01 1.069508292807887305e-04 4.477854572192146608e-05
3.200000000000000000e+01 1.416755438853876427e-04 6.060166424353151437e-05
3.300000000000000000e+01 1.865970936416088061e-04 8.153346858366265553e-05
3.400000000000000000e+01 2.443511975208754344e-04 1.090500004102732095e-04
3.500000000000000000e+01 3.181442954489881051e-04 1.449957339620023438e-04
3.600000000000000000e+01 4.118454340782816045e-04 1.916574697550399323e-04
3.700000000000000000e+01 5.300842194086202892e-04 2.518478433312289363e-04
3.800000000000000000e+01 6.783529550694171201e-04 3.289982731906679466e-04
3.900000000000000000e+01 8.631105468207575602e-04 4.272606034813285474e-04
4.000000000000000000e+01 1.091884783978808084e-03 5.516159468986350052e-04
4.100000000000000000e+01 1.373368075971035914e-03 7.079884303317745533e-04
4.200000000000000000e+01 1.717500193374130570e-03 9.033608143596741748e-04
4.300000000000000000e+01 2.135531021140833416e-03 1.145888209952234272e-03
4.400000000000000000e+01 2.640056974825472514e-03 1.445005026179486604e-03
4.500000000000000000e+01 3.245025106522336431e-03 1.811518685509940288e-03
4.600000000000000000e+01 3.965697100603111577e-03 2.257682016684383480e-03
4.700000000000000000e+01 4.818561776756370013e-03 2.797235516754056125e-03
4.800000000000000000e+01 5.821183362823577345e-03 3.445411140861549641e-03
4.900000000000000000e+01 6.991977509922065424e-03 4.218889683447270104e-03
5.000000000000000000e+01 8.349915472750971471e-03 5.135702427509324618e-03
5.100000000000000000e+01 9.914160253310969409e-03 6.215065052546688007e-03
5.200000000000000000e+01 1.170363114424809517e-02 7.477131512199960972e-03
5.300000000000000000e+01 1.373648325112530877e-02 8.942660971585447358e-03
5.400000000000000000e+01 1.602949398207726903e-02 1.063259918644204188e-02
5.500000000000000000e+01 1.859737471453795296e-02 1.256757866548424869e-02
5.600000000000000000e+01 2.145205080164835215e-02 1.476733567579883999e-02
5.700000000000000000e+01 2.460194541943089980e-02 1.725003616299247006e-02
5.800000000000000000e+01 2.805126399209659921e-02 2.003151289313301331e-02
5.900000000000000000e+01 3.179925437869000893e-02 2.312444314516896859e-02
6.000000000000000000e+01 3.583945896696967559e-02 2.653751516137244776e-02
6.100000000000000000e+01 4.015905148474152586e-02 3.027461649972106039e-02
6.200000000000000000e+01 4.473837146106405399e-02 3.433404133404455161e-02
6.300000000000000000e+01 4.955068211357765290e-02 3.870770804103513402e-02
6.400000000000000000e+01 5.456206518584440224e-02 4.338043245275290810e-02
6.500000000000000000e+01 5.973137747305778955e-02 4.832936671610453538e-02
6.600000000000000000e+01 6.501035323315192127e-02 5.352369871801053447e-02
6.700000000000000000e+01 7.034406332936254946e-02 5.892459956534952525e-02
6.800000000000000000e+01 7.567183578247466125e-02 6.448532372749134212e-02
6.900000000000000000e+01 8.092846475387084626e-02 7.015143374842808255e-02
7.000000000000000000e+01 8.604540783720783514e-02 7.586128901648639400e-02
7.100000000000000000e+01 9.095190361473358409e-02 8.154698723571426888e-02
7.200000000000000000e+01 9.557629969808160986e-02 8.713575104989505771e-02
7.300000000000000000e+01 9.984789156670466348e-02 9.255149427909165061e-02
7.400000000000000000e+01 1.036991162312628917e-01 9.771631397753194337e-02
7.500000000000000000e+01 1.070675190526441667e-01 1.025519839420097057e-01
7.600000000000000000e+01 1.098970960151524623e-01 1.069817829335524828e-01
7.700000000000000000e+01 1.121392915129908741e-01 1.109327817886305578e-01
7.800000000000000000e+01 1.137542953643869703e-01 1.143381974999204825e-01
7.900000000000000000e+01 1.147127853447231782e-01 1.171392309520845193e-01
8.000000000000000000e+01 1.149974089592067095e-01 1.192862705169659421e-01
8.100000000000000000e+01 1.146031654730094995e-01 1.207399689782155117e-01
8.200000000000000000e+01 1.135367424179159479e-01 1.214726736991958295e-01
8.300000000000000000e+01 1.118157855774049303e-01 1.214699375652508739e-01
8.400000000000000000e+01 1.094688603426996615e-01 1.207312617256001697e-01
8.500000000000000000e+01 1.065356519677791575e-01 1.192696321217813216e-01
8.600000000000000000e+01 1.030662043402272021e-01 1.171104230522611866e-01
8.700000000000000000e+01 9.911872494765841535e-02 1.142906191324325471e-01
8.800000000000000000e+01 9.475691711296946318e-02 1.108585090106169457e-01
8.900000000000000000e+01 9.004821136279669846e-02 1.068729711816346628e-01
9.000000000000000000e+01 8.506308635512579985e-02 1.024015344259771310e-01
9.100000000000000000e+01 7.987427268705329930e-02 9.751756609110256990e-02
9.200000000000000000e+01 7.455472257633180555e-02 9.229780721072643190e-02
9.300000000000000000e+01 6.917473635827098288e-02 8.682093484119376980e-02
9.400000000000000000e+01 6.379976237288287333e-02 8.116652415557251699e-02
9.500000000000000000e+01 5.848977224320113522e-02 7.541332038761452972e-02
9.600000000000000000e+01 5.329949031093916822e-02 6.963668572410978974e-02
9.700000000000000000e+01 4.827804504542564795e-02 6.390626627173820462e-02
9.800000000000000000e+01 4.346760318475146462e-02 5.828487267113796610e-02
9.900000000000000000e+01 3.890200667092332670e-02 5.282837224704343970e-02
1.000000000000000000e+02 3.460663918892463442e-02 4.758552506175570129e-02
1.010000000000000000e+02 3.059953766078916601e-02 4.259716181747026653e-02
1.020000000000000000e+02 2.689260936190565957e-02 3.789524097852535467e-02
1.030000000000000000e+02 2.349200720032437739e-02 3.350272613573763991e-02
1.040000000000000000e+02 2.039790238537469644e-02 2.943447551738487961e-02
1.050000000000000000e+02 1.760464608165822689e-02 2.569841250069659910e-02
1.060000000000000000e+02 1.510185152650368734e-02 2.229622655182067134e-02
1.070000000000000000e+02 1.287591804354147607e-02 1.922364366723743750e-02
1.080000000000000000e+02 1.091113587244622700e-02 1.647089526706343315e-02
1.090000000000000000e+02 9.190077564011063169e-03 1.402376902674690000e-02
1.100000000000000000e+02 7.693742459506426774e-03 1.186495308180556506e-02
1.110000000000000000e+02 6.402038035044570197e-03 9.975109194689078460e-03
1.120000000000000000e+02 5.294652848938771229e-03 8.333470065290438794e-03
1.130000000000000000e+02 4.351883129845822429e-03 6.918243609068938649e-03
1.140000000000000000e+02 3.555029393065771252e-03 5.707173338959624538e-03
1.150000000000000000e+02 2.886414548452853786e-03 4.678270868889525431e-03
1.160000000000000000e+02 2.329363939146759585e-03 3.810453218668598090e-03
1.170000000000000000e+02 1.868371169156948612e-03 3.083879147514529545e-03
1.180000000000000000e+02 1.489367076647118895e-03 2.480043269919326825e-03
1.190000000000000000e+02 1.179869465425447805e-03 1.981830756209474777e-03
1.200000000000000000e+02 9.289168555069291953e-04 1.573642012801400444e-03
1.210000000000000000e+02 7.268863723757243780e-04 1.241526024447700115e-03
1.220000000000000000e+02 5.653496600418459785e-04 9.732098857626930635e-04
1.230000000000000000e+02 4.370175032015049805e-04 7.579996723282105518e-04
1.240000000000000000e+02 3.357085558489011326e-04 5.866256766284799317e-04
1.250000000000000000e+02 2.562649322270983839e-04 4.511110389972122227e-04
1.260000000000000000e+02 1.944077814430462687e-04 3.446774661059787853e-04
1.270000000000000000e+02 1.465850649454184212e-04 2.616506375415339871e-04
1.280000000000000000e+02 1.098576632234396977e-04 1.973357790147884749e-04
1.290000000000000000e+02 8.182467124680670861e-05 1.478728864446021121e-04
1.300000000000000000e+02 6.055935078721808073e-05 1.101018278498737575e-04
1.310000000000000000e+02 4.453535861493747544e-05 8.145493419135938428e-05
1.320000000000000000e+02 3.254743889299496420e-05 5.987130981455158015e-05
1.330000000000000000e+02 2.364266541566739275e-05 4.371836694577299929e-05
1.340000000000000000e+02 1.707077839701300152e-05 3.171458152687882430e-05
1.350000000000000000e+02 1.224907246994005679e-05 2.285844832334694261e-05
1.360000000000000000e+02 8.732623571844485175e-06 1.637042013919069115e-05
1.370000000000000000e+02 6.185381865460004818e-06 1.164870886018085966e-05
1.380000000000000000e+02 4.353823839948419729e-06 8.234522564972696006e-06
1.390000000000000000e+02 3.046323124541456898e-06 5.782278091933270149e-06
1.400000000000000000e+02 2.118779681660183228e-06 4.033530226583206497e-06
1.410000000000000000e+02 1.464420630950500552e-06 2.795571386608020721e-06
1.420000000000000000e+02 1.005465334772536166e-06 1.925288793400709178e-06
1.430000000000000000e+02 6.857792172786416084e-07 1.317389350317131032e-06
1.440000000000000000e+02 4.648163245635608334e-07 8.954176401787194743e-07
1.450000000000000000e+02 3.132107555419099439e-07 6.044771637520502221e-07
1.460000000000000000e+02 2.098210820974489862e-07 4.053581411922612898e-07
1.470000000000000000e+02 1.396721331318310310e-07 2.700989511877393170e-07
1.480000000000000000e+02 9.234084364222631553e-08 1.788464088935518742e-07
1.490000000000000000e+02 6.063144141793863632e-08 1.176566526090541844e-07
1.500000000000000000e+02 3.956170479962486270e-08 7.687302600382611852e-08
1.510000000000000000e+02 2.566852165865505575e-08 4.987655171295793806e-08
1.520000000000000000e+02 1.656075645973018955e-08 3.214455209487650828e-08
1.530000000000000000e+02 1.061692808061672000e-08 2.058729975661910563e-08
1.540000000000000000e+02 6.757842469406157054e-09 1.310467144011350014e-08
1.550000000000000000e+02 4.270557697717778370e-09 8.287341338582792095e-09
1.560000000000000000e+02 2.681649761423832094e-09 5.203789053254227362e-09
1.570000000000000000e+02 1.674930209058280133e-09 3.243976129403873397e-09
1.580000000000000000e+02 1.040680316829533703e-09 2.008676444933102512e-09
1.590000000000000000e+02 6.425626526404338438e-10 1.236293166869883562e-09
