0.000000000000000000e+00 -2.948919643822809546e-06 5.642352101815177482e-07
1.000000000000000000e+00 2.561775516524020209e-06 1.785318332082722494e-07
2.000000000000000000e+00 2.989107418629351740e-06 2.181930676380759595e-07
3.000000000000000000e+00 3.917342983510541828e-06 3.030057728249542662e-07
4.000000000000000000e+00 5.124220251740432030e-06 4.214545828225865739e-07
5.000000000000000000e+00 6.682649143754720169e-06 5.838942407311511085e-07
6.000000000000000000e+00 8.686234540506248178e-06 8.051537614385750430e-07
7.000000000000000000e+00 1.124832315194458167e-05 1.104881231913363459e-06
8.000000000000000000e+00 1.450687794778981896e-05 1.509150815488649366e-06
9.000000000000000000e+00 1.863258715424405550e-05 2.052523877053135165e-06
1.000000000000000000e+01 2.383938206517151616e-05 2.780310375049373898e-06
1.100000000000000000e+01 3.039490427201799392e-05 3.750949042021619854e-06
1.200000000000000000e+01 3.862812923475378172e-05 5.038804466864512150e-06
1.300000000000000000e+01 4.893336062811827003e-05 6.738077236009180912e-06
1.400000000000000000e+01 6.177358820121510398e-05 8.968550428784400949e-06
1.500000000000000000e+01 7.768935019474414194e-05 1.188332484194141954e-05
1.600000000000000000e+01 9.731873953123055729e-05 1.567780507912495383e-05
1.700000000000000000e+01 1.214287353256025896e-04 2.059876196345592842e-05
1.800000000000000000e+01 1.509499801320370223e-04 2.695304165729283023e-05
1.900000000000000000e+01 1.870021306597988403e-04 3.511729840930970286e-05
2.000000000000000000e+01 2.309005774240438839e-04 4.555170078767516151e-05
2.100000000000000000e+01 2.841482912000368663e-04 5.882016795461704754e-05
2.200000000000000000e+01 3.484317838947966883e-04 7.561672997639857141e-05
2.300000000000000000e+01 4.256457362865301124e-04 9.679380227300308311e-05
2.400000000000000000e+01 5.179580315237478083e-04 1.233869567946065029e-04
2.500000000000000000e+01 6.278989876827977424e-04 1.566346192006172174e-04
2.600000000000000000e+01 7.584328076306838659e-04 1.979984839387510624e-04
2.700000000000000000e+01 9.129679153681723083e-04 2.491954706622831971e-04
2.800000000000000000e+01 1.095296184547141184e-03 3.122485441019745719e-04
2.900000000000000000e+01 1.309504155024104194e-03 3.895512468442507937e-04
3.000000000000000000e+01 1.559935344384671095e-03 4.839277279178586834e-04
3.100000000000000000e+01 1.851265890743880940e-03 5.986690419896677348e-04
3.200000000000000000e+01 2.188681509575181577e-03 7.375434972043929012e-04
3.300000000000000000e+01 2.578053590017381595e-03 9.048042091532682105e-04
3.400000000000000000e+01 3.025974743722311018e-03 1.105228790504275303e-03
3.500000000000000000e+01 3.539576743075931089e-03 1.344206977293773385e-03
3.600000000000000000e+01 4.126196820586664968e-03 1.627848593156570184e-03
3.700000000000000000e+01 4.793090125521292863e-03 1.963049989948742902e-03
3.800000000000000000e+01 5.547396728302071006e-03 2.357468955015774945e-03
3.900000000000000000e+01 6.396417319898908306e-03 2.819420774684270724e-03
4.000000000000000000e+01 7.348010712397983792e-03 3.357777753699465843e-03
4.100000000000000000e+01 8.410768844878209818e-03 3.981965077001641679e-03
4.200000000000000000e+01 9.593700036997176300e-03 4.702067496253976159e-03
4.300000000000000000e+01 1.090545872742368881e-02 5.528941868845119005e-03
4.400000000000000000e+01 1.235351284272172799e-02 6.474173849092603253e-03
4.500000000000000000e+01 1.394376873376888468e-02 7.549797171920351671e-03
4.600000000000000000e+01 1.568092362530715267e-02 8.767873088164372317e-03
4.700000000000000000e+01 1.756929902551197450e-02 1.014016054977224558e-02
4.800000000000000000e+01 1.961347595934061216e-02 1.167805477300139921e-02
4.900000000000000000e+01 2.181806374043189500e-02 1.339273640495261541e-02
5.000000000000000000e+01 2.418647055686641567e-02 1.529523707029624424e-02
5.100000000000000000e+01 2.671928929184626961e-02 1.739611627948654121e-02
5.200000000000000000e+01 2.941332278219362106e-02 1.970472141724987497e-02
5.300000000000000000e+01 3.226196771067350866e-02 2.222836667671471492e-02
5.400000000000000000e+01 3.525676764258468820e-02 2.497189292456183929e-02
5.500000000000000000e+01 3.838903830083593288e-02 2.793779455076731907e-02
5.600000000000000000e+01 4.165026555355805932e-02 3.112660782864180159e-02
5.700000000000000000e+01 4.503074271164528991e-02 3.453697230755557734e-02
5.800000000000000000e+01 4.851719915064994781e-02 3.816500083272345717e-02
5.900000000000000000e+01 5.209106129942114860e-02 4.200319385035328201e-02
6.000000000000000000e+01 5.572874538136012718e-02 4.603960779218407157e-02
6.100000000000000000e+01 5.940405127990396050e-02 5.025788173275098220e-02
6.200000000000000000e+01 6.309119397616602676e-02 5.463806692068780974e-02
6.300000000000000000e+01 6.676641633241603424e-02 5.915753150742459471e-02
6.400000000000000000e+01 7.040702069136932362e-02 6.379113915973463889e-02
6.500000000000000000e+01 7.398850420501180969e-02 6.851054621588936744e-02
6.600000000000000000e+01 7.748197655214709989e-02 7.328330154535744878e-02
6.700000000000000000e+01 8.085402443143654971e-02 7.807272268774612112e-02
6.800000000000000000e+01 8.406955722352159321e-02 8.283896338409896254e-02
6.900000000000000000e+01 8.709602723867172769e-02 8.754073074027945989e-02
7.000000000000000000e+01 8.990633100905166819e-02 9.213658679222780368e-02
7.100000000000000000e+01 9.247853377934159291e-02 9.658515824559801843e-02
7.200000000000000000e+01 9.479279505661966643e-02 1.008445609886192140e-01
7.300000000000000000e+01 9.682791771835344563e-02 1.048720690572869929e-01
7.400000000000000000e+01 9.856028075045654424e-02 1.086248821418184518e-01
7.500000000000000000e+01 9.996624181787222563e-02 1.120619178107821468e-01
7.600000000000000000e+01 1.010265870039390584e-01 1.151456821751108417e-01
7.700000000000000000e+01 1.017300821441621955e-01 1.178432107406529039e-01
7.800000000000000000e+01 1.020737681732664520e-01 1.201258587484805296e-01
7.900000000000000000e+01 1.020599297070157452e-01 1.219686600464087167e-01
8.000000000000000000e+01 1.016919964912139374e-01 1.233502572953038973e-01
8.100000000000000000e+01 1.009723266833148780e-01 1.242538182074534314e-01
8.200000000000000000e+01 9.990338962922092059e-02 1.246684329038417471e-01
8.300000000000000000e+01 9.849137989584859365e-02 1.245900340701342340e-01
8.400000000000000000e+01 9.674956288861895348e-02 1.240212517473124332e-01
8.500000000000000000e+01 9.469889299336953226e-02 1.229704466935723634e-01
8.600000000000000000e+01 9.236541845761622738e-02 1.214507342924158462e-01
8.700000000000000000e+01 8.977622173623056590e-02 1.194796638669236577e-01
8.800000000000000000e+01 8.695654494092397435e-02 1.170795386625396173e-01
8.900000000000000000e+01 8.392974966698851791e-02 1.142777611062830156e-01
9.000000000000000000e+01 8.071967377493007023e-02 1.111065567699683898e-01
9.100000000000000000e+01 7.735331096554434738e-02 1.076019404600857543e-01
9.200000000000000000e+01 7.386166777240948944e-02 1.038023670205699550e-01
9.300000000000000000e+01 7.027807862509762027e-02 9.974767834720749127e-02
9.400000000000000000e+01 6.663506930107460091e-02 9.547862563399803215e-02
9.500000000000000000e+01 6.296176295478328466e-02 9.103674058961655491e-02
9.600000000000000000e+01 5.928327738443930905e-02 8.646408115903674030e-02
9.700000000000000000e+01 5.562208392139172952e-02 8.180255347675020883e-02
9.800000000000000000e+01 5.200000023503875690e-02 7.709291426990962093e-02
9.900000000000000000e+01 4.843924157408149855e-02 7.237383214169917922e-02
1.000000000000000000e+02 4.496180587842135701e-02 6.768132907231409756e-02
1.010000000000000000e+02 4.158770570524625287e-02 6.304862648174927586e-02
1.020000000000000000e+02 3.833329423790070301e-02 5.850615347208489719e-02
1.030000000000000000e+02 3.521073086099170413e-02 5.408144376783939611e-02
1.040000000000000000e+02 3.222875640397461494e-02 4.979883826829437782e-02
1.050000000000000000e+02 2.939408346795037083e-02 4.567913432014357455e-02
1.060000000000000000e+02 2.671243172379480363e-02 4.173939720571070988e-02
1.070000000000000000e+02 2.418864583404764859e-02 3.799303969241057261e-02
1.080000000000000000e+02 2.182604493819638447e-02 3.445009877738750698e-02
1.090000000000000000e+02 1.962564520297494994e-02 3.111754417291667102e-02
1.100000000000000000e+02 1.758588085238824150e-02 2.799949838279917197e-02
1.110000000000000000e+02 1.570302290332853401e-02 2.509737119000364503e-02
1.120000000000000000e+02 1.397201262319898614e-02 2.241000144113920386e-02
1.130000000000000000e+02 1.238721561910924827e-02 1.993389322014220422e-02
1.140000000000000000e+02 1.094274951020890972e-02 1.766355615640567006e-02
1.150000000000000000e+02 9.632378185768803586e-03 1.559188546938606625e-02
1.160000000000000000e+02 8.449239641050898877e-03 1.371050290410662925e-02
1.170000000000000000e+02 7.385718581295445256e-03 1.201002332410245135e-02
1.180000000000000000e+02 6.433609185767907857e-03 1.048026773647401169e-02
1.190000000000000000e+02 5.584489745200402894e-03 9.110467330015465173e-03
1.200000000000000000e+02 4.830105920954497027e-03 7.889485109130817131e-03
1.210000000000000000e+02 4.162591131454462107e-03 6.806046304231250926e-03
1.220000000000000000e+02 3.574485097301499832e-03 5.848947451774676003e-03
1.230000000000000000e+02 3.058637368840551318e-03 5.007219762980634654e-03
1.240000000000000000e+02 2.608123923721363240e-03 4.270244386319822782e-03
1.250000000000000000e+02 2.216256395920767307e-03 3.627835275795339084e-03
1.260000000000000000e+02 1.876678180248814685e-03 3.070307699421522853e-03
1.270000000000000000e+02 1.583482461211723532e-03 2.588539954342849482e-03
1.280000000000000000e+02 1.331284395282676019e-03 2.174024124734588639e-03
1.290000000000000000e+02 1.115220150287863417e-03 1.818897812579216029e-03
1.300000000000000000e+02 9.308925962308101706e-04 1.515953324103427695e-03
1.310000000000000000e+02 7.743062569226209779e-04 1.258628021714706339e-03
1.320000000000000000e+02 6.418253283069291163e-04 1.040983429863856415e-03
1.330000000000000000e+02 5.301624191660701639e-04 8.576794302223359184e-04
1.340000000000000000e+02 4.363830770986144251e-04 7.039459361699567513e-04
1.350000000000000000e+02 3.579047796646349171e-04 5.755513638273410766e-04
1.360000000000000000e+02 2.924778969795535383e-04 4.687667820643827811e-04
1.370000000000000000e+02 2.381501992568266029e-04 3.803261234881907598e-04
1.380000000000000000e+02 1.932256658173965992e-04 3.073844323888852859e-04
1.390000000000000000e+02 1.562285922142693322e-04 2.474765355674816937e-04
1.400000000000000000e+02 1.258778891724134747e-04 1.984777459237245794e-04
1.410000000000000000e+02 1.010696145992687396e-04 1.585670802252772964e-04
1.420000000000000000e+02 8.086243047477628069e-05 1.261927832925477540e-04
1.430000000000000000e+02 6.446161703726949654e-05 1.000399150236579268e-04
1.440000000000000000e+02 5.120049774964556853e-05 7.900007299631482617e-05
1.450000000000000000e+02 4.052095178256614355e-05 6.214357328881357475e-05
1.460000000000000000e+02 3.195558136064265196e-05 4.869439087232460415e-05
1.470000000000000000e+02 2.511318515857657291e-05 3.800793627822147416e-05
1.480000000000000000e+02 1.966760719778365383e-05 2.955150694417866771e-05
1.490000000000000000e+02 1.534891622010569752e-05 2.288713488986126018e-05
1.500000000000000000e+02 1.193568816799168572e-05 1.765656670962358640e-05
1.510000000000000000e+02 9.247679119030445489e-06 1.356818284366600558e-05
1.520000000000000000e+02 7.138841252623806183e-06 1.038571404404390517e-05
1.530000000000000000e+02 5.491019480619025195e-06 7.918615816940350216e-06
1.540000000000000000e+02 4.208659805116571879e-06 6.013935060483094069e-06
1.550000000000000000e+02 3.214614800687574342e-06 4.549480480413854097e-06
1.560000000000000000e+02 2.446877505623867142e-06 3.428109000979639220e-06
1.570000000000000000e+02 1.855960834761344883e-06 2.572961968913100959e-06
1.580000000000000000e+02 1.402679194015485720e-06 1.923513311900361708e-06
1.590000000000000000e+02 1.056205577722760246e-06 1.432314624050235761e-06
