0.000000000000000000e+00 -2.642774013082854532e-07 -4.575721289492723001e-06
1.000000000000000000e+00 3.411717874539651914e-07 4.580575495666968535e-06
2.000000000000000000e+00 4.203097423893561644e-07 4.935133991528151022e-06
3.000000000000000000e+00 5.764110508618924016e-07 6.303025151617869785e-06
4.000000000000000000e+00 7.908438422530776886e-07 8.089774471622533075e-06
5.000000000000000000e+00 1.080787230686414684e-06 1.035401100544767162e-05
6.000000000000000000e+00 1.470721489837111099e-06 1.320879666830754395e-05
7.000000000000000000e+00 1.992736000035575950e-06 1.679530451562821249e-05
8.000000000000000000e+00 2.688448141577465131e-06 2.128539237310867827e-05
9.000000000000000000e+00 3.611532824079783430e-06 2.688706596950033828e-05
1.000000000000000000e+01 4.830866911284660374e-06 3.385103541413549637e-05
1.100000000000000000e+01 6.434393840479195616e-06 4.247832034484821842e-05
1.200000000000000000e+01 8.533841972234471144e-06 5.312896838518767526e-05
1.300000000000000000e+01 1.127045041171869192e-05 6.623189913740202129e-05
1.400000000000000000e+01 1.482187274233392149e-05 8.229583750053913135e-05
1.500000000000000000e+01 1.941044529533223278e-05 1.019213132405555528e-04
1.600000000000000000e+01 2.531302085968391061e-05 1.258138000081534830e-04
1.700000000000000000e+01 3.287258433578260061e-05 1.547982004377049985e-04
1.800000000000000000e+01 4.251187977186812229e-05 1.898349457320718642e-04
1.900000000000000000e+01 5.474928637006625128e-05 2.320378491753159896e-04
2.000000000000000000e+01 7.021717771574180326e-05 2.826935006333211337e-04
2.100000000000000000e+01 8.968298331706553537e-05 3.432815555684742229e-04
2.200000000000000000e+01 1.140731471648650825e-04 4.154950470749233784e-04
2.300000000000000000e+01 1.445001483589380519e-04 5.012601124455183998e-04
2.400000000000000000e+01 1.822927102032386891e-04 6.027552808979003834e-04
2.500000000000000000e+01 2.290292634675076904e-04 7.224312851295893682e-04
2.600000000000000000e+01 2.865746320657060328e-04 8.630324861056714626e-04
2.700000000000000000e+01 3.571197785107545946e-04 1.027619860495877476e-03
2.800000000000000000e+01 4.432243057100810940e-04 1.219593312605845876e-03
2.900000000000000000e+01 5.478612884817614468e-04 1.442709119232014371e-03
3.000000000000000000e+01 6.744638895098741069e-04 1.701088382857715922e-03
3.100000000000000000e+01 8.269730362327641290e-04 1.999215417305233704e-03
3.200000000000000000e+01 1.009885133896993616e-03 2.341929853446145324e-03
3.300000000000000000e+01 1.228298395442568944e-03 2.734419535717602309e-03
3.400000000000000000e+01 1.487956046779801951e-03 3.182219225846346852e-03
3.500000000000000000e+01 1.795284591927749944e-03 3.691211826755294231e-03
3.600000000000000000e+01 2.157425456415079483e-03 4.267618508023695093e-03
3.700000000000000000e+01 2.582258311257736635e-03 4.917959863492141898e-03
3.800000000000000000e+01 3.078413798226120948e-03 5.648978688008607363e-03
3.900000000000000000e+01 3.655272305013466949e-03 6.467534704965900369e-03
4.000000000000000000e+01 4.322944703177224353e-03 7.380500658031502459e-03
4.100000000000000000e+01 5.092231597486149980e-03 8.394690849112370484e-03
4.200000000000000000e+01 5.974559664388914490e-03 9.516828599742628569e-03
4.300000000000000000e+01 6.981895403280098666e-03 1.075351860886276240e-02
4.400000000000000000e+01 8.126635808460219018e-03 1.211116240684403933e-02
4.500000000000000000e+01 9.421471800891546497e-03 1.359576929834757988e-02
4.600000000000000000e+01 1.087921706872143485e-02 1.521267596671715266e-02
4.700000000000000000e+01 1.251259713501977865e-02 1.696626164358390129e-02
4.800000000000000000e+01 1.433400214256594363e-02 1.885977483278588121e-02
4.900000000000000000e+01 1.635521584085840308e-02 2.089533125646328426e-02
5.000000000000000000e+01 1.858713279475751601e-02 2.307401863727122360e-02
5.100000000000000000e+01 2.103946276663868839e-02 2.539593386329690172e-02
5.200000000000000000e+01 2.372040640281711590e-02 2.785997946967282840e-02
5.300000000000000000e+01 2.663628825438880965e-02 3.046339451094257772e-02
5.400000000000000000e+01 2.979115889069504711e-02 3.320121294012940566e-02
5.500000000000000000e+01 3.318640908604860579e-02 3.606597084532881664e-02
5.600000000000000000e+01 3.682044258285698674e-02 3.904788886677412751e-02
5.700000000000000000e+01 4.068841509172815146e-02 4.213545154173577167e-02
5.800000000000000000e+01 4.478199524043453839e-02 4.531598361594027513e-02
5.900000000000000000e+01 4.908909436919107333e-02 4.857574392464784896e-02
6.000000000000000000e+01 5.359357344444810878e-02 5.189934827961049241e-02
6.100000000000000000e+01 5.827502177741017420e-02 5.526885048204195627e-02
6.200000000000000000e+01 6.310872301385020422e-02 5.866318987414345654e-02
6.300000000000000000e+01 6.806583261047446931e-02 6.205861368597227062e-02
6.400000000000000000e+01 7.311365423184565393e-02 6.543007311350382271e-02
6.500000000000000000e+01 7.821585898741831300e-02 6.875285183736662420e-02
6.600000000000000000e+01 8.333261486966601905e-02 7.200338017021974679e-02
6.700000000000000000e+01 8.842078965722380279e-02 7.515864828271329179e-02
6.800000000000000000e+01 9.343445734274864745e-02 7.819463984506064280e-02
6.900000000000000000e+01 9.832576697813216748e-02 8.108506522503913794e-02
7.000000000000000000e+01 1.030459530527866596e-01 8.380167469979292461e-02
7.100000000000000000e+01 1.075461569777365345e-01 8.631642827084776148e-02
7.200000000000000000e+01 1.117779406285807631e-01 8.860441500581253682e-02
7.300000000000000000e+01 1.156937344083955321e-01 9.064567665664816087e-02
7.400000000000000000e+01 1.192476085182072598e-01 9.242466766775503384e-02
7.500000000000000000e+01 1.223964931479045032e-01 9.392771013086395615e-02
7.600000000000000000e+01 1.251015187686574381e-01 9.514035603377585248e-02
7.700000000000000000e+01 1.273289571245720952e-01 9.604684106592985271e-02
7.800000000000000000e+01 1.290505501361774443e-01 9.663244475957141755e-02
7.900000000000000000e+01 1.302435496271687476e-01 9.688743376359192083e-02
8.000000000000000000e+01 1.308910181932791128e-01 9.680991774647887405e-02
8.100000000000000000e+01 1.309826011181893513e-01 9.640549274518048217e-02
8.200000000000000000e+01 1.305153886198368307e-01 9.568373481510974998e-02
8.300000000000000000e+01 1.294942471281419483e-01 9.465391314949370138e-02
8.400000000000000000e+01 1.279313733932255504e-01 9.332298571224675876e-02
8.500000000000000000e+01 1.258454518184785043e-01 9.169739425823976442e-02
8.600000000000000000e+01 1.232610409782838035e-01 8.978741853455785016e-02
8.700000000000000000e+01 1.202084343810249506e-01 8.761088182068135777e-02
8.800000000000000000e+01 1.167236331563934332e-01 8.519332363997093871e-02
8.900000000000000000e+01 1.128478608684901907e-01 8.256421585808158825e-02
9.000000000000000000e+01 1.086264405854180659e-01 7.975164083509694857e-02
9.100000000000000000e+01 1.041074171391448838e-01 7.677898857310858083e-02
9.200000000000000000e+01 9.934046343349865749e-02 7.366579768920020199e-02
9.300000000000000000e+01 9.437623407187410718e-02 7.043188426798391299e-02
9.400000000000000000e+01 8.926585365853266507e-02 6.710154509058137429e-02
9.500000000000000000e+01 8.406014794732104278e-02 6.370460314820729220e-02
9.600000000000000000e+01 7.880857993692035046e-02 6.027337472382447020e-02
9.700000000000000000e+01 7.355821797072067958e-02 5.683756853741357001e-02
9.800000000000000000e+01 6.835305063891738975e-02 5.342055127245833035e-02
9.900000000000000000e+01 6.323363169131630823e-02 5.003935004562620747e-02
1.000000000000000000e+02 5.823678348359922347e-02 4.670805852171298900e-02
1.010000000000000000e+02 5.339517843963495491e-02 4.344196705397684877e-02
1.020000000000000000e+02 4.873691165350930998e-02 4.025940237231169505e-02
1.030000000000000000e+02 4.428531558342180957e-02 3.718006775542321424e-02
1.040000000000000000e+02 4.005909718131333425e-02 3.422121265091368492e-02
1.050000000000000000e+02 3.607261016817701199e-02 3.139439291094207884e-02
1.060000000000000000e+02 3.233602295846296770e-02 2.870498339776852634e-02
1.070000000000000000e+02 2.885535965564188857e-02 2.615455182538375251e-02
1.080000000000000000e+02 2.563262377429928116e-02 2.374425124430541711e-02
1.090000000000000000e+02 2.266619802277930473e-02 2.147688858640708215e-02
1.100000000000000000e+02 1.995146875105613393e-02 1.935648558559061039e-02
1.110000000000000000e+02 1.748142105185461481e-02 1.738599309276942645e-02
1.120000000000000000e+02 1.524700603274581172e-02 1.556500367515947086e-02
1.130000000000000000e+02 1.323732876898516507e-02 1.388909375681793290e-02
1.140000000000000000e+02 1.143988115415259244e-02 1.235112966629565469e-02
1.150000000000000000e+02 9.840975307693691776e-03 1.094351278791542807e-02
1.160000000000000000e+02 8.426307745928804036e-03 9.659851737306665923e-03
1.170000000000000000e+02 7.181439228065552086e-03 8.495146066698133422e-03
1.180000000000000000e+02 6.092045332175608993e-03 7.444687060618324775e-03
1.190000000000000000e+02 5.143989257147136770e-03 6.502692399506033311e-03
1.200000000000000000e+02 4.323390901851485724e-03 5.661696891292375758e-03
1.210000000000000000e+02 3.616810831025049806e-03 4.913047191037229686e-03
1.220000000000000000e+02 3.011512248979292088e-03 4.248056768469881533e-03
1.230000000000000000e+02 2.495667911241670252e-03 3.659015738794940426e-03
1.240000000000000000e+02 2.058420648041156802e-03 3.139483397881434167e-03
1.250000000000000000e+02 1.689824562621840970e-03 2.683856420547808038e-03
1.260000000000000000e+02 1.380769229527517008e-03 2.286667326057320940e-03
1.270000000000000000e+02 1.122963132131889457e-03 1.942143308608150661e-03
1.280000000000000000e+02 9.089688310913526543e-04 1.644272738818812994e-03
1.290000000000000000e+02 7.322263730790919177e-04 1.387242982537127082e-03
1.300000000000000000e+02 5.870154569702724706e-04 1.165899393199592432e-03
1.310000000000000000e+02 4.683623858539152788e-04 9.759340442925309306e-04
1.320000000000000000e+02 3.719371739964402214e-04 8.137459286157702667e-04
1.330000000000000000e+02 2.939796735860000050e-04 6.761319312921236675e-04
1.340000000000000000e+02 2.312581564823140592e-04 5.600338204758148215e-04
1.350000000000000000e+02 1.810364517480814129e-04 4.624746192883402176e-04
1.360000000000000000e+02 1.410267596483368707e-04 3.806645377790605542e-04
1.370000000000000000e+02 1.093255822065795110e-04 3.121545164624606140e-04
1.380000000000000000e+02 8.434733809384362244e-05 2.549163960598366165e-04
1.390000000000000000e+02 6.477090163927386765e-05 2.073056919005841574e-04
1.400000000000000000e+02 4.950275840068421422e-05 1.679472890136880596e-04
1.410000000000000000e+02 3.764965417942963929e-05 1.356210896286555391e-04
1.420000000000000000e+02 2.849187173021127929e-05 1.092037870501530959e-04
1.430000000000000000e+02 2.145397704590923859e-05 8.767339772811617404e-05
1.440000000000000000e+02 1.607598508353232135e-05 7.014372881975602036e-05
1.450000000000000000e+02 1.198939933535652015e-05 5.588816017306733904e-05
1.460000000000000000e+02 8.899844341512065849e-06 4.433157044078831448e-05
1.470000000000000000e+02 6.574638472174844036e-06 3.501579061577976982e-05
1.480000000000000000e+02 4.832496862755608181e-06 2.755912983806890035e-05
1.490000000000000000e+02 3.533718744330052275e-06 2.162852541175477037e-05
1.500000000000000000e+02 2.570966057668558065e-06 1.693027480240557822e-05
1.510000000000000000e+02 1.861535973967580170e-06 1.321308071486832216e-05
1.520000000000000000e+02 1.341642983725178109e-06 1.027256783213139165e-05
1.530000000000000000e+02 9.624258939480838725e-07 7.949797844799163631e-06
1.540000000000000000e+02 6.869697546640702548e-07 6.122957870769711895e-06
1.550000000000000000e+02 4.877753597622536219e-07 4.696222695282486212e-06
1.560000000000000000e+02 3.445038729133392269e-07 3.590534922508191835e-06
1.570000000000000000e+02 2.420909046954061249e-07 2.738681960611216354e-06
1.580000000000000000e+02 1.693324977383245007e-07 2.084062786543912449e-06
1.590000000000000000e+02 1.179102669632224026e-07 1.580919838362742434e-06
