0.000000000000000000e+00 -1.369284159640484443e-04 -8.159334509229113107e-05
1.000000000000000000e+00 9.923611171590299086e-05 5.927012247539192272e-05
2.000000000000000000e+00 9.553642723088761821e-05 6.127965167108010238e-05
3.000000000000000000e+00 1.147177946134877676e-04 7.418350325234918086e-05
4.000000000000000000e+00 1.383738654591630329e-04 8.971067334029876725e-05
5.000000000000000000e+00 1.665104168004845646e-04 1.081870853053981479e-04
6.000000000000000000e+00 1.998590076113013040e-04 1.301043008611122819e-04
7.000000000000000000e+00 2.392909306654533068e-04 1.560423888249587833e-04
8.000000000000000000e+00 2.858022674867372265e-04 1.866839636614754747e-04
9.000000000000000000e+00 3.405178662083237435e-04 2.228210959833760866e-04
1.000000000000000000e+01 4.046958163121013572e-04 2.653517670991123543e-04
1.100000000000000000e+01 4.797362083115779777e-04 3.152694765423189180e-04
1.200000000000000000e+01 5.671986538297325289e-04 3.736555493423696344e-04
1.300000000000000000e+01 6.688301031570988891e-04 4.416860589200855523e-04
1.400000000000000000e+01 7.865992314923433287e-04 5.206612384712639569e-04
1.500000000000000000e+01 9.227283066885668414e-04 6.120548039653703025e-04
1.600000000000000000e+01 1.079711174984094397e-03 7.175676897982620310e-04
1.700000000000000000e+01 1.260309411915751764e-03 8.391622407570134600e-04
1.800000000000000000e+01 1.467528048418050447e-03 9.790557453076306586e-04
1.900000000000000000e+01 1.704584398524160811e-03 1.139668760863611630e-03
2.000000000000000000e+01 1.974892160787088298e-03 1.323548798426993269e-03
2.100000000000000000e+01 2.282081437626954680e-03 1.533311248737432436e-03
2.200000000000000000e+01 2.630060500791132558e-03 1.771642634842348751e-03
2.300000000000000000e+01 3.023100978303089065e-03 2.041388313652255093e-03
2.400000000000000000e+01 3.465905835465211797e-03 2.345702770713082187e-03
2.500000000000000000e+01 3.963613124151562674e-03 2.688195123697526608e-03
2.600000000000000000e+01 4.521707437262608743e-03 3.072982103325685825e-03
2.700000000000000000e+01 5.145853018553156119e-03 3.504585927505375620e-03
2.800000000000000000e+01 5.841710535244887433e-03 3.987684494272593361e-03
2.900000000000000000e+01 6.614826680177624159e-03 4.526808075260550616e-03
3.000000000000000000e+01 7.470668257290244418e-03 5.126133239275118547e-03
3.100000000000000000e+01 8.414806004550280660e-03 5.789508580011048372e-03
3.200000000000000000e+01 9.453162800208379790e-03 6.520747033211106956e-03
3.300000000000000000e+01 1.059217309712607615e-02 7.324071754737607187e-03
3.400000000000000000e+01 1.183870265974034178e-02 8.204480123076793655e-03
3.500000000000000000e+01 1.319966955801481559e-02 9.167771882478328166e-03
3.600000000000000000e+01 1.468146129619381929e-02 1.022011152621184020e-02
3.700000000000000000e+01 1.628938555541054045e-02 1.136722660172940005e-02
3.800000000000000000e+01 1.802743410259904921e-02 1.261357437764033806e-02
3.900000000000000000e+01 1.989852700554584075e-02 1.396190412334755854e-02
4.000000000000000000e+01 2.190516359299559193e-02 1.541351412278605011e-02
4.100000000000000000e+01 2.405014885323859472e-02 1.696917497904996963e-02
4.200000000000000000e+01 2.633693757732855079e-02 1.863030732110711532e-02
4.300000000000000000e+01 2.876924949247352398e-02 2.039976898475530029e-02
4.400000000000000000e+01 3.134994946203889521e-02 2.228168921038457123e-02
4.500000000000000000e+01 3.407961300084545730e-02 2.428020564323763592e-02
4.600000000000000000e+01 3.695547650498639397e-02 2.639754483909832056e-02
4.700000000000000000e+01 3.997140236653459744e-02 2.863233783289431678e-02
4.800000000000000000e+01 4.311903575529472954e-02 3.097909751128560471e-02
4.900000000000000000e+01 4.638968246695935466e-02 3.342931024277828733e-02
5.000000000000000000e+01 4.977593893037086936e-02 3.597378937682280120e-02
5.100000000000000000e+01 5.327207393750449382e-02 3.860519519359482260e-02
5.200000000000000000e+01 5.687270183475786473e-02 4.131936528247896756e-02
5.300000000000000000e+01 6.057019337980998341e-02 4.411454237848294602e-02
5.400000000000000000e+01 6.435208317870752537e-02 4.698859858994965111e-02
5.500000000000000000e+01 6.819995527927759371e-02 4.993546041125217910e-02
5.600000000000000000e+01 7.209068605625564008e-02 5.294253910441647226e-02
5.700000000000000000e+01 7.599971920991938079e-02 5.599066945101838222e-02
5.800000000000000000e+01 7.990485776089858994e-02 5.905691240415372745e-02
5.900000000000000000e+01 8.378857136887751800e-02 6.211910841946098605e-02
6.000000000000000000e+01 8.763740509786710486e-02 6.516003099760338257e-02
6.100000000000000000e+01 9.143854605006995762e-02 6.816898432709730948e-02
6.200000000000000000e+01 9.517523404874095316e-02 7.113982562840287516e-02
6.300000000000000000e+01 9.882356874340501862e-02 7.406617798226682037e-02
6.400000000000000000e+01 1.023527629086334878e-01 7.693613722479018813e-02
6.500000000000000000e+01 1.057291548929815417e-01 7.972922514098026991e-02
6.600000000000000000e+01 1.089222073950575076e-01 8.241738386957017659e-02
6.700000000000000000e+01 1.119094530606517257e-01 8.496985658217492965e-02
6.800000000000000000e+01 1.146776859084076838e-01 8.735981330789527322e-02
6.900000000000000000e+01 1.172195817986630417e-01 8.956957987029401380e-02
7.000000000000000000e+01 1.195274296854566265e-01 9.159187705742052876e-02
7.100000000000000000e+01 1.215873985712629668e-01 9.342637023941671726e-02
7.200000000000000000e+01 1.233776833039493676e-01 9.507315275560265788e-02
7.300000000000000000e+01 1.248718746271906266e-01 9.652636276797513237e-02
7.400000000000000000e+01 1.260460254451271078e-01 9.777113939926600217e-02
7.500000000000000000e+01 1.268857445885254176e-01 9.878553244075038986e-02
7.600000000000000000e+01 1.273894805360987759e-01 9.954657373914399532e-02
7.700000000000000000e+01 1.275661219138456148e-01 1.000376839474918789e-01
7.800000000000000000e+01 1.274281231680774451e-01 1.002539225579052035e-01
7.900000000000000000e+01 1.269838807919023704e-01 1.002026152576783458e-01
8.000000000000000000e+01 1.262335829358404160e-01 9.989910395289666734e-02
8.100000000000000000e+01 1.251708694846208059e-01 9.935967437151917159e-02
8.200000000000000000e+01 1.237893967975616932e-01 9.859500362856923883e-02
8.300000000000000000e+01 1.220906490402513672e-01 9.760714420951384362e-02
8.400000000000000000e+01 1.200886370089826738e-01 9.639133165384899948e-02
8.500000000000000000e+01 1.178088506345568720e-01 9.494163559542144470e-02
8.600000000000000000e+01 1.152820100901590650e-01 9.325773779503140903e-02
8.700000000000000000e+01 1.125360296274747346e-01 9.134968872591966993e-02
8.800000000000000000e+01 1.095905597957294586e-01 8.923850946334854761e-02
8.900000000000000000e+01 1.064569583494591187e-01 8.695244711156005502e-02
9.000000000000000000e+01 1.031434361884784601e-01 8.452063949264387865e-02
9.100000000000000000e+01 9.966224298642097079e-02 8.196702018802602685e-02
9.200000000000000000e+01 9.603473201397894066e-02 7.930706391949576828e-02
9.300000000000000000e+01 9.229147153306173357e-02 7.654860971083134180e-02
9.400000000000000000e+01 8.846741034330690701e-02 7.369616248984292572e-02
9.500000000000000000e+01 8.459483642945397897e-02 7.075658088025080228e-02
9.600000000000000000e+01 8.069798672875637402e-02 6.774353686467793345e-02
9.700000000000000000e+01 7.679209109854998050e-02 6.467876961883106679e-02
9.800000000000000000e+01 7.288703893355723273e-02 6.158963511599735430e-02
9.900000000000000000e+01 6.899328533686356624e-02 5.850409951435325828e-02
1.000000000000000000e+02 6.512652892517573067e-02 5.544540737486911008e-02
1.010000000000000000e+02 6.130860468984013906e-02 5.242871936296453206e-02
1.020000000000000000e+02 5.756428817054300845e-02 4.946106898077058667e-02
1.030000000000000000e+02 5.391597252467714152e-02 4.654448351409693624e-02
1.040000000000000000e+02 5.037922696197098815e-02 4.368072701527161289e-02
1.050000000000000000e+02 4.696157312619200080e-02 4.087546346940778424e-02
1.060000000000000000e+02 4.366489414916167877e-02 3.813998772457530273e-02
1.070000000000000000e+02 4.048987439169353386e-02 3.548984989697171605e-02
1.080000000000000000e+02 3.743989960553009699e-02 3.294114047839202808e-02
1.090000000000000000e+02 3.452237714519953288e-02 3.050623172463654692e-02
1.100000000000000000e+02 3.174702312438851953e-02 2.819092946542764780e-02
1.110000000000000000e+02 2.912233964421427276e-02 2.599424800594012097e-02
1.120000000000000000e+02 2.665236708190856646e-02 2.391076358648321076e-02
1.130000000000000000e+02 2.433546129070380398e-02 2.193433121399091315e-02
1.140000000000000000e+02 2.216559755885379526e-02 2.006140484654127254e-02
1.150000000000000000e+02 2.013530087913767072e-02 1.829250767584471304e-02
1.160000000000000000e+02 1.823853066238936838e-02 1.663136460510893783e-02
1.170000000000000000e+02 1.647206329210556403e-02 1.508232924489802916e-02
1.180000000000000000e+02 1.483488093359820389e-02 1.364746915744526404e-02
1.190000000000000000e+02 1.332617659042261045e-02 1.232470550931904010e-02
1.200000000000000000e+02 1.194322848274240526e-02 1.110778582152132515e-02
1.210000000000000000e+02 1.068030796145546212e-02 9.987948077834155752e-03
1.220000000000000000e+02 9.529100574413319411e-03 8.956368016477202557e-03
1.230000000000000000e+02 8.480269181438992651e-03 8.006215676383033469e-03
1.240000000000000000e+02 7.525242553899742608e-03 7.133460098177986028e-03
1.250000000000000000e+02 6.657323392973336744e-03 6.336241652544242001e-03
1.260000000000000000e+02 5.871689678372107868e-03 5.613312071440248324e-03
1.270000000000000000e+02 5.164487187654563487e-03 4.962401292785616029e-03
1.280000000000000000e+02 4.531634609070951322e-03 4.379283653921368751e-03
1.290000000000000000e+02 3.968005274196873683e-03 3.857885571044267561e-03
1.300000000000000000e+02 3.467351443971685397e-03 3.391248832189074948e-03
1.310000000000000000e+02 3.022901766638284686e-03 2.972796569732043433e-03
1.320000000000000000e+02 2.628233098276866898e-03 2.597292539281809923e-03
1.330000000000000000e+02 2.277946854280454413e-03 2.261120014665902317e-03
1.340000000000000000e+02 1.967859562059108211e-03 1.961877522734679219e-03
1.350000000000000000e+02 1.694708953265473350e-03 1.697597850423688843e-03
1.360000000000000000e+02 1.455611830575362494e-03 1.466011356918807147e-03
1.370000000000000000e+02 1.247583310291012961e-03 1.264177180547297608e-03
1.380000000000000000e+02 1.067335383431854178e-03 1.088579364307114749e-03
1.390000000000000000e+02 9.113928914841952934e-04 9.355557293972745908e-04
1.400000000000000000e+02 7.764020263677790922e-04 8.018011000641667944e-04
1.410000000000000000e+02 6.594378457778098980e-04 6.847027944845497953e-04
1.420000000000000000e+02 5.581583031039477616e-04 5.823903619301066658e-04
1.430000000000000000e+02 4.707590654171563485e-04 4.935339896668420679e-04
1.440000000000000000e+02 3.957883770880283908e-04 4.170305054498411445e-04
1.450000000000000000e+02 3.319338473104472501e-04 3.517353496384560923e-04
1.460000000000000000e+02 2.778805260066255609e-04 2.963433938179539065e-04
1.470000000000000000e+02 2.322831150401122140e-04 2.494324283681064011e-04
1.480000000000000000e+02 1.938314805462470493e-04 2.096077827216674835e-04
1.490000000000000000e+02 1.613498282202358318e-04 1.756558929773078593e-04
1.500000000000000000e+02 1.338689276467355360e-04 1.466326255293485083e-04
1.510000000000000000e+02 1.106389593387900551e-04 1.218592483601154325e-04
1.520000000000000000e+02 9.108689483224258025e-05 1.008465662544912977e-04
1.530000000000000000e+02 7.474730708459120267e-05 8.319425619431328525e-05
1.540000000000000000e+02 6.120047163555984064e-05 6.851148025590117745e-05
1.550000000000000000e+02 5.003966603065146775e-05 5.638396413754888316e-05
1.560000000000000000e+02 4.087071069762694247e-05 4.638620345450500599e-05
1.570000000000000000e+02 3.333154472303600211e-05 3.811840813684843124e-05
1.580000000000000000e+02 2.711415164711023878e-05 3.124275051267899194e-05
1.590000000000000000e+02 2.197538657037164577e-05 2.550102529965768875e-05
