0.000000000000000000e+00 -2.904662211320524956e-05 -2.343228105091667507e-04
1.000000000000000000e+00 1.449528873540321760e-05 1.797188565926386610e-04
2.000000000000000000e+00 1.568069613939338934e-05 1.601510871706045887e-04
3.000000000000000000e+00 1.583291774096287914e-05 1.868679034202784853e-04
4.000000000000000000e+00 1.516725731096320518e-05 2.219513602831757059e-04
5.000000000000000000e+00 1.434630436876338076e-05 2.634164903920389205e-04
6.000000000000000000e+00 1.431587220967310395e-05 3.119416295425414022e-04
7.000000000000000000e+00 1.603140622355116494e-05 3.685621936297150307e-04
8.000000000000000000e+00 2.011709596794998084e-05 4.344742530258978832e-04
9.000000000000000000e+00 2.655718759053759626e-05 5.110187285904848383e-04
1.000000000000000000e+01 3.454154797365020010e-05 5.996819906380039403e-04
1.100000000000000000e+01 4.257614455939264810e-05 7.021006412221233485e-04
1.200000000000000000e+01 4.889706999109797619e-05 8.200738878243078256e-04
1.300000000000000000e+01 5.209913242821129757e-05 9.555863897072391575e-04
1.400000000000000000e+01 5.176417636534635979e-05 1.110839557596759748e-03
1.500000000000000000e+01 4.882904943981401460e-05 1.288283176930935924e-03
1.600000000000000000e+01 4.550600749675818625e-05 1.490635317569171184e-03
1.700000000000000000e+01 4.472315099274158320e-05 1.720880077775260560e-03
1.800000000000000000e+01 4.921430385531928994e-05 1.982241182775558615e-03
1.900000000000000000e+01 6.050692553886800559e-05 2.278142555715317007e-03
2.000000000000000000e+01 7.812713096664659126e-05 2.612178439406649243e-03
2.100000000000000000e+01 9.935475677830430004e-05 2.988117549538696870e-03
2.200000000000000000e+01 1.197693795032899432e-04 3.409953160915079294e-03
2.300000000000000000e+01 1.345814049103065283e-04 3.881986375747244113e-03
2.400000000000000000e+01 1.403888546851394191e-04 4.408903647740064317e-03
2.500000000000000000e+01 1.367164078357462368e-04 4.995796851640705270e-03
2.600000000000000000e+01 1.266739232046400665e-04 5.648087107620434685e-03
2.700000000000000000e+01 1.163657264955951428e-04 6.371354038548784036e-03
2.800000000000000000e+01 1.131405073193947499e-04 7.171126076938944688e-03
2.900000000000000000e+01 1.231759042698550122e-04 8.052726746113736400e-03
3.000000000000000000e+01 1.491223076892977733e-04 9.021267106903707589e-03
3.100000000000000000e+01 1.885915623869349246e-04 1.008181419950869920e-02
3.200000000000000000e+01 2.341707307917302062e-04 1.123966856188395383e-02
3.300000000000000000e+01 2.752892498502746517e-04 1.250059698650294107e-02
3.400000000000000000e+01 3.016242578066385700e-04 1.387084260349447790e-02
3.500000000000000000e+01 3.069801408042224940e-04 1.535680579385169733e-02
3.600000000000000000e+01 2.921419751548409846e-04 1.696444474296845625e-02
3.700000000000000000e+01 2.654306321056318189e-04 1.869861862279991599e-02
3.800000000000000000e+01 2.405372087872951017e-04 2.056269071258240780e-02
3.900000000000000000e+01 2.322470622814929656e-04 2.255864265683739378e-02
4.000000000000000000e+01 2.513983634351659759e-04 2.468772070458330470e-02
4.100000000000000000e+01 3.006727341691972622e-04 2.695133495497551920e-02
4.200000000000000000e+01 3.726710535662208865e-04 2.935171935987127348e-02
4.300000000000000000e+01 4.512484854266564588e-04 3.189187401444861653e-02
4.400000000000000000e+01 5.161909172348409531e-04 3.457459967411012636e-02
4.500000000000000000e+01 5.500522321799008324e-04 3.740090421491681222e-02
4.600000000000000000e+01 5.448057051621660579e-04 4.036848737676503041e-02
4.700000000000000000e+01 5.056371905491512976e-04 4.347113066505442491e-02
4.800000000000000000e+01 4.501357726368935912e-04 4.669948885271507644e-02
4.900000000000000000e+01 4.029397101545950134e-04 5.004309566525660946e-02
5.000000000000000000e+01 3.876307740326860639e-04 5.349268525311136335e-02
5.100000000000000000e+01 4.185704181758046925e-04 5.704158800097705595e-02
5.200000000000000000e+01 4.953197433778110548e-04 6.068523970003834866e-02
5.300000000000000000e+01 6.015885200712010709e-04 6.441871215466654643e-02
5.400000000000000000e+01 7.095123600522050978e-04 6.823326711188337779e-02
5.500000000000000000e+01 7.884473794947677045e-04 7.211367767137254192e-02
5.600000000000000000e+01 8.156375525027944077e-04 7.603794856450038497e-02
5.700000000000000000e+01 7.848754472400919485e-04 7.998000574111802097e-02
5.800000000000000000e+01 7.096051942234770163e-04 8.391437743120558346e-02
5.900000000000000000e+01 6.189875430413922233e-04 8.782066126615462043e-02
6.000000000000000000e+01 5.482719760687003886e-04 9.168538284088012524e-02
6.100000000000000000e+01 5.269297840834611182e-04 9.549993790140573480e-02
6.200000000000000000e+01 5.685576165993703286e-04 9.925526892564404124e-02
6.300000000000000000e+01 6.657682422869649723e-04 1.029358196643347656e-01
6.400000000000000000e+01 7.917935887556339265e-04 1.065160629114804969e-01
6.500000000000000000e+01 9.086838767693710545e-04 1.099618993864278776e-01
6.600000000000000000e+01 9.798803424002967312e-04 1.132368173473417144e-01
6.700000000000000000e+01 9.830301422495443635e-04 1.163100985664435455e-01
6.800000000000000000e+01 9.182455965349928858e-04 1.191629857802693343e-01
6.900000000000000000e+01 8.084319107946481148e-04 1.217894290382403877e-01
7.000000000000000000e+01 6.914500796906515676e-04 1.241906053089236045e-01
7.100000000000000000e+01 6.071437815306676396e-04 1.263656739741189639e-01
7.200000000000000000e+01 5.839817507415710329e-04 1.283035003262831264e-01
7.300000000000000000e+01 6.297460423367125162e-04 1.299799714045803412e-01
7.400000000000000000e+01 7.290311351192955199e-04 1.313628471210833704e-01
7.500000000000000000e+01 8.482366883015215065e-04 1.324221335802207855e-01
7.600000000000000000e+01 9.466379638612142143e-04 1.331408713990832049e-01
7.700000000000000000e+01 9.901354471813755397e-04 1.335207248677058589e-01
7.800000000000000000e+01 9.629761586295198291e-04 1.335791976027798644e-01
7.900000000000000000e+01 8.730535752749160735e-04 1.333395381771968757e-01
8.000000000000000000e+01 7.487289360060679459e-04 1.328183236108200493e-01
8.100000000000000000e+01 6.285471545407041519e-04 1.320172007427562744e-01
8.200000000000000000e+01 5.479457649536859922e-04 1.309233218443878466e-01
8.300000000000000000e+01 5.277656314516187760e-04 1.295184971830221632e-01
8.400000000000000000e+01 5.681475324013868320e-04 1.277924229448568483e-01
8.500000000000000000e+01 6.492961616492067684e-04 1.257530953702816756e-01
8.600000000000000000e+01 7.385440489320327373e-04 1.234288932459064320e-01
8.700000000000000000e+01 8.014363237928523280e-04 1.208610646076833939e-01
8.800000000000000000e+01 8.132689350477636300e-04 1.180903190209227904e-01
8.900000000000000000e+01 7.671058076336845612e-04 1.151443618507719674e-01
9.000000000000000000e+01 6.753748106295700496e-04 1.120327957190649093e-01
9.100000000000000000e+01 5.646136326260719129e-04 1.087519516342948522e-01
9.200000000000000000e+01 4.656812830772771839e-04 1.052969496422210410e-01
9.300000000000000000e+01 4.033181136353463075e-04 1.016745274029560442e-01
9.400000000000000000e+01 3.886712855314942202e-04 9.790991371657506437e-02
9.500000000000000000e+01 4.168282314700602967e-04 9.404425563523519105e-02
9.600000000000000000e+01 4.695576499193895772e-04 9.012402795980965775e-02
9.700000000000000000e+01 5.220066601949441666e-04 8.618793208577799070e-02
9.800000000000000000e+01 5.511300795682091622e-04 8.225797390232851558e-02
9.900000000000000000e+01 5.431278540495893155e-04 7.833908852721103988e-02
1.000000000000000000e+02 4.973994711416827820e-04 7.442710057594387196e-02
1.010000000000000000e+02 4.257293231454445555e-04 7.052049566779394763e-02
1.020000000000000000e+02 3.472765626851677606e-04 6.662975528247924717e-02
1.030000000000000000e+02 2.815549665804671360e-04 6.277962100146552982e-02
1.040000000000000000e+02 2.421099985693365487e-04 5.900351181161047481e-02
1.050000000000000000e+02 2.329123930007434616e-04 5.533331253440786773e-02
1.060000000000000000e+02 2.481943465499369971e-04 5.178990393074957288e-02
1.070000000000000000e+02 2.752812494634189933e-04 4.837913505614997722e-02
1.080000000000000000e+02 2.992396720024220508e-04 4.509489392841052602e-02
1.090000000000000000e+02 3.078158329634790276e-04 4.192720585136803374e-02
1.100000000000000000e+02 2.951164392086628183e-04 3.887090170207177509e-02
1.110000000000000000e+02 2.628845230347751170e-04 3.593050885828854429e-02
1.120000000000000000e+02 2.190837723402885829e-04 3.311931338381946671e-02
1.130000000000000000e+02 1.745373403381214540e-04 3.045361943448549741e-02
1.140000000000000000e+02 1.390523363744401524e-04 2.794549921789328539e-02
1.150000000000000000e+02 1.184523427156600336e-04 2.559777134760413825e-02
1.160000000000000000e+02 1.133428953882466739e-04 2.340350146723896296e-02
1.170000000000000000e+02 1.196749171425375268e-04 2.134984842008052705e-02
1.180000000000000000e+02 1.306198721227390478e-04 1.942393226122483829e-02
1.190000000000000000e+02 1.390211812809606163e-04 1.761766401235080257e-02
1.200000000000000000e+02 1.396487436896835951e-04 1.592936551570723128e-02
1.210000000000000000e+02 1.305954624723623051e-04 1.436184687781049026e-02
1.220000000000000000e+02 1.134393938163377855e-04 1.291835655486595416e-02
1.230000000000000000e+02 9.223369796049482930e-05 1.159865624524219867e-02
1.240000000000000000e+02 7.181742326983834830e-05 1.039712557039642986e-02
1.250000000000000000e+02 5.614186630090696944e-05 9.303574384569055639e-03
1.260000000000000000e+02 4.718438941964053725e-05 8.306031834409241532e-03
1.270000000000000000e+02 4.468636270226034155e-05 7.393920384813980166e-03
1.280000000000000000e+02 4.661756531549200705e-05 6.560074168491749139e-03
1.290000000000000000e+02 5.007782477382835096e-05 5.800856378141620515e-03
1.300000000000000000e+02 5.230169339376747225e-05 5.114649071727137009e-03
1.310000000000000000e+02 5.146980649109892465e-05 4.499704493998217536e-03
1.320000000000000000e+02 4.711446889395021410e-05 3.952481784530514214e-03
1.330000000000000000e+02 4.003939099394336572e-05 3.467180724229328246e-03
1.340000000000000000e+02 3.183983388263424000e-05 3.036500273325431435e-03
1.350000000000000000e+02 2.424625627811488081e-05 2.653061877133322533e-03
1.360000000000000000e+02 1.855002815277650380e-05 2.310719694632032591e-03
1.370000000000000000e+02 1.528978583208258146e-05 2.005176389149619653e-03
1.380000000000000000e+02 1.424020919035022200e-05 1.733757743908828468e-03
1.390000000000000000e+02 1.463169029350298115e-05 1.494614394662668877e-03
1.400000000000000000e+02 1.548065314744034220e-05 1.285826199205726030e-03
1.410000000000000000e+02 1.591506816472972610e-05 1.104834231801563905e-03
1.420000000000000000e+02 1.540793144775089613e-05 9.483908242860147886e-04
1.430000000000000000e+02 1.386768371742388020e-05 8.129407926830512030e-04
1.440000000000000000e+02 1.157887008948763309e-05 6.951648107166460110e-04
1.450000000000000000e+02 9.034376679284381208e-06 5.923979160856208135e-04
1.460000000000000000e+02 6.734085745120541147e-06 5.027567291818292117e-04
1.470000000000000000e+02 5.025527785306666467e-06 4.249789206100581932e-04
1.480000000000000000e+02 4.030738490706793807e-06 3.581066794606720420e-04
1.490000000000000000e+02 3.660855573986408044e-06 3.011848682345501954e-04
1.500000000000000000e+02 3.689601186612925394e-06 2.530986554765346985e-04
1.510000000000000000e+02 3.847980374720295223e-06 2.125843983477464813e-04
1.520000000000000000e+02 3.908986121506803658e-06 1.783619840004136033e-04
1.530000000000000000e+02 3.742332701741797234e-06 1.492947454974161159e-04
1.540000000000000000e+02 3.330268432734446974e-06 1.244942202326567685e-04
1.550000000000000000e+02 2.746614193410823068e-06 1.033331406718856202e-04
1.560000000000000000e+02 2.111869013540353012e-06 8.538051578758664481e-05
1.570000000000000000e+02 1.543669255574464418e-06 7.030340058440846611e-05
1.580000000000000000e+02 1.120317887020631685e-06 5.778294091956445451e-05
1.590000000000000000e+02 8.663636415791649281e-07 4.747382338377678683e-05
