0.000000000000000000e+00 -1.450958042120669211e-05 -6.125168378245863086e-09
1.000000000000000000e+00 2.963354049059896181e-05 9.104305449981883673e-09
2.000000000000000000e+00 2.859917114616912438e-05 1.345816413663883845e-08
3.000000000000000000e+00 3.442359224717748023e-05 2.068167550231883901e-08
4.000000000000000000e+00 4.235824774131860624e-05 3.160105860690824358e-08
5.000000000000000000e+00 5.215663457623496329e-05 4.797981735983719316e-08
6.000000000000000000e+00 6.407773388390644803e-05 7.238611698138819604e-08
7.000000000000000000e+00 7.851462047670343771e-05 1.085181328448621822e-07
8.000000000000000000e+00 9.594466307264636539e-05 1.616632734367712629e-07
9.000000000000000000e+00 1.169275099440660731e-04 2.393284467652304631e-07
1.000000000000000000e+01 1.421123368281353540e-04 3.520977517236348887e-07
1.100000000000000000e+01 1.722482327803417229e-04 5.147903206811879878e-07
1.200000000000000000e+01 2.081972837369421437e-04 7.480113417828163420e-07
1.300000000000000000e+01 2.509504945611516899e-04 1.080212785858424641e-06
1.400000000000000000e+01 3.016459461537397907e-04 1.550410027668849895e-06
1.500000000000000000e+01 3.615876556446833128e-04 2.211734103851500279e-06
1.600000000000000000e+01 4.322632358318609347e-04 3.136039175798817755e-06
1.700000000000000000e+01 5.153590888781684528e-04 4.419829847676122001e-06
1.800000000000000000e+01 6.127734530631100823e-04 6.191823376051796743e-06
1.900000000000000000e+01 7.266294441756089573e-04 8.622517192596466763e-06
2.000000000000000000e+01 8.592912104780547813e-04 1.193619081522142076e-05
2.100000000000000000e+01 1.013385542466104048e-03 1.642583236419178564e-05
2.200000000000000000e+01 1.191828648350510894e-03 2.247153984732882257e-05
2.300000000000000000e+01 1.397854330550652845e-03 3.056300320890367495e-05
2.400000000000000000e+01 1.635037303061950094e-03 4.132672066500036944e-05
2.500000000000000000e+01 1.907305644494509825e-03 5.555863724049351260e-05
2.600000000000000000e+01 2.218940019487285892e-03 7.426290619033684118e-05
2.700000000000000000e+01 2.574563106500059838e-03 9.869746049557669588e-05
2.800000000000000000e+01 2.979127798506332921e-03 1.304270295714384680e-04
2.900000000000000000e+01 3.437913961540079669e-03 1.713841405674699201e-04
3.000000000000000000e+01 3.956538997459380612e-03 2.239384916106730377e-04
3.100000000000000000e+01 4.540978118239523409e-03 2.909748689643919207e-04
3.200000000000000000e+01 5.197580096198867704e-03 3.759794893688381224e-04
3.300000000000000000e+01 5.933058977820025205e-03 4.831342777246913070e-04
3.400000000000000000e+01 6.754446413937037312e-03 6.174181316883998799e-04
3.500000000000000000e+01 7.669003340601736676e-03 7.847136752690171690e-04
3.600000000000000000e+01 8.684108566610258123e-03 9.919173644497702048e-04
3.700000000000000000e+01 9.807155869291624486e-03 1.247050088463009252e-03
3.800000000000000000e+01 1.104549071875490784e-02 1.559364627707692397e-03
3.900000000000000000e+01 1.240639832359446103e-02 1.939445500924054985e-03
4.000000000000000000e+01 1.389712176775415205e-02 2.399295870191428537e-03
4.100000000000000000e+01 1.552485829058878296e-02 2.952405300822332716e-03
4.200000000000000000e+01 1.729667313560773537e-02 3.613791369635735960e-03
4.300000000000000000e+01 1.921929667137047687e-02 4.400007480378760258e-03
4.400000000000000000e+01 2.129882680297333353e-02 5.329108822952156009e-03
4.500000000000000000e+01 2.354041969793930697e-02 6.420568153909638268e-03
4.600000000000000000e+01 2.594808080399170491e-02 7.695132963687061935e-03
4.700000000000000000e+01 2.852463631077909248e-02 9.174615861149619175e-03
4.800000000000000000e+01 3.127187354082946319e-02 1.088161103280530992e-02
4.900000000000000000e+01 3.419072789916134669e-02 1.283913147605868221e-02
5.000000000000000000e+01 3.728133034663437539e-02 1.507016379302258784e-02
5.100000000000000000e+01 4.054276818509632702e-02 1.759713911941915634e-02
5.200000000000000000e+01 4.397255731732756245e-02 2.044132086690304134e-02
5.300000000000000000e+01 4.756601190417364400e-02 2.362211393277821592e-02
5.400000000000000000e+01 5.131581771906893602e-02 2.715630613105560545e-02
5.500000000000000000e+01 5.521207190758515432e-02 3.105725818201472005e-02
5.600000000000000000e+01 5.924282924364054903e-02 3.533406073076063997e-02
5.700000000000000000e+01 6.339489359385486189e-02 3.999067727127850191e-02
5.800000000000000000e+01 6.765439131851078147e-02 4.502509661875438163e-02
5.900000000000000000e+01 7.200671501404874719e-02 5.042852957364766381e-02
6.000000000000000000e+01 7.643575358184526158e-02 5.618469281811216964e-02
6.100000000000000000e+01 8.092277593831373461e-02 6.226921810280689612e-02
6.200000000000000000e+01 8.544564585310727989e-02 6.864921119770185653e-02
6.300000000000000000e+01 8.997898442931565044e-02 7.528298309175258940e-02
6.400000000000000000e+01 9.449542941346955605e-02 8.211999377458643889e-02
6.500000000000000000e+01 9.896749249649965108e-02 8.910106211685880906e-02
6.600000000000000000e+01 1.033690736445472824e-01 9.615887240054329932e-02
6.700000000000000000e+01 1.076757729949341380e-01 1.032187608688496933e-01
6.800000000000000000e+01 1.118637758284673628e-01 1.101997490741876834e-01
6.900000000000000000e+01 1.159079556093384478e-01 1.170158290326474837e-01
7.000000000000000000e+01 1.197804279043750558e-01 1.235775394858457388e-01
7.100000000000000000e+01 1.234506798026089452e-01 1.297938270550688111e-01
7.200000000000000000e+01 1.268875674237632256e-01 1.355740871108694345e-01
7.300000000000000000e+01 1.300623546283199983e-01 1.408302488471869784e-01
7.400000000000000000e+01 1.329512349461668685e-01 1.454788597191818411e-01
7.500000000000000000e+01 1.355359365466389798e-01 1.494432139450164732e-01
7.600000000000000000e+01 1.378020446493367912e-01 1.526555069276696874e-01
7.700000000000000000e+01 1.397360267935111866e-01 1.550588347089599250e-01
7.800000000000000000e+01 1.413228057527754489e-01 1.566088209621997185e-01
7.900000000000000000e+01 1.425455167051778715e-01 1.572748310770915037e-01
8.000000000000000000e+01 1.433878534905296820e-01 1.570409062991399152e-01
8.100000000000000000e+01 1.438378476484373503e-01 1.559064717552394175e-01
8.200000000000000000e+01 1.438909804805824921e-01 1.538866349748524986e-01
8.300000000000000000e+01 1.435508115260644146e-01 1.510118478657517249e-01
8.400000000000000000e+01 1.428266944878983091e-01 1.473269709539722361e-01
8.500000000000000000e+01 1.417298459397274280e-01 1.428900262081371220e-01
8.600000000000000000e+01 1.402700213151090169e-01 1.377708151841267048e-01
8.700000000000000000e+01 1.384547163055871999e-01 1.320492623629520301e-01
8.800000000000000000e+01 1.362913209334876141e-01 1.258132819656083146e-01
8.900000000000000000e+01 1.337908947904002666e-01 1.191562827027936450e-01
9.000000000000000000e+01 1.309712647710182254e-01 1.121746998481869956e-01
9.100000000000000000e+01 1.278575435704075725e-01 1.049657935115721891e-01
9.200000000000000000e+01 1.244796751379796673e-01 9.762557924629547412e-02
9.300000000000000000e+01 1.208683276671365381e-01 9.024667810139513913e-02
9.400000000000000000e+01 1.170513657434817667e-01 8.291618940962400264e-02
9.500000000000000000e+01 1.130527219248279591e-01 7.571394541765744113e-02
9.600000000000000000e+01 1.088940337255331764e-01 6.871133547947867737e-02
9.700000000000000000e+01 1.045978115321391511e-01 6.197052058096180760e-02
9.800000000000000000e+01 1.001901006890816015e-01 5.554378530004051157e-02
9.900000000000000000e+01 9.570101366838493218e-02 4.947305597691920021e-02
1.000000000000000000e+02 9.116281866463664396e-02 4.378982776388800485e-02
1.010000000000000000e+02 8.660667141236903788e-02 3.851559214708791951e-02
1.020000000000000000e+02 8.205976465924628982e-02 3.366256142140833935e-02
1.030000000000000000e+02 7.754430347139684709e-02 2.923444125830476983e-02
1.040000000000000000e+02 7.307858700345758185e-02 2.522722932235431717e-02
1.050000000000000000e+02 6.867930056689303120e-02 2.163018147339705946e-02
1.060000000000000000e+02 6.436356699721101915e-02 1.842698296716390599e-02
1.070000000000000000e+02 6.014961361097154874e-02 1.559696677015041250e-02
1.080000000000000000e+02 5.605580878163907155e-02 1.311620410806008628e-02
1.090000000000000000e+02 5.209874763539922016e-02 1.095845082533384272e-02
1.100000000000000000e+02 4.829150921182537304e-02 9.096041853375515240e-03
1.110000000000000000e+02 4.464298283904098025e-02 7.500766510685520638e-03
1.120000000000000000e+02 4.115847943673460463e-02 6.144647411538280493e-03
1.130000000000000000e+02 3.784114315392795441e-02 5.000541347660715161e-03
1.140000000000000000e+02 3.469334343015471889e-02 4.042570596743293339e-03
1.150000000000000000e+02 3.171737661096404870e-02 3.246451311084207897e-03
1.160000000000000000e+02 2.891527956272392855e-02 2.589754751828656290e-03
1.170000000000000000e+02 2.628805394552333197e-02 2.052082332554897894e-03
1.180000000000000000e+02 2.383485649481114146e-02 1.615132158608043825e-03
1.190000000000000000e+02 2.155263401846402305e-02 1.262673986044507510e-03
1.200000000000000000e+02 1.943637127855279631e-02 9.804729740372699221e-04
1.210000000000000000e+02 1.747978195279949881e-02 7.561876053428687834e-04
1.220000000000000000e+02 1.567608637960348286e-02 5.792428728869694057e-04
1.230000000000000000e+02 1.401854625471978671e-02 4.406761843257867104e-04
1.240000000000000000e+02 1.250060769199808422e-02 3.329657794941764623e-04
1.250000000000000000e+02 1.111572005927311500e-02 2.498581608616592172e-04
1.260000000000000000e+02 9.857036953377593461e-03 1.862048246109943776e-04
1.270000000000000000e+02 8.717215647877613049e-03 1.378096533059529772e-04
1.280000000000000000e+02 7.688435091238380974e-03 1.012860405877037765e-04
1.290000000000000000e+02 6.762620499165733490e-03 7.392545740055831436e-05
1.300000000000000000e+02 5.931765295369546831e-03 5.358051645744194241e-05
1.310000000000000000e+02 5.188214904305553203e-03 3.856380680580340990e-05
1.320000000000000000e+02 4.524817537144276529e-03 2.756146751326896227e-05
1.330000000000000000e+02 3.934922586101547055e-03 1.955976513232269377e-05
1.340000000000000000e+02 3.412276599382914506e-03 1.378336888068900012e-05
1.350000000000000000e+02 2.950899541111698301e-03 9.644312538105645008e-06
1.360000000000000000e+02 2.545012679726423293e-03 6.700476521117613392e-06
1.370000000000000000e+02 2.189048518700222826e-03 4.622233013664487801e-06
1.380000000000000000e+02 1.877727124209328411e-03 3.165922849208201361e-06
1.390000000000000000e+02 1.606153282361986578e-03 2.152977930324306212e-06
1.400000000000000000e+02 1.369885462144608329e-03 1.453648456376635908e-06
1.410000000000000000e+02 1.164947672834722777e-03 9.744405475908774337e-07
1.420000000000000000e+02 9.877856452651940632e-04 6.485267168068494360e-07
1.430000000000000000e+02 8.351931053288066823e-04 4.285227201220005329e-07
1.440000000000000000e+02 7.042417374265597932e-04 2.811118322332014406e-07
1.450000000000000000e+02 5.922392123357762871e-04 1.830727058442282916e-07
1.460000000000000000e+02 4.967209799405325563e-04 1.183579738522777767e-07
1.470000000000000000e+02 4.154639461525040851e-04 7.596437011298251865e-08
1.480000000000000000e+02 3.465018357750103244e-04 4.840317189166799523e-08
1.490000000000000000e+02 2.881253221904584729e-04 3.061822895112296978e-08
1.500000000000000000e+02 2.388610353135097006e-04 1.922619827726932650e-08
1.510000000000000000e+02 1.974352691503718129e-04 1.198350249610660499e-08
1.520000000000000000e+02 1.627346237222823634e-04 7.414142487469726810e-09
1.530000000000000000e+02 1.337749253375047508e-04 4.553711942297271581e-09
1.540000000000000000e+02 1.096836242718575422e-04 2.776611450935869702e-09
1.550000000000000000e+02 8.969362739480168923e-05 1.680603514335008424e-09
1.560000000000000000e+02 7.314197379785066172e-05 1.009587304295940584e-09
1.570000000000000000e+02 5.946653854705950994e-05 6.019108203074549434e-10
1.580000000000000000e+02 4.819714188104642791e-05 3.562026581926238347e-10
1.590000000000000000e+02 3.894160813403568810e-05 2.092759582949186132e-10
