0.000000000000000000e+00 -1.177072895150386634e-06 -2.020618113256762508e-06
1.000000000000000000e+00 1.902686106947257071e-06 5.281921561613901484e-06
2.000000000000000000e+00 2.135388810050516393e-06 5.640269374585561599e-06
3.000000000000000000e+00 2.784889288821225027e-06 7.142153696387180190e-06
4.000000000000000000e+00 3.651258137081997618e-06 9.145675601313360962e-06
5.000000000000000000e+00 4.773913330273634854e-06 1.169442681478158384e-05
6.000000000000000000e+00 6.220178583168197971e-06 1.490944315342200121e-05
7.000000000000000000e+00 8.076048911344350576e-06 1.894823278349504431e-05
8.000000000000000000e+00 1.044869079157204853e-05 2.400421381482027602e-05
9.000000000000000000e+00 1.347079677314084961e-05 3.031223602688871470e-05
1.000000000000000000e+01 1.730592553363270985e-05 3.815602133309416426e-05
1.100000000000000000e+01 2.215483040009959942e-05 4.787690243793422235e-05
1.200000000000000000e+01 2.826288657998233606e-05 5.988381854274878191e-05
1.300000000000000000e+01 3.592873463813009248e-05 7.466466689974515997e-05
1.400000000000000000e+01 4.551425396757489413e-05 9.279916957678196869e-05
1.500000000000000000e+01 5.745598977747613649e-05 1.149734326218269920e-04
1.600000000000000000e+01 7.227818424391640323e-05 1.419963335647966612e-04
1.700000000000000000e+01 9.060758730681126526e-05 1.748177710332830814e-04
1.800000000000000000e+01 1.131902140278069982e-04 2.145486901373918210e-04
1.900000000000000000e+01 1.409101480462773360e-04 2.624827347735010207e-04
2.000000000000000000e+01 1.748103830460341699e-04 3.201194393359350389e-04
2.100000000000000000e+01 2.161156074468560402e-04 3.891890402300793219e-04
2.200000000000000000e+01 2.662568424616699038e-04 4.716791445253675527e-04
2.300000000000000000e+01 3.268979486442333553e-04 5.698634418808542698e-04
2.400000000000000000e+01 3.999641176161095003e-04 6.863322581379415789e-04
2.500000000000000000e+01 4.876723902242321345e-04 8.240241070438084113e-04
2.600000000000000000e+01 5.925638773143411270e-04 9.862568561139815979e-04
2.700000000000000000e+01 7.175368146854028614e-04 1.176757148441719917e-03
2.800000000000000000e+01 8.658792102090238614e-04 1.399687534113920996e-03
2.900000000000000000e+01 1.041300015334115916e-03 1.659671991530977482e-03
3.000000000000000000e+01 1.247958504982817898e-03 1.961821199956660915e-03
3.100000000000000000e+01 1.490492321490531191e-03 2.311758025599120175e-03
3.200000000000000000e+01 1.774044517751199781e-03 2.715641039397270144e-03
3.300000000000000000e+01 2.104288381068868032e-03 3.180180822784890032e-03
3.400000000000000000e+01 2.487446449088021472e-03 3.712642802433507166e-03
3.500000000000000000e+01 2.930298749239116079e-03 4.320833311353661221e-03
3.600000000000000000e+01 3.440176728986268136e-03 5.013071862133368188e-03
3.700000000000000000e+01 4.024943608389484201e-03 5.798158258987719596e-03
3.800000000000000000e+01 4.692966179945121108e-03 6.685342740442490675e-03
3.900000000000000000e+01 5.453083112117583509e-03 7.684298187971804785e-03
4.000000000000000000e+01 6.314568334595292015e-03 8.805079568691609807e-03
4.100000000000000000e+01 7.287078233382257748e-03 1.005804747713017096e-02
4.200000000000000000e+01 8.380566275336757617e-03 1.145374002269838529e-02
4.300000000000000000e+01 9.605155779152944190e-03 1.300270112950065865e-02
4.400000000000000000e+01 1.097097998058702180e-02 1.471530004680493900e-02
4.500000000000000000e+01 1.248801601714828562e-02 1.660158442182074062e-02
4.600000000000000000e+01 1.416593902578888037e-02 1.867118306402600417e-02
4.700000000000000000e+01 1.601399707517434448e-02 2.093322389883561091e-02
4.800000000000000000e+01 1.804087120685612250e-02 2.339619256150096346e-02
4.900000000000000000e+01 2.025446811360063007e-02 2.606766715220554601e-02
5.000000000000000000e+01 2.266162043477439741e-02 2.895393565691802701e-02
5.100000000000000000e+01 2.526773360070024010e-02 3.205959624412966363e-02
5.200000000000000000e+01 2.807647333166723991e-02 3.538728504296823757e-02
5.300000000000000000e+01 3.108957993492652075e-02 3.893761575512540846e-02
5.400000000000000000e+01 3.430680927602990093e-02 4.270926666172022990e-02
5.500000000000000000e+01 3.772588857670458595e-02 4.669901157814961706e-02
5.600000000000000000e+01 4.134233289610205614e-02 5.090148372078075190e-02
5.700000000000000000e+01 4.514905744524508324e-02 5.530863236962854645e-02
5.800000000000000000e+01 4.913590274211553782e-02 5.990909162091688500e-02
5.900000000000000000e+01 5.328932766658135700e-02 6.468783700491712030e-02
6.000000000000000000e+01 5.759248134628054683e-02 6.962639905314360611e-02
6.100000000000000000e+01 6.202562507309322681e-02 7.470354985852929730e-02
6.200000000000000000e+01 6.656660042449258352e-02 7.989600813921222955e-02
6.300000000000000000e+01 7.119096492134052712e-02 8.517862151812460869e-02
6.400000000000000000e+01 7.587165889306567157e-02 9.052381952441493351e-02
6.500000000000000000e+01 8.057849044596394894e-02 9.590071016149254168e-02
6.600000000000000000e+01 8.527799965265542292e-02 1.012745998022350907e-01
6.700000000000000000e+01 8.993411270412796088e-02 1.066075826969427875e-01
6.800000000000000000e+01 9.450945880186227555e-02 1.118601686299475484e-01
6.900000000000000000e+01 9.896668201845315593e-02 1.169931354006426977e-01
7.000000000000000000e+01 1.032690011580664480e-01 1.219685128336756019e-01
7.100000000000000000e+01 1.073798053617615461e-01 1.267491331643782748e-01
7.200000000000000000e+01 1.112618745486076005e-01 1.312972318221135026e-01
7.300000000000000000e+01 1.148772459269361002e-01 1.355734087976014635e-01
7.400000000000000000e+01 1.181883846598953403e-01 1.395371821221959852e-01
7.500000000000000000e+01 1.211603430544032217e-01 1.431493160748908422e-01
7.600000000000000000e+01 1.237627367180589993e-01 1.463747806206358582e-01
7.700000000000000000e+01 1.259703540907917974e-01 1.491845888429039202e-01
7.800000000000000000e+01 1.277621607247207414e-01 1.515554078037082419e-01
7.900000000000000000e+01 1.291196959015671886e-01 1.534673739575080909e-01
8.000000000000000000e+01 1.300264065485096376e-01 1.549018858026326995e-01
8.100000000000000000e+01 1.304688077648001321e-01 1.558412638076052126e-01
8.200000000000000000e+01 1.304389258016123987e-01 1.562708783709383098e-01
8.300000000000000000e+01 1.299363623306035997e-01 1.561825273131078606e-01
8.400000000000000000e+01 1.289684362514524063e-01 1.555768225391872817e-01
8.500000000000000000e+01 1.275482000673479610e-01 1.544629093847104118e-01
8.600000000000000000e+01 1.256917043900552255e-01 1.528556389122140147e-01
8.700000000000000000e+01 1.234164652739431212e-01 1.507720789965840968e-01
8.800000000000000000e+01 1.207421742582081015e-01 1.482297047448183913e-01
8.900000000000000000e+01 1.176929432822629712e-01 1.452473989872483384e-01
9.000000000000000000e+01 1.142991317929016037e-01 1.418483771664795223e-01
9.100000000000000000e+01 1.105970347738963466e-01 1.380627687661852843e-01
9.200000000000000000e+01 1.066262676059476638e-01 1.339278054576179267e-01
9.300000000000000000e+01 1.024263914418513249e-01 1.294852057322540273e-01
9.400000000000000000e+01 9.803487670322616476e-02 1.247772443108991075e-01
9.500000000000000000e+01 9.348748070652911080e-02 1.198438331093501230e-01
9.600000000000000000e+01 8.882030417512482012e-02 1.147221703826411948e-01
9.700000000000000000e+01 8.407156454008306301e-02 1.094487272436801828e-01
9.800000000000000000e+01 7.928139015137670997e-02 1.040617987148965695e-01
9.900000000000000000e+01 7.448946830328999347e-02 9.860256794969715632e-02
1.000000000000000000e+02 6.973199689976947169e-02 9.311373021166552411e-02
1.010000000000000000e+02 6.503988442114541635e-02 8.763639725224239840e-02
1.020000000000000000e+02 6.043918869051444903e-02 8.220711390661064599e-02
1.030000000000000000e+02 5.595314996093206372e-02 7.685666474286322047e-02
1.040000000000000000e+02 5.160409387711945711e-02 7.161111523927447819e-02
1.050000000000000000e+02 4.741371909346134977e-02 6.649410042519551811e-02
1.060000000000000000e+02 4.340159403988556180e-02 6.152867846904511162e-02
1.070000000000000000e+02 3.958303990580459841e-02 5.673749852506857622e-02
1.080000000000000000e+02 3.596797536718438631e-02 5.214123837295931568e-02
1.090000000000000000e+02 3.256152007574632939e-02 4.775641670421650054e-02
1.100000000000000000e+02 2.936585757624960227e-02 4.359403469867709907e-02
1.110000000000000000e+02 2.638202859561317171e-02 3.965988682087151496e-02
1.120000000000000000e+02 2.361052505356624198e-02 3.595627499643284236e-02
1.130000000000000000e+02 2.105054551157170550e-02 3.248400962820907623e-02
1.140000000000000000e+02 1.869875744162823386e-02 2.924351053260821828e-02
1.150000000000000000e+02 1.654867699109049961e-02 2.623451864844509457e-02
1.160000000000000000e+02 1.459121135546629852e-02 2.345488098424829485e-02
1.170000000000000000e+02 1.281601708486533944e-02 2.089943170683974949e-02
1.180000000000000000e+02 1.121279071002210213e-02 1.855983197897580206e-02
1.190000000000000000e+02 9.771768047908128973e-03 1.642552604944550604e-02
1.200000000000000000e+02 8.483359472293457160e-03 1.448523352563316387e-02
1.210000000000000000e+02 7.337455342819132129e-03 1.272811164236921713e-02
1.220000000000000000e+02 6.323071230163367085e-03 1.114402913249821353e-02
1.230000000000000000e+02 5.428642705917431296e-03 9.723028032706498847e-03
1.240000000000000000e+02 4.642758919769167381e-03 8.454553601754618425e-03
1.250000000000000000e+02 3.954838856178419411e-03 7.327090941695630841e-03
1.260000000000000000e+02 3.355367155102421083e-03 6.328482062777597214e-03
1.270000000000000000e+02 2.835668287268233029e-03 5.446705840360637450e-03
1.280000000000000000e+02 2.387507760533602759e-03 4.670624834551342051e-03
1.290000000000000000e+02 2.002858884360269633e-03 3.990289943140109576e-03
1.300000000000000000e+02 1.673979702338764539e-03 3.396733924555502340e-03
1.310000000000000000e+02 1.393691662255630180e-03 2.881513412331704847e-03
1.320000000000000000e+02 1.155628101380670692e-03 2.436363063417533361e-03
1.330000000000000000e+02 9.542852373207286361e-04 2.053177337238080557e-03
1.340000000000000000e+02 7.848749476725228871e-04 1.724277063803606250e-03
1.350000000000000000e+02 6.431085944411397406e-04 1.442737272271465282e-03
1.360000000000000000e+02 5.250532698355962931e-04 1.202552426709993690e-03
1.370000000000000000e+02 4.271158377984735468e-04 9.985599845833796617e-04
1.380000000000000000e+02 3.461087138101027962e-04 8.262090999642691252e-04
1.390000000000000000e+02 2.793074972321161727e-04 6.813365448236569435e-04
1.400000000000000000e+02 2.244394788523821954e-04 5.600682381192412761e-04
1.410000000000000000e+02 1.796049018498724337e-04 4.588568244936147653e-04
1.420000000000000000e+02 1.431778104972719189e-04 3.745769984176323692e-04
1.430000000000000000e+02 1.137348398801170792e-04 3.045828191933640412e-04
1.440000000000000000e+02 9.002942845363098748e-05 2.466790786233727059e-04
1.450000000000000000e+02 7.099549119340021076e-05 1.990250892577337448e-04
1.460000000000000000e+02 5.575161072371479334e-05 1.600271586566975391e-04
1.470000000000000000e+02 4.358686159756831478e-05 1.282690163958788237e-04
1.480000000000000000e+02 3.392879788630740313e-05 1.024938923886968697e-04
1.490000000000000000e+02 2.630711577834890424e-05 8.161771781754206139e-05
1.500000000000000000e+02 2.032647585838044866e-05 6.474102285931740766e-05
1.510000000000000000e+02 1.565307990408610180e-05 5.113869204236025010e-05
1.520000000000000000e+02 1.201051710832067169e-05 4.022778475381883238e-05
1.530000000000000000e+02 9.177113441983629431e-06 3.152822354028392651e-05
1.540000000000000000e+02 6.979742775211554219e-06 2.463220529132638558e-05
1.550000000000000000e+02 5.283981470517834072e-06 1.918918887241965939e-05
1.560000000000000000e+02 3.983664206647616446e-06 1.490286805095793074e-05
1.570000000000000000e+02 2.992898896940288295e-06 1.153148561121177523e-05
1.580000000000000000e+02 2.241559626138634447e-06 8.884563018311734302e-06
1.590000000000000000e+02 1.673244565962127476e-06 6.814365599350733231e-06
