0.000000000000000000e+00 -2.256923983919639141e-06 -8.433676821879498788e-06
1.000000000000000000e+00 2.983962846377728672e-06 6.977937529733899637e-06
2.000000000000000000e+00 3.361858559159560331e-06 7.614879499321537936e-06
3.000000000000000000e+00 4.366403959724041954e-06 9.880249069558885770e-06
4.000000000000000000e+00 5.668719286283094833e-06 1.285791291402826486e-05
5.000000000000000000e+00 7.336460120693166179e-06 1.667136961443408771e-05
6.000000000000000000e+00 9.462017783810643590e-06 2.153407494232078932e-05
7.000000000000000000e+00 1.215825301216606286e-05 2.771661830920493297e-05
8.000000000000000000e+00 1.556384756827140263e-05 3.555167439917463325e-05
9.000000000000000000e+00 1.985063730249104125e-05 4.544055146866935303e-05
1.000000000000000000e+01 2.523166070392695266e-05 5.786217940012497332e-05
1.100000000000000000e+01 3.196842995740524653e-05 7.338871614557512910e-05
1.200000000000000000e+01 4.037657366594942768e-05 9.271003968309488898e-05
1.300000000000000000e+01 5.083071558706178016e-05 1.166644597988428326e-04
1.400000000000000000e+01 6.377137440885168333e-05 1.462682345999528433e-04
1.500000000000000000e+01 7.971733720672015714e-05 1.827362239877702464e-04
1.600000000000000000e+01 9.928524359363595346e-05 2.274924656716969054e-04
1.700000000000000000e+01 1.232142958480850605e-04 2.821798022152431510e-04
1.800000000000000000e+01 1.523901870964439382e-04 3.486844298247603492e-04
1.900000000000000000e+01 1.878615640992642574e-04 4.291868896490133871e-04
2.000000000000000000e+01 2.308465360225267851e-04 5.262347467837188379e-04
2.100000000000000000e+01 2.827346567318190802e-04 6.428133101643904819e-04
2.200000000000000000e+01 3.450966880397038014e-04 7.823845847393166549e-04
2.300000000000000000e+01 4.197143818544016823e-04 9.488813493548224664e-04
2.400000000000000000e+01 5.086326862488301870e-04 1.146676769801965347e-03
2.500000000000000000e+01 6.142209909777199793e-04 1.380577360638652207e-03
2.600000000000000000e+01 7.392183232187203796e-04 1.655882510663950159e-03
2.700000000000000000e+01 8.867404647072143434e-04 1.978509830537247306e-03
2.800000000000000000e+01 1.060247836786179466e-03 2.355126418068011120e-03
2.900000000000000000e+01 1.263501854459143404e-03 2.793197246836278281e-03
3.000000000000000000e+01 1.500554645927043920e-03 3.300897503933659678e-03
3.100000000000000000e+01 1.775805045754647775e-03 3.886925435063912689e-03
3.200000000000000000e+01 2.094111733465071727e-03 4.560336297354987758e-03
3.300000000000000000e+01 2.460904594959076232e-03 5.330523701944423799e-03
3.400000000000000000e+01 2.882213629551750363e-03 6.207374908087833106e-03
3.500000000000000000e+01 3.364566684622448400e-03 7.201476479067786367e-03
3.600000000000000000e+01 3.914785274380201338e-03 8.324159007479913636e-03
3.700000000000000000e+01 4.539786263880036393e-03 9.587233895862858415e-03
3.800000000000000000e+01 5.246516650463034677e-03 1.100247518754924464e-02
3.900000000000000000e+01 6.042077031551611882e-03 1.258110116506541871e-02
4.000000000000000000e+01 6.933955090024651255e-03 1.433354751704747458e-02
4.100000000000000000e+01 7.930177963513100961e-03 1.626963023724952925e-02
4.200000000000000000e+01 9.039192563180940831e-03 1.839888426823377277e-02
4.300000000000000000e+01 1.026942519520814869e-02 2.073066739226634217e-02
4.400000000000000000e+01 1.162868590164341590e-02 2.327372162328730787e-02
4.500000000000000000e+01 1.312372686746313306e-02 2.603525599653726263e-02
4.600000000000000000e+01 1.476021412838771085e-02 2.901999819987517021e-02
4.700000000000000000e+01 1.654311983561582849e-02 3.222974896875705625e-02
4.800000000000000000e+01 1.847723009763497376e-02 3.566364836789283344e-02
4.900000000000000000e+01 2.056730906910561596e-02 3.931883229253433504e-02
5.000000000000000000e+01 2.281761089177355983e-02 4.319082269276355857e-02
5.100000000000000000e+01 2.523083910150918097e-02 4.727314929151463230e-02
5.200000000000000000e+01 2.780707067385503051e-02 5.155627391365030787e-02
5.300000000000000000e+01 3.054328614543943762e-02 5.602646499768481475e-02
5.400000000000000000e+01 3.343383344660684486e-02 6.066539055458500251e-02
5.500000000000000000e+01 3.647155123443487912e-02 6.545072909228205615e-02
5.600000000000000000e+01 3.964877461485688537e-02 7.035736868537431632e-02
5.700000000000000000e+01 4.295742174650078044e-02 7.535833544609939205e-02
5.800000000000000000e+01 4.638790687649103905e-02 8.042481747512901513e-02
5.900000000000000000e+01 4.992743793322615420e-02 8.552537725291024795e-02
6.000000000000000000e+01 5.355879191858598648e-02 9.062511784362195510e-02
6.100000000000000000e+01 5.726049746180924410e-02 9.568565673886064715e-02
6.200000000000000000e+01 6.100851341750953422e-02 1.006661876916947196e-01
6.300000000000000000e+01 6.477848581451847720e-02 1.055251215190510516e-01
6.400000000000000000e+01 6.854718547527642591e-02 1.102214102410715990e-01
6.500000000000000000e+01 7.229217412960142752e-02 1.147149688075525115e-01
6.600000000000000000e+01 7.598990446884408556e-02 1.189663509612111231e-01
6.700000000000000000e+01 7.961358945368042506e-02 1.229364121798275089e-01
6.800000000000000000e+01 8.313248267872999642e-02 1.265866590322758389e-01
6.900000000000000000e+01 8.651340276360115766e-02 1.298804009842782770e-01
7.000000000000000000e+01 8.972387765788114589e-02 1.327841836384133500e-01
7.100000000000000000e+01 9.273514153900667967e-02 1.352688010831905596e-01
7.200000000000000000e+01 9.552320474818330742e-02 1.373095661813183432e-01
7.300000000000000000e+01 9.806742221725002484e-02 1.388861037089694772e-01
7.400000000000000000e+01 1.003476530848304293e-01 1.399822280780071426e-01
7.500000000000000000e+01 1.023421109371794452e-01 1.405862622905394987e-01
7.600000000000000000e+01 1.040276215237565804e-01 1.406916710130674542e-01
7.700000000000000000e+01 1.053824292782903072e-01 1.402975564610558501e-01
7.800000000000000000e+01 1.063899566922449913e-01 1.394086658206692975e-01
7.900000000000000000e+01 1.070412050650554753e-01 1.380349587632613562e-01
8.000000000000000000e+01 1.073343110755220486e-01 1.361911055651687519e-01
8.100000000000000000e+01 1.072716177421358247e-01 1.338962481529866466e-01
8.200000000000000000e+01 1.068562486981633475e-01 1.311740138653883225e-01
8.300000000000000000e+01 1.060904828889665946e-01 1.280524508866880129e-01
8.400000000000000000e+01 1.049769926950806925e-01 1.245635504452319020e-01
8.500000000000000000e+01 1.035220625559208907e-01 1.207423369692940257e-01
8.600000000000000000e+01 1.017385631939763391e-01 1.166258586754598675e-01
8.700000000000000000e+01 9.964661687992304451e-02 1.122524835922288772e-01
8.800000000000000000e+01 9.727142344840879196e-02 1.076616339914033826e-01
8.900000000000000000e+01 9.463957171091001708e-02 1.028937101479612953e-01
9.000000000000000000e+01 9.177608947599211198e-02 9.798978846384008567e-02
9.100000000000000000e+01 8.870389617438038943e-02 9.299086775401003979e-02
9.200000000000000000e+01 8.544566250899390814e-02 8.793682032676122806e-02
9.300000000000000000e+01 8.202649998401419229e-02 8.286546415885062689e-02
9.400000000000000000e+01 7.847544418894604468e-02 7.781210194961198090e-02
9.500000000000000000e+01 7.482460205915872353e-02 7.280953949327988173e-02
9.600000000000000000e+01 7.110642665226921122e-02 6.788827280664706809e-02
9.700000000000000000e+01 6.735077080625559431e-02 6.307646958413205829e-02
9.800000000000000000e+01 6.358340114860165648e-02 5.839959618688448512e-02
9.900000000000000000e+01 5.982659314696359143e-02 5.387986171438063215e-02
1.000000000000000000e+02 5.610105805855795935e-02 4.953581516321193395e-02
1.010000000000000000e+02 5.242769333844977953e-02 4.538233105919346755e-02
1.020000000000000000e+02 4.882793522303621042e-02 4.143095451531682294e-02
1.030000000000000000e+02 4.532253592999040126e-02 3.769036066097245646e-02
1.040000000000000000e+02 4.192963454464033318e-02 3.416666679249163313e-02
1.050000000000000000e+02 3.866336408237717320e-02 3.086350378844798098e-02
1.060000000000000000e+02 3.553377324187242947e-02 2.778195931525533763e-02
1.070000000000000000e+02 3.254793797819731382e-02 2.492059619218138858e-02
1.080000000000000000e+02 2.971142871613373718e-02 2.227567832907798723e-02
1.090000000000000000e+02 2.702921058399983256e-02 1.984158065128514142e-02
1.100000000000000000e+02 2.450555733715236578e-02 1.761124284947419502e-02
1.110000000000000000e+02 2.214325120510407183e-02 1.557652427833913257e-02
1.120000000000000000e+02 1.994275537021914652e-02 1.372840958772546596e-02
1.130000000000000000e+02 1.790196354043910310e-02 1.205711992890544718e-02
1.140000000000000000e+02 1.601668221362511496e-02 1.055222833185088041e-02
1.150000000000000000e+02 1.428152764985957980e-02 9.202843524948683962e-03
1.160000000000000000e+02 1.269072201556281122e-02 7.997854868514734511e-03
1.170000000000000000e+02 1.123842693651069813e-02 6.926179589787242671e-03
1.180000000000000000e+02 9.918599532506315250e-03 5.976952660494609312e-03
1.190000000000000000e+02 8.724645708922566106e-03 5.139638312757849326e-03
1.200000000000000000e+02 7.649209945593796536e-03 4.404085148387961064e-03
1.210000000000000000e+02 6.684284178980744694e-03 3.760564677407536843e-03
1.220000000000000000e+02 5.821581267974054556e-03 3.199820808133156235e-03
1.230000000000000000e+02 5.052963022888486838e-03 2.713131664405463508e-03
1.240000000000000000e+02 4.370716948351855563e-03 2.292366261833273921e-03
1.250000000000000000e+02 3.767603137918498681e-03 1.930017445112623209e-03
1.260000000000000000e+02 3.236739207536886310e-03 1.619204789640055989e-03
1.270000000000000000e+02 2.771464073997221503e-03 1.353654990878768501e-03
1.280000000000000000e+02 2.365293692377953231e-03 1.127673189236760853e-03
1.290000000000000000e+02 2.011993791792879207e-03 9.361152577552842979e-04
1.300000000000000000e+02 1.705713468767905330e-03 7.743633721642665529e-04
1.310000000000000000e+02 1.441096071694436195e-03 6.383014220949992249e-04
1.320000000000000000e+02 1.213313154560468309e-03 5.242859677515504307e-04
1.330000000000000000e+02 1.018021688786458889e-03 4.291113168397831749e-04
1.340000000000000000e+02 8.512856103174829860e-04 3.499707140164536674e-04
1.350000000000000000e+02 7.095095537251201040e-04 2.844171565355513103e-04
1.360000000000000000e+02 5.894103243527329958e-04 2.303265897146101419e-04
1.370000000000000000e+02 4.880211566895487009e-04 1.858643994917097268e-04
1.380000000000000000e+02 4.027051032742652798e-04 1.494546686331253845e-04
1.390000000000000000e+02 3.311545103078361433e-04 1.197512892405484222e-04
1.400000000000000000e+02 2.713675766958720519e-04 9.561049027476960878e-05
1.410000000000000000e+02 2.216084485584260085e-04 7.606497926308549275e-05
1.420000000000000000e+02 1.803648191985430355e-04 6.030020259064750694e-05
1.430000000000000000e+02 1.463145711888941248e-04 4.763310527062748409e-05
1.440000000000000000e+02 1.183049412404929199e-04 3.749343641749061450e-05
1.450000000000000000e+02 9.534026489208213785e-05 2.940736883096040712e-05
1.460000000000000000e+02 7.657154276754574770e-05 2.298310953591710352e-05
1.470000000000000000e+02 6.128297933145478529e-05 1.789823874210968329e-05
1.480000000000000000e+02 4.887468255088071037e-05 1.388861873790079920e-05
1.490000000000000000e+02 3.884391147225949888e-05 1.073877666219077367e-05
1.500000000000000000e+02 3.076808390716621622e-05 8.273666029371862278e-06
1.510000000000000000e+02 2.429151099744491447e-05 6.351679824637195119e-06
1.520000000000000000e+02 1.911587568931947417e-05 4.858760626186965656e-06
1.530000000000000000e+02 1.499312423575457125e-05 3.703449837435748718e-06
1.540000000000000000e+02 1.171922664182221820e-05 2.812735707357536224e-06
1.550000000000000000e+02 9.127908774500973562e-06 2.128584692574704013e-06
1.560000000000000000e+02 7.084313813249088786e-06 1.605061368798907010e-06
1.570000000000000000e+02 5.479076059054009635e-06 1.205954793403348611e-06
1.580000000000000000e+02 4.223318459578001747e-06 9.028363710333389731e-07
1.590000000000000000e+02 3.244780566983213250e-06 6.734800560754801225e-07
