0.000000000000000000e+00 -1.468396234539560041e-04 -9.052326116180024827e-05
1.000000000000000000e+00 1.077416159227738809e-04 6.689425139699776957e-05
2.000000000000000000e+00 1.021618974858816870e-04 6.787763200622192079e-05
3.000000000000000000e+00 1.222712481815924328e-04 8.203588573721963594e-05
4.000000000000000000e+00 1.473282638368288047e-04 9.911982836481330499e-05
5.000000000000000000e+00 1.771309945855984293e-04 1.194314996371811043e-04
6.000000000000000000e+00 2.124287058831920874e-04 1.435098100979278373e-04
7.000000000000000000e+00 2.541281643134420880e-04 1.719926323494463949e-04
8.000000000000000000e+00 3.032644945140876400e-04 2.056276858952729258e-04
9.000000000000000000e+00 3.610069329868923122e-04 2.452766310739940610e-04
1.000000000000000000e+01 4.286667230568752432e-04 2.919093490696682714e-04
1.100000000000000000e+01 5.077084458705583003e-04 3.465938312118072495e-04
1.200000000000000000e+01 5.997675432824246550e-04 4.104922720632189987e-04
1.300000000000000000e+01 7.066748629086029880e-04 4.848746584083410242e-04
1.400000000000000000e+01 8.304855170594923914e-04 5.711552398574369204e-04
1.500000000000000000e+01 9.735056825978480885e-04 6.709457997522498248e-04
1.600000000000000000e+01 1.138309311017983395e-03 7.861074276198749215e-04
1.700000000000000000e+01 1.327738924389143755e-03 9.187765934098217693e-04
1.800000000000000000e+01 1.544891123977464422e-03 1.071347622848187577e-03
1.900000000000000000e+01 1.793096155129716898e-03 1.246412836300621546e-03
2.000000000000000000e+01 2.075907589393148536e-03 1.446686697530682499e-03
2.100000000000000000e+01 2.397117872762133655e-03 1.674958229097870711e-03
2.200000000000000000e+01 2.760805233484271270e-03 1.934113390906746967e-03
2.300000000000000000e+01 3.171399373212215999e-03 2.227240729093497938e-03
2.400000000000000000e+01 3.633735402499144607e-03 2.557787829381898831e-03
2.500000000000000000e+01 4.153058555745310285e-03 2.929694492259356589e-03
2.600000000000000000e+01 4.734954713799675169e-03 3.347417053402846048e-03
2.700000000000000000e+01 5.385213607066324966e-03 3.815793280911193228e-03
2.800000000000000000e+01 6.109671020234217625e-03 4.339772630349791882e-03
2.900000000000000000e+01 6.914102242276629409e-03 4.924119958362751376e-03
3.000000000000000000e+01 7.804230318705784528e-03 5.573244949652490961e-03
3.100000000000000000e+01 8.785862123004594543e-03 6.291277010260560264e-03
3.200000000000000000e+01 9.865089474654354512e-03 7.082393909730983449e-03
3.300000000000000000e+01 1.104842931883105728e-02 7.951265681530277421e-03
3.400000000000000000e+01 1.234276847309819652e-02 8.903369135155304870e-03
3.500000000000000000e+01 1.375504715781802195e-02 9.944935233107117176e-03
3.600000000000000000e+01 1.529174515909898120e-02 1.108243739162828936e-02
3.700000000000000000e+01 1.695836664312185341e-02 1.232176471057797908e-02
3.800000000000000000e+01 1.875917485992172756e-02 1.366743544750337672e-02
3.900000000000000000e+01 2.069734878738355849e-02 1.512226369357090941e-02
4.000000000000000000e+01 2.277552932848373943e-02 1.668772707232117278e-02
4.100000000000000000e+01 2.499648248819896085e-02 1.836494072899047189e-02
4.200000000000000000e+01 2.736346557895396811e-02 2.015578021711900147e-02
4.300000000000000000e+01 2.987994907359435570e-02 2.206351498092340435e-02
4.400000000000000000e+01 3.254863532201329734e-02 2.409245604135163560e-02
4.500000000000000000e+01 3.537011273628457020e-02 2.624657297844685058e-02
4.600000000000000000e+01 3.834178118144818126e-02 2.852760215356020188e-02
4.700000000000000000e+01 4.145767680617129525e-02 3.093354949193843906e-02
4.800000000000000000e+01 4.470944360367889309e-02 3.345843562454862974e-02
4.900000000000000000e+01 4.808808987345903480e-02 3.609359387846344802e-02
5.000000000000000000e+01 5.158564502597211276e-02 3.883003398012874197e-02
5.100000000000000000e+01 5.519572004484923217e-02 4.166072861490489887e-02
5.200000000000000000e+01 5.891241937664484785e-02 4.458155180100726450e-02
5.300000000000000000e+01 6.272790530513092100e-02 4.759015043606295431e-02
5.400000000000000000e+01 6.662976088928618257e-02 5.068306029925255529e-02
5.500000000000000000e+01 7.059963297857678455e-02 5.385238148185921697e-02
5.600000000000000000e+01 7.461416538048885883e-02 5.708374311169436138e-02
5.700000000000000000e+01 7.864809157309145260e-02 6.035680908312324872e-02
5.800000000000000000e+01 8.267811183791952401e-02 6.364836506135794492e-02
5.900000000000000000e+01 8.668554104152806361e-02 6.693666339948892152e-02
6.000000000000000000e+01 9.065613417505381799e-02 7.020490860975459047e-02
6.100000000000000000e+01 9.457688720878290600e-02 7.344202720130199591e-02
6.200000000000000000e+01 9.843131447789113531e-02 7.664014512618774755e-02
6.300000000000000000e+01 1.021957799985597354e-01 7.978989671574704401e-02
6.400000000000000000e+01 1.058391890221750398e-01 8.287592439566610070e-02
6.500000000000000000e+01 1.093267086199787991e-01 8.587499460970920984e-02
6.600000000000000000e+01 1.126259806212003972e-01 8.875794176904890087e-02
6.700000000000000000e+01 1.157127354767668453e-01 9.149473549045562815e-02
6.800000000000000000e+01 1.185727599351719813e-01 9.406032412113451979e-02
6.900000000000000000e+01 1.211989343776035954e-01 9.643841232716139633e-02
7.000000000000000000e+01 1.235847038860620750e-01 9.862128962170269020e-02
7.100000000000000000e+01 1.257174638295040781e-01 1.006057928874713181e-01
7.200000000000000000e+01 1.275756594001740407e-01 1.023874569094322257e-01
7.300000000000000000e+01 1.291315725400686287e-01 1.039558467481044440e-01
7.400000000000000000e+01 1.303586929333555022e-01 1.052934741454433498e-01
7.500000000000000000e+01 1.312399364314833228e-01 1.063788880101708689e-01
7.600000000000000000e+01 1.317723025133906989e-01 1.071924383503314870e-01
7.700000000000000000e+01 1.319653137723175440e-01 1.077219083883129980e-01
7.800000000000000000e+01 1.318338885428761986e-01 1.079653329647681376e-01
7.900000000000000000e+01 1.313893963640260509e-01 1.079297758824376563e-01
8.000000000000000000e+01 1.306337808060261674e-01 1.076268482231548806e-01
8.100000000000000000e+01 1.295600612603861057e-01 1.070672755535291981e-01
8.200000000000000000e+01 1.281590376410498555e-01 1.062571249909472354e-01
8.300000000000000000e+01 1.264285657381009620e-01 1.051973193296543568e-01
8.400000000000000000e+01 1.243803035136784169e-01 1.038863830298753232e-01
8.500000000000000000e+01 1.220401724314434388e-01 1.023248589890066035e-01
8.600000000000000000e+01 1.194421914721695149e-01 1.005192067259779443e-01
8.700000000000000000e+01 1.166189596227555081e-01 9.848344923482250934e-02
8.800000000000000000e+01 1.135938909987173201e-01 9.623803863515054124e-02
8.900000000000000000e+01 1.103793043054098338e-01 9.380669802585916983e-02
9.000000000000000000e+01 1.069811844951529811e-01 9.121275788105485949e-02
9.100000000000000000e+01 1.034077450666222031e-01 8.847648359014922970e-02
9.200000000000000000e+01 9.967691335630049498e-02 8.561424407473729181e-02
9.300000000000000000e+01 9.581859856287305854e-02 8.263950152684382267e-02
9.400000000000000000e+01 9.187057005469355386e-02 7.956491198290949196e-02
9.500000000000000000e+01 8.787027648690508286e-02 7.640454554138521870e-02
9.600000000000000000e+01 8.384705884581217239e-02 7.317536778684174958e-02
9.700000000000000000e+01 7.981882928715622327e-02 6.989751088431564452e-02
9.800000000000000000e+01 7.579468162946552401e-02 6.659330814507649632e-02
9.900000000000000000e+01 7.178160363237801045e-02 6.328544026825379254e-02
1.000000000000000000e+02 6.779135303504590926e-02 5.999479127000163781e-02
1.010000000000000000e+02 6.384373311594554457e-02 5.673870539653009387e-02
1.020000000000000000e+02 5.996469797473548413e-02 5.353023455280380566e-02
1.030000000000000000e+02 5.618059943601499268e-02 5.037865659117710115e-02
1.040000000000000000e+02 5.251187013790844377e-02 4.729109046887583490e-02
1.050000000000000000e+02 4.896951930000824349e-02 4.427458362343718312e-02
1.060000000000000000e+02 4.555607014253970632e-02 4.133779606709638010e-02
1.070000000000000000e+02 4.227006420025686967e-02 3.849151250989876066e-02
1.080000000000000000e+02 3.911143378362855194e-02 3.574769213916179772e-02
1.090000000000000000e+02 3.608484236555221936e-02 3.311743035225080123e-02
1.100000000000000000e+02 3.319945968531117647e-02 3.060874018386469664e-02
1.110000000000000000e+02 3.046567449389817397e-02 2.822518286637532708e-02
1.120000000000000000e+02 2.789080967320751309e-02 2.596600442904262174e-02
1.130000000000000000e+02 2.547622395817028540e-02 2.382773464878676709e-02
1.140000000000000000e+02 2.321721346220854271e-02 2.180651265529541874e-02
1.150000000000000000e+02 2.110550354197503892e-02 1.990006459097026087e-02
1.160000000000000000e+02 1.913278604578371594e-02 1.810844833645953653e-02
1.170000000000000000e+02 1.729339832644106664e-02 1.643330206726440618e-02
1.180000000000000000e+02 1.558492868938712514e-02 1.487606416513158683e-02
1.190000000000000000e+02 1.400676145813657333e-02 1.343610072884162884e-02
1.200000000000000000e+02 1.255762922164698966e-02 1.210966505116629725e-02
1.210000000000000000e+02 1.123360407324060922e-02 1.089015595382019155e-02
1.220000000000000000e+02 1.002753987219267597e-02 9.769489651821559525e-03
1.230000000000000000e+02 8.930091010623775541e-03 8.739883025966852306e-03
1.240000000000000000e+02 7.931602920560058140e-03 7.795208913155451946e-03
1.250000000000000000e+02 7.023825230577251770e-03 6.931365136054511503e-03
1.260000000000000000e+02 6.200648869255654012e-03 6.145622454362648091e-03
1.270000000000000000e+02 5.457686402105256865e-03 5.435400126033946254e-03
1.280000000000000000e+02 4.791120708767223138e-03 4.797130802238971578e-03
1.290000000000000000e+02 4.196537836928805956e-03 4.225750043689170676e-03
1.300000000000000000e+02 3.668344601676769637e-03 3.714982687381370927e-03
1.310000000000000000e+02 3.199974952827967529e-03 3.258200572178871716e-03
1.320000000000000000e+02 2.784656803787029060e-03 2.849387627845298854e-03
1.330000000000000000e+02 2.416269295464016937e-03 2.483762855414942908e-03
1.340000000000000000e+02 2.089860064120499083e-03 2.157837251569789862e-03
1.350000000000000000e+02 1.801639933600425545e-03 1.868976951789222581e-03
1.360000000000000000e+02 1.548561888844365462e-03 1.614758812314339917e-03
1.370000000000000000e+02 1.327770107956989520e-03 1.392449402752035529e-03
1.380000000000000000e+02 1.136208831454339502e-03 1.198822668669369002e-03
1.390000000000000000e+02 9.705435295762868293e-04 1.030337043473433713e-03
1.400000000000000000e+02 8.273630245096820577e-04 8.835233881905817750e-04
1.410000000000000000e+02 7.035005367893559357e-04 7.553654518479546980e-04
1.420000000000000000e+02 5.962882617468862577e-04 6.434993594794295810e-04
1.430000000000000000e+02 5.036327796802925021e-04 5.461751432685719001e-04
1.440000000000000000e+02 4.239096061563036818e-04 4.620424469719826657e-04
1.450000000000000000e+02 3.557612188014459397e-04 3.898883215586046317e-04
1.460000000000000000e+02 2.979086743750288500e-04 3.284488379250318879e-04
1.470000000000000000e+02 2.490546926682055801e-04 2.763565895587257945e-04
1.480000000000000000e+02 2.078946816082984745e-04 2.322116109560829421e-04
1.490000000000000000e+02 1.731975172272940777e-04 1.947108145250173237e-04
1.500000000000000000e+02 1.438946525604087193e-04 1.627598825038403818e-04
1.510000000000000000e+02 1.191280203646277107e-04 1.355175272010346018e-04
1.520000000000000000e+02 9.823960638406697477e-05 1.123644925808408050e-04
1.530000000000000000e+02 8.071751662371316272e-05 9.282512711098007334e-05
1.540000000000000000e+02 6.612985075410228778e-05 7.648351473734472722e-05
1.550000000000000000e+02 5.407528842734403353e-05 6.292814371716500444e-05
1.560000000000000000e+02 4.416423469023574369e-05 5.173815747150612928e-05
1.570000000000000000e+02 3.602696215854432892e-05 4.250291078021294051e-05
1.580000000000000000e+02 2.933412766964489993e-05 3.485441376765637011e-05
1.590000000000000000e+02 2.381381520314497556e-05 2.849236403091603851e-05
