0.000000000000000000e+00 -3.954739186214255151e-07 -8.062078503985979294e-07
1.000000000000000000e+00 4.451007236386256364e-07 9.149746109745321983e-07
2.000000000000000000e+00 5.506561033951887081e-07 1.077031082294229293e-06
3.000000000000000000e+00 7.619470303739709653e-07 1.443944302527778222e-06
4.000000000000000000e+00 1.055108678936934058e-06 1.943252283828407867e-06
5.000000000000000000e+00 1.455021989027680273e-06 2.606634105479640139e-06
6.000000000000000000e+00 1.997369984309050657e-06 3.482397716216686355e-06
7.000000000000000000e+00 2.729260942851858757e-06 4.633220826846708439e-06
8.000000000000000000e+00 3.712182134522407991e-06 6.138923029266348873e-06
9.000000000000000000e+00 5.025916171812472232e-06 8.100461218021989313e-06
1.000000000000000000e+01 6.773437695571011451e-06 1.064485664207373886e-05
1.100000000000000000e+01 9.086945437349310196e-06 1.393113869790507037e-05
1.200000000000000000e+01 1.213522384984987886e-05 1.815745464815850615e-05
1.300000000000000000e+01 1.613257289286745391e-05 2.356950405127181182e-05
1.400000000000000000e+01 2.134959446537801751e-05 3.047045475225619791e-05
1.500000000000000000e+01 2.812615638571046734e-05 3.923250524132766356e-05
1.600000000000000000e+01 3.688685203667590610e-05 5.031028324403199992e-05
1.700000000000000000e+01 4.815924488783349941e-05 6.425629601579771922e-05
1.800000000000000000e+01 6.259517619807729370e-05 8.173864803128481123e-05
1.900000000000000000e+01 8.099545232398796374e-05 1.035611955785824566e-04
2.000000000000000000e+01 1.043382946848152488e-04 1.306862328426787608e-04
2.100000000000000000e+01 1.338119486741175170e-04 1.642597434476974344e-04
2.200000000000000000e+01 1.708517376292239718e-04 2.056392373533011582e-04
2.300000000000000000e+01 2.171816363373168981e-04 2.564242052992715031e-04
2.400000000000000000e+01 2.748602499488813429e-04 3.184891871684178964e-04
2.500000000000000000e+01 3.463310379176810002e-04 3.940193071387193069e-04
2.600000000000000000e+01 4.344766851437170891e-04 4.855478956042443223e-04
2.700000000000000000e+01 5.426774913681262904e-04 5.959956045231069085e-04
2.800000000000000000e+01 6.748733178969602625e-04 7.287103272195383924e-04
2.900000000000000000e+01 8.356280254299912726e-04 8.875072315492047760e-04
3.000000000000000000e+01 1.030194761271022250e-03 1.076708144356904474e-03
3.100000000000000000e+01 1.264580231658686982e-03 1.301179241376617226e-03
3.200000000000000000e+01 1.545606226224203582e-03 1.566365560992835203e-03
3.300000000000000000e+01 1.880966741646796468e-03 1.878320546994951233e-03
3.400000000000000000e+01 2.279278634967697378e-03 2.243728857253162942e-03
3.500000000000000000e+01 2.750122810900146320e-03 2.669920915654113401e-03
3.600000000000000000e+01 3.304072032102156782e-03 3.164877650694019034e-03
3.700000000000000000e+01 3.952701127370263946e-03 3.737223231598995644e-03
3.800000000000000000e+01 4.708575750269674079e-03 4.396202757432152684e-03
3.900000000000000000e+01 5.585216432086714984e-03 5.151641768637841082e-03
4.000000000000000000e+01 6.597034955012531614e-03 6.013885758543565697e-03
4.100000000000000000e+01 7.759239988652921055e-03 6.993719768501780246e-03
4.200000000000000000e+01 9.087708769688179408e-03 8.102268645237753128e-03
4.300000000000000000e+01 1.059882150012226090e-02 9.350876324810689783e-03
4.400000000000000000e+01 1.230925505697154365e-02 1.075095912992900249e-02
4.500000000000000000e+01 1.423573299182479858e-02 1.231382761342923737e-02
4.600000000000000000e+01 1.639473080950687792e-02 1.405047688124394858e-02
4.700000000000000000e+01 1.880213968823837498e-02 1.597135403030494963e-02
4.800000000000000000e+01 2.147289611899145037e-02 1.808611544348281627e-02
4.900000000000000000e+01 2.442058529265418373e-02 2.040337972052765070e-02
5.000000000000000000e+01 2.765702058953817266e-02 2.293046749151247260e-02
5.100000000000000000e+01 3.119179517085879719e-02 2.567311156808856423e-02
5.200000000000000000e+01 3.503180424702666967e-02 2.863513324859325027e-02
5.300000000000000000e+01 3.918075257854615467e-02 3.181810935065632062e-02
5.400000000000000000e+01 4.363868083856326657e-02 3.522107522502836846e-02
5.500000000000000000e+01 4.840154627589463021e-02 3.884029547809337429e-02
5.600000000000000000e+01 5.346086794283853860e-02 4.266908791470539614e-02
5.700000000000000000e+01 5.880341334730838226e-02 4.669764627627120274e-02
5.800000000000000000e+01 6.441089931405565017e-02 5.091282096404103896e-02
5.900000000000000000e+01 7.025972334824980015e-02 5.529788947917299580e-02
6.000000000000000000e+01 7.632080067766794373e-02 5.983242141796031588e-02
6.100000000000000000e+01 8.255959177071184318e-02 6.449233639156883025e-02
6.200000000000000000e+01 8.893633372397831416e-02 6.925014648003126327e-02
6.300000000000000000e+01 9.540638834759621045e-02 7.407524936925433123e-02
6.400000000000000000e+01 1.019205941418728917e-01 7.893412173389477426e-02
6.500000000000000000e+01 1.084256097447162115e-01 8.379040326560630025e-02
6.600000000000000000e+01 1.148643833194620267e-01 8.860505325010879785e-02
6.700000000000000000e+01 1.211769177303994860e-01 9.333681286881860550e-02
6.800000000000000000e+01 1.273013490452463425e-01 9.794302460844304947e-02
6.900000000000000000e+01 1.331751329278469398e-01 1.023805754146417946e-01
7.000000000000000000e+01 1.387360678514729939e-01 1.066066127677524483e-01
7.100000000000000000e+01 1.439230828473809232e-01 1.105788899203859338e-01
7.200000000000000000e+01 1.486770162645607019e-01 1.142559810902325362e-01
7.300000000000000000e+01 1.529416990388305919e-01 1.175978080295451839e-01
7.400000000000000000e+01 1.566653909516296794e-01 1.205666947254181720e-01
7.500000000000000000e+01 1.598022235914530187e-01 1.231286692426867418e-01
7.600000000000000000e+01 1.623131854235812521e-01 1.252544196845953861e-01
7.700000000000000000e+01 1.641665159387445672e-01 1.269195288197681459e-01
7.800000000000000000e+01 1.653378692754206014e-01 1.281042170804782554e-01
7.900000000000000000e+01 1.658107592828266807e-01 1.287932633710369423e-01
8.000000000000000000e+01 1.655774065632891756e-01 1.289765908171818798e-01
8.100000000000000000e+01 1.646395309456564482e-01 1.286503136132043923e-01
8.200000000000000000e+01 1.630084650845156913e-01 1.278174750109840885e-01
8.300000000000000000e+01 1.607044254492099589e-01 1.264878364050116277e-01
8.400000000000000000e+01 1.577554402210157025e-01 1.246768348557525941e-01
8.500000000000000000e+01 1.541966290502167491e-01 1.224045191213314204e-01
8.600000000000000000e+01 1.500700330435376928e-01 1.196952284890387269e-01
8.700000000000000000e+01 1.454244887271650410e-01 1.165780044899904083e-01
8.800000000000000000e+01 1.403148469227298023e-01 1.130869424072788038e-01
8.900000000000000000e+01 1.348003708987842719e-01 1.092606519650489022e-01
9.000000000000000000e+01 1.289428801853160778e-01 1.051407587217074863e-01
9.100000000000000000e+01 1.228053993019812967e-01 1.007702240487066414e-01
9.200000000000000000e+01 1.164515328927612503e-01 9.619238989588226041e-02
9.300000000000000000e+01 1.099450695089838753e-01 9.145094838760739475e-02
9.400000000000000000e+01 1.033491372079414911e-01 8.659017369537382047e-02
9.500000000000000000e+01 9.672475400106900212e-02 8.165454844622875574e-02
9.600000000000000000e+01 9.012928824566442121e-02 7.668753924568481872e-02
9.700000000000000000e+01 8.361549458304248783e-02 7.173010968448373381e-02
9.800000000000000000e+01 7.723129969948008822e-02 6.681981708900702754e-02
9.900000000000000000e+01 7.101989945335242249e-02 6.199081334203756372e-02
1.000000000000000000e+02 6.501959667599421788e-02 5.727429483993601994e-02
1.010000000000000000e+02 5.926323994400053280e-02 5.269865188858884053e-02
1.020000000000000000e+02 5.377764428829697602e-02 4.828898322027326551e-02
1.030000000000000000e+02 4.858347151787615475e-02 4.406632162912133693e-02
1.040000000000000000e+02 4.369567187256830076e-02 4.004721400901734008e-02
1.050000000000000000e+02 3.912415234398240044e-02 3.624398075007059100e-02
1.060000000000000000e+02 3.487426048093578146e-02 3.266539995829061821e-02
1.070000000000000000e+02 3.094697826541198404e-02 2.931727407276026737e-02
1.080000000000000000e+02 2.733906508131736177e-02 2.620256254775507262e-02
1.090000000000000000e+02 2.404344247463788622e-02 2.332123348514534081e-02
1.100000000000000000e+02 2.104987219488237138e-02 2.067024571330384336e-02
1.110000000000000000e+02 1.834571681415182037e-02 1.824392034748367405e-02
1.120000000000000000e+02 1.591653693239641898e-02 1.603459457451324177e-02
1.130000000000000000e+02 1.374646392671242251e-02 1.403322863279363002e-02
1.140000000000000000e+02 1.181848282208577093e-02 1.222973297898586123e-02
1.150000000000000000e+02 1.011478666715194367e-02 1.061305936711861089e-02
1.160000000000000000e+02 8.617232932207686755e-03 9.171283733683045433e-03
1.170000000000000000e+02 7.307797127202626461e-03 7.891857107946315467e-03
1.180000000000000000e+02 6.168904050195612651e-03 6.762002912813942085e-03
1.190000000000000000e+02 5.183611099143664060e-03 5.769095390613366431e-03
1.200000000000000000e+02 4.335713287547471664e-03 4.900878869031287909e-03
1.210000000000000000e+02 3.609851964788065269e-03 4.145526497258469716e-03
1.220000000000000000e+02 2.991648639158924101e-03 3.491648038048830553e-03
1.230000000000000000e+02 2.467823999209544598e-03 2.928351342629834271e-03
1.240000000000000000e+02 2.026254811648442802e-03 2.445371364130819250e-03
1.250000000000000000e+02 1.655960647977516203e-03 2.033200276486669261e-03
1.260000000000000000e+02 1.347051888388900789e-03 1.683147870771957866e-03
1.270000000000000000e+02 1.090675930219428547e-03 1.387318961107513902e-03
1.280000000000000000e+02 8.789746547887759658e-04 1.138551339353197252e-03
1.290000000000000000e+02 7.050415757467007501e-04 9.303670594248780821e-04
1.300000000000000000e+02 5.628625923917444018e-04 7.569558197583394626e-04
1.310000000000000000e+02 4.472373577129899942e-04 6.131707939326838230e-04
1.320000000000000000e+02 3.536922091858824436e-04 4.945067303814042539e-04
1.330000000000000000e+02 2.783981227949737470e-04 3.970483875374675544e-04
1.340000000000000000e+02 2.180994259239021590e-04 3.174016298080532903e-04
1.350000000000000000e+02 1.700503904164213191e-04 2.526284752090545826e-04
1.360000000000000000e+02 1.319543602212047706e-04 2.001980652543770259e-04
1.370000000000000000e+02 1.019034068775939576e-04 1.579503916074560073e-04
1.380000000000000000e+02 7.832072362304930775e-05 1.240620989186598088e-04
1.390000000000000000e+02 5.990917912923463044e-05 9.700721222974597214e-05
1.400000000000000000e+02 4.560759840562586526e-05 7.551394054668627708e-05
1.410000000000000000e+02 3.455386085172634856e-05 5.852375320599062861e-05
1.420000000000000000e+02 2.605287432703918860e-05 4.515775883001821187e-05
1.430000000000000000e+02 1.954809207106557794e-05 3.469083664677393667e-05
1.440000000000000000e+02 1.459635428327612087e-05 2.653049925662098122e-05
1.450000000000000000e+02 1.084638837103024192e-05 2.019730599791240292e-05
1.460000000000000000e+02 8.021082183520834220e-06 1.530576548875239249e-05
1.470000000000000000e+02 5.903122156785452568e-06 1.154667874115438678e-05
1.480000000000000000e+02 4.323282288037582732e-06 8.672308593682513000e-06
1.490000000000000000e+02 3.150716879716905069e-06 6.484844573454474632e-06
1.500000000000000000e+02 2.284872614785051633e-06 4.827519452272255649e-06
1.510000000000000000e+02 1.648847935350961456e-06 3.577315107348727586e-06
1.520000000000000000e+02 1.184081776233796958e-06 2.638531976359447084e-06
1.530000000000000000e+02 8.461991685261834245e-07 1.937078005680904582e-06
1.540000000000000000e+02 6.017838781468814073e-07 1.415662817447927712e-06
1.550000000000000000e+02 4.258508371038925983e-07 1.030033880248674433e-06
1.560000000000000000e+02 2.998464024092203569e-07 7.461576260537618926e-07
1.570000000000000000e+02 2.100691152303192633e-07 5.380809548685651909e-07
1.580000000000000000e+02 1.464435424606293452e-07 3.862126894020409878e-07
1.590000000000000000e+02 1.015902444611046692e-07 2.758811364100188424e-07
