0.000000000000000000e+00 -9.083976915729872393e-07 -3.038569746036163816e-07
1.000000000000000000e+00 1.129312546647644267e-06 3.119992673832181690e-07
2.000000000000000000e+00 1.311965622582124996e-06 4.039481174736110206e-07
3.000000000000000000e+00 1.740153134484974763e-06 5.685030272712229248e-07
4.000000000000000000e+00 2.317460621499677471e-06 7.976426793778051937e-07
5.000000000000000000e+00 3.076826753042541255e-06 1.113819288035899283e-06
6.000000000000000000e+00 4.069649105721177091e-06 1.547854011462532900e-06
7.000000000000000000e+00 5.362156487102443879e-06 2.140704407814677238e-06
8.000000000000000000e+00 7.038001021686259736e-06 2.946444094384644795e-06
9.000000000000000000e+00 9.202159990328603558e-06 4.036062572135130935e-06
1.000000000000000000e+01 1.198573914967541380e-05 5.502236519685872687e-06
1.100000000000000000e+01 1.555172903092053610e-05 7.465276277688319027e-06
1.200000000000000000e+01 2.010183842933674041e-05 1.008048215425716825e-05
1.300000000000000000e+01 2.588454871398476653e-05 1.354717928652935759e-05
1.400000000000000000e+01 3.320454452539614370e-05 1.811973323569073831e-05
1.500000000000000000e+01 4.243368668229658070e-05 2.412088186147793824e-05
1.600000000000000000e+01 5.402370135078682161e-05 3.195774509258920239e-05
1.700000000000000000e+01 6.852075855076368007e-05 4.214089226546914466e-05
1.800000000000000000e+01 8.658210247427511048e-05 5.530685611927135673e-05
1.900000000000000000e+01 1.089948773955761629e-04 7.224448604416729733e-05
2.000000000000000000e+01 1.366972704697212682e-04 9.392552461523956181e-05
2.100000000000000000e+01 1.708020655738431851e-04 1.215397583624272613e-04
2.200000000000000000e+01 2.126226602038675797e-04 1.565350198471726162e-04
2.300000000000000000e+01 2.637015301530138030e-04 2.006622026704566136e-04
2.400000000000000000e+01 3.258410401073081534e-04 2.560253112753130365e-04
2.500000000000000000e+01 4.011364148312228828e-04 3.251364223879116061e-04
2.600000000000000000e+01 4.920106244261823920e-04 4.109752723955455199e-04
2.700000000000000000e+01 6.012508777763273232e-04 5.170529389157555236e-04
2.800000000000000000e+01 7.320462904546370985e-04 6.474787007527244530e-04
2.900000000000000000e+01 8.880260368737708399e-04 8.070286667175779549e-04
3.000000000000000000e+01 1.073296949386589802e-03 1.001214321929422627e-03
3.100000000000000000e+01 1.292479273807319506e-03 1.236348897072742222e-03
3.200000000000000000e+01 1.550739329553123269e-03 1.519609353445127223e-03
3.300000000000000000e+01 1.853818133936061593e-03 1.859091430278502280e-03
3.400000000000000000e+01 2.208055245552445131e-03 2.263854295860329331e-03
3.500000000000000000e+01 2.620406621855917058e-03 2.743950104003141377e-03
3.600000000000000000e+01 3.098454052356636006e-03 3.310433097641101580e-03
3.700000000000000000e+01 3.650402475140110490e-03 3.975343658641361175e-03
3.800000000000000000e+01 4.285061545749059390e-03 4.751664447123266424e-03
3.900000000000000000e+01 5.011809905637926513e-03 5.653246549649871416e-03
4.000000000000000000e+01 5.840543526025827187e-03 6.694701608637661921e-03
4.100000000000000000e+01 6.781610448133888053e-03 7.891252281733937904e-03
4.200000000000000000e+01 7.845731006730437274e-03 9.258532357331265145e-03
4.300000000000000000e+01 9.043896606203704475e-03 1.081233319158864462e-02
4.400000000000000000e+01 1.038723679670179242e-02 1.256830270059036692e-02
4.500000000000000000e+01 1.188684935783527324e-02 1.454160827791853815e-02
4.600000000000000000e+01 1.355360070588654958e-02 1.674656828640583989e-02
4.700000000000000000e+01 1.539791476829306324e-02 1.919624251204661916e-02
4.800000000000000000e+01 1.742956534737248250e-02 2.190196689920027515e-02
4.900000000000000000e+01 1.965746725753530003e-02 2.487283577590054112e-02
5.000000000000000000e+01 2.208943961853565563e-02 2.811516698835455491e-02
5.100000000000000000e+01 2.473191425291776033e-02 3.163200083398193946e-02
5.200000000000000000e+01 2.758959407225327481e-02 3.542265788010356964e-02
5.300000000000000000e+01 3.066511123765812072e-02 3.948232974869556045e-02
5.400000000000000000e+01 3.395875118355104472e-02 4.380165501562248431e-02
5.500000000000000000e+01 3.746826836503150404e-02 4.836628011055645049e-02
5.600000000000000000e+01 4.118874408269924958e-02 5.315649302814138416e-02
5.700000000000000000e+01 4.511239267828446448e-02 5.814705472667797137e-02
5.800000000000000000e+01 4.922826754134480842e-02 6.330727507133070142e-02
5.900000000000000000e+01 5.352193686772004078e-02 6.860123805608936420e-02
6.000000000000000000e+01 5.797529293340512174e-02 7.398801973101948315e-02
6.100000000000000000e+01 6.256662323626374644e-02 7.942185745559461607e-02
6.200000000000000000e+01 6.727090326096904493e-02 8.485243649663543053e-02
6.300000000000000000e+01 7.206010063893929229e-02 9.022553990213774688e-02
6.400000000000000000e+01 7.690327987928663456e-02 9.548412511415460546e-02
6.500000000000000000e+01 8.176650994166571873e-02 1.005695790909655885e-01
6.600000000000000000e+01 8.661284264215697581e-02 1.054227809735321514e-01
6.700000000000000000e+01 9.140269422809794986e-02 1.099848485511841778e-01
6.800000000000000000e+01 9.609471354421102174e-02 1.141978631502866132e-01
6.900000000000000000e+01 1.006468340876524592e-01 1.180060186841670744e-01
7.000000000000000000e+01 1.050170336048454889e-01 1.213572947156561915e-01
7.100000000000000000e+01 1.091635718362830992e-01 1.242051942692506128e-01
7.200000000000000000e+01 1.130449768397152749e-01 1.265098928589998839e-01
7.300000000000000000e+01 1.166203595610445509e-01 1.282385938581352969e-01
7.400000000000000000e+01 1.198504268340947337e-01 1.293655926133773226e-01
7.500000000000000000e+01 1.226989612411186203e-01 1.298727893310772374e-01
7.600000000000000000e+01 1.251340651602853848e-01 1.297508380775699854e-01
7.700000000000000000e+01 1.271285876578512886e-01 1.290002728379230079e-01
7.800000000000000000e+01 1.286598125034587869e-01 1.276316895459506939e-01
7.900000000000000000e+01 1.297091132471414610e-01 1.256647370151250664e-01
8.000000000000000000e+01 1.302622900095883052e-01 1.231266668044284363e-01
8.100000000000000000e+01 1.303106454873962927e-01 1.200514961777979089e-01
8.200000000000000000e+01 1.298521092706196312e-01 1.164800805603291300e-01
8.300000000000000000e+01 1.288915675225496826e-01 1.124602952740993422e-01
8.400000000000000000e+01 1.274401560319414761e-01 1.080462170276424161e-01
8.500000000000000000e+01 1.255140929718376597e-01 1.032960404904988694e-01
8.600000000000000000e+01 1.231339254303924907e-01 9.826964675732530186e-02
8.700000000000000000e+01 1.203245830481239065e-01 9.302705921978386694e-02
8.800000000000000000e+01 1.171158280481416208e-01 8.762813202389049816e-02
8.900000000000000000e+01 1.135422977807986622e-01 8.213260346424065828e-02
9.000000000000000000e+01 1.096426814953633949e-01 7.659933591603168557e-02
9.100000000000000000e+01 1.054582988341311311e-01 7.108446324460185317e-02
9.200000000000000000e+01 1.010317824824766980e-01 6.563935453461985925e-02
9.300000000000000000e+01 9.640636241114780569e-02 6.030958042823560822e-02
9.400000000000000000e+01 9.162566155347863506e-02 5.513518085727681095e-02
9.500000000000000000e+01 8.673350835529786140e-02 5.015140009540531435e-02
9.600000000000000000e+01 8.177337302638795768e-02 4.538880145867041360e-02
9.700000000000000000e+01 7.678745987085769387e-02 4.087249402579477137e-02
9.800000000000000000e+01 7.181579839196600146e-02 3.662121941838807071e-02
9.900000000000000000e+01 6.689562374110713527e-02 3.264724904112256687e-02
1.000000000000000000e+02 6.206105918622969314e-02 2.895729919347448528e-02
1.010000000000000000e+02 5.734292362252797759e-02 2.555378555297865492e-02
1.020000000000000000e+02 5.276853668773347911e-02 2.243557469555013117e-02
1.030000000000000000e+02 4.836155361431444116e-02 1.959802552957972538e-02
1.040000000000000000e+02 4.414191626808294105e-02 1.703284730976535599e-02
1.050000000000000000e+02 4.012590926477367648e-02 1.472842475675029648e-02
1.060000000000000000e+02 3.632621122558370858e-02 1.267074180128563432e-02
1.070000000000000000e+02 3.275187846793945617e-02 1.084445624068460304e-02
1.080000000000000000e+02 2.940835397277471314e-02 9.233591717572982999e-03
1.090000000000000000e+02 2.629767483501827680e-02 7.821723681787143279e-03
1.100000000000000000e+02 2.341893851807332408e-02 6.591979996098229488e-03
1.110000000000000000e+02 2.076887480356914839e-02 5.527241099483725523e-03
1.120000000000000000e+02 1.834227286026349213e-02 4.610623125147607880e-03
1.130000000000000000e+02 1.613214416139942958e-02 3.826008827456680098e-03
1.140000000000000000e+02 1.412974825912435839e-02 3.158350607759841024e-03
1.150000000000000000e+02 1.232473789774004083e-02 2.593687041140137206e-03
1.160000000000000000e+02 1.070556943906300976e-02 2.119038386426509452e-03
1.170000000000000000e+02 9.260078160492112367e-03 1.722376065300275025e-03
1.180000000000000000e+02 7.975963870763136052e-03 1.392715811090813102e-03
1.190000000000000000e+02 6.841004836958743118e-03 1.120235555772046681e-03
1.200000000000000000e+02 5.843039806331610381e-03 8.962993286104707896e-04
1.210000000000000000e+02 4.969925343404188803e-03 7.133617540577804391e-04
1.220000000000000000e+02 4.209650894630297471e-03 5.648224954527749243e-04
1.230000000000000000e+02 3.550619254667881051e-03 4.449130068578943664e-04
1.240000000000000000e+02 2.981941386381949978e-03 3.486402270912236428e-04
1.250000000000000000e+02 2.493583002004212072e-03 2.717527647581976830e-04
1.260000000000000000e+02 2.076324655849479377e-03 2.106852463167543802e-04
1.270000000000000000e+02 1.721634287398571619e-03 1.624691024917735782e-04
1.280000000000000000e+02 1.421587426095548799e-03 1.246320617551570679e-04
1.290000000000000000e+02 1.168894079597276869e-03 9.511443163632767072e-05
1.300000000000000000e+02 9.569848051311582744e-04 7.221157995069047526e-05
1.310000000000000000e+02 7.800626686510859836e-04 5.453213261681414922e-05
1.320000000000000000e+02 6.330666247349380979e-04 4.095701872860762794e-05
1.330000000000000000e+02 5.115664560969673509e-04 3.059383462890291329e-05
1.340000000000000000e+02 4.116531990570849943e-04 2.273149001939583826e-05
1.350000000000000000e+02 3.298747313808675103e-04 1.680259545403320421e-05
1.360000000000000000e+02 2.632185519757906087e-04 1.235626324752700267e-05
1.370000000000000000e+02 2.091074903923951644e-04 9.038407088099084246e-06
1.380000000000000000e+02 1.653739324360411296e-04 6.575051451428013497e-06
1.390000000000000000e+02 1.302046310588444241e-04 4.756380259663912436e-06
1.400000000000000000e+02 1.020738769978679460e-04 3.422057409965718995e-06
1.410000000000000000e+02 7.968841421250518354e-05 2.449288067214667385e-06
1.420000000000000000e+02 6.195434689197008805e-05 1.744166068468216637e-06
1.430000000000000000e+02 4.795953491048596766e-05 1.235572798717254031e-06
1.440000000000000000e+02 3.695805820085331056e-05 8.704497980316903324e-07
1.450000000000000000e+02 2.834831962250507510e-05 6.097053876732086775e-07
1.460000000000000000e+02 2.164583242787486086e-05 4.246586628136707638e-07
1.470000000000000000e+02 1.645730003663708788e-05 2.942112413445935838e-07
1.480000000000000000e+02 1.246142463632050947e-05 2.028206899618924118e-07
1.490000000000000000e+02 9.397024754863567660e-06 1.391166729286655248e-07
1.500000000000000000e+02 7.055238763944194320e-06 9.490319278268128124e-08
1.510000000000000000e+02 5.272221476369228098e-06 6.436104782663073084e-08
1.520000000000000000e+02 3.920883236525652322e-06 4.338855899435465841e-08
1.530000000000000000e+02 2.902467866407147414e-06 2.908837548343459756e-08
1.540000000000000000e+02 2.139494933103348770e-06 1.940478004135225112e-08
1.550000000000000000e+02 1.570853193546537848e-06 1.288360715726479092e-08
1.560000000000000000e+02 1.148702309513799089e-06 8.509985027897666999e-09
1.570000000000000000e+02 8.362721373943416741e-07 5.588036781921489895e-09
1.580000000000000000e+02 6.058387735218822245e-07 3.646163388068390329e-09
1.590000000000000000e+02 4.366908966769791146e-07 2.364782993284498112e-09
