0.000000000000000000e+00 -2.003612248063878812e-08 -3.102547943798657309e-07
1.000000000000000000e+00 3.120610522837927188e-08 4.061862482424607539e-07
2.000000000000000000e+00 4.368793637470157441e-08 5.033631517391607313e-07
3.000000000000000000e+00 6.464371754864544690e-08 6.911266952513959880e-07
4.000000000000000000e+00 9.523419513624314218e-08 9.493782572938818649e-07
5.000000000000000000e+00 1.395056760497756740e-07 1.298892352582844391e-06
6.000000000000000000e+00 2.031884679106873998e-07 1.769231340573358837e-06
7.000000000000000000e+00 2.942537028234040235e-07 2.399148721637797233e-06
8.000000000000000000e+00 4.237123922920680992e-07 3.238878356784184235e-06
9.000000000000000000e+00 6.066775341864707878e-07 4.353153896434220149e-06
1.000000000000000000e+01 8.637609985938414260e-07 5.824959236813680247e-06
1.100000000000000000e+01 1.222896949651209116e-06 7.760130153040602569e-06
1.200000000000000000e+01 1.721704092922510133e-06 1.029295940025107461e-05
1.300000000000000000e+01 2.410524224404348791e-06 1.359297874461142575e-05
1.400000000000000000e+01 3.356301300485284242e-06 1.787311025339493489e-05
1.500000000000000000e+01 4.647497054486501505e-06 2.339939893131197621e-05
1.600000000000000000e+01 6.400272924112547791e-06 3.050255623614440137e-05
1.700000000000000000e+01 8.766205234977218690e-06 3.959155896845245782e-05
1.800000000000000000e+01 1.194184013290169627e-05 5.116955731537747252e-05
1.900000000000000000e+01 1.618043427437272302e-05 6.585234756741693753e-05
2.000000000000000000e+01 2.180626678530880790e-05 8.438965873559602679e-05
2.100000000000000000e+01 2.923194452208475322e-05 1.076894871900802893e-04
2.200000000000000000e+01 3.897915373128839464e-05 1.368456884324951691e-04
2.300000000000000000e+01 5.170333359963974338e-05 1.731689972415332950e-04
2.400000000000000000e+01 6.822275788861259776e-05 2.182215921025706918e-04
2.500000000000000000e+01 8.955250363990512963e-05 2.738552437074869570e-04
2.600000000000000000e+01 1.169437578587834820e-04 3.422529842917953428e-04
2.700000000000000000e+01 1.519288579440039122e-04 4.259741022646017596e-04
2.800000000000000000e+01 1.963723747433915605e-04 5.280021070631991985e-04
2.900000000000000000e+01 2.525284195764543283e-04 6.517951328122950595e-04
3.000000000000000000e+01 3.231041865473156826e-04 8.013380713843179081e-04
3.100000000000000000e+01 4.113295213502344053e-04 9.811955417234068284e-04
3.200000000000000000e+01 5.210320400409267864e-04 1.196564582622716352e-03
3.300000000000000000e+01 6.567169955325228518e-04 1.453325649537305338e-03
3.400000000000000000e+01 8.236507043141807517e-04 1.758090100230270611e-03
3.500000000000000000e+01 1.027945899032580964e-03 2.118241971364283587e-03
3.600000000000000000e+01 1.276646880850292650e-03 2.541971645586693120e-03
3.700000000000000000e+01 1.577811829149368666e-03 3.038299051773790064e-03
3.800000000000000000e+01 1.940589088601916545e-03 3.617084114008456766e-03
3.900000000000000000e+01 2.375283677520618336e-03 4.289021860569553618e-03
4.000000000000000000e+01 2.893409649068018081e-03 5.065618762463280911e-03
4.100000000000000000e+01 3.507723361581087905e-03 5.959146031765144569e-03
4.200000000000000000e+01 4.232232298194256448e-03 6.982565825220188663e-03
4.300000000000000000e+01 5.082173861651832943e-03 8.149428066983509245e-03
4.400000000000000000e+01 6.073958429660420918e-03 9.473737789910226942e-03
4.500000000000000000e+01 7.225070735909506180e-03 1.096979315911580932e-02
4.600000000000000000e+01 8.553923494506975034e-03 1.265199154827890450e-02
4.700000000000000000e+01 1.007965763906362722e-02 1.453459764726987291e-02
4.800000000000000000e+01 1.182188495577428389e-02 1.663146864247918785e-02
4.900000000000000000e+01 1.380037072509751779e-02 1.895573947981689725e-02
5.000000000000000000e+01 1.603465511029428248e-02 2.151948102660504458e-02
5.100000000000000000e+01 1.854361225101969907e-02 2.433334530895160316e-02
5.200000000000000000e+01 2.134494717773211675e-02 2.740620008183546064e-02
5.300000000000000000e+01 2.445463496290017566e-02 3.074473982474056413e-02
5.400000000000000000e+01 2.788631297439207041e-02 3.435306153818041414e-02
5.500000000000000000e+01 3.165064087001151494e-02 3.823221998144715750e-02
5.600000000000000000e+01 3.575464086078809778e-02 4.237980874441839990e-02
5.700000000000000000e+01 4.020102748586663888e-02 4.678961471493645052e-02
5.800000000000000000e+01 4.498754129528521883e-02 5.145135000758486316e-02
5.900000000000000000e+01 5.010631578003794245e-02 5.635041321526877700e-02
6.000000000000000000e+01 5.554331733070823340e-02 6.146763311025094101e-02
6.100000000000000000e+01 6.127788815181343246e-02 6.677902320806795855e-02
6.200000000000000000e+01 6.728239914265660149e-02 7.225566071302076676e-02
6.300000000000000000e+01 7.352201428353129231e-02 7.786379644800239808e-02
6.400000000000000000e+01 7.995459658329819030e-02 8.356517682408177994e-02
6.500000000000000000e+01 8.653081741638954383e-02 8.931742386583146898e-02
6.600000000000000000e+01 9.319451434922670918e-02 9.507433235117322690e-02
6.700000000000000000e+01 9.988327620351240832e-02 1.007861326555886811e-01
6.800000000000000000e+01 1.065291911175038492e-01 1.063999569456019478e-01
6.900000000000000000e+01 1.130597385100205465e-01 1.118607052647040134e-01
7.000000000000000000e+01 1.193988932968298722e-01 1.171122172575425058e-01
7.100000000000000000e+01 1.254685131931510822e-01 1.220983877275539226e-01
7.200000000000000000e+01 1.311899531611920577e-01 1.267639358480914802e-01
7.300000000000000000e+01 1.364857286084094068e-01 1.310549413017979836e-01
7.400000000000000000e+01 1.412810997694221582e-01 1.349195971271427152e-01
7.500000000000000000e+01 1.455056387568301468e-01 1.383094919530157285e-01
7.600000000000000000e+01 1.490949236467782602e-01 1.411811857091344324e-01
7.700000000000000000e+01 1.519923295710043643e-01 1.434974346727514172e-01
7.800000000000000000e+01 1.541506405183069028e-01 1.452276442171706039e-01
7.900000000000000000e+01 1.555332200979624435e-01 1.463478299559100027e-01
8.000000000000000000e+01 1.561147898356165242e-01 1.468408283211973253e-01
8.100000000000000000e+01 1.558820975187120705e-01 1.466971673520815478e-01
8.200000000000000000e+01 1.548345877242576774e-01 1.459161632843588574e-01
8.300000000000000000e+01 1.529847962368384995e-01 1.445063388297335161e-01
8.400000000000000000e+01 1.503580973396693721e-01 1.424847308906023180e-01
8.500000000000000000e+01 1.469918168939558234e-01 1.398756371037999102e-01
8.600000000000000000e+01 1.429341351331486487e-01 1.367098056538226247e-01
8.700000000000000000e+01 1.382431081333939937e-01 1.330244711386578682e-01
8.800000000000000000e+01 1.329856356899019876e-01 1.288635831629065809e-01
8.900000000000000000e+01 1.272359455737532841e-01 1.242771982103879069e-01
9.000000000000000000e+01 1.210735149368977193e-01 1.193197477458603217e-01
9.100000000000000000e+01 1.145808853273001943e-01 1.140479876844744250e-01
9.200000000000000000e+01 1.078418625885103066e-01 1.085197082895273668e-01
9.300000000000000000e+01 1.009400742755577757e-01 1.027934400296934281e-01
9.400000000000000000e+01 9.395744681234456663e-02 9.692833361496265565e-02
9.500000000000000000e+01 8.697238237847533526e-02 9.098324972953579504e-02
9.600000000000000000e+01 8.005796775521632769e-02 8.501499817114306634e-02
9.700000000000000000e+01 7.328071806931875376e-02 7.907662817641214481e-02
9.800000000000000000e+01 6.669993687438156849e-02 7.321667193021931530e-02
9.900000000000000000e+01 6.036730374864537202e-02 6.747932094351430377e-02
1.000000000000000000e+02 5.432635566307173619e-02 6.190468029395974903e-02
1.010000000000000000e+02 4.861199108421623838e-02 5.652835942406912034e-02
1.020000000000000000e+02 4.325038340940434017e-02 5.138053175525295058e-02
1.030000000000000000e+02 3.825943706070698835e-02 4.648526111293210805e-02
1.040000000000000000e+02 3.364950626000368095e-02 4.186067787646971516e-02
1.050000000000000000e+02 2.942403306758225798e-02 3.751979055943276131e-02
1.060000000000000000e+02 2.558007626874411050e-02 3.347120997830627109e-02
1.070000000000000000e+02 2.210896757586532438e-02 2.971932857265791386e-02
1.080000000000000000e+02 1.899723865160589387e-02 2.626417732961254525e-02
1.090000000000000000e+02 1.622767696015263786e-02 2.310153855950579718e-02
1.100000000000000000e+02 1.378025918084951201e-02 2.022360776039799565e-02
1.110000000000000000e+02 1.163287890218472030e-02 1.761994441472496120e-02
1.120000000000000000e+02 9.761990109055034004e-03 1.527822050446888541e-02
1.130000000000000000e+02 8.143291695048906001e-03 1.318454936868397598e-02
1.140000000000000000e+02 6.752422565809302300e-03 1.132360861501928613e-02
1.150000000000000000e+02 5.565538219233197650e-03 9.678911807313528640e-03
1.160000000000000000e+02 4.559702168900003905e-03 8.233348050036058338e-03
1.170000000000000000e+02 3.713146173513060758e-03 6.969793855249153784e-03
1.180000000000000000e+02 3.005486917497722683e-03 5.871528507856368061e-03
1.190000000000000000e+02 2.417921050920230231e-03 4.922378736578443895e-03
1.200000000000000000e+02 1.933356199222618227e-03 4.106743663670085406e-03
1.210000000000000000e+02 1.536444412266968701e-03 3.409688038028866209e-03
1.220000000000000000e+02 1.213537241534759200e-03 2.817146654040038681e-03
1.230000000000000000e+02 9.526087645088837956e-04 2.316132485067845092e-03
1.240000000000000000e+02 7.431728620991982955e-04 1.894827611775701899e-03
1.250000000000000000e+02 5.761893673609632185e-04 1.542540710290625158e-03
1.260000000000000000e+02 4.439467331401960345e-04 1.249613280898492947e-03
1.270000000000000000e+02 3.399246414405903338e-04 1.007360487707216088e-03
1.280000000000000000e+02 2.586531613483652428e-04 8.080619454654098480e-04
1.290000000000000000e+02 1.955818604916767023e-04 6.449558205857564702e-04
1.300000000000000000e+02 1.469608333275625699e-04 5.121892901412745296e-04
1.310000000000000000e+02 1.097295492802293659e-04 4.047228359691783673e-04
1.320000000000000000e+02 8.141180123278271411e-05 3.182227405436727739e-04
1.330000000000000000e+02 6.001937216255319853e-05 2.489747594690622430e-04
1.340000000000000000e+02 4.396767716123608214e-05 1.938242850087960704e-04
1.350000000000000000e+02 3.200402142854055602e-05 1.501259005113561877e-04
1.360000000000000000e+02 2.314674484365897804e-05 1.156854638612952823e-04
1.370000000000000000e+02 1.663323099214029325e-05 8.869316129006096414e-05
1.380000000000000000e+02 1.187570331939015136e-05 6.765821592836849640e-05
1.390000000000000000e+02 8.424405988656780335e-06 5.135549660998147542e-05
1.400000000000000000e+02 5.937672086239960715e-06 3.878551383414722355e-05
1.410000000000000000e+02 4.157966431169097984e-06 2.914219038376263522e-05
1.420000000000000000e+02 2.892786293216218505e-06 2.178258543132363670e-05
1.430000000000000000e+02 1.999431685599118608e-06 1.619713065280843124e-05
1.440000000000000000e+02 1.372927505736573870e-06 1.198262711728602975e-05
1.450000000000000000e+02 9.365848099268562873e-07 8.820449488094838278e-06
1.460000000000000000e+02 6.347626497880119842e-07 6.460207313701978717e-06
1.470000000000000000e+02 4.273958289637019775e-07 4.707187812659686891e-06
1.480000000000000000e+02 2.858756842079625004e-07 3.411714140736192259e-06
1.490000000000000000e+02 1.899452203070243254e-07 2.459612669413794474e-06
1.500000000000000000e+02 1.253674002768501863e-07 1.763991809305000900e-06
1.510000000000000000e+02 8.219972944929730228e-08 1.258740026372384955e-06
1.520000000000000000e+02 5.354314700376837906e-08 8.937358116424624261e-07
1.530000000000000000e+02 3.464706383604590692e-08 6.313300227047528556e-07
1.540000000000000000e+02 2.226936493136897642e-08 4.435837669435391779e-07
1.550000000000000000e+02 1.421646723333493176e-08 3.099620839912406140e-07
1.560000000000000000e+02 9.014393336815474915e-09 2.154263541923356653e-07
1.570000000000000000e+02 5.678079660174458218e-09 1.489574969474188462e-07
1.580000000000000000e+02 3.553198170559169554e-09 1.024910133656546027e-07
1.590000000000000000e+02 2.208738132193763334e-09 7.016770587489915198e-08
