0.000000000000000000e+00 -9.726965954948438522e-08 -4.041602317208713385e-07
1.000000000000000000e+00 1.624482902596047123e-07 4.835137838555910816e-07
2.000000000000000000e+00 2.087159227524073590e-07 5.912397261665339344e-07
3.000000000000000000e+00 2.928091203211335071e-07 8.076383300800499354e-07
4.000000000000000000e+00 4.102967495405659720e-07 1.103895355664656712e-06
5.000000000000000000e+00 5.723721815879682444e-07 1.502973390461925904e-06
6.000000000000000000e+00 7.947227008851866586e-07 2.037703079365461511e-06
7.000000000000000000e+00 1.098254383622986746e-06 2.750971816986839804e-06
8.000000000000000000e+00 1.510589775865169041e-06 3.698198456423757374e-06
9.000000000000000000e+00 2.068018327313824467e-06 4.950601900114635947e-06
1.000000000000000000e+01 2.817959893811408487e-06 6.599248815773472376e-06
1.100000000000000000e+01 3.822048611482173763e-06 8.760008029275233397e-06
1.200000000000000000e+01 5.159967929894698627e-06 1.157957472535586878e-05
1.300000000000000000e+01 6.934189277885747005e-06 1.524275130570577480e-05
1.400000000000000000e+01 9.275789296248987360e-06 1.998119136401999826e-05
1.500000000000000000e+01 1.235154366295090335e-05 2.608382970926893563e-05
1.600000000000000000e+01 1.637251941790370281e-05 3.390923655034626996e-05
1.700000000000000000e+01 2.160441139448625856e-05 4.390014674858178860e-05
1.800000000000000000e+01 2.837989093593649721e-05 5.660042659623618723e-05
1.900000000000000000e+01 3.711325635803424251e-05 7.267474517282051887e-05
2.000000000000000000e+01 4.831768813206984510e-05 9.293121268195864170e-05
2.100000000000000000e+01 6.262542092666268387e-05 1.183472278662477453e-04
2.200000000000000000e+01 8.081114279745990126e-05 1.500987432082122428e-04
2.300000000000000000e+01 1.038189207026487659e-04 1.895931043503599491e-04
2.400000000000000000e+01 1.327929264399141894e-04 2.385055484178746107e-04
2.500000000000000000e+01 1.691121964248368888e-04 2.988193491763582645e-04
2.600000000000000000e+01 2.144295973137636934e-04 3.728694821546471648e-04
2.700000000000000000e+01 2.707150847264416143e-04 4.633895606126759424e-04
2.800000000000000000e+01 3.403032312764672947e-04 5.735616685447421283e-04
2.900000000000000000e+01 4.259448582409272599e-04 7.070685566437850348e-04
3.000000000000000000e+01 5.308624272250232626e-04 8.681474187107882578e-04
3.100000000000000000e+01 6.588086355969508152e-04 1.061644101652478578e-03
3.200000000000000000e+01 8.141274222081076612e-04 1.293066202410044939e-03
3.300000000000000000e+01 1.001816341892956212e-03 1.568633247356153405e-03
3.400000000000000000e+01 1.227589006166250087e-03 1.895322154888346138e-03
3.500000000000000000e+01 1.497935977039511948e-03 2.280906305852186972e-03
3.600000000000000000e+01 1.820182102863713691e-03 2.733986356447901892e-03
3.700000000000000000e+01 2.202537823899444833e-03 3.264010067300432503e-03
3.800000000000000000e+01 2.654141580920304534e-03 3.881277155855736120e-03
3.900000000000000000e+01 3.185090282581553873e-03 4.596924549579460562e-03
4.000000000000000000e+01 3.806454798586105144e-03 5.422888460711356926e-03
4.100000000000000000e+01 4.530277343210456671e-03 6.371842138685850955e-03
4.200000000000000000e+01 5.369547063736511416e-03 7.457109847933339822e-03
4.300000000000000000e+01 6.338149297985204607e-03 8.692556094803460809e-03
4.400000000000000000e+01 7.450783650324099144e-03 1.009244449816872752e-02
4.500000000000000000e+01 8.722847124179616829e-03 1.167125716200673007e-02
4.600000000000000000e+01 1.017028070777384330e-02 1.344346849957717138e-02
4.700000000000000000e+01 1.180937912971542075e-02 1.542327798366341374e-02
4.800000000000000000e+01 1.365656215146012452e-02 1.762431666221546053e-02
4.900000000000000000e+01 1.572810272942464643e-02 2.005934115659760777e-02
5.000000000000000000e+01 1.803980698013094713e-02 2.273991294961477325e-02
5.100000000000000000e+01 2.060664682083335197e-02 2.567604290943547793e-02
5.200000000000000000e+01 2.344235586243632527e-02 2.887578274877890261e-02
5.300000000000000000e+01 2.655900345513700911e-02 3.234477516335289293e-02
5.400000000000000000e+01 2.996655383764148389e-02 3.608581218901093374e-02
5.500000000000000000e+01 3.367240334236662469e-02 4.009845818781316434e-02
5.600000000000000000e+01 3.768088662646955356e-02 4.437875044818587189e-02
5.700000000000000000e+01 4.199276435638907984e-02 4.891892720826725161e-02
5.800000000000000000e+01 4.660473520965965899e-02 5.370711500020349666e-02
5.900000000000000000e+01 5.150902048898935853e-02 5.872697221427734815e-02
6.000000000000000000e+01 5.669303279436978260e-02 6.395739057453134202e-02
6.100000000000000000e+01 6.213909155417966790e-02 6.937239738238865083e-02
6.200000000000000000e+01 6.782414705891345874e-02 7.494131185495352121e-02
6.300000000000000000e+01 7.371954283303859545e-02 8.062904543459212259e-02
6.400000000000000000e+01 7.979092322749468946e-02 8.639635414359703169e-02
6.500000000000000000e+01 8.599838197365110293e-02 9.219996089306735365e-02
6.600000000000000000e+01 9.229682697952863724e-02 9.799269668570179115e-02
6.700000000000000000e+01 9.863641775926529354e-02 1.037239406932236735e-01
6.800000000000000000e+01 1.049629618842781581e-01 1.093405026912286082e-01
6.900000000000000000e+01 1.112183426305061035e-01 1.147877689323724415e-01
7.000000000000000000e+01 1.173412028276054758e-01 1.200107228572723506e-01
7.100000000000000000e+01 1.232680239342519857e-01 1.249545942621466676e-01
7.200000000000000000e+01 1.289344471068636921e-01 1.295652963135624502e-01
7.300000000000000000e+01 1.342764830957497157e-01 1.337900984388820380e-01
7.400000000000000000e+01 1.392314137091421045e-01 1.375788359867325950e-01
7.500000000000000000e+01 1.437385905108224948e-01 1.408854630761066651e-01
7.600000000000000000e+01 1.477405493715316376e-01 1.436693733641519199e-01
7.700000000000000000e+01 1.511845807703635358e-01 1.458960436450399967e-01
7.800000000000000000e+01 1.540243584757145234e-01 1.475371151352407040e-01
7.900000000000000000e+01 1.562210261280329027e-01 1.485704926335770504e-01
8.000000000000000000e+01 1.577435734085567698e-01 1.489809458401148701e-01
8.100000000000000000e+01 1.585689945391458300e-01 1.487611084392257976e-01
8.200000000000000000e+01 1.586828701722841350e-01 1.479122518804659725e-01
8.300000000000000000e+01 1.580804087592338203e-01 1.464442725000593415e-01
8.400000000000000000e+01 1.567672421306412767e-01 1.443749197112740301e-01
8.500000000000000000e+01 1.547592451797451529e-01 1.417288430555784795e-01
8.600000000000000000e+01 1.520814508287554323e-01 1.385370300639167385e-01
8.700000000000000000e+01 1.487669185714659559e-01 1.348366806672122165e-01
8.800000000000000000e+01 1.448562917970730446e-01 1.306710466929832948e-01
8.900000000000000000e+01 1.403978314997675614e-01 1.260887385499421531e-01
9.000000000000000000e+01 1.354469785342722055e-01 1.211424408043202811e-01
9.100000000000000000e+01 1.300648219879233514e-01 1.158874284140961192e-01
9.200000000000000000e+01 1.243159141991865835e-01 1.103803336508986654e-01
9.300000000000000000e+01 1.182665031378298259e-01 1.046783000121970786e-01
9.400000000000000000e+01 1.119837415383097279e-01 9.883832468702180574e-02
9.500000000000000000e+01 1.055353426314720733e-01 9.291652547463286060e-02
9.600000000000000000e+01 9.898869396684445432e-02 8.696724539072379911e-02
9.700000000000000000e+01 9.240910933672988326e-02 8.104209699708644909e-02
9.800000000000000000e+01 8.585793007656697395e-02 7.518909415209235059e-02
9.900000000000000000e+01 7.939143589405639467e-02 6.945196252490130895e-02
1.000000000000000000e+02 7.306074764106830488e-02 6.386967279458533042e-02
1.010000000000000000e+02 6.691199020896021477e-02 5.847622108808093327e-02
1.020000000000000000e+02 6.098592385623348433e-02 5.330062654158814611e-02
1.030000000000000000e+02 5.531704788141543483e-02 4.836701958298326998e-02
1.040000000000000000e+02 4.993290770504863613e-02 4.369466119571330937e-02
1.050000000000000000e+02 4.485421903019857354e-02 3.929785186412748654e-02
1.060000000000000000e+02 4.009565867926243726e-02 3.518588523064787588e-02
1.070000000000000000e+02 3.566663049355158627e-02 3.136327791712380936e-02
1.080000000000000000e+02 3.157153961622893856e-02 2.783035118367915145e-02
1.090000000000000000e+02 2.780977257594604776e-02 2.458397400258186677e-02
1.100000000000000000e+02 2.437593476811793919e-02 2.161815783362129595e-02
1.110000000000000000e+02 2.126061357690835554e-02 1.892435116410430898e-02
1.120000000000000000e+02 1.845139654331865581e-02 1.649157489347216274e-02
1.130000000000000000e+02 1.593367262140095095e-02 1.430668858101796087e-02
1.140000000000000000e+02 1.369103648336329922e-02 1.235494314896178406e-02
1.150000000000000000e+02 1.170552604935631846e-02 1.062069398762499617e-02
1.160000000000000000e+02 9.958018861923859447e-03 9.087990595319499210e-03
1.170000000000000000e+02 8.428855737527373229e-03 7.740863814811469769e-03
1.180000000000000000e+02 7.098475427327203061e-03 6.563383210055396579e-03
1.190000000000000000e+02 5.947823107938994200e-03 5.539714649932322640e-03
1.200000000000000000e+02 4.958508916106413311e-03 4.654342345473913914e-03
1.210000000000000000e+02 4.112884097261166813e-03 3.892418291370591636e-03
1.220000000000000000e+02 3.394191041539052975e-03 3.240063081249102122e-03
1.230000000000000000e+02 2.786786891427092162e-03 2.684478972073052819e-03
1.240000000000000000e+02 2.276324165991459002e-03 2.213888869213903338e-03
1.250000000000000000e+02 1.849798835831212122e-03 1.817431784604070727e-03
1.260000000000000000e+02 1.495486397202512932e-03 1.485132719036994127e-03
1.270000000000000000e+02 1.202854797856854965e-03 1.207958747986690243e-03
1.280000000000000000e+02 9.625161021991292167e-04 9.778824839251727338e-04
1.290000000000000000e+02 7.662068625525757671e-04 7.878721182604981905e-04
1.300000000000000000e+02 6.067489988588937620e-04 6.317957043175945805e-04
1.310000000000000000e+02 4.779639224366399614e-04 5.042926525036176954e-04
1.320000000000000000e+02 3.745560527615051359e-04 4.006739252500962026e-04
1.330000000000000000e+02 2.920011365379388988e-04 3.168708598357807753e-04
1.340000000000000000e+02 2.264591987819107534e-04 2.494074303893737093e-04
1.350000000000000000e+02 1.747056895406049956e-04 1.953594741958685366e-04
1.360000000000000000e+02 1.340637151527747481e-04 1.522866027447147201e-04
1.370000000000000000e+02 1.023291823218560741e-04 1.181506724101153116e-04
1.380000000000000000e+02 7.769458743019754855e-05 9.124428332915810445e-05
1.390000000000000000e+02 5.868193116771846244e-05 7.014139590175062376e-05
1.400000000000000000e+02 4.408954302702406737e-05 5.366495523858973225e-05
1.410000000000000000e+02 3.294975453212253163e-05 4.085861782638701580e-05
1.420000000000000000e+02 2.449167574157228304e-05 3.095432891914829494e-05
1.430000000000000000e+02 1.810613870971096291e-05 2.333687214932284555e-05
1.440000000000000000e+02 1.331373608025293898e-05 1.751170414558803111e-05
1.450000000000000000e+02 9.738122424703003481e-06 1.308073598850240538e-05
1.460000000000000000e+02 7.085280794670363212e-06 9.725809363684531682e-06
1.470000000000000000e+02 5.127524786284614454e-06 7.196330785308487071e-06
1.480000000000000000e+02 3.690399421855352692e-06 5.297806702991035620e-06
1.490000000000000000e+02 2.641376271100240663e-06 3.880382191597904917e-06
1.500000000000000000e+02 1.880219633664141358e-06 2.828396684139633524e-06
1.510000000000000000e+02 1.331269724152197143e-06 2.052179469054703058e-06
1.520000000000000000e+02 9.376288266051610898e-07 1.482322168224979711e-06
1.530000000000000000e+02 6.568488556513569919e-07 1.065701735549486010e-06
1.540000000000000000e+02 4.576026601126481646e-07 7.623167973439706973e-07
1.550000000000000000e+02 3.169894898553637090e-07 5.424229923770882255e-07
1.560000000000000000e+02 2.183529401854075883e-07 3.839638382825520901e-07
1.570000000000000000e+02 1.495961267075642001e-07 2.704995501429027720e-07
1.580000000000000000e+02 1.019533893498307827e-07 1.897279158160675926e-07
1.590000000000000000e+02 6.911647526549818674e-08 1.324927579650817446e-07
