0.000000000000000000e+00 -2.847288656244499642e-12 -8.045016379101476509e-10
1.000000000000000000e+00 1.005768932412697531e-10 1.393143823441350384e-09
2.000000000000000000e+00 1.771612015865677833e-10 2.197516572566184231e-09
3.000000000000000000e+00 3.127766231037011004e-10 3.581574354905477381e-09
4.000000000000000000e+00 5.468486809999879914e-10 5.795495655150638559e-09
5.000000000000000000e+00 9.468171318946256351e-10 9.305774191227598961e-09
6.000000000000000000e+00 1.623474429945101951e-09 1.482729488296312744e-08
7.000000000000000000e+00 2.756931525698235130e-09 2.344394841064366856e-08
8.000000000000000000e+00 4.636948755581014697e-09 3.678511202861290942e-08
9.000000000000000000e+00 7.724759351581536150e-09 5.727950934515691276e-08
1.000000000000000000e+01 1.274706987454374896e-08 8.851696964868012303e-08
1.100000000000000000e+01 2.083683226092642412e-08 1.357589831862363229e-07
1.200000000000000000e+01 3.374224473452767243e-08 2.066524323499892445e-07
1.300000000000000000e+01 5.413306503940511416e-08 3.122176688382897511e-07
1.400000000000000000e+01 8.604472003976830669e-08 4.682038057492411495e-07
1.500000000000000000e+01 1.355144468318508163e-07 6.969296752169199696e-07
1.600000000000000000e+01 2.114825108914278609e-07 1.029760190416213017e-06
1.700000000000000000e+01 3.270537645746489120e-07 1.510404732788702009e-06
1.800000000000000000e+01 5.012436536891986512e-07 2.199267239858509518e-06
1.900000000000000000e+01 7.613662595406389251e-07 3.179126607771618044e-06
2.000000000000000000e+01 1.146262599503904665e-06 4.562480399047196346e-06
2.100000000000000000e+01 1.710613952451410942e-06 6.500942257323424455e-06
2.200000000000000000e+01 2.530636514854315804e-06 9.197142703249187781e-06
2.300000000000000000e+01 3.711511349019567245e-06 1.291964307439407034e-05
2.400000000000000000e+01 5.396962491724888835e-06 1.802142769624208926e-05
2.500000000000000000e+01 7.781456066499233207e-06 2.496258524060179521e-05
2.600000000000000000e+01 1.112554924995364545e-05 3.433781981520448530e-05
2.700000000000000000e+01 1.577496610751439097e-05 4.690944001247448927e-05
2.800000000000000000e+01 2.218401131150143479e-05 6.364645293733185336e-05
2.900000000000000000e+01 3.094394752606146253e-05 8.577033249393813076e-05
3.000000000000000000e+01 4.281694943926139379e-05 1.148079250803368101e-04
3.100000000000000000e+01 5.877620250140502941e-05 1.526517961264421545e-04
3.200000000000000000e+01 8.005262852257708167e-05 2.016280982432839793e-04
3.300000000000000000e+01 1.081885894943278379e-04 2.645717522080438572e-04
3.400000000000000000e+01 1.450987407470284935e-04 3.449083692557803563e-04
3.500000000000000000e+01 1.931379729490217143e-04 4.467419146299182004e-04
3.600000000000000000e+01 2.551760984809631552e-04 5.749466192376104148e-04
3.700000000000000000e+01 3.346786062988177748e-04 7.352610900077714926e-04
3.800000000000000000e+01 4.357924323024753429e-04 9.343819536858975847e-04
3.900000000000000000e+01 5.634352806412742595e-04 1.180053724038934628e-03
4.000000000000000000e+01 7.233865912848409839e-04 1.481150949531869019e-03
4.100000000000000000e+01 9.223777919709001509e-04 1.847748097933242213e-03
4.200000000000000000e+01 1.168179007750980722e-03 2.291172061101185049e-03
4.300000000000000000e+01 1.469678939145995650e-03 2.824031641181343980e-03
4.400000000000000000e+01 1.836954167161132176e-03 3.460217994189631469e-03
4.500000000000000000e+01 2.281323708468077638e-03 4.214869838580509280e-03
4.600000000000000000e+01 2.815384229620152522e-03 5.104297280458405459e-03
4.700000000000000000e+01 3.453020941725230136e-03 6.145858317160698449e-03
4.800000000000000000e+01 4.209388844147295139e-03 7.357782502055388793e-03
4.900000000000000000e+01 5.100858675426619797e-03 8.758937033421395485e-03
5.000000000000000000e+01 6.144921680659255758e-03 1.036853174142105677e-02
5.100000000000000000e+01 7.360047143075395051e-03 1.220576097885330870e-02
5.200000000000000000e+01 8.765486597137359809e-03 1.428938214795107305e-02
5.300000000000000000e+01 1.038101879671927963e-02 1.663723259839937352e-02
5.400000000000000000e+01 1.222662992671854146e-02 1.926568911115788749e-02
5.500000000000000000e+01 1.432212430822748378e-02 2.218907710139666339e-02
5.600000000000000000e+01 1.668666206002302962e-02 2.541903968431301689e-02
5.700000000000000000e+01 1.933822194774943368e-02 2.896387960129596234e-02
5.800000000000000000e+01 2.229299006755709051e-02 3.282788989384347045e-02
5.900000000000000000e+01 2.556467814582243439e-02 3.701069242067211301e-02
6.000000000000000000e+01 2.916377914162519153e-02 4.150660650779240679e-02
6.100000000000000000e+01 3.309677251177688129e-02 4.630407230869538343e-02
6.200000000000000000e+01 3.736529682665613167e-02 5.138515445347105470e-02
6.300000000000000000e+01 4.196531318882908840e-02 5.672515207415042282e-02
6.400000000000000000e+01 4.688628886127128859e-02 6.229234206028828880e-02
6.500000000000000000e+01 5.211043637079740276e-02 6.804788231677592891e-02
6.600000000000000000e+01 5.761204859187218918e-02 7.394589862248604484e-02
6.700000000000000000e+01 6.335697417560755274e-02 7.993377245865235237e-02
6.800000000000000000e+01 6.930227962352611404e-02 8.595264128186662356e-02
6.900000000000000000e+01 7.539614416809176101e-02 9.193811921639538642e-02
7.000000000000000000e+01 8.157803091854301525e-02 9.782124113752724281e-02
7.100000000000000000e+01 8.777917126040818419e-02 1.035296212769360180e-01
7.200000000000000000e+01 9.392338887340055675e-02 1.089888018966655298e-01
7.300000000000000000e+01 9.992827647943761105e-02 1.141237587306454387e-01
7.400000000000000000e+01 1.057067235530715354e-01 1.188605301928492008e-01
7.500000000000000000e+01 1.111687749794095237e-01 1.231279338149738334e-01
7.600000000000000000e+01 1.162237785294740755e-01 1.268593159978295137e-01
7.700000000000000000e+01 1.207827580936466222e-01 1.299942635275993241e-01
7.800000000000000000e+01 1.247609342996852388e-01 1.324802098150329732e-01
7.900000000000000000e+01 1.280803003207621193e-01 1.342738900466255436e-01
8.000000000000000000e+01 1.306721443819423012e-01 1.353426049796694064e-01
8.100000000000000000e+01 1.324794008284467250e-01 1.356652330833061360e-01
8.200000000000000000e+01 1.334587185483614713e-01 1.352329220006243671e-01
8.300000000000000000e+01 1.335821490985168447e-01 1.340494244596213691e-01
8.400000000000000000e+01 1.328383631044295354e-01 1.321310902801162701e-01
8.500000000000000000e+01 1.312333148193692012e-01 1.295065298331088965e-01
8.600000000000000000e+01 1.287903100924545352e-01 1.262159334954004453e-01
8.700000000000000000e+01 1.255494753586452461e-01 1.223100348583490565e-01
8.800000000000000000e+01 1.215666453076139908e-01 1.178487651912560885e-01
8.900000000000000000e+01 1.169116997930900875e-01 1.128996937479739004e-01
9.000000000000000000e+01 1.116664194210038596e-01 1.075363234572476040e-01
9.100000000000000000e+01 1.059219739789573483e-01 1.018362621905609527e-01
9.200000000000000000e+01 9.977616409107752105e-02 9.587930256536054963e-02
9.300000000000000000e+01 9.333052126829216588e-02 8.974550612083041778e-02
9.400000000000000000e+01 8.668738383705022754e-02 8.351340404844481702e-02
9.500000000000000000e+01 7.994708943208723995e-02 7.725836555724541199e-02
9.600000000000000000e+01 7.320540536602093695e-02 7.105113145989269685e-02
9.700000000000000000e+01 6.655127170605915077e-02 6.495653379641556924e-02
9.800000000000000000e+01 6.006491608015585709e-02 5.903246963590928764e-02
9.900000000000000000e+01 5.381640466360158859e-02 5.332917992720243722e-02
1.000000000000000000e+02 4.786466647086753956e-02 4.788881534694700015e-02
1.010000000000000000e+02 4.225697697888214366e-02 4.274523984945739069e-02
1.020000000000000000e+02 3.702886591977889996e-02 3.792405572917377510e-02
1.030000000000000000e+02 3.220442022822755934e-02 3.344286261186291132e-02
1.040000000000000000e+02 2.779694070470060258e-02 2.931173506091253739e-02
1.050000000000000000e+02 2.380988064591993414e-02 2.553385853128597657e-02
1.060000000000000000e+02 2.023798600953635382e-02 2.210626205353959442e-02
1.070000000000000000e+02 1.706857179025885948e-02 1.902062004462801159e-02
1.080000000000000000e+02 1.428287612458298966e-02 1.626411084082173344e-02
1.090000000000000000e+02 1.185742727735404102e-02 1.382030045354064839e-02
1.100000000000000000e+02 9.765362203270200672e-03 1.167000379230223248e-02
1.110000000000000000e+02 7.977653367143145227e-03 9.792089013338292625e-03
1.120000000000000000e+02 6.464215308147066609e-03 8.164214973690152310e-03
1.130000000000000000e+02 5.194867747749656178e-03 6.763498321606810360e-03
1.140000000000000000e+02 4.140138361612058678e-03 5.567097952277713299e-03
1.150000000000000000e+02 3.271900483337051267e-03 4.552702578520856705e-03
1.160000000000000000e+02 2.563852003427037011e-03 3.698918807855320658e-03
1.170000000000000000e+02 1.991846738144532718e-03 2.985568642475391540e-03
1.180000000000000000e+02 1.534091932615161110e-03 2.393906155540936800e-03
1.190000000000000000e+02 1.171229087032005928e-03 1.906758765768785339e-03
1.200000000000000000e+02 8.863186679748386162e-04 1.508598728586951071e-03
1.210000000000000000e+02 6.647498182968423564e-04 1.185555251749350345e-03
1.220000000000000000e+02 4.940943167139910143e-04 9.253803794279022443e-04
1.230000000000000000e+02 3.639220446632444872e-04 7.173798357663729690e-04
1.240000000000000000e+02 2.655937634025759119e-04 5.523169752572863484e-04
1.250000000000000000e+02 1.920449663088419367e-04 4.222972290368418730e-04
1.260000000000000000e+02 1.375715351978639334e-04 3.206410270076139545e-04
1.270000000000000000e+02 9.762493066943966555e-05 2.417525846849936976e-04
1.280000000000000000e+02 6.862245072061647717e-05 1.809898716000736345e-04
1.290000000000000000e+02 4.777629719705289485e-05 1.345391707997366118e-04
1.300000000000000000e+02 3.294332754378153933e-05 9.929682931311962070e-05
1.310000000000000000e+02 2.249572553110139493e-05 7.276043570322270201e-05
1.320000000000000000e+02 1.521178578568132216e-05 5.293090870586258760e-05
1.330000000000000000e+02 1.018542028023747650e-05 3.822595051562624425e-05
1.340000000000000000e+02 6.752544369093668768e-06 2.740459798134169006e-05
1.350000000000000000e+02 4.432181832188993223e-06 1.950235320306543881e-05
1.360000000000000000e+02 2.880067800776598605e-06 1.377626874426657466e-05
1.370000000000000000e+02 1.852667192020319113e-06 9.659159603303534984e-06
1.380000000000000000e+02 1.179712558765669856e-06 6.721902631907944655e-06
1.390000000000000000e+02 7.435561028664401303e-07 4.642727182770929748e-06
1.400000000000000000e+02 4.638593379993987720e-07 3.182485336039845893e-06
1.410000000000000000e+02 2.863993320213156726e-07 2.164992521526707849e-06
1.420000000000000000e+02 1.750043487757944473e-07 1.461593802384538639e-06
1.430000000000000000e+02 1.058263560766543957e-07 9.791756434365636742e-07
1.440000000000000000e+02 6.332647295556360865e-08 6.509429647316740307e-07
1.450000000000000000e+02 3.749769413286011985e-08 4.293983098462861560e-07
1.460000000000000000e+02 2.197017468528541507e-08 2.810601659398093856e-07
1.470000000000000000e+02 1.273653839183998759e-08 1.825343459113764478e-07
1.480000000000000000e+02 7.305286346623835223e-09 1.176198262634429642e-07
1.490000000000000000e+02 4.145477596055885482e-09 7.519585499971786912e-08
1.500000000000000000e+02 2.327286829096365438e-09 4.769514762607919020e-08
1.510000000000000000e+02 1.292545140519074766e-09 3.001305181343015616e-08
1.520000000000000000e+02 7.101338210662028930e-10 1.873644206409464738e-08
1.530000000000000000e+02 3.859370964040863544e-10 1.160351639911732276e-08
1.540000000000000000e+02 2.074752248789770595e-10 7.128635433787636466e-09
1.550000000000000000e+02 1.103260580536276775e-10 4.344408662226593317e-09
1.560000000000000000e+02 5.802691979491168043e-11 2.626357173155784224e-09
1.570000000000000000e+02 3.018549387554173087e-11 1.574927900170322084e-09
1.580000000000000000e+02 1.553024392260267035e-11 9.367732060131847573e-10
1.590000000000000000e+02 7.902597482159035780e-12 5.526696596642301741e-10
