0.000000000000000000e+00 1.319686507962028477e-25 -3.123240201601069827e-09
1.000000000000000000e+00 0.000000000000000000e+00 6.324894549512680466e-09
2.000000000000000000e+00 0.000000000000000000e+00 9.303275613636016973e-09
3.000000000000000000e+00 0.000000000000000000e+00 1.424628276355940991e-08
4.000000000000000000e+00 0.000000000000000000e+00 2.169803259156919713e-08
5.000000000000000000e+00 0.000000000000000000e+00 3.284603328963436893e-08
6.000000000000000000e+00 0.000000000000000000e+00 4.941791231537118270e-08
7.000000000000000000e+00 0.000000000000000000e+00 7.389826073165082844e-08
8.000000000000000000e+00 0.000000000000000000e+00 1.098356533044669625e-07
9.000000000000000000e+00 0.000000000000000000e+00 1.622643844820599958e-07
1.000000000000000000e+01 0.000000000000000000e+00 2.382786271185817896e-07
1.100000000000000000e+01 0.000000000000000000e+00 3.478088666025613498e-07
1.200000000000000000e+01 0.000000000000000000e+00 5.046632360970058724e-07
1.300000000000000000e+01 0.000000000000000000e+00 7.279141639929738370e-07
1.400000000000000000e+01 0.000000000000000000e+00 1.043730489289043022e-06
1.500000000000000000e+01 0.000000000000000000e+00 1.487779793809104336e-06
1.600000000000000000e+01 0.000000000000000000e+00 2.108354292559504021e-06
1.700000000000000000e+01 0.000000000000000000e+00 2.970406500648364166e-06
1.800000000000000000e+01 0.000000000000000000e+00 4.160719527984024468e-06
1.900000000000000000e+01 1.134459968161682580e-37 5.794478022530923919e-06
2.000000000000000000e+01 4.051128721682899677e-21 8.023553016982026666e-06
2.100000000000000000e+01 9.488497685716419692e-16 1.104686388006740806e-05
2.200000000000000000e+01 1.013107163715029132e-15 1.512323167229364431e-05
2.300000000000000000e+01 7.522946757391130580e-16 2.058719152954513102e-05
2.400000000000000000e+01 1.006023949379945867e-15 2.786827989385473446e-05
2.500000000000000000e+01 9.326933823873770482e-16 3.751435771891030002e-05
2.600000000000000000e+01 1.045444274549441801e-15 5.021956465886673722e-05
2.700000000000000000e+01 1.143194238785834175e-15 6.685751936478194881e-05
2.800000000000000000e+01 7.772830568610389591e-16 8.852038099736970697e-05
2.900000000000000000e+01 7.036683257747428188e-16 1.165643590053016193e-04
3.000000000000000000e+01 7.370569260496295777e-16 1.526621971705203313e-04
3.100000000000000000e+01 8.779979771097579429e-16 1.988630551870808946e-04
3.200000000000000000e+01 9.108922251974496069e-16 2.576600587232145468e-04
3.300000000000000000e+01 7.873732462366462811e-16 3.320655787209044092e-04
3.400000000000000000e+01 3.742006696070227515e-16 4.256940259479899120e-04
3.500000000000000000e+01 6.662979406692058678e-16 5.428516043780193213e-04
3.600000000000000000e+01 1.756063565735958247e-15 6.886320506862006821e-04
3.700000000000000000e+01 2.392114748893889280e-15 8.690168938295037004e-04
3.800000000000000000e+01 2.316562899481978895e-15 1.090978196904381732e-03
3.900000000000000000e+01 2.302433849555971417e-15 1.362581107801818766e-03
4.000000000000000000e+01 2.150228664930920712e-15 1.693082865432330667e-03
4.100000000000000000e+01 9.255902764229677209e-15 2.093024197768121077e-03
4.200000000000000000e+01 6.460648398492686615e-14 2.574308302188669031e-03
4.300000000000000000e+01 4.286359782706051740e-13 3.150261834451796843e-03
4.400000000000000000e+01 2.541473833958491505e-12 3.835671624107791621e-03
4.500000000000000000e+01 1.352292934537623329e-11 4.646790299161844204e-03
4.600000000000000000e+01 6.495033179848236612e-11 5.601303684395123224e-03
4.700000000000000000e+01 2.830353647971215137e-10 6.718252639649430723e-03
4.800000000000000000e+01 1.124647754134727789e-09 8.017901843816619897e-03
4.900000000000000000e+01 4.094603242646749518e-09 9.521548115506792836e-03
5.000000000000000000e+01 1.372303198427663838e-08 1.125126167525036976e-02
5.100000000000000000e+01 4.252734979607702306e-08 1.322955548337208936e-02
5.200000000000000000e+01 1.223798962414145358e-07 1.547897981222539146e-02
5.300000000000000000e+01 3.283363033054548212e-07 1.802164064881000768e-02
5.400000000000000000e+01 8.243895385657488206e-07 2.087864170071244974e-02
5.500000000000000000e+01 1.943913636697262330e-06 2.406945260972918194e-02
5.600000000000000000e+01 4.318784468694308710e-06 2.761121168081287144e-02
5.700000000000000000e+01 9.067190912887129208e-06 3.151797773603157160e-02
5.800000000000000000e+01 1.803720481770655071e-05 3.579994825933845853e-02
5.900000000000000000e+01 3.407816956045414583e-05 4.046265947552670633e-02
6.000000000000000000e+01 6.127467135959170890e-05 4.550618512623769152e-02
6.100000000000000000e+01 1.050336113069217449e-04 5.092436075528283812e-02
6.200000000000000000e+01 1.718768996091700680e-04 5.670407361360994131e-02
6.300000000000000000e+01 2.687820146247711368e-04 6.282465937876788309e-02
6.400000000000000000e+01 4.019563929702739684e-04 6.925743088855644547e-02
6.500000000000000000e+01 5.750514949046884455e-04 7.596535051036597264e-02
6.600000000000000000e+01 7.870221000045482225e-04 8.290287029081978842e-02
6.700000000000000000e+01 1.030084987068404997e-03 9.001599275316857218e-02
6.800000000000000000e+01 1.288453001361934171e-03 9.724260634914709545e-02
6.900000000000000000e+01 1.538602099373338576e-03 1.045131015693995108e-01
7.000000000000000000e+01 1.751651886468111059e-03 1.117512225240561291e-01
7.100000000000000000e+01 1.897940840125823380e-03 1.188751223987322969e-01
7.200000000000000000e+01 1.953117101197678149e-03 1.257986593030545330e-01
7.300000000000000000e+01 1.904273153962217488e-03 1.324329896245709237e-01
7.400000000000000000e+01 1.754189082640512671e-03 1.386884241452301658e-01
7.500000000000000000e+01 1.521964112307426596e-03 1.444763962218280628e-01
7.600000000000000000e+01 1.239329818820207119e-03 1.497114061333164881e-01
7.700000000000000000e+01 9.434702893535958437e-04 1.543129534206881814e-01
7.800000000000000000e+01 6.685760704308902225e-04 1.582075516585433050e-01
7.900000000000000000e+01 4.389116829168702430e-04 1.613307884231786060e-01
8.000000000000000000e+01 2.655250643942553526e-04 1.636291874012629766e-01
8.100000000000000000e+01 1.471567862658608081e-04 1.650616376476309322e-01
8.200000000000000000e+01 7.422627201449646191e-05 1.656004139112284279e-01
8.300000000000000000e+01 3.382757049549071893e-05 1.652320001593146626e-01
8.400000000000000000e+01 1.381652387730583214e-05 1.639577729916284754e-01
8.500000000000000000e+01 5.012363713744523796e-06 1.617942877540402280e-01
8.600000000000000000e+01 1.599227754610083275e-06 1.587728834847977610e-01
8.700000000000000000e+01 4.439259719308987132e-07 1.549386797331929466e-01
8.800000000000000000e+01 1.059620228091808248e-07 1.503493404593282956e-01
8.900000000000000000e+01 2.147504252750545676e-08 1.450738193781112573e-01
9.000000000000000000e+01 3.645547679486445428e-09 1.391908816376756508e-01
9.100000000000000000e+01 5.108958258410064987e-10 1.327870991031188663e-01
9.200000000000000000e+01 5.820199813463838516e-11 1.259544090383162007e-01
9.300000000000000000e+01 5.302641179008613359e-12 1.187877046983860652e-01
9.400000000000000000e+01 3.798105146125890096e-13 1.113827818760274313e-01
9.500000000000000000e+01 2.101185013336428983e-14 1.038344840253855317e-01
9.600000000000000000e+01 8.834169774586208116e-16 9.623471157484662919e-02
9.700000000000000000e+01 3.463203701843423795e-17 8.867031663523211593e-02
9.800000000000000000e+01 1.187796678848650976e-17 8.122130123722165473e-02
9.900000000000000000e+01 4.427317219271045853e-18 7.395963702516780702e-02
1.000000000000000000e+02 2.846565234391989046e-18 6.694856255810442691e-02
1.010000000000000000e+02 7.147626888783098091e-18 6.024199498380949924e-02
1.020000000000000000e+02 4.252227006588602780e-18 5.388396831581403201e-02
1.030000000000000000e+02 1.815336239210304032e-18 4.790837322514888974e-02
1.040000000000000000e+02 6.841256808280881009e-19 4.233923616895537284e-02
1.050000000000000000e+02 5.089900094964639790e-19 3.719141135936920861e-02
1.060000000000000000e+02 1.387566112555056902e-19 3.247135349022293310e-02
1.070000000000000000e+02 9.262797884852678771e-19 2.817782527371461010e-02
1.080000000000000000e+02 1.231516077278537880e-19 2.430268413362272548e-02
1.090000000000000000e+02 2.418346391076989927e-19 2.083190920958023426e-02
1.100000000000000000e+02 -3.687319685909684647e-22 1.774679366601758165e-02
1.110000000000000000e+02 2.615702112726675737e-19 1.502507202870653237e-02
1.120000000000000000e+02 2.808874740920118185e-19 1.264185901934473076e-02
1.130000000000000000e+02 3.424604222945329847e-22 1.057047429320225398e-02
1.140000000000000000e+02 -6.353438346644600571e-20 8.783266863585501363e-03
1.150000000000000000e+02 2.590258822532150186e-19 7.252425670580068748e-03
1.160000000000000000e+02 7.932933494875294574e-21 5.950663363744455696e-03
1.170000000000000000e+02 8.566875560819500338e-20 4.851707597447405158e-03
1.180000000000000000e+02 6.808166364028794139e-21 3.930644326116142402e-03
1.190000000000000000e+02 4.104698977567595256e-20 3.164191531617975561e-03
1.200000000000000000e+02 -2.532841423307813768e-21 2.530923662786808536e-03
1.210000000000000000e+02 -2.908217669549510947e-20 2.011411747310695372e-03
1.220000000000000000e+02 5.005513583786361448e-20 1.588256628457829960e-03
1.230000000000000000e+02 2.362989261741793854e-25 1.246040606449820391e-03
1.240000000000000000e+02 -6.358529636213224775e-21 9.712416433907491726e-04
1.250000000000000000e+02 6.370130633907696439e-21 7.521317233128165013e-04
1.260000000000000000e+02 1.217638527339677442e-22 5.786546536384706667e-04
1.270000000000000000e+02 -2.853055646812877504e-24 4.422777244660495771e-04
1.280000000000000000e+02 -6.560579282297403905e-21 3.358269572012278462e-04
1.290000000000000000e+02 8.627092392599156960e-21 2.533231899693276089e-04
1.300000000000000000e+02 -7.203542683103789369e-23 1.898291970203109017e-04
1.310000000000000000e+02 2.163335727856446440e-21 1.413080406175477464e-04
1.320000000000000000e+02 -6.875314144734744920e-21 1.044902845192785502e-04
1.330000000000000000e+02 1.569903475317053560e-22 7.675101770130821727e-05
1.340000000000000000e+02 -5.844405559437373032e-23 5.599993055991435279e-05
1.350000000000000000e+02 6.532332281852618674e-23 4.058626567739850486e-05
1.360000000000000000e+02 7.558978311279348306e-25 2.921782414858500748e-05
1.370000000000000000e+02 1.282471707914225317e-21 2.089207617112319703e-05
1.380000000000000000e+02 6.338930882167850018e-22 1.483785796616009097e-05
1.390000000000000000e+02 8.123809047393779078e-24 1.046675529097808050e-05
1.400000000000000000e+02 2.029821497107295546e-24 7.333330456548427676e-06
1.410000000000000000e+02 -4.452709930310095935e-22 5.103088367762157013e-06
1.420000000000000000e+02 -1.543820402751879568e-22 3.526929037441166355e-06
1.430000000000000000e+02 -1.918743576001134421e-23 2.420908628604672194e-06
1.440000000000000000e+02 1.637603238441540958e-22 1.650318119851479317e-06
1.450000000000000000e+02 8.551612670439917439e-23 1.117280727262048859e-06
1.460000000000000000e+02 8.061757242210782596e-24 7.512172185222012046e-07
1.470000000000000000e+02 4.664580397734537016e-23 5.016206937524461416e-07
1.480000000000000000e+02 8.890632083879909750e-23 3.326417644165432080e-07
1.490000000000000000e+02 -6.629371949498298666e-23 2.190517967816995982e-07
1.500000000000000000e+02 -1.778256998488990118e-24 1.432430520895504517e-07
1.510000000000000000e+02 5.958310903884436701e-23 9.301794748946584927e-08
1.520000000000000000e+02 -6.477394318411997962e-23 5.998523713204588875e-08
1.530000000000000000e+02 -2.599474120147653120e-24 3.841525611734195482e-08
1.540000000000000000e+02 6.719303771740417512e-24 2.442924623278641760e-08
1.550000000000000000e+02 -2.802726551395779105e-23 1.542495403557671327e-08
1.560000000000000000e+02 -1.509124983324221300e-25 9.670371451498874453e-09
1.570000000000000000e+02 1.321070484057374658e-23 6.020184006129359764e-09
1.580000000000000000e+02 -1.624020475728614684e-23 3.721866809094949998e-09
1.590000000000000000e+02 -2.987506017999534461e-24 2.284926918610617211e-09
