0.000000000000000000e+00 -9.351351735093336774e-08 -6.241320710730164497e-08
1.000000000000000000e+00 1.476199543416512815e-07 8.414961344918856807e-08
2.000000000000000000e+00 1.890385867520819666e-07 1.120804730904850394e-07
3.000000000000000000e+00 2.682823674298479665e-07 1.634878247109041231e-07
4.000000000000000000e+00 3.805643948481257973e-07 2.380331633040914525e-07
5.000000000000000000e+00 5.373710577450589384e-07 3.447635960319247706e-07
6.000000000000000000e+00 7.550608790521185180e-07 4.966163713415153470e-07
7.000000000000000000e+00 1.055688000767521326e-06 7.114064947333164743e-07
8.000000000000000000e+00 1.468723451554942804e-06 1.013460772844943865e-06
9.000000000000000000e+00 2.033318717717700019e-06 1.435801698132503162e-06
1.000000000000000000e+01 2.801173713055579130e-06 2.022990183926007772e-06
1.100000000000000000e+01 3.840139412009770643e-06 2.834763244531478045e-06
1.200000000000000000e+01 5.238738686344376772e-06 3.950648174114705595e-06
1.300000000000000000e+01 7.111830567485193875e-06 5.475813171561198050e-06
1.400000000000000000e+01 9.607649869951307450e-06 7.548485700128163738e-06
1.500000000000000000e+01 1.291643498623955805e-05 1.034927874713769902e-05
1.600000000000000000e+01 1.728085962863333552e-05 1.411272044686541382e-05
1.700000000000000000e+01 2.300856071975340843e-05 1.914128415956242886e-05
1.800000000000000000e+01 3.048717775997116604e-05 2.582235339402955596e-05
1.900000000000000000e+01 4.020238541450551909e-05 3.464876647497220697e-05
2.000000000000000000e+01 5.275931349102050389e-05 4.624364751866199131e-05
2.100000000000000000e+01 6.890755750430073640e-05 6.139000509118586191e-05
2.200000000000000000e+01 8.956988885534025160e-05 8.106525685353956046e-05
2.300000000000000000e+01 1.158749364611789018e-04 1.064808335297962613e-04
2.400000000000000000e+01 1.491944115773779817e-04 1.391274685166757168e-04
2.500000000000000000e+01 1.911854947401854174e-04 1.808271841172208406e-04
2.600000000000000000e+01 2.438385118397469291e-04 2.337925937305871565e-04
2.700000000000000000e+01 3.095292385821915571e-04 3.006929140159725821e-04
2.800000000000000000e+01 3.910747804426698438e-04 3.847251037031431732e-04
2.900000000000000000e+01 4.917924410315019108e-04 4.896889860851953279e-04
3.000000000000000000e+01 6.155618325472306295e-04 6.200666887778661859e-04
3.100000000000000000e+01 7.668904917023502748e-04 7.811071466591761915e-04
3.200000000000000000e+01 9.509817217836059140e-04 9.789141567829620465e-04
3.300000000000000000e+01 1.173801176101202555e-03 1.220532909645090022e-03
3.400000000000000000e+01 1.442137851923078759e-03 1.514028722657001676e-03
3.500000000000000000e+01 1.763656778390401345e-03 1.868554701333255495e-03
3.600000000000000000e+01 2.146943240195250957e-03 2.294409042863802210e-03
3.700000000000000000e+01 2.601538691050503740e-03 2.803081971616115491e-03
3.800000000000000000e+01 3.137965021817410664e-03 3.407285544600412858e-03
3.900000000000000000e+01 3.767729081958133899e-03 4.120953161441763719e-03
4.000000000000000000e+01 4.503298234983300376e-03 4.959197658827970735e-03
4.100000000000000000e+01 5.358042505144750174e-03 5.938227019487637981e-03
4.200000000000000000e+01 6.346145707903392240e-03 7.075224206196394777e-03
4.300000000000000000e+01 7.482489708595887849e-03 8.388192440567696084e-03
4.400000000000000000e+01 8.782509557775250442e-03 9.895753384033232486e-03
4.500000000000000000e+01 1.026200832100519073e-02 1.161687953238141335e-02
4.600000000000000000e+01 1.193691903862838591e-02 1.357055444018582212e-02
4.700000000000000000e+01 1.382301170147207450e-02 1.577537535110485126e-02
4.800000000000000000e+01 1.593555780864527871e-02 1.824912024164989169e-02
4.900000000000000000e+01 1.828897029424094225e-02 2.100828604441774133e-02
5.000000000000000000e+01 2.089642624513995267e-02 2.406758439271101252e-02
5.100000000000000000e+01 2.376946339400932279e-02 2.743938225922407798e-02
5.200000000000000000e+01 2.691753679174605993e-02 3.113310162336998047e-02
5.300000000000000000e+01 3.034753826768159246e-02 3.515461856893149772e-02
5.400000000000000000e+01 3.406330720314866556e-02 3.950569961527879842e-02
5.500000000000000000e+01 3.806517353367352974e-02 4.418348497543559544e-02
5.600000000000000000e+01 4.234955889752626407e-02 4.918000808558383591e-02
5.700000000000000000e+01 4.690863062489933344e-02 5.448175321701675955e-02
5.800000000000000000e+01 5.172998522937661409e-02 6.006928491781553942e-02
5.900000000000000000e+01 5.679635474599618872e-02 6.591699771230699612e-02
6.000000000000000000e+01 6.208537107251460574e-02 7.199301516650004340e-02
6.100000000000000000e+01 6.756945278314828440e-02 7.825923656240069137e-02
6.200000000000000000e+01 7.321586180950753753e-02 8.467152021634469228e-02
6.300000000000000000e+01 7.898691914571866202e-02 9.118000854463417792e-02
6.400000000000000000e+01 8.484031779925163552e-02 9.772961375374908388e-02
6.500000000000000000e+01 9.072947978998342766e-02 1.042606734644559163e-01
6.600000000000000000e+01 9.660397419087903004e-02 1.107097646533575230e-01
6.700000000000000000e+01 1.024100818258495554e-01 1.170106573000426892e-01
6.800000000000000000e+01 1.080915817712348181e-01 1.230953968345669253e-01
6.900000000000000000e+01 1.135907336621831132e-01 1.288955016659130703e-01
7.000000000000000000e+01 1.188493217178256678e-01 1.343432372273409836e-01
7.100000000000000000e+01 1.238096223575291394e-01 1.393729079020956385e-01
7.200000000000000000e+01 1.284152802540803329e-01 1.439221256381896796e-01
7.300000000000000000e+01 1.326122174516428942e-01 1.479330556552125586e-01
7.400000000000000000e+01 1.363497061468192384e-01 1.513536497188089081e-01
7.500000000000000000e+01 1.395815747878523805e-01 1.541388274887267040e-01
7.600000000000000000e+01 1.422673331607881009e-01 1.562515056306633399e-01
7.700000000000000000e+01 1.443729899780557269e-01 1.576633836337165695e-01
7.800000000000000000e+01 1.458715366394254531e-01 1.583554852396047430e-01
7.900000000000000000e+01 1.467433004738384061e-01 1.583185343024967329e-01
8.000000000000000000e+01 1.469763908716692491e-01 1.575532179459476767e-01
8.100000000000000000e+01 1.465672298428493947e-01 1.560702785627975930e-01
8.200000000000000000e+01 1.455208988019936478e-01 1.538903098301832306e-01
8.300000000000000000e+01 1.438510233131036486e-01 1.510432048317928988e-01
8.400000000000000000e+01 1.415791941650952901e-01 1.475673543495245044e-01
8.500000000000000000e+01 1.387342222805811598e-01 1.435087591964583631e-01
8.600000000000000000e+01 1.353515405260322380e-01 1.389201255464021789e-01
8.700000000000000000e+01 1.314727720675696598e-01 1.338598619116842248e-01
8.800000000000000000e+01 1.271451789474921101e-01 1.283908652286312180e-01
8.900000000000000000e+01 1.224207051113437861e-01 1.225791146456707142e-01
9.000000000000000000e+01 1.173546430554580355e-01 1.164922424610038004e-01
9.100000000000000000e+01 1.120042652323825771e-01 1.101982538709943976e-01
9.200000000000000000e+01 1.064277545727005253e-01 1.037644184728335472e-01
9.300000000000000000e+01 1.006834546456723128e-01 9.725622209341325264e-02
9.400000000000000000e+01 9.482916165054845747e-02 9.073629132354715798e-02
9.500000000000000000e+01 8.892119400460669898e-02 8.426334776704166862e-02
9.600000000000000000e+01 8.301327079447573531e-02 7.789134573090440716e-02
9.700000000000000000e+01 7.715549657920926785e-02 7.166888954304068138e-02
9.800000000000000000e+01 7.139372317148363900e-02 6.563888338626840124e-02
9.900000000000000000e+01 6.576928355229895440e-02 5.983829234512300088e-02
1.000000000000000000e+02 6.031885453792810992e-02 5.429795413818012256e-02
1.010000000000000000e+02 5.507422707327486178e-02 4.904249219974195911e-02
1.020000000000000000e+02 5.006199388656844967e-02 4.409041532592851420e-02
1.030000000000000000e+02 4.530335530010822648e-02 3.945441804848980050e-02
1.040000000000000000e+02 4.081421472783865190e-02 3.514180560430667927e-02
1.050000000000000000e+02 3.660553971191520678e-02 3.115495168373033641e-02
1.060000000000000000e+02 3.268380804278127327e-02 2.749175813307999303e-02
1.070000000000000000e+02 2.905138099074747182e-02 2.414614713097900864e-02
1.080000000000000000e+02 2.570679706856685703e-02 2.110861629988639021e-02
1.090000000000000000e+02 2.264509781672213728e-02 1.836683917910799171e-02
1.100000000000000000e+02 1.985827865649742244e-02 1.590625711793971706e-02
1.110000000000000000e+02 1.733584508028811547e-02 1.371061927088321371e-02
1.120000000000000000e+02 1.506536914365047553e-02 1.176246555162703718e-02
1.130000000000000000e+02 1.303295677511653872e-02 1.004357108592999169e-02
1.140000000000000000e+02 1.122361961568718938e-02 8.535362701239584959e-03
1.150000000000000000e+02 9.621608336202066430e-03 7.219296703978894322e-03
1.160000000000000000e+02 8.210757023151205730e-03 6.077178955714382554e-03
1.170000000000000000e+02 6.974834350500295523e-03 5.091419145666376336e-03
1.180000000000000000e+02 5.897856956212796375e-03 4.245226722011420650e-03
1.190000000000000000e+02 4.964327421030849223e-03 3.522761314619694134e-03
1.200000000000000000e+02 4.159397002656085862e-03 2.909244927747253653e-03
1.210000000000000000e+02 3.468982133396122068e-03 2.391036377289626653e-03
1.220000000000000000e+02 2.879861744543610845e-03 1.955667782250257968e-03
1.230000000000000000e+02 2.379760279059517543e-03 1.591847192114205153e-03
1.240000000000000000e+02 1.957403932929429376e-03 1.289434997612449356e-03
1.250000000000000000e+02 1.602539068159756315e-03 1.039401543750329178e-03
1.260000000000000000e+02 1.305915530119755325e-03 8.337708343432227200e-04
1.270000000000000000e+02 1.059248482083490145e-03 6.655533357975620002e-04
1.280000000000000000e+02 8.551718835666367955e-04 5.286707262419630161e-04
1.290000000000000000e+02 6.871885403237454164e-04 4.178759622650605001e-04
1.300000000000000000e+02 5.496147676936301556e-04 3.286719965289471414e-04
1.310000000000000000e+02 4.375172110515267924e-04 2.572317115885634818e-04
1.320000000000000000e+02 3.466433152459715743e-04 2.003207550515775557e-04
1.330000000000000000e+02 2.733502582394970641e-04 1.552244260437545594e-04
1.340000000000000000e+02 2.145369750434347527e-04 1.196795062326920408e-04
1.350000000000000000e+02 1.675812208115703430e-04 9.181168574625747289e-05
1.360000000000000000e+02 1.302812324857113954e-04 7.007891836416046375e-05
1.370000000000000000e+02 1.008010547600253438e-04 5.322075211121688197e-05
1.380000000000000000e+02 7.761949993452409342e-05 4.021350397506220627e-05
1.390000000000000000e+02 5.948356822720344211e-05 3.023104742452305808e-05
1.400000000000000000e+02 4.536711898381822839e-05 2.261088726515387420e-05
1.410000000000000000e+02 3.443489003971189687e-05 1.682509630192685065e-05
1.420000000000000000e+02 2.601132967419533782e-05 1.245562402213541761e-05
1.430000000000000000e+02 1.955355150830103734e-05 9.173484583458319370e-06
1.440000000000000000e+02 1.462793203124674747e-05 6.721366542474657467e-06
1.450000000000000000e+02 1.089009587754398436e-05 4.899239870134409339e-06
1.460000000000000000e+02 8.068072637853781727e-06 3.552552613900709882e-06
1.470000000000000000e+02 5.948307648467031179e-06 2.562625595312351473e-06
1.480000000000000000e+02 4.364118811529007664e-06 1.838886370034407522e-06
1.490000000000000000e+02 3.186195776533879374e-06 1.312632089269217328e-06
1.500000000000000000e+02 2.314810923332708374e-06 9.320599037858988357e-07
1.510000000000000000e+02 1.673485876266849003e-06 6.583419181932244415e-07
1.520000000000000000e+02 1.203896550241050760e-06 4.625503420418289147e-07
1.530000000000000000e+02 8.618136544965880266e-07 3.232645878165576685e-07
1.540000000000000000e+02 6.138892805809835335e-07 2.247196641631047325e-07
1.550000000000000000e+02 4.351251767923920464e-07 1.553824161873890542e-07
1.560000000000000000e+02 3.068889117740870893e-07 1.068651577203531066e-07
1.570000000000000000e+02 2.153706283312885126e-07 7.310364926405598455e-08
1.580000000000000000e+02 1.503920923267114642e-07 4.973974774732801359e-08
1.590000000000000000e+02 1.044940237180692560e-07 3.366051826065010151e-08
