0.000000000000000000e+00 -1.757890498703690177e-05 -3.678369937870970682e-04
1.000000000000000000e+00 1.922156214908282175e-05 2.344326979235280737e-04
2.000000000000000000e+00 1.903226537113232914e-05 2.069006036572234794e-04
3.000000000000000000e+00 2.349051107502751361e-05 2.422913860974973453e-04
4.000000000000000000e+00 2.926229944104408230e-05 2.882558935294099781e-04
5.000000000000000000e+00 3.641152678161510846e-05 3.426654093015510665e-04
6.000000000000000000e+00 4.524217363461761421e-05 4.063113175265919540e-04
7.000000000000000000e+00 5.610571721253261503e-05 4.802467491943426684e-04
8.000000000000000000e+00 6.937609296687490185e-05 5.657018092186842997e-04
9.000000000000000000e+00 8.545654406919340096e-05 6.642242593866184552e-04
1.000000000000000000e+01 1.048165136083959196e-04 7.777986720450396360e-04
1.100000000000000000e+01 1.280504775641945383e-04 9.088553943922357461e-04
1.200000000000000000e+01 1.559335949449346256e-04 1.060136400583315368e-03
1.300000000000000000e+01 1.894420985958305626e-04 1.234459327134833579e-03
1.400000000000000000e+01 2.297194081496105995e-04 1.434491435633157563e-03
1.500000000000000000e+01 2.780006175314455024e-04 1.662670659789131523e-03
1.600000000000000000e+01 3.355428283994159387e-04 1.921363477609755932e-03
1.700000000000000000e+01 4.036229276704093676e-04 2.213237015068950705e-03
1.800000000000000000e+01 4.836399756949288312e-04 2.541693930432823052e-03
1.900000000000000000e+01 5.772999641933919878e-04 2.911143263015944678e-03
2.000000000000000000e+01 6.867962610017654904e-04 3.326914808272679082e-03
2.100000000000000000e+01 8.148731556232781826e-04 3.794776267759651829e-03
2.200000000000000000e+01 9.647034069023199127e-04 4.320224059430165763e-03
2.300000000000000000e+01 1.139615989880700050e-03 4.907883880753902139e-03
2.400000000000000000e+01 1.342823857159672601e-03 5.561369784037133862e-03
2.500000000000000000e+01 1.577346635866407791e-03 6.283768204732882029e-03
2.600000000000000000e+01 1.846247018939600401e-03 7.078597772427021491e-03
2.700000000000000000e+01 2.153119086980704536e-03 7.950798092453550264e-03
2.800000000000000000e+01 2.502576909254466270e-03 8.907191566679042299e-03
2.900000000000000000e+01 2.900420240401897949e-03 9.956039366824329453e-03
3.000000000000000000e+01 3.353281673866335619e-03 1.110573363384818185e-02
3.100000000000000000e+01 3.867852454184875222e-03 1.236314666390429112e-02
3.200000000000000000e+01 4.450086585644305419e-03 1.373243821989152992e-02
3.300000000000000000e+01 5.104891506119433112e-03 1.521501000468008721e-02
3.400000000000000000e+01 5.836606213855667809e-03 1.681078488893548994e-02
3.500000000000000000e+01 6.650109806050749986e-03 1.852029601446664869e-02
3.600000000000000000e+01 7.551947063498604638e-03 2.034655088769217468e-02
3.700000000000000000e+01 8.550709039015256391e-03 2.229559762264235467e-02
3.800000000000000000e+01 9.656229398629354033e-03 2.437525609047510450e-02
3.900000000000000000e+01 1.087783514565243866e-02 2.659238078005538367e-02
4.000000000000000000e+01 1.222254685118448654e-02 2.894985894599107906e-02
4.100000000000000000e+01 1.369431938515245500e-02 3.144485198931405018e-02
4.200000000000000000e+01 1.529493151405493523e-02 3.406932075602017024e-02
4.300000000000000000e+01 1.702616802450623162e-02 3.681279244785443105e-02
4.400000000000000000e+01 1.889204395132981079e-02 3.966614152203302990e-02
4.500000000000000000e+01 2.089959228144596184e-02 4.262449273807675937e-02
4.600000000000000000e+01 2.305742469737276021e-02 4.568761760840423652e-02
4.700000000000000000e+01 2.537257296497162640e-02 4.885734211237265784e-02
4.800000000000000000e+01 2.784727971668298982e-02 5.213300046835685209e-02
4.900000000000000000e+01 3.047766315356344180e-02 5.550709334739092199e-02
5.000000000000000000e+01 3.325524260471858506e-02 5.896340440356179907e-02
5.100000000000000000e+01 3.617063451733417562e-02 6.247875171290757229e-02
5.200000000000000000e+01 3.921730052891169577e-02 6.602777438352777639e-02
5.300000000000000000e+01 4.239298464971165414e-02 6.958856055999192158e-02
5.400000000000000000e+01 4.569768693564182221e-02 7.314635157808202504e-02
5.500000000000000000e+01 4.912906597557608473e-02 7.669336660020953378e-02
5.600000000000000000e+01 5.267783827608086417e-02 8.022465315382938666e-02
5.700000000000000000e+01 5.632596490735567590e-02 8.373189177028597663e-02
5.800000000000000000e+01 6.004892501384116732e-02 8.719823489990034815e-02
5.900000000000000000e+01 6.382098073078744382e-02 9.059689624891548165e-02
6.000000000000000000e+01 6.762047317454709938e-02 9.389443907863830041e-02
6.100000000000000000e+01 7.143203334760653278e-02 9.705739154476364372e-02
6.200000000000000000e+01 7.524432044506917938e-02 1.000591083268909665e-01
6.300000000000000000e+01 7.904454299978000420e-02 1.028835817957526599e-01
6.400000000000000000e+01 8.281300610418353136e-02 1.055243315517890301e-01
6.500000000000000000e+01 8.652102486264277859e-02 1.079788987392206467e-01
6.600000000000000000e+01 9.013363164731477695e-02 1.102416643381325112e-01
6.700000000000000000e+01 9.361570061922980246e-02 1.122985893950775582e-01
6.800000000000000000e+01 9.693809854628512857e-02 1.141265697554045555e-01
6.900000000000000000e+01 1.000804520226429295e-01 1.156978404598729554e-01
7.000000000000000000e+01 1.030291041254102341e-01 1.169873787451418679e-01
7.100000000000000000e+01 1.057716403978607028e-01 1.179797764841049867e-01
7.200000000000000000e+01 1.082913371199131919e-01 1.186723099307739060e-01
7.300000000000000000e+01 1.105648693202007093e-01 1.190727931351041047e-01
7.400000000000000000e+01 1.125646546853745489e-01 1.191933414623334853e-01
7.500000000000000000e+01 1.142645055459346609e-01 1.190431391900766134e-01
7.600000000000000000e+01 1.156454160584630686e-01 1.186237327858616214e-01
7.700000000000000000e+01 1.166983516709250157e-01 1.179290670109136990e-01
7.800000000000000000e+01 1.174227210898513007e-01 1.169501213515238280e-01
7.900000000000000000e+01 1.178216809740569304e-01 1.156817760283097851e-01
8.000000000000000000e+01 1.178971150822245434e-01 1.141285247832172917e-01
8.100000000000000000e+01 1.176471225956943756e-01 1.123063074892939744e-01
8.200000000000000000e+01 1.170672518631023923e-01 1.102396848934038553e-01
8.300000000000000000e+01 1.161545402353583445e-01 1.079558317431809911e-01
8.400000000000000000e+01 1.149119311587167014e-01 1.054782782516499595e-01
8.500000000000000000e+01 1.133506042753826826e-01 1.028233070280604178e-01
8.600000000000000000e+01 1.114890691080136359e-01 1.000004893461780009e-01
8.700000000000000000e+01 1.093497045989161309e-01 9.701678379196244928e-02
8.800000000000000000e+01 1.069547291471090872e-01 9.388195666938396744e-02
8.900000000000000000e+01 1.043236927015989968e-01 9.061259479991862209e-02
9.000000000000000000e+01 1.014735499761534737e-01 8.723282661137371496e-02
9.100000000000000000e+01 9.842088071806520677e-02 8.377155478013958989e-02
9.200000000000000000e+01 9.518472289080229243e-02 8.025766982523764581e-02
9.300000000000000000e+01 9.178831987566021811e-02 7.671556133582073389e-02
9.400000000000000000e+01 8.825883665687432600e-02 7.316292297837848069e-02
9.500000000000000000e+01 8.462527260314721411e-02 6.961160298873807217e-02
9.600000000000000000e+01 8.091572161488336246e-02 6.607075856922613177e-02
9.700000000000000000e+01 7.715534172239024713e-02 6.255056748783963116e-02
9.800000000000000000e+01 7.336586830078374588e-02 5.906466523682672720e-02
9.900000000000000000e+01 6.956660822865014249e-02 5.563026140705282230e-02
1.000000000000000000e+02 6.577610282537008080e-02 5.226608714516824822e-02
1.010000000000000000e+02 6.201341610842962815e-02 4.898932925213366624e-02
1.020000000000000000e+02 5.829834600251039556e-02 4.581306012471469957e-02
1.030000000000000000e+02 5.465051938193480480e-02 4.274527718225476502e-02
1.040000000000000000e+02 5.108792875986035986e-02 3.978979238955029918e-02
1.050000000000000000e+02 4.762569446973494158e-02 3.694833267346115530e-02
1.060000000000000000e+02 4.427562338111921264e-02 3.422274127047085501e-02
1.070000000000000000e+02 4.104665624132651514e-02 3.161627554240881849e-02
1.080000000000000000e+02 3.794583758652693428e-02 2.913355262028875098e-02
1.090000000000000000e+02 3.497923949059196513e-02 2.677938159455554162e-02
1.100000000000000000e+02 3.215239150378043642e-02 2.455720237243810139e-02
1.110000000000000000e+02 2.947010324719512644e-02 2.246793044276361798e-02
1.120000000000000000e+02 2.693590627458450001e-02 2.050970365934780271e-02
1.130000000000000000e+02 2.455150869327891311e-02 1.867854034430992127e-02
1.140000000000000000e+02 2.231659000438137447e-02 1.696950313557575585e-02
1.150000000000000000e+02 2.022903751924510704e-02 1.537780060648114185e-02
1.160000000000000000e+02 1.828548436805443531e-02 1.389938143800668532e-02
1.170000000000000000e+02 1.648188105123854150e-02 1.253087974486002086e-02
1.180000000000000000e+02 1.481386498933679949e-02 1.126908594696052895e-02
1.190000000000000000e+02 1.327684021070760743e-02 1.011029911307163853e-02
1.200000000000000000e+02 1.186584398589726405e-02 9.049903998477082032e-03
1.210000000000000000e+02 1.057536964009504407e-02 8.082349488190350081e-03
1.220000000000000000e+02 9.399300710282245536e-03 7.201489767853664486e-03
1.230000000000000000e+02 8.331019546078458765e-03 6.401093094405213742e-03
1.240000000000000000e+02 7.363647196830830355e-03 5.675284788699525886e-03
1.250000000000000000e+02 6.490309341917896435e-03 5.018764448340939238e-03
1.260000000000000000e+02 5.704328253816793801e-03 4.426767032562037990e-03
1.270000000000000000e+02 4.999296251981526218e-03 3.894854173522412262e-03
1.280000000000000000e+02 4.369052035659007002e-03 3.418676273142846715e-03
1.290000000000000000e+02 3.807621205307991710e-03 2.993826274384958543e-03
1.300000000000000000e+02 3.309181575148498720e-03 2.615837049072468942e-03
1.310000000000000000e+02 2.868082504240665812e-03 2.280297926134659987e-03
1.320000000000000000e+02 2.478909024174024821e-03 1.983017763740717049e-03
1.330000000000000000e+02 2.136557615649120959e-03 1.720156840244250291e-03
1.340000000000000000e+02 1.836289812195544824e-03 1.488279879817855193e-03
1.350000000000000000e+02 1.573746838410856799e-03 1.284326400452510475e-03
1.360000000000000000e+02 1.344929913898872511e-03 1.105529911477582490e-03
1.370000000000000000e+02 1.146164556229682186e-03 9.493308482190308947e-04
1.380000000000000000e+02 9.740682643555922384e-04 8.133189112184145740e-04
1.390000000000000000e+02 8.255322611174108118e-04 6.952182700906507423e-04
1.400000000000000000e+02 6.977166406821953652e-04 5.929068838165922097e-04
1.410000000000000000e+02 5.880507879966152341e-04 5.044485978792765833e-04
1.420000000000000000e+02 4.942299706415265734e-04 4.281165671922573324e-04
1.430000000000000000e+02 4.142031019114345643e-04 3.623956596507149673e-04
1.440000000000000000e+02 3.461522371251683663e-04 3.059635113593201471e-04
1.450000000000000000e+02 2.884681287027298464e-04 2.576589472006513199e-04
1.460000000000000000e+02 2.397267663263072900e-04 2.164494701736225431e-04
1.470000000000000000e+02 1.986699221107532376e-04 1.814068029122449955e-04
1.480000000000000000e+02 1.641900287058975884e-04 1.516937640279883903e-04
1.490000000000000000e+02 1.353178168000118827e-04 1.265603362250737780e-04
1.500000000000000000e+02 1.112106981490455201e-04 1.053438286306473991e-04
1.510000000000000000e+02 9.114061830314673098e-05 8.746805848701248460e-05
1.520000000000000000e+02 7.448124384647401256e-05 7.243859643425526950e-05
1.530000000000000000e+02 6.069518014950116595e-05 5.983384749244380498e-05
1.540000000000000000e+02 4.932212345511298744e-05 4.929376650572748494e-05
1.550000000000000000e+02 3.996854059242882750e-05 4.050869059589773429e-05
1.560000000000000000e+02 3.229896850042103713e-05 3.321022208597455849e-05
1.570000000000000000e+02 2.602864266764436761e-05 2.716491188389871271e-05
1.580000000000000000e+02 2.091703922192386528e-05 2.217035741657606462e-05
1.590000000000000000e+02 1.676201221562238682e-05 1.805268887872517759e-05
